1671769950309 0 22
1671769953292 1 22
1671769964097 1 45
1671769967259 2 45
1671769969056 2 49
1671769978054 2 68
1671769981182 3 68
1671769992147 3 91
1671769995253 4 91
1671769998248 4 99
1671770006103 4 114
1671770009194 5 114
1671770019966 5 137
1671770023079 6 137
1671770027214 6 149
1671770034046 6 160
1671770037177 7 160
1671770048267 7 183
1671770051437 8 183
1671770056645 8 199
1671770062389 8 206
1671770065607 9 206
1671770076406 9 229
1671770079560 10 229
1671770085953 10 249
1671770090254 10 252
1671770093402 11 252
1671770104168 11 275
1671770107302 12 275
1671770117985 12 298
1671770121137 13 298
1671770122098 13 299
1671770131918 13 321
1671770135017 14 321
1671770145826 14 344
1671770148997 15 344
1671770151056 15 349
1671770159746 15 367
1671770162930 16 367
1671770173739 16 390
1671770176827 17 390
1671770180065 17 399
1671770187627 17 413
1671770190811 18 413
1671770201824 18 436
1671770205024 19 436
1671770209577 19 449
1671770216261 19 459
1671770219438 20 459
1671770230192 20 482
1671770233431 21 482
1671770238926 21 499
1671770244458 21 505
1671770247587 22 505
1671770258341 22 528
1671770261486 23 528
1671770268118 23 549
1671770272219 23 551
1671770275444 24 551
1671770286323 24 574
1671770289470 25 574
1671770300510 25 597
1671770303673 26 597
1671770304976 26 599
1671770314431 26 620
1671770317726 27 620
1671770328633 27 643
1671770331692 28 643
1671770334068 28 649
1671770342405 28 666
1671770345523 29 666
1671770356208 29 689
1671770359317 30 689
1671770363062 30 699
1671770370246 30 712
1671770373420 31 712
1671770384392 31 735
1671770387487 32 735
1671770392227 32 749
1671770398293 32 758
1671770401469 33 758
1671770412320 33 781
1671770415463 34 781
1671770421240 34 799
1671770426464 34 804
1671770429561 35 804
1671770440258 35 827
1671770443422 36 827
1671770450341 36 849
1671770454218 36 850
1671770457380 37 850
1671770468337 37 873
1671770471450 38 873
1671770482125 38 896
1671770485276 39 896
1671770486789 39 899
1671770496084 39 919
1671770499242 40 919
1671770509997 40 942
1671770513151 41 942
1671770515790 41 949
1671770524164 41 965
1671770527339 42 965
1671770538322 42 988
1671770541479 43 988
1671770545264 43 999
1671770552390 43 1011
1671770555478 44 1011
1671770566296 44 1034
1671770569483 45 1034
1671770574625 45 1049
1671770580413 45 1057
1671770583616 46 1057
1671770594511 46 1080
1671770597636 47 1080
1671770603744 47 1099
1671770608440 47 1103
1671770611673 48 1103
1671770622379 48 1126
1671770625541 49 1126
1671770632586 49 1149
1671770636461 49 1149
1671770639615 50 1149
1671770650434 50 1172
1671770653575 51 1172
1671770664768 51 1195
1671770667916 52 1195
1671770669708 52 1199
1671770678816 52 1218
1671770681921 53 1218
1671770692914 53 1241
1671770696126 54 1241
1671770699073 54 1249
1671770706923 54 1264
1671770710113 55 1264
1671770720925 55 1287
1671770724007 56 1287
1671770728107 56 1299
1671770734719 56 1310
1671770737883 57 1310
1671770748793 57 1333
1671770751935 58 1333
1671770757205 58 1349
1671770762847 58 1356
1671770766018 59 1356
1671770776783 59 1379
1671770779863 60 1379
1671770786235 60 1399
1671770790863 60 1402
1671770794015 61 1402
1671770804775 61 1425
1671770807882 62 1425
1671770818710 62 1448
1671770821949 63 1448
1671770822857 63 1449
1671770832644 63 1471
1671770835755 64 1471
1671770846748 64 1494
1671770849946 65 1494
1671770852032 65 1499
1671770860870 65 1517
1671770863998 66 1517
1671770874844 66 1540
1671770878106 67 1540
1671770881399 67 1549
1671770888986 67 1563
1671770892153 68 1563
1671770902853 68 1586
1671770905997 69 1586
1671770910350 69 1599
1671770916721 69 1609
1671770919770 70 1609
1671770930690 70 1632
1671770933800 71 1632
1671770939406 71 1649
1671770944734 71 1655
1671770947873 72 1655
1671770958805 72 1678
1671770961979 73 1678
1671770968574 73 1699
1671770972701 73 1701
1671770975813 74 1701
1671770986555 74 1724
1671770989694 75 1724
1671771000351 75 1747
1671771003607 76 1747
1671771004951 76 1749
1671771014376 76 1770
1671771017497 77 1770
1671771028356 77 1793
1671771031489 78 1793
1671771033826 78 1799
1671771042324 78 1816
1671771045474 79 1816
1671771056414 79 1839
1671771059495 80 1839
1671771063111 80 1849
1671771070397 80 1862
1671771073509 81 1862
1671771084523 81 1885
1671771087693 82 1885
1671771092387 82 1899
1671771098577 82 1908
1671771101743 83 1908
1671771112553 83 1931
1671771115734 84 1931
1671771121525 84 1949
1671771126814 84 1954
1671771129994 85 1954
1671771140790 85 1977
1671771143995 86 1977
1671771150979 86 1999
1671771154787 86 2000
1671771157896 87 2000
1671771168740 87 2023
1671771171853 88 2023
1671771182702 88 2046
1671771185847 89 2046
1671771187377 89 2049
1671771196618 89 2069
1671771199720 90 2069
1671771210641 90 2092
1671771213832 91 2092
1671771216496 91 2099
1671771224662 91 2115
1671771227770 92 2115
1671771238839 92 2138
1671771242028 93 2138
1671771245824 93 2149
1671771252837 93 2161
1671771255989 94 2161
1671771266706 94 2184
1671771269861 95 2184
1671771274923 95 2199
1671771280970 95 2207
1671771284155 96 2207
1671771294830 96 2230
1671771297885 97 2230
1671771303980 97 2249
1671771308712 97 2253
1671771311892 98 2253
1671771322701 98 2276
1671771325799 99 2276
1671771332746 99 2299
1671771336635 99 2299
1671771339820 100 2299
1671771350788 100 2322
1671771353892 101 2322
1671771364846 101 2345
1671771367993 102 2345
1671771369801 102 2349
1671771378776 102 2368
1671771381890 103 2368
1671771392694 103 2391
1671771395895 104 2391
1671771398845 104 2399
1671771406700 104 2414
1671771409825 105 2414
1671771420694 105 2437
1671771423948 106 2437
1671771428056 106 2449
1671771434913 106 2460
1671771438032 107 2460
1671771448792 107 2483
1671771451906 108 2483
1671771457126 108 2499
1671771462633 108 2506
1671771465851 109 2506
1671771476682 109 2529
1671771479836 110 2529
1671771486252 110 2549
1671771490677 110 2552
1671771493816 111 2552
1671771504645 111 2575
1671771507911 112 2575
1671771518606 112 2598
1671771521743 113 2598
1671771522704 113 2599
1671771532572 113 2621
1671771535673 114 2621
1671771546579 114 2644
1671771549707 115 2644
1671771551854 115 2649
1671771560572 115 2667
1671771563678 116 2667
1671771574617 116 2690
1671771577688 117 2690
1671771580947 117 2699
1671771588591 117 2713
1671771591745 118 2713
1671771602739 118 2736
1671771605968 119 2736
1671771610351 119 2749
1671771616722 119 2759
1671771619906 120 2759
1671771631021 120 2782
1671771634225 121 2782
1671771639770 121 2799
1671771644988 121 2805
1671771648175 122 2805
1671771658961 122 2828
1671771662085 123 2828
1671771668887 123 2849
1671771673085 123 2851
1671771676233 124 2851
1671771687042 124 2874
1671771690221 125 2874
1671771700896 125 2897
1671771703973 126 2897
1671771705193 126 2899
1671771715080 126 2920
1671771718230 127 2920
1671771729111 127 2943
1671771732260 128 2943
1671771734633 128 2949
1671771743197 128 2966
1671771746405 129 2966
1671771757261 129 2989
1671771760569 130 2989
1671771764057 130 2999
1671771771333 130 3012
1671771774494 131 3012
1671771785274 131 3035
1671771788404 132 3035
1671771793163 132 3049
1671771799360 132 3058
1671771802504 133 3058
1671771813262 133 3081
1671771816488 134 3081
1671771822371 134 3099
1671771827525 134 3104
1671771830715 135 3104
1671771841611 135 3127
1671771844821 136 3127
1671771851748 136 3149
1671771855605 136 3150
1671771858723 137 3150
1671771869494 137 3173
1671771872758 138 3173
1671771883598 138 3196
1671771886756 139 3196
1671771888266 139 3199
1671771897487 139 3219
1671771900714 140 3219
1671771911522 140 3242
1671771914626 141 3242
1671771917306 141 3249
1671771925422 141 3265
1671771928605 142 3265
1671771939440 142 3288
1671771942570 143 3288
1671771946362 143 3299
1671771953365 143 3311
1671771956554 144 3311
1671771967263 144 3334
1671771970362 145 3334
1671771975288 145 3349
1671771981150 145 3357
1671771984303 146 3357
1671771995059 146 3380
1671771998227 147 3380
1671772004422 147 3399
1671772009229 147 3403
1671772012397 148 3403
1671772023251 148 3426
1671772026463 149 3426
1671772033442 149 3449
1671772037230 149 3449
1671772040212 150 3449
