1671769953292 1.8666130860822414 22
1671769967259 1.768741160478853 45
1671769981182 1.7633780865458524 68
1671769995253 1.7706605549578003 91
1671770009194 1.7700195824299387 114
1671770023079 1.781408042639246 137
1671770037177 1.7661979360206197 160
1671770051437 1.7827466224071822 183
1671770065607 1.7792685012649234 206
1671770079560 1.777447398891173 229
1671770093402 1.7661913202309854 252
1671770107302 1.7653097790211398 275
1671770121137 1.770077378790098 298
1671770135017 1.7652885461001429 321
1671770148997 1.7648071845818076 344
1671770162930 1.766321434990649 367
1671770176827 1.778743669840014 390
1671770190811 1.7619879827463154 413
1671770205024 1.7682074835566068 436
1671770219438 1.769594473556385 459
1671770233431 1.7798203393043628 482
1671770247587 1.774728076524636 505
1671770261486 1.7723112850988119 528
1671770275444 1.76871580131859 551
1671770289470 1.7636183973084534 574
1671770303673 1.7670378448298993 597
1671770317726 1.7624413303065758 620
1671770331692 1.766065613121784 643
1671770345523 1.7785824051602948 666
1671770359317 1.762434947720089 689
1671770373420 1.770379402592395 712
1671770387487 1.7608524445629488 735
1671770401469 1.7654021087740652 758
1671770415463 1.7665019052230673 781
1671770429561 1.7632891309299754 804
1671770443422 1.7644025207880438 827
1671770457380 1.7645968344621334 850
1671770471450 1.76681304303452 873
1671770485276 1.7610047452423556 896
1671770499242 1.7602406233849326 919
1671770513151 1.7661608059741023 942
1671770527339 1.7613007380655554 965
1671770541479 1.7655689038762061 988
1671770555478 1.764672925546871 1011
1671770569483 1.758925389826478 1034
1671770583616 1.7603200038966662 1057
1671770597636 1.766405442958456 1080
1671770611673 1.7690630156528682 1103
1671770625541 1.759120903076756 1126
1671770639615 1.7621656202952556 1149
1671770653575 1.7642629918485093 1172
1671770667916 1.760863581170357 1195
1671770681921 1.76279341919724 1218
1671770696126 1.756670423832533 1241
1671770710113 1.7673536437630042 1264
1671770724007 1.7567061664924868 1287
1671770737883 1.7600487842640191 1310
1671770751935 1.762971536642739 1333
1671770766018 1.7700407865016383 1356
1671770779863 1.7612060203784048 1379
1671770794015 1.7596742745605043 1402
1671770807882 1.762267933587556 1425
1671770821949 1.7669942985409524 1448
1671770835755 1.7687434323341256 1471
1671770849946 1.7564076388713012 1494
1671770863998 1.7634880890518523 1517
1671770878106 1.7605360242000931 1540
1671770892153 1.7666760438114817 1563
1671770905997 1.7629548736672886 1586
1671770919770 1.7620315931264852 1609
1671770933800 1.7561992040262138 1632
1671770947873 1.7569794417511824 1655
1671770961979 1.7568461703077345 1678
1671770975813 1.7547669901460279 1701
1671770989694 1.7547363635102298 1724
1671771003607 1.7538444012667518 1747
1671771017497 1.7584643224634653 1770
1671771031489 1.7604682877006281 1793
1671771045474 1.760181615403241 1816
1671771059495 1.7549035449528623 1839
1671771073509 1.75446461637341 1862
1671771087693 1.7519017061312359 1885
1671771101743 1.7541135377313983 1908
1671771115734 1.7606685720016315 1931
1671771129994 1.7591472764953635 1954
1671771143995 1.7680442692496288 1977
1671771157896 1.7684301621947998 2000
1671771171853 1.760294188560807 2023
1671771185847 1.7572489470000534 2046
1671771199720 1.7525275287422288 2069
1671771213832 1.7623943346527091 2092
1671771227770 1.7654626451403326 2115
1671771242028 1.7639364948098781 2138
1671771255989 1.7518410766887302 2161
1671771269861 1.7560619042415564 2184
1671771284155 1.7619073417335853 2207
1671771297885 1.7953961734801305 2230
1671771311892 1.7670930376167353 2253
1671771325799 1.7747699859055561 2276
1671771339820 1.7541959123170294 2299
1671771353892 1.7576499330390145 2322
1671771367993 1.7582194307532635 2345
1671771381890 1.7572728182297963 2368
1671771395895 1.7499525327849799 2391
1671771409825 1.7512859421854434 2414
1671771423948 1.7575363787036025 2437
1671771438032 1.7528214777102757 2460
1671771451906 1.760002512996453 2483
1671771465851 1.7495648004001454 2506
1671771479836 1.7528170493920516 2529
1671771493816 1.7468999642017207 2552
1671771507911 1.7470585307282884 2575
1671771521743 1.75174343959813 2598
1671771535673 1.7559144455511078 2621
1671771549707 1.7571357453422591 2644
1671771563678 1.7486497484058532 2667
1671771577688 1.7475389297192907 2690
1671771591745 1.7587228439480747 2713
1671771605968 1.7519071440291816 2736
1671771619906 1.750100745988079 2759
1671771634225 1.755425060913783 2782
1671771648175 1.7446044804319458 2805
1671771662085 1.744879507704711 2828
1671771676233 1.75370199681956 2851
1671771690221 1.7463734553757548 2874
1671771703973 1.792561133763039 2897
1671771718230 1.7581851315713957 2920
1671771732260 1.751199507415538 2943
1671771746405 1.7461294577739828 2966
1671771760569 1.7474795254977695 2989
1671771774494 1.7442997049876112 3012
1671771788404 1.7429218236508337 3035
1671771802504 1.7754371023929238 3058
1671771816488 1.7508878546860727 3081
1671771830715 1.7516464106735572 3104
1671771844821 1.7460806379404645 3127
1671771858723 1.7417286234976157 3150
1671771872758 1.739247131744357 3173
1671771886756 1.7445904959394913 3196
1671771900714 1.764717136002474 3219
1671771914626 1.7442794792474208 3242
1671771928605 1.7403705211650313 3265
1671771942570 1.7494944019133931 3288
1671771956554 1.7452095272927381 3311
1671771970362 1.7656745275256738 3334
1671771984303 1.7466161629589847 3357
1671771998227 1.7441065604422885 3380
1671772012397 1.7424899037408628 3403
1671772026463 1.7473273130537068 3426
1671772040212 1.7444606460364764 3449
