1671769969056 1.7726239493976341 49
1671769998248 1.149843340099456 99
1671770027214 1.9622097938200866 149
1671770056645 1.6477169779888983 199
1671770085953 1.965626491838876 249
1671770122098 1.9573587697846495 299
1671770151056 1.3416336020793938 349
1671770180065 1.8579877450315445 399
1671770209577 1.2497757190973364 449
1671770238926 1.1185756100662425 499
1671770268118 1.6378344892845993 549
1671770304976 2.4080215638669404 599
1671770334068 2.079051198965337 649
1671770363062 1.6223128034847951 699
1671770392227 1.7918653985917699 749
1671770421240 1.5919862833159955 799
1671770450341 1.5361510882779132 849
1671770486789 1.4800989910652214 899
1671770515790 2.1137550921328954 949
1671770545264 1.2786100134188647 999
1671770574625 1.528704229145522 1049
1671770603744 2.123597804218227 1099
1671770632586 0.7402675024723244 1149
1671770669708 0.8035091054047001 1199
1671770699073 1.9621234530105065 1249
1671770728107 1.826702512344565 1299
1671770757205 2.0142583193704278 1349
1671770786235 2.4639471252027505 1399
1671770822857 1.7750719707275278 1449
1671770852032 1.2376165402393533 1499
1671770881399 2.3414684389799763 1549
1671770910350 1.4687758052602502 1599
1671770939406 1.4756653030743945 1649
1671770968574 1.8347378816675048 1699
1671771004951 1.0663283650108477 1749
1671771033826 1.8085901078625564 1799
1671771063111 1.8364685141626125 1849
1671771092387 1.7097441470359618 1899
1671771121525 2.188739108340965 1949
1671771150979 1.5534451555683464 1999
1671771187377 2.324621462431721 2049
1671771216496 1.7813692431931822 2099
1671771245824 1.8023224505690805 2149
1671771274923 1.7053252309242235 2199
1671771303980 1.664887178383408 2249
1671771332746 1.4783986174411932 2299
1671771369801 2.607723512475106 2349
1671771398845 2.0574715137797797 2399
1671771428056 1.3474080745326857 2449
1671771457126 1.6277258629361746 2499
1671771486252 1.6260331685561393 2549
1671771522704 2.1685551907741183 2599
1671771551854 1.5503502904654425 2649
1671771580947 1.532746271155478 2699
1671771610351 2.2064493955582924 2749
1671771639770 1.1358874338913831 2799
1671771668887 1.4050399793362098 2849
1671771705193 1.4372692623169963 2899
1671771734633 1.6285256121556644 2949
1671771764057 1.6162129737108777 2999
1671771793163 1.6894421186211845 3049
1671771822371 2.27695103670698 3099
1671771851748 1.2215216891188856 3149
1671771888266 2.0098844550220676 3199
1671771917306 1.920809530302614 3249
1671771946362 1.3456110820754672 3299
1671771975288 2.008499646959554 3349
1671772004422 1.479039520786847 3399
1671772033442 1.09258670609874 3449
