1671769969056 1.0 49
1671769998248 1.0 99
1671770027214 1.0 149
1671770056645 1.0 199
1671770085953 1.0 249
1671770122098 1.0 299
1671770151056 1.0 349
1671770180065 1.0 399
1671770209577 1.0 449
1671770238926 1.0 499
1671770268118 1.0 549
1671770304976 1.0 599
1671770334068 1.0 649
1671770363062 1.0 699
1671770392227 1.0 749
1671770421240 1.0 799
1671770450341 1.0 849
1671770486789 1.0 899
1671770515790 1.0 949
1671770545264 1.0 999
1671770574625 1.0 1049
1671770603744 1.0 1099
1671770632586 1.0 1149
1671770669708 1.0 1199
1671770699073 1.0 1249
1671770728107 1.0 1299
1671770757205 1.0 1349
1671770786235 1.0 1399
1671770822857 1.0 1449
1671770852032 1.0 1499
1671770881399 1.0 1549
1671770910350 1.0 1599
1671770939406 1.0 1649
1671770968574 1.0 1699
1671771004951 1.0 1749
1671771033826 1.0 1799
1671771063111 1.0 1849
1671771092387 1.0 1899
1671771121525 1.0 1949
1671771150979 1.0 1999
1671771187377 1.0 2049
1671771216496 1.0 2099
1671771245824 1.0 2149
1671771274923 1.0 2199
1671771303980 1.0 2249
1671771332746 1.0 2299
1671771369801 1.0 2349
1671771398845 1.0 2399
1671771428056 1.0 2449
1671771457126 1.0 2499
1671771486252 1.0 2549
1671771522704 1.0 2599
1671771551854 1.0 2649
1671771580947 1.0 2699
1671771610351 1.0 2749
1671771639770 1.0 2799
1671771668887 1.0 2849
1671771705193 1.0 2899
1671771734633 1.0 2949
1671771764057 1.0 2999
1671771793163 1.0 3049
1671771822371 1.0 3099
1671771851748 0.96875 3149
1671771888266 1.0 3199
1671771917306 1.0 3249
1671771946362 1.0 3299
1671771975288 1.0 3349
1671772004422 1.0 3399
1671772033442 1.0 3449
