1671769953292 0.6758944988250732 22
1671769967259 0.9646892547607422 45
1671769981182 0.950564980506897 68
1671769995253 0.9392655491828918 91
1671770009194 0.9519773721694946 114
1671770023079 0.9491525292396545 137
1671770037177 0.9717513918876648 160
1671770051437 0.9830508232116699 183
1671770065607 0.9839925169944763 206
1671770079560 0.9618644118309021 229
1671770093402 0.950564980506897 252
1671770107302 0.9872881174087524 275
1671770121137 0.950564980506897 298
1671770135017 0.9731638431549072 321
1671770148997 0.9731638431549072 344
1671770162930 0.9378530979156494 367
1671770176827 0.9632768630981445 390
1671770190811 0.9830508232116699 413
1671770205024 0.9618644118309021 436
1671770219438 0.94679856300354 459
1671770233431 0.9844632744789124 482
1671770247587 0.9519773721694946 505
1671770261486 0.9519773721694946 528
1671770275444 0.9482109546661377 551
1671770289470 0.950564980506897 574
1671770303673 0.9708097577095032 597
1671770317726 0.9693973064422607 620
1671770331692 0.9435028433799744 643
1671770345523 0.9618644118309021 666
1671770359317 0.950564980506897 689
1671770373420 0.9477401375770569 712
1671770387487 0.9971751570701599 735
1671770401469 0.9830508232116699 758
1671770415463 0.9745762944221497 781
1671770429561 0.9632768630981445 804
1671770443422 0.9392655491828918 827
1671770457380 0.9610170125961304 850
1671770471450 0.9256120324134827 873
1671770485276 0.9844632744789124 896
1671770499242 0.9632768630981445 919
1671770513151 0.9519773721694946 942
1671770527339 0.950564980506897 965
1671770541479 0.9774011373519897 988
1671770555478 0.9519773721694946 1011
1671770569483 0.9632768630981445 1034
1671770583616 0.9519773721694946 1057
1671770597636 0.9737288355827332 1080
1671770611673 0.9632768630981445 1103
1671770625541 0.9844632744789124 1126
1671770639615 0.9610170125961304 1149
1671770653575 0.9307909607887268 1172
1671770667916 0.9453861117362976 1195
1671770681921 0.9632768630981445 1218
1671770696126 0.9618644118309021 1241
1671770710113 0.9519773721694946 1264
1671770724007 0.9463276863098145 1287
1671770737883 0.9844632744789124 1310
1671770751935 0.9807909727096558 1333
1671770766018 0.9354990124702454 1356
1671770779863 0.9497175216674805 1379
1671770794015 0.9392655491828918 1402
1671770807882 0.9454802870750427 1425
1671770821949 0.9802259802818298 1448
1671770835755 0.9439737200737 1471
1671770849946 0.944915235042572 1494
1671770863998 0.9661017060279846 1517
1671770878106 0.9745762944221497 1540
1671770892153 0.979284405708313 1563
1671770905997 0.9463276863098145 1586
1671770919770 0.9618644118309021 1609
1671770933800 0.9491525292396545 1632
1671770947873 0.9802259802818298 1655
1671770961979 0.942561149597168 1678
1671770975813 0.9731638431549072 1701
1671770989694 0.950564980506897 1724
1671771003607 0.9872881174087524 1747
1671771017497 0.9279661178588867 1770
1671771031489 0.9771186113357544 1793
1671771045474 0.9830508232116699 1816
1671771059495 0.9830508232116699 1839
1671771073509 0.9745762944221497 1862
1671771087693 0.9618644118309021 1885
1671771101743 0.9632768630981445 1908
1671771115734 0.9971751570701599 1931
1671771129994 0.9632768630981445 1954
1671771143995 0.9350282549858093 1977
1671771157896 0.9717513918876648 2000
1671771171853 0.9392655491828918 2023
1671771185847 0.9844632744789124 2046
1671771199720 0.9392655491828918 2069
1671771213832 0.9519773721694946 2092
1671771227770 0.9307909607887268 2115
1671771242028 0.9110169410705566 2138
1671771255989 0.9604519605636597 2161
1671771269861 0.9604519605636597 2184
1671771284155 0.9830508232116699 2207
1671771297885 0.9336158037185669 2230
1671771311892 0.9279661178588867 2253
1671771325799 0.953954815864563 2276
1671771339820 0.950564980506897 2299
1671771353892 0.9533898234367371 2322
1671771367993 0.9821093082427979 2345
1671771381890 0.9496234059333801 2368
1671771395895 0.9632768630981445 2391
1671771409825 0.9745762944221497 2414
1671771423948 0.9604519605636597 2437
1671771438032 0.9604519605636597 2460
1671771451906 0.9580978751182556 2483
1671771465851 0.9745762944221497 2506
1671771479836 0.9731638431549072 2529
1671771493816 0.9279661178588867 2552
1671771507911 0.9802259802818298 2575
1671771521743 0.9858757257461548 2598
1671771535673 0.9378530979156494 2621
1671771549707 0.9957627058029175 2644
1671771563678 0.9844632744789124 2667
1671771577688 0.9618644118309021 2690
1671771591745 0.9406779408454895 2713
1671771605968 0.9312618374824524 2736
1671771619906 0.9957627058029175 2759
1671771634225 0.9580978751182556 2782
1671771648175 0.9406779408454895 2805
1671771662085 0.9679849147796631 2828
1671771676233 0.9572504162788391 2851
1671771690221 0.9731638431549072 2874
1671771703973 0.8211864829063416 2897
1671771718230 0.9731638431549072 2920
1671771732260 0.9463276863098145 2943
1671771746405 0.9618644118309021 2966
1671771760569 0.9468926787376404 2989
1671771774494 0.9844632744789124 3012
1671771788404 0.9383239150047302 3035
1671771802504 0.9370056986808777 3058
1671771816488 0.9618644118309021 3081
1671771830715 0.9745762944221497 3104
1671771844821 0.9830508232116699 3127
1671771858723 0.9580978751182556 3150
1671771872758 0.9731638431549072 3173
1671771886756 0.9618644118309021 3196
1671771900714 0.9008474349975586 3219
1671771914626 0.9519773721694946 3242
1671771928605 0.9604519605636597 3265
1671771942570 0.9519773721694946 3288
1671771956554 0.9618644118309021 3311
1671771970362 0.9567797183990479 3334
1671771984303 0.9709039926528931 3357
1671771998227 0.9731638431549072 3380
1671772012397 0.9519773721694946 3403
1671772026463 0.9369115233421326 3426
1671772040212 0.9336158037185669 3449
