1671769953292 0.8135592937469482 22
1671769967259 1.0 45
1671769981182 1.0 68
1671769995253 1.0 91
1671770009194 1.0 114
1671770023079 1.0 137
1671770037177 1.0 160
1671770051437 1.0 183
1671770065607 0.9957627058029175 206
1671770079560 1.0 229
1671770093402 1.0 252
1671770107302 1.0 275
1671770121137 1.0 298
1671770135017 1.0 321
1671770148997 1.0 344
1671770162930 1.0 367
1671770176827 1.0 390
1671770190811 1.0 413
1671770205024 1.0 436
1671770219438 0.9985875487327576 459
1671770233431 1.0 482
1671770247587 1.0 505
1671770261486 1.0 528
1671770275444 0.9985875487327576 551
1671770289470 1.0 574
1671770303673 0.9985875487327576 597
1671770317726 0.9985875487327576 620
1671770331692 0.9985875487327576 643
1671770345523 1.0 666
1671770359317 1.0 689
1671770373420 0.9985875487327576 712
1671770387487 1.0 735
1671770401469 0.9985875487327576 758
1671770415463 1.0 781
1671770429561 1.0 804
1671770443422 1.0 827
1671770457380 0.9985875487327576 850
1671770471450 0.9985875487327576 873
1671770485276 1.0 896
1671770499242 1.0 919
1671770513151 1.0 942
1671770527339 1.0 965
1671770541479 1.0 988
1671770555478 1.0 1011
1671770569483 1.0 1034
1671770583616 0.9985875487327576 1057
1671770597636 0.9985875487327576 1080
1671770611673 1.0 1103
1671770625541 0.9985875487327576 1126
1671770639615 0.9985875487327576 1149
1671770653575 1.0 1172
1671770667916 0.9985875487327576 1195
1671770681921 1.0 1218
1671770696126 0.9985875487327576 1241
1671770710113 1.0 1264
1671770724007 0.9971751570701599 1287
1671770737883 1.0 1310
1671770751935 0.9971751570701599 1333
1671770766018 0.9971751570701599 1356
1671770779863 0.9957627058029175 1379
1671770794015 0.9985875487327576 1402
1671770807882 0.994350254535675 1425
1671770821949 0.9971751570701599 1448
1671770835755 0.9957627058029175 1471
1671770849946 0.9957627058029175 1494
1671770863998 0.9971751570701599 1517
1671770878106 0.9985875487327576 1540
1671770892153 0.9971751570701599 1563
1671770905997 0.9971751570701599 1586
1671770919770 0.9985875487327576 1609
1671770933800 0.9971751570701599 1632
1671770947873 0.9971751570701599 1655
1671770961979 0.9957627058029175 1678
1671770975813 0.9985875487327576 1701
1671770989694 0.9985875487327576 1724
1671771003607 0.9985875487327576 1747
1671771017497 0.9971751570701599 1770
1671771031489 0.994350254535675 1793
1671771045474 0.9985875487327576 1816
1671771059495 0.9971751570701599 1839
1671771073509 0.9985875487327576 1862
1671771087693 0.9985875487327576 1885
1671771101743 0.9985875487327576 1908
1671771115734 0.9985875487327576 1931
1671771129994 0.9971751570701599 1954
1671771143995 0.9957627058029175 1977
1671771157896 0.9985875487327576 2000
1671771171853 0.9971751570701599 2023
1671771185847 0.9971751570701599 2046
1671771199720 0.9971751570701599 2069
1671771213832 0.9957627058029175 2092
1671771227770 0.9971751570701599 2115
1671771242028 0.9971751570701599 2138
1671771255989 0.9985875487327576 2161
1671771269861 0.9971751570701599 2184
1671771284155 0.9971751570701599 2207
1671771297885 0.991525411605835 2230
1671771311892 0.9971751570701599 2253
1671771325799 0.9929378628730774 2276
1671771339820 0.9971751570701599 2299
1671771353892 0.9971751570701599 2322
1671771367993 0.9957627058029175 2345
1671771381890 0.9957627058029175 2368
1671771395895 0.9971751570701599 2391
1671771409825 0.9971751570701599 2414
1671771423948 0.9985875487327576 2437
1671771438032 0.9971751570701599 2460
1671771451906 0.9957627058029175 2483
1671771465851 0.9985875487327576 2506
1671771479836 0.9985875487327576 2529
1671771493816 0.9957627058029175 2552
1671771507911 0.9957627058029175 2575
1671771521743 0.9985875487327576 2598
1671771535673 0.9971751570701599 2621
1671771549707 0.9971751570701599 2644
1671771563678 0.9971751570701599 2667
1671771577688 0.9971751570701599 2690
1671771591745 0.9971751570701599 2713
1671771605968 0.9929378628730774 2736
1671771619906 0.9971751570701599 2759
1671771634225 0.9957627058029175 2782
1671771648175 0.9971751570701599 2805
1671771662085 0.9957627058029175 2828
1671771676233 0.991525411605835 2851
1671771690221 0.9985875487327576 2874
1671771703973 0.9562146663665771 2897
1671771718230 0.9985875487327576 2920
1671771732260 0.994350254535675 2943
1671771746405 0.9971751570701599 2966
1671771760569 0.9971751570701599 2989
1671771774494 0.9971751570701599 3012
1671771788404 0.9957627058029175 3035
1671771802504 0.991525411605835 3058
1671771816488 0.9971751570701599 3081
1671771830715 0.9985875487327576 3104
1671771844821 0.9971751570701599 3127
1671771858723 0.9971751570701599 3150
1671771872758 0.9971751570701599 3173
1671771886756 0.9971751570701599 3196
1671771900714 0.9802259802818298 3219
1671771914626 0.9971751570701599 3242
1671771928605 0.9971751570701599 3265
1671771942570 0.9971751570701599 3288
1671771956554 0.9929378628730774 3311
1671771970362 0.9957627058029175 3334
1671771984303 0.9971751570701599 3357
1671771998227 0.9985875487327576 3380
1671772012397 0.994350254535675 3403
1671772026463 0.9957627058029175 3426
1671772040212 0.994350254535675 3449
