1671769953292 0.6857143044471741 22
1671769967259 0.9646892547607422 45
1671769981182 0.950564980506897 68
1671769995253 0.9392655491828918 91
1671770009194 0.9519773721694946 114
1671770023079 0.9491525292396545 137
1671770037177 0.9717513918876648 160
1671770051437 0.9830508232116699 183
1671770065607 0.9888888597488403 206
1671770079560 0.9618644118309021 229
1671770093402 0.950564980506897 252
1671770107302 0.9872881174087524 275
1671770121137 0.950564980506897 298
1671770135017 0.9731638431549072 321
1671770148997 0.9731638431549072 344
1671770162930 0.9378530979156494 367
1671770176827 0.9632768630981445 390
1671770190811 0.9830508232116699 413
1671770205024 0.9618644118309021 436
1671770219438 0.9483051300048828 459
1671770233431 0.9844632744789124 482
1671770247587 0.9519773721694946 505
1671770261486 0.9519773721694946 528
1671770275444 0.9497175216674805 551
1671770289470 0.950564980506897 574
1671770303673 0.9723164439201355 597
1671770317726 0.9709039926528931 620
1671770331692 0.9453861117362976 643
1671770345523 0.9618644118309021 666
1671770359317 0.950564980506897 689
1671770373420 0.9496233463287354 712
1671770387487 0.9971751570701599 735
1671770401469 0.9842615723609924 758
1671770415463 0.9745762944221497 781
1671770429561 0.9632768630981445 804
1671770443422 0.9392655491828918 827
1671770457380 0.9620212912559509 850
1671770471450 0.9271186590194702 873
1671770485276 0.9844632744789124 896
1671770499242 0.9632768630981445 919
1671770513151 0.9519773721694946 942
1671770527339 0.950564980506897 965
1671770541479 0.9774011373519897 988
1671770555478 0.9519773721694946 1011
1671770569483 0.9632768630981445 1034
1671770583616 0.9519773721694946 1057
1671770597636 0.9747331738471985 1080
1671770611673 0.9632768630981445 1103
1671770625541 0.9834360480308533 1126
1671770639615 0.9620212912559509 1149
1671770653575 0.9307909607887268 1172
1671770667916 0.9468926787376404 1195
1671770681921 0.9632768630981445 1218
1671770696126 0.9596045613288879 1241
1671770710113 0.9519773721694946 1264
1671770724007 0.9459241628646851 1287
1671770737883 0.9844632744789124 1310
1671770751935 0.980539858341217 1333
1671770766018 0.9353914260864258 1356
1671770779863 0.9446955323219299 1379
1671770794015 0.9380099773406982 1402
1671770807882 0.9461080431938171 1425
1671770821949 0.9791767597198486 1448
1671770835755 0.9435969591140747 1471
1671770849946 0.9469819068908691 1494
1671770863998 0.9663707613945007 1517
1671770878106 0.9723164439201355 1540
1671770892153 0.9785311222076416 1563
1671770905997 0.9473417401313782 1586
1671770919770 0.9606088995933533 1609
1671770933800 0.9465967416763306 1632
1671770947873 0.9776701927185059 1655
1671770961979 0.9440230131149292 1678
1671770975813 0.9709039926528931 1701
1671770989694 0.94679856300354 1724
1671771003607 0.9862608909606934 1747
1671771017497 0.9269388318061829 1770
1671771031489 0.9765716195106506 1793
1671771045474 0.9807909727096558 1816
1671771059495 0.9826472997665405 1839
1671771073509 0.9729621410369873 1862
1671771087693 0.9618644118309021 1885
1671771101743 0.9616627097129822 1908
1671771115734 0.9949153065681458 1931
1671771129994 0.958254873752594 1954
1671771143995 0.9333692789077759 1977
1671771157896 0.9707241654396057 2000
1671771171853 0.936754584312439 2023
1671771185847 0.9769303202629089 2046
1671771199720 0.9357501268386841 2069
1671771213832 0.9446955919265747 2092
1671771227770 0.9269168376922607 2115
1671771242028 0.910640299320221 2138
1671771255989 0.9588378071784973 2161
1671771269861 0.9604071378707886 2184
1671771284155 0.9820016026496887 2207
1671771297885 0.9362524151802063 2230
1671771311892 0.9219397306442261 2253
1671771325799 0.9533318281173706 2276
1671771339820 0.9451842904090881 2299
1671771353892 0.948870062828064 2322
1671771367993 0.9801004528999329 2345
1671771381890 0.9479014873504639 2368
1671771395895 0.9616627097129822 2391
1671771409825 0.9685500264167786 2414
1671771423948 0.9591964483261108 2437
1671771438032 0.955071210861206 2460
1671771451906 0.956089198589325 2483
1671771465851 0.973320722579956 2506
1671771479836 0.9709039926528931 2529
1671771493816 0.9234462976455688 2552
1671771507911 0.9792395830154419 2575
1671771521743 0.9842615723609924 2598
1671771535673 0.9378082752227783 2621
1671771549707 0.9918886423110962 2644
1671771563678 0.9790827035903931 2667
1671771577688 0.9564837217330933 2690
1671771591745 0.93744957447052 2713
1671771605968 0.9276567697525024 2736
1671771619906 0.9922473430633545 2759
1671771634225 0.9542238116264343 2782
1671771648175 0.9394224286079407 2805
1671771662085 0.9642184972763062 2828
1671771676233 0.9574747085571289 2851
1671771690221 0.9709039926528931 2874
1671771703973 0.8430360555648804 2897
1671771718230 0.9693974256515503 2920
1671771732260 0.9471389055252075 2943
1671771746405 0.959039568901062 2966
1671771760569 0.9462828636169434 2989
1671771774494 0.9805892109870911 3012
1671771788404 0.9344497919082642 3035
1671771802504 0.9380099773406982 3058
1671771816488 0.9558380246162415 3081
1671771830715 0.9729621410369873 3104
1671771844821 0.9791767597198486 3127
1671771858723 0.9573445916175842 3150
1671771872758 0.9683701395988464 3173
1671771886756 0.9558380246162415 3196
1671771900714 0.9057798385620117 3219
1671771914626 0.9497175216674805 3242
1671771928605 0.9565778970718384 3265
1671771942570 0.9482109546661377 3288
1671771956554 0.9622948169708252 3311
1671771970362 0.9573805928230286 3334
1671771984303 0.9681419134140015 3357
1671771998227 0.9715496897697449 3380
1671772012397 0.953461229801178 3403
1671772026463 0.9357767105102539 3426
1671772040212 0.9344229102134705 3449
