1671769953292 0.7301318645477295 22
1671769967259 0.9646892547607422 45
1671769981182 0.950564980506897 68
1671769995253 0.9392655491828918 91
1671770009194 0.9519773721694946 114
1671770023079 0.9491525292396545 137
1671770037177 0.9717513918876648 160
1671770051437 0.9830508232116699 183
1671770065607 0.9971751570701599 206
1671770079560 0.9618644118309021 229
1671770093402 0.950564980506897 252
1671770107302 0.9872881174087524 275
1671770121137 0.950564980506897 298
1671770135017 0.9731638431549072 321
1671770148997 0.9731638431549072 344
1671770162930 0.9378530979156494 367
1671770176827 0.9632768630981445 390
1671770190811 0.9830508232116699 413
1671770205024 0.9618644118309021 436
1671770219438 0.950564980506897 459
1671770233431 0.9844632744789124 482
1671770247587 0.9519773721694946 505
1671770261486 0.9519773721694946 528
1671770275444 0.9519773721694946 551
1671770289470 0.950564980506897 574
1671770303673 0.9745762944221497 597
1671770317726 0.9731638431549072 620
1671770331692 0.9491525292396545 643
1671770345523 0.9618644118309021 666
1671770359317 0.950564980506897 689
1671770373420 0.9533898234367371 712
1671770387487 0.9971751570701599 735
1671770401469 0.9858757257461548 758
1671770415463 0.9745762944221497 781
1671770429561 0.9632768630981445 804
1671770443422 0.9392655491828918 827
1671770457380 0.9632768630981445 850
1671770471450 0.9293785095214844 873
1671770485276 0.9844632744789124 896
1671770499242 0.9632768630981445 919
1671770513151 0.9519773721694946 942
1671770527339 0.950564980506897 965
1671770541479 0.9774011373519897 988
1671770555478 0.9519773721694946 1011
1671770569483 0.9632768630981445 1034
1671770583616 0.9519773721694946 1057
1671770597636 0.9759886860847473 1080
1671770611673 0.9632768630981445 1103
1671770625541 0.9825800061225891 1126
1671770639615 0.9632768630981445 1149
1671770653575 0.9307909607887268 1172
1671770667916 0.9491525292396545 1195
1671770681921 0.9632768630981445 1218
1671770696126 0.9580978751182556 1241
1671770710113 0.9519773721694946 1264
1671770724007 0.9463276863098145 1287
1671770737883 0.9844632744789124 1310
1671770751935 0.9807909727096558 1333
1671770766018 0.9364407062530518 1356
1671770779863 0.9425612688064575 1379
1671770794015 0.9370056986808777 1402
1671770807882 0.9496234059333801 1425
1671770821949 0.9792843461036682 1448
1671770835755 0.9477401375770569 1471
1671770849946 0.9515066146850586 1494
1671770863998 0.9689265489578247 1517
1671770878106 0.9708098769187927 1540
1671770892153 0.979284405708313 1563
1671770905997 0.9503632187843323 1586
1671770919770 0.9596045613288879 1609
1671770933800 0.9463276863098145 1632
1671770947873 0.9774011373519897 1655
1671770961979 0.9468926787376404 1678
1671770975813 0.9693973064422607 1701
1671770989694 0.944915235042572 1724
1671771003607 0.9854048490524292 1747
1671771017497 0.9260827898979187 1770
1671771031489 0.9788135886192322 1793
1671771045474 0.979284405708313 1816
1671771059495 0.9830508232116699 1839
1671771073509 0.9717513918876648 1862
1671771087693 0.9618644118309021 1885
1671771101743 0.9604519605636597 1908
1671771115734 0.9934086203575134 1931
1671771129994 0.9553672671318054 1954
1671771143995 0.9327684044837952 1977
1671771157896 0.9698681235313416 2000
1671771171853 0.934745728969574 2023
1671771185847 0.9731638431549072 2046
1671771199720 0.9332391619682312 2069
1671771213832 0.9403012990951538 2092
1671771227770 0.9241997003555298 2115
1671771242028 0.9129002690315247 2138
1671771255989 0.9576271176338196 2161
1671771269861 0.9610170125961304 2184
1671771284155 0.9821093082427979 2207
1671771297885 0.944915235042572 2230
1671771311892 0.9185499548912048 2253
1671771325799 0.9555420875549316 2276
1671771339820 0.9420903921127319 2299
1671771353892 0.9458569288253784 2322
1671771367993 0.9798493385314941 2345
1671771381890 0.9477401375770569 2368
1671771395895 0.9604519605636597 2391
1671771409825 0.965160071849823 2414
1671771423948 0.9581921100616455 2437
1671771438032 0.9519773721694946 2460
1671771451906 0.9558380246162415 2483
1671771465851 0.9723164439201355 2506
1671771479836 0.9693974256515503 2529
1671771493816 0.9204331636428833 2552
1671771507911 0.9807909727096558 2575
1671771521743 0.9830508232116699 2598
1671771535673 0.9384180903434753 2621
1671771549707 0.9891714453697205 2644
1671771563678 0.9759886860847473 2667
1671771577688 0.9533898234367371 2690
1671771591745 0.9350282549858093 2713
1671771605968 0.9293785095214844 2736
1671771619906 0.9897363781929016 2759
1671771634225 0.9533898234367371 2782
1671771648175 0.9384180903434753 2805
1671771662085 0.9623351693153381 2828
1671771676233 0.9632768630981445 2851
1671771690221 0.9693974256515503 2874
1671771703973 0.8855932354927063 2897
1671771718230 0.9675140976905823 2920
1671771732260 0.9506590962409973 2943
1671771746405 0.9573445916175842 2966
1671771760569 0.9463276863098145 2989
1671771774494 0.9778720140457153 3012
1671771788404 0.9336158037185669 3035
1671771802504 0.9430320262908936 3058
1671771816488 0.9524481892585754 3081
1671771830715 0.9717513918876648 3104
1671771844821 0.9764595031738281 3127
1671771858723 0.9580979943275452 3150
1671771872758 0.965630829334259 3173
1671771886756 0.9524482488632202 3196
1671771900714 0.9257062673568726 3219
1671771914626 0.9482109546661377 3242
1671771928605 0.9538607001304626 3265
1671771942570 0.9463276863098145 3288
1671771956554 0.9665725827217102 3311
1671771970362 0.959039568901062 3334
1671771984303 0.9675140976905823 3357
1671771998227 0.9703390002250671 3380
1671772012397 0.9591336846351624 3403
1671772026463 0.9359698295593262 3426
1671772040212 0.9364407062530518 3449
