1672731893541 0 49
1672731908029 0 99
1672731922964 0 149
1672731937607 0 199
1672731949213 0 216
1672731952286 1 216
1672731962532 1 249
1672731976857 1 299
1672731991179 1 349
1672732005523 1 399
1672732021678 1 433
1672732025006 2 433
1672732030329 2 449
1672732044754 2 499
1672732059343 2 549
1672732073955 2 599
1672732088557 2 649
1672732095435 2 650
1672732098780 3 650
1672732113588 3 699
1672732127992 3 749
1672732142497 3 799
1672732156890 3 849
1672732168702 3 867
1672732172027 4 867
1672732182196 4 899
1672732196688 4 949
1672732211405 4 999
1672732226035 4 1049
1672732242803 4 1084
1672732246106 5 1084
1672732251119 5 1099
1672732265543 5 1149
1672732280016 5 1199
1672732294454 5 1249
1672732308871 5 1299
1672732315920 5 1301
1672732319222 6 1301
1672732333770 6 1349
1672732348469 6 1399
1672732362909 6 1449
1672732377478 6 1499
1672732390197 6 1518
1672732393609 7 1518
1672732403288 7 1549
1672732417697 7 1599
1672732432088 7 1649
1672732446487 7 1699
1672732463668 7 1735
1672732467048 8 1735
1672732471785 8 1749
1672732486425 8 1799
1672732500908 8 1849
1672732515528 8 1899
1672732530122 8 1949
1672732537752 8 1952
1672732541284 9 1952
1672732555560 9 1999
1672732570002 9 2049
1672732584625 9 2099
1672732599054 9 2149
1672732611316 9 2169
1672732615151 10 2169
1672732624621 10 2199
1672732639040 10 2249
1672732653713 10 2299
1672732668089 10 2349
1672732685513 10 2386
1672732688763 11 2386
1672732693225 11 2399
1672732707685 11 2449
1672732722274 11 2499
1672732736708 11 2549
1672732751138 11 2599
1672732758985 11 2603
1672732762333 12 2603
1672732776707 12 2649
1672732791212 12 2699
1672732805643 12 2749
1672732820218 12 2799
1672732832907 12 2820
1672732836194 13 2820
1672732845482 13 2849
1672732860028 13 2899
1672732874540 13 2949
1672732889212 13 2999
1672732907215 13 3037
1672732911086 14 3037
1672732915273 14 3049
1672732930023 14 3099
1672732944435 14 3149
1672732958842 14 3199
1672732973271 14 3249
1672732981338 14 3254
1672732984710 15 3254
1672732998635 15 3299
1672733013336 15 3349
1672733027870 15 3399
1672733042785 15 3449
1672733055876 15 3471
1672733059304 16 3471
1672733068065 16 3499
1672733082530 16 3549
1672733097075 16 3599
1672733111550 16 3649
1672733129353 16 3688
1672733132661 17 3688
1672733136541 17 3699
1672733151151 17 3749
1672733165932 17 3799
1672733180425 17 3849
1672733194913 17 3899
1672733203535 17 3905
1672733206939 18 3905
1672733220385 18 3949
1672733234870 18 3999
1672733249279 18 4049
1672733263772 18 4099
1672733276996 18 4122
1672733280298 19 4122
1672733289095 19 4149
1672733303654 19 4199
1672733318465 19 4249
1672733332970 19 4299
1672733351581 19 4339
1672733354898 20 4339
1672733358660 20 4349
1672733373194 20 4399
1672733387755 20 4449
1672733402378 20 4499
1672733416947 20 4549
1672733425719 20 4556
1672733429025 21 4556
1672733442260 21 4599
1672733456883 21 4649
1672733471365 21 4699
1672733485811 21 4749
1672733499352 21 4773
1672733502730 22 4773
1672733510949 22 4799
1672733525532 22 4849
1672733539971 22 4899
1672733554539 22 4949
1672733572921 22 4990
1672733576239 23 4990
1672733579541 23 4999
1672733594172 23 5049
1672733608609 23 5099
1672733623065 23 5149
1672733637491 23 5199
1672733646438 23 5207
1672733649859 24 5207
1672733662817 24 5249
1672733677441 24 5299
1672733691872 24 5349
1672733706417 24 5399
1672733720329 24 5424
1672733723663 25 5424
1672733731699 25 5449
1672733746409 25 5499
1672733760977 25 5549
1672733775487 25 5599
1672733794541 25 5641
1672733797940 26 5641
1672733800972 26 5649
1672733815442 26 5699
1672733829864 26 5749
1672733844596 26 5799
1672733859017 26 5849
1672733868157 26 5858
1672733871511 27 5858
1672733884168 27 5899
1672733898710 27 5949
1672733913307 27 5999
1672733927827 27 6049
1672733942062 27 6075
1672733945388 28 6075
1672733953249 28 6099
1672733967730 28 6149
1672733982420 28 6199
1672733997097 28 6249
1672734016004 28 6292
1672734019380 29 6292
1672734022121 29 6299
1672734036636 29 6349
1672734051133 29 6399
1672734065653 29 6449
1672734080253 29 6499
1672734089910 29 6509
1672734093261 30 6509
1672734105612 30 6549
1672734120427 30 6599
1672734134938 30 6649
1672734149442 30 6699
1672734164027 30 6726
1672734167397 31 6726
1672734174810 31 6749
1672734189390 31 6799
1672734203947 31 6849
1672734218633 31 6899
1672734238242 31 6943
1672734241766 32 6943
1672734244245 32 6949
1672734258653 32 6999
1672734273127 32 7049
1672734287523 32 7099
1672734301929 32 7149
1672734311643 32 7160
1672734314999 33 7160
1672734327027 33 7199
1672734341710 33 7249
1672734356352 33 7299
1672734371139 33 7349
1672734385775 33 7377
1672734389108 34 7377
1672734396164 34 7399
1672734410657 34 7449
1672734425384 34 7499
1672734439833 34 7549
1672734459593 34 7594
1672734462879 35 7594
1672734465160 35 7599
1672734479813 35 7649
1672734494773 35 7699
1672734509424 35 7749
1672734523892 35 7799
1672734533997 35 7811
1672734537340 36 7811
1672734549056 36 7849
1672734563535 36 7899
1672734578128 36 7949
1672734592637 36 7999
1672734607765 36 8028
1672734611107 37 8028
1672734618024 37 8049
1672734632669 37 8099
1672734647427 37 8149
1672734661903 37 8199
1672734681919 37 8245
1672734685228 38 8245
1672734687083 38 8249
1672734701711 38 8299
1672734716139 38 8349
1672734730779 38 8399
1672734745252 38 8449
1672734755676 38 8462
1672734759059 39 8462
1672734770797 39 8499
1672734785343 39 8549
1672734799864 39 8599
1672734814522 39 8649
1672734829833 39 8679
1672734833167 40 8679
1672734839708 40 8699
1672734854302 40 8749
1672734868814 40 8799
1672734883358 40 8849
1672734903561 40 8896
1672734906929 41 8896
1672734908656 41 8899
1672734923304 41 8949
1672734937784 41 8999
1672734952240 41 9049
1672734966726 41 9099
1672734977278 41 9113
1672734980630 42 9113
1672734991753 42 9149
1672735006318 42 9199
1672735021182 42 9249
1672735035720 42 9299
1672735051620 42 9330
1672735055030 43 9330
1672735061306 43 9349
1672735076000 43 9399
1672735090576 43 9449
1672735105117 43 9499
1672735125702 43 9547
1672735129062 44 9547
1672735130336 44 9549
1672735144786 44 9599
1672735159395 44 9649
1672735174092 44 9699
1672735188471 44 9749
1672735199519 44 9764
1672735202878 45 9764
1672735213658 45 9799
1672735228179 45 9849
1672735242644 45 9899
1672735257089 45 9949
1672735273006 45 9981
1672735276477 46 9981
1672735282607 46 9999
1672735297309 46 10049
1672735311818 46 10099
1672735326356 46 10149
1672735347471 46 10198
1672735350804 47 10198
1672735351866 47 10199
1672735366507 47 10249
1672735381057 47 10299
1672735395734 47 10349
1672735410560 47 10399
1672735421812 47 10415
1672735425060 48 10415
1672735435717 48 10449
1672735450172 48 10499
1672735464628 48 10549
1672735479163 48 10599
1672735495632 48 10632
1672735498964 49 10632
1672735504582 49 10649
1672735519171 49 10699
1672735533629 49 10749
1672735548221 49 10799
1672735562634 49 10849
1672735569483 49 10849
1672735572840 50 10849
1672735588091 50 10899
1672735602646 50 10949
1672735617201 50 10999
1672735631917 50 11049
1672735643365 50 11066
1672735646875 51 11066
1672735657190 51 11099
1672735671788 51 11149
1672735686242 51 11199
1672735700687 51 11249
1672735717256 51 11283
1672735720546 52 11283
1672735725902 52 11299
1672735740394 52 11349
1672735755080 52 11399
1672735769791 52 11449
1672735784416 52 11499
1672735791331 52 11500
1672735794648 53 11500
1672735809632 53 11549
1672735824341 53 11599
1672735839037 53 11649
1672735853583 53 11699
1672735865525 53 11717
1672735869021 54 11717
1672735879048 54 11749
1672735893678 54 11799
1672735908154 54 11849
1672735922783 54 11899
1672735939675 54 11934
1672735943024 55 11934
1672735948367 55 11949
1672735962827 55 11999
1672735977466 55 12049
1672735991934 55 12099
1672736006399 55 12149
1672736013614 55 12151
1672736016944 56 12151
1672736031769 56 12199
1672736046283 56 12249
1672736060945 56 12299
1672736075633 56 12349
1672736087585 56 12368
1672736091028 57 12368
1672736100795 57 12399
1672736115421 57 12449
1672736130064 57 12499
1672736144584 57 12549
1672736161612 57 12585
1672736165002 58 12585
1672736169973 58 12599
1672736184481 58 12649
1672736199075 58 12699
1672736213570 58 12749
1672736228071 58 12799
1672736235578 58 12802
1672736239155 59 12802
1672736253974 59 12849
1672736269354 59 12899
1672736284040 59 12949
1672736298602 59 12999
1672736311439 59 13019
1672736314833 60 13019
1672736324215 60 13049
1672736338692 60 13099
1672736353119 60 13149
1672736367543 60 13199
1672736384901 60 13236
1672736388230 61 13236
1672736392729 61 13249
1672736407476 61 13299
1672736422080 61 13349
1672736436661 61 13399
1672736451148 61 13449
1672736458983 61 13453
1672736462380 62 13453
1672736476397 62 13499
1672736491041 62 13549
1672736505474 62 13599
1672736519921 62 13649
1672736532573 62 13670
1672736535818 63 13670
1672736544950 63 13699
1672736559730 63 13749
1672736574218 63 13799
1672736588755 63 13849
1672736606304 63 13887
1672736609690 64 13887
1672736613914 64 13899
1672736628703 64 13949
1672736643187 64 13999
1672736657646 64 14049
1672736672093 64 14099
1672736680144 64 14104
1672736683442 65 14104
1672736697333 65 14149
1672736712090 65 14199
1672736726578 65 14249
1672736741091 65 14299
1672736754264 65 14321
1672736757644 66 14321
1672736766934 66 14349
1672736781583 66 14399
1672736796095 66 14449
1672736810631 66 14499
1672736828680 66 14538
1672736831975 67 14538
1672736835904 67 14549
1672736850600 67 14599
1672736865294 67 14649
1672736879772 67 14699
1672736894388 67 14749
1672736902652 67 14755
1672736905945 68 14755
1672736919555 68 14799
1672736934036 68 14849
1672736948470 68 14899
1672736962899 68 14949
1672736976362 68 14972
1672736979642 69 14972
1672736988125 69 14999
1672737002971 69 15049
1672737017484 69 15099
1672737032107 69 15149
1672737050523 69 15189
1672737053838 70 15189
1672737057426 70 15199
1672737072122 70 15249
1672737086689 70 15299
1672737101343 70 15349
1672737116032 70 15399
1672737124855 70 15406
1672737128125 71 15406
1672737141309 71 15449
1672737155780 71 15499
1672737170267 71 15549
1672737184911 71 15599
1672737198660 71 15623
1672737201986 72 15623
1672737210251 72 15649
1672737224958 72 15699
1672737239492 72 15749
1672737254037 72 15799
1672737272763 72 15840
1672737276226 73 15840
1672737279560 73 15849
1672737294050 73 15899
1672737308779 73 15949
1672737324269 73 15999
1672737338716 73 16049
1672737347767 73 16057
1672737351074 74 16057
1672737363979 74 16099
1672737378498 74 16149
1672737393000 74 16199
1672737407484 74 16249
1672737421397 74 16274
1672737424756 75 16274
1672737432692 75 16299
1672737447110 75 16349
1672737461652 75 16399
1672737476063 75 16449
1672737494707 75 16491
1672737497956 76 16491
1672737501007 76 16499
1672737515745 76 16549
1672737530327 76 16599
1672737544893 76 16649
1672737559553 76 16699
1672737568932 76 16708
1672737572245 77 16708
1672737584849 77 16749
1672737599333 77 16799
1672737613933 77 16849
1672737628517 77 16899
1672737642837 77 16925
1672737646164 78 16925
1672737653842 78 16949
1672737668336 78 16999
1672737682959 78 17049
1672737697480 78 17099
1672737716395 78 17142
1672737719667 79 17142
1672737722444 79 17149
1672737737234 79 17199
1672737751882 79 17249
1672737766385 79 17299
1672737780884 79 17349
1672737790417 79 17359
1672737793767 80 17359
1672737806180 80 17399
1672737820764 80 17449
1672737835476 80 17499
1672737850040 80 17549
1672737864675 80 17576
1672737868095 81 17576
1672737875466 81 17599
1672737890084 81 17649
1672737904529 81 17699
1672737919170 81 17749
1672737938608 81 17793
1672737941918 82 17793
1672737944379 82 17799
1672737959022 82 17849
1672737973571 82 17899
1672737988381 82 17949
1672738002911 82 17999
1672738012873 82 18010
1672738016903 83 18010
1672738028892 83 18049
1672738043569 83 18099
1672738058088 83 18149
1672738072670 83 18199
1672738087511 83 18227
1672738090846 84 18227
1672738097965 84 18249
1672738112604 84 18299
1672738127270 84 18349
1672738141897 84 18399
1672738161648 84 18444
1672738164927 85 18444
1672738167104 85 18449
1672738181611 85 18499
1672738196099 85 18549
1672738210582 85 18599
1672738225198 85 18649
1672738235144 85 18661
1672738238411 86 18661
1672738250136 86 18699
1672738264768 86 18749
1672738279269 86 18799
1672738293891 86 18849
1672738308784 86 18878
1672738312133 87 18878
1672738318909 87 18899
1672738333535 87 18949
1672738348000 87 18999
1672738362429 87 19049
1672738382331 87 19095
1672738385766 88 19095
1672738387654 88 19099
1672738402284 88 19149
1672738416882 88 19199
1672738431486 88 19249
1672738445960 88 19299
1672738456317 88 19312
1672738459632 89 19312
1672738471149 89 19349
1672738485676 89 19399
1672738500394 89 19449
1672738515016 89 19499
1672738530115 89 19529
1672738533477 90 19529
1672738540021 90 19549
1672738554944 90 19599
1672738569415 90 19649
1672738583856 90 19699
1672738604022 90 19746
1672738607402 91 19746
1672738608977 91 19749
1672738623471 91 19799
1672738637926 91 19849
1672738652532 91 19899
1672738667171 91 19949
1672738678204 91 19963
1672738681488 92 19963
1672738692771 92 19999
1672738707391 92 20049
1672738721870 92 20099
1672738736313 92 20149
1672738751958 92 20180
1672738755291 93 20180
1672738761577 93 20199
1672738776234 93 20249
1672738790722 93 20299
1672738805339 93 20349
1672738825850 93 20397
1672738829266 94 20397
1672738830603 94 20399
1672738845211 94 20449
1672738859798 94 20499
1672738874251 94 20549
1672738888703 94 20599
1672738899728 94 20614
1672738903096 95 20614
1672738913924 95 20649
1672738928415 95 20699
1672738943000 95 20749
1672738957608 95 20799
1672738973590 95 20831
1672738976998 96 20831
1672738982889 96 20849
1672738997382 96 20899
1672739012028 96 20949
1672739026587 96 20999
1672739047439 96 21048
1672739050718 97 21048
1672739051706 97 21049
1672739066292 97 21099
1672739080891 97 21149
1672739095348 97 21199
1672739109800 97 21249
1672739120964 97 21265
1672739124350 98 21265
1672739135066 98 21299
1672739149488 98 21349
1672739164081 98 21399
1672739178498 98 21449
1672739194762 98 21482
1672739198028 99 21482
1672739203664 99 21499
1672739218169 99 21549
1672739232871 99 21599
1672739247628 99 21649
1672739261936 99 21699
1672739268811 99 21699
1672739272169 100 21699
1672739287569 100 21749
1672739302245 100 21799
1672739316776 100 21849
1672739332084 100 21899
1672739343729 100 21916
1672739347083 101 21916
1672739357411 101 21949
1672739371816 101 21999
1672739386272 101 22049
1672739400704 101 22099
1672739417184 101 22133
1672739420497 102 22133
1672739426129 102 22149
1672739440771 102 22199
1672739455266 102 22249
1672739469885 102 22299
1672739484414 102 22349
1672739491449 102 22350
1672739494810 103 22350
1672739509753 103 22399
1672739524169 103 22449
1672739538623 103 22499
1672739553357 103 22549
1672739565045 103 22567
1672739568408 104 22567
1672739578629 104 22599
1672739593244 104 22649
1672739607864 104 22699
1672739622311 104 22749
1672739639052 104 22784
1672739642425 105 22784
1672739647490 105 22799
1672739662019 105 22849
1672739676536 105 22899
1672739691372 105 22949
1672739705924 105 22999
1672739713212 105 23001
1672739716496 106 23001
1672739731519 106 23049
1672739746329 106 23099
1672739760825 106 23149
1672739775478 106 23199
1672739787465 106 23218
1672739790801 107 23218
1672739800679 107 23249
1672739815355 107 23299
1672739829890 107 23349
1672739844406 107 23399
1672739861310 107 23435
1672739864619 108 23435
1672739869507 108 23449
1672739884034 108 23499
1672739898644 108 23549
1672739913097 108 23599
1672739927573 108 23649
1672739935038 108 23652
1672739938798 109 23652
1672739953469 109 23699
1672739968035 109 23749
1672739982743 109 23799
1672739997263 109 23849
1672740009685 109 23869
1672740013008 110 23869
1672740022547 110 23899
1672740036958 110 23949
1672740051326 110 23999
1672740065705 110 24049
1672740082924 110 24086
1672740086226 111 24086
1672740090693 111 24099
1672740105300 111 24149
1672740119699 111 24199
1672740134251 111 24249
1672740148708 111 24299
1672740156540 111 24303
1672740159839 112 24303
1672740173791 112 24349
1672740188409 112 24399
1672740202981 112 24449
1672740217410 112 24499
1672740230344 112 24520
1672740233656 113 24520
1672740242777 113 24549
1672740257282 113 24599
1672740271935 113 24649
1672740286419 113 24699
1672740304345 113 24737
1672740307641 114 24737
1672740311857 114 24749
1672740326448 114 24799
1672740341019 114 24849
1672740355432 114 24899
1672740369820 114 24949
1672740377900 114 24954
1672740381318 115 24954
1672740395046 115 24999
1672740409632 115 25049
1672740424064 115 25099
1672740438670 115 25149
1672740452043 115 25171
1672740455417 116 25171
1672740464188 116 25199
1672740478647 116 25249
1672740493259 116 25299
1672740507758 116 25349
1672740525641 116 25388
1672740528923 117 25388
1672740532837 117 25399
1672740547609 117 25449
1672740562260 117 25499
1672740576859 117 25549
1672740591443 117 25599
1672740599701 117 25605
1672740603057 118 25605
1672740616519 118 25649
1672740631149 118 25699
1672740645640 118 25749
1672740660084 118 25799
1672740673241 118 25822
1672740676578 119 25822
1672740685099 119 25849
1672740699876 119 25899
1672740714533 119 25949
1672740729022 119 25999
1672740747280 119 26039
1672740750602 120 26039
1672740754391 120 26049
1672740768850 120 26099
1672740783458 120 26149
1672740797917 120 26199
1672740812349 120 26249
1672740821003 120 26256
1672740824400 121 26256
1672740837537 121 26299
1672740852192 121 26349
1672740866635 121 26399
1672740881225 121 26449
1672740894800 121 26473
1672740898178 122 26473
1672740906461 122 26499
1672740920914 122 26549
1672740935404 122 26599
1672740949851 122 26649
1672740968330 122 26690
1672740971672 123 26690
1672740975281 123 26699
1672740989791 123 26749
1672741004311 123 26799
1672741018812 123 26849
1672741033289 123 26899
1672741042341 123 26907
1672741045775 124 26907
1672741058724 124 26949
1672741073166 124 26999
1672741087617 124 27049
1672741102031 124 27099
1672741116497 124 27124
1672741119858 125 27124
1672741127930 125 27149
1672741142423 125 27199
1672741157191 125 27249
1672741171732 125 27299
1672741190380 125 27341
1672741193685 126 27341
1672741196725 126 27349
1672741211175 126 27399
1672741225636 126 27449
1672741240092 126 27499
1672741254831 126 27549
1672741264199 126 27558
1672741267401 127 27558
1672741280121 127 27599
1672741294578 127 27649
1672741309164 127 27699
1672741323601 127 27749
1672741337721 127 27775
1672741341048 128 27775
1672741348731 128 27799
1672741363195 128 27849
1672741377637 128 27899
1672741392253 128 27949
1672741411616 128 27992
1672741414960 129 27992
1672741417729 129 27999
1672741432202 129 28049
1672741446691 129 28099
1672741461180 129 28149
1672741475670 129 28199
1672741485045 129 28209
1672741488447 130 28209
1672741500711 130 28249
1672741515360 130 28299
1672741529850 130 28349
1672741544491 130 28399
1672741558918 130 28426
1672741562244 131 28426
1672741569951 131 28449
1672741584455 131 28499
1672741598921 131 28549
1672741613405 131 28599
1672741632826 131 28643
1672741636134 132 28643
1672741638605 132 28649
1672741653250 132 28699
1672741667740 132 28749
1672741682373 132 28799
1672741697018 132 28849
1672741706807 132 28860
1672741710102 133 28860
1672741722231 133 28899
1672741737120 133 28949
1672741751597 133 28999
1672741766081 133 29049
1672741781005 133 29077
1672741784341 134 29077
1672741791453 134 29099
1672741805990 134 29149
1672741820665 134 29199
1672741835455 134 29249
1672741855196 134 29294
1672741858566 135 29294
1672741860758 135 29299
1672741875362 135 29349
1672741889845 135 29399
1672741904284 135 29449
1672741918878 135 29499
1672741929336 135 29511
1672741932623 136 29511
1672741944456 136 29549
1672741959035 136 29599
1672741973444 136 29649
1672741987852 136 29699
1672742002811 136 29728
1672742006112 137 29728
1672742012886 137 29749
1672742027410 137 29799
1672742041931 137 29849
1672742056613 137 29899
1672742076514 137 29945
1672742079777 138 29945
1672742081623 138 29949
1672742096439 138 29999
1672742110973 138 30049
1672742125454 138 30099
1672742139954 138 30149
1672742150475 138 30162
1672742153815 139 30162
1672742165317 139 30199
1672742179869 139 30249
1672742194713 139 30299
1672742209208 139 30349
1672742224615 139 30379
1672742227875 140 30379
1672742234367 140 30399
1672742249009 140 30449
1672742263463 140 30499
1672742278079 140 30549
1672742298356 140 30596
1672742301626 141 30596
1672742303243 141 30599
1672742317693 141 30649
1672742332116 141 30699
1672742346683 141 30749
1672742361233 141 30799
1672742371983 141 30813
1672742375333 142 30813
1672742386449 142 30849
1672742400907 142 30899
1672742415541 142 30949
1672742430066 142 30999
1672742445695 142 31030
1672742449000 143 31030
1672742455164 143 31049
1672742469612 143 31099
1672742484316 143 31149
1672742498739 143 31199
1672742519237 143 31247
1672742522588 144 31247
1672742523953 144 31249
1672742538441 144 31299
1672742553306 144 31349
1672742567753 144 31399
1672742582192 144 31449
1672742593197 144 31464
1672742596499 145 31464
1672742607452 145 31499
1672742622126 145 31549
1672742636649 145 31599
1672742651256 145 31649
1672742667031 145 31681
1672742670254 146 31681
1672742676346 146 31699
1672742690835 146 31749
1672742705349 146 31799
1672742719875 146 31849
1672742740964 146 31898
1672742744566 147 31898
1672742745583 147 31899
1672742760140 147 31949
1672742774729 147 31999
1672742789171 147 32049
1672742803762 147 32099
1672742814985 147 32115
1672742818413 148 32115
1672742828963 148 32149
1672742843469 148 32199
1672742858032 148 32249
1672742872535 148 32299
1672742888906 148 32332
1672742892317 149 32332
1672742897936 149 32349
1672742912403 149 32399
1672742926844 149 32449
1672742941416 149 32499
1672742955824 149 32549
1672742963043 149 32549
1672742966145 150 32549
