1672731949213 0.0 216
1672732021678 0.0 433
1672732095435 0.0 650
1672732168702 0.0 867
1672732242803 0.0 1084
1672732315920 0.0 1301
1672732390197 2.75 1518
1672732463668 0.0 1735
1672732537752 1.5 1952
1672732611316 0.0 2169
1672732685513 2.25 2386
1672732758985 1.75 2603
1672732832907 0.0 2820
1672732907215 0.0 3037
1672732981338 0.0 3254
1672733055876 0.0 3471
1672733129353 1.0 3688
1672733203535 0.0 3905
1672733276996 0.25 4122
1672733351581 2.0 4339
1672733425719 0.5 4556
1672733499352 1.0 4773
1672733572921 1.0 4990
1672733646438 1.0 5207
1672733720329 2.0 5424
1672733794541 1.5 5641
1672733868157 1.5 5858
1672733942062 1.0 6075
1672734016004 1.25 6292
1672734089910 1.0 6509
1672734164027 1.5 6726
1672734238242 1.5 6943
1672734311643 1.5 7160
1672734385775 1.5 7377
1672734459593 2.0 7594
1672734533997 2.0 7811
1672734607765 2.0 8028
1672734681919 1.75 8245
1672734755676 2.0 8462
1672734829833 2.0 8679
1672734903561 2.25 8896
1672734977278 1.5 9113
1672735051620 1.75 9330
1672735125702 2.25 9547
1672735199519 1.75 9764
1672735273006 2.0 9981
1672735347471 1.75 10198
1672735421812 1.75 10415
1672735495632 2.0 10632
1672735569483 2.0 10849
1672735643365 5.75 11066
1672735717256 1.75 11283
1672735791331 3.5 11500
1672735865525 7.0 11717
1672735939675 2.5 11934
1672736013614 2.25 12151
1672736087585 2.25 12368
1672736161612 3.25 12585
1672736235578 5.5 12802
1672736311439 8.5 13019
1672736384901 4.25 13236
1672736458983 3.5 13453
1672736532573 3.0 13670
1672736606304 3.5 13887
1672736680144 5.25 14104
1672736754264 7.25 14321
1672736828680 3.75 14538
1672736902652 5.0 14755
1672736976362 6.5 14972
1672737050523 3.5 15189
1672737124855 4.0 15406
1672737198660 4.25 15623
1672737272763 5.25 15840
1672737347767 5.25 16057
1672737421397 6.25 16274
1672737494707 5.0 16491
1672737568932 5.5 16708
1672737642837 5.0 16925
1672737716395 5.75 17142
1672737790417 6.0 17359
1672737864675 4.5 17576
1672737938608 5.5 17793
1672738012873 4.0 18010
1672738087511 5.25 18227
1672738161648 6.5 18444
1672738235144 7.25 18661
1672738308784 7.0 18878
1672738382331 4.25 19095
1672738456317 6.25 19312
1672738530115 3.75 19529
1672738604022 5.5 19746
1672738678204 6.0 19963
1672738751958 6.0 20180
1672738825850 16.75 20397
1672738899728 8.0 20614
1672738973590 4.5 20831
1672739047439 3.75 21048
1672739120964 3.75 21265
1672739194762 4.0 21482
1672739268811 9.25 21699
1672739343729 6.5 21916
1672739417184 5.5 22133
1672739491449 8.5 22350
1672739565045 7.0 22567
1672739639052 7.25 22784
1672739713212 5.75 23001
1672739787465 4.0 23218
1672739861310 7.75 23435
1672739935038 5.5 23652
1672740009685 4.0 23869
1672740082924 7.75 24086
1672740156540 3.75 24303
1672740230344 5.75 24520
1672740304345 4.75 24737
1672740377900 12.25 24954
1672740452043 12.0 25171
1672740525641 6.5 25388
1672740599701 6.75 25605
1672740673241 7.25 25822
1672740747280 5.0 26039
1672740821003 5.25 26256
1672740894800 6.25 26473
1672740968330 3.75 26690
1672741042341 5.5 26907
1672741116497 6.0 27124
1672741190380 9.0 27341
1672741264199 10.75 27558
1672741337721 7.75 27775
1672741411616 3.5 27992
1672741485045 6.25 28209
1672741558918 11.25 28426
1672741632826 5.75 28643
1672741706807 6.25 28860
1672741781005 5.5 29077
1672741855196 11.0 29294
1672741929336 7.25 29511
1672742002811 6.75 29728
1672742076514 4.25 29945
1672742150475 9.0 30162
1672742224615 7.0 30379
1672742298356 4.75 30596
1672742371983 7.5 30813
1672742445695 7.0 31030
1672742519237 6.25 31247
1672742593197 7.0 31464
1672742667031 7.5 31681
1672742740964 7.25 31898
1672742814985 8.75 32115
1672742888906 5.0 32332
1672742963043 7.0 32549
