1672731893541 0.78125 49
1672731908029 0.75 99
1672731922964 0.875 149
1672731937607 0.875 199
1672731962532 0.8125 249
1672731976857 0.875 299
1672731991179 0.8125 349
1672732005523 0.75 399
1672732030329 0.875 449
1672732044754 0.84375 499
1672732059343 0.71875 549
1672732073955 0.71875 599
1672732088557 0.78125 649
1672732113588 0.75 699
1672732127992 0.75 749
1672732142497 0.65625 799
1672732156890 0.71875 849
1672732182196 0.75 899
1672732196688 0.75 949
1672732211405 0.84375 999
1672732226035 0.75 1049
1672732251119 0.71875 1099
1672732265543 0.875 1149
1672732280016 0.90625 1199
1672732294454 0.8125 1249
1672732308871 0.90625 1299
1672732333770 0.9375 1349
1672732348469 0.78125 1399
1672732362909 0.75 1449
1672732377478 0.8125 1499
1672732403288 0.84375 1549
1672732417697 0.71875 1599
1672732432088 0.84375 1649
1672732446487 0.6875 1699
1672732471785 0.71875 1749
1672732486425 0.78125 1799
1672732500908 0.875 1849
1672732515528 0.75 1899
1672732530122 0.875 1949
1672732555560 0.8125 1999
1672732570002 0.8125 2049
1672732584625 0.84375 2099
1672732599054 0.8125 2149
1672732624621 0.78125 2199
1672732639040 0.6875 2249
1672732653713 0.78125 2299
1672732668089 0.78125 2349
1672732693225 0.6875 2399
1672732707685 0.90625 2449
1672732722274 0.84375 2499
1672732736708 0.78125 2549
1672732751138 0.65625 2599
1672732776707 0.90625 2649
1672732791212 0.78125 2699
1672732805643 0.78125 2749
1672732820218 0.75 2799
1672732845482 0.75 2849
1672732860028 0.65625 2899
1672732874540 0.8125 2949
1672732889212 0.84375 2999
1672732915273 0.75 3049
1672732930023 0.8125 3099
1672732944435 0.8125 3149
1672732958842 0.84375 3199
1672732973271 0.8125 3249
1672732998635 0.75 3299
1672733013336 0.71875 3349
1672733027870 0.78125 3399
1672733042785 0.71875 3449
1672733068065 0.90625 3499
1672733082530 1.0 3549
1672733097075 0.71875 3599
1672733111550 0.875 3649
1672733136541 0.8125 3699
1672733151151 0.6875 3749
1672733165932 0.90625 3799
1672733180425 0.78125 3849
1672733194913 0.8125 3899
1672733220385 0.6875 3949
1672733234870 0.78125 3999
1672733249279 0.8125 4049
1672733263772 0.8125 4099
1672733289095 0.75 4149
1672733303654 0.78125 4199
1672733318465 0.78125 4249
1672733332970 0.78125 4299
1672733358660 0.875 4349
1672733373194 0.96875 4399
1672733387755 0.75 4449
1672733402378 0.78125 4499
1672733416947 0.78125 4549
1672733442260 0.8125 4599
1672733456883 0.875 4649
1672733471365 0.78125 4699
1672733485811 0.8125 4749
1672733510949 0.8125 4799
1672733525532 0.78125 4849
1672733539971 0.75 4899
1672733554539 0.75 4949
1672733579541 0.75 4999
1672733594172 0.84375 5049
1672733608609 0.78125 5099
1672733623065 0.875 5149
1672733637491 0.65625 5199
1672733662817 0.8125 5249
1672733677441 0.875 5299
1672733691872 0.8125 5349
1672733706417 0.6875 5399
1672733731699 0.65625 5449
1672733746409 0.84375 5499
1672733760977 0.90625 5549
1672733775487 0.59375 5599
1672733800972 0.8125 5649
1672733815442 0.84375 5699
1672733829864 0.75 5749
1672733844596 0.84375 5799
1672733859017 0.8125 5849
1672733884168 0.84375 5899
1672733898710 0.90625 5949
1672733913307 0.78125 5999
1672733927827 0.78125 6049
1672733953249 0.6875 6099
1672733967730 0.6875 6149
1672733982420 0.75 6199
1672733997097 0.8125 6249
1672734022121 0.78125 6299
1672734036636 0.8125 6349
1672734051133 0.65625 6399
1672734065653 0.75 6449
1672734080253 0.8125 6499
1672734105612 0.9375 6549
1672734120427 0.9375 6599
1672734134938 0.75 6649
1672734149442 0.71875 6699
1672734174810 0.875 6749
1672734189390 0.8125 6799
1672734203947 0.8125 6849
1672734218633 0.90625 6899
1672734244245 0.90625 6949
1672734258653 0.75 6999
1672734273127 0.75 7049
1672734287523 0.875 7099
1672734301929 0.9375 7149
1672734327027 0.78125 7199
1672734341710 0.78125 7249
1672734356352 0.875 7299
1672734371139 0.84375 7349
1672734396164 0.8125 7399
1672734410657 0.6875 7449
1672734425384 0.75 7499
1672734439833 0.84375 7549
1672734465160 0.71875 7599
1672734479813 0.90625 7649
1672734494773 0.71875 7699
1672734509424 0.71875 7749
1672734523892 0.6875 7799
1672734549056 0.75 7849
1672734563535 0.78125 7899
1672734578128 0.875 7949
1672734592637 0.75 7999
1672734618024 0.8125 8049
1672734632669 0.84375 8099
1672734647427 0.8125 8149
1672734661903 0.875 8199
1672734687083 0.75 8249
1672734701711 0.8125 8299
1672734716139 0.90625 8349
1672734730779 0.6875 8399
1672734745252 0.78125 8449
1672734770797 0.84375 8499
1672734785343 0.78125 8549
1672734799864 0.84375 8599
1672734814522 0.875 8649
1672734839708 0.8125 8699
1672734854302 0.84375 8749
1672734868814 0.71875 8799
1672734883358 0.9375 8849
1672734908656 0.8125 8899
1672734923304 0.78125 8949
1672734937784 0.75 8999
1672734952240 0.84375 9049
1672734966726 0.75 9099
1672734991753 0.9375 9149
1672735006318 0.875 9199
1672735021182 0.84375 9249
1672735035720 0.75 9299
1672735061306 0.84375 9349
1672735076000 0.875 9399
1672735090576 0.84375 9449
1672735105117 0.90625 9499
1672735130336 0.90625 9549
1672735144786 0.875 9599
1672735159395 0.71875 9649
1672735174092 0.90625 9699
1672735188471 0.875 9749
1672735213658 0.8125 9799
1672735228179 0.84375 9849
1672735242644 0.875 9899
1672735257089 0.84375 9949
1672735282607 0.84375 9999
1672735297309 0.75 10049
1672735311818 0.90625 10099
1672735326356 0.8125 10149
1672735351866 0.90625 10199
1672735366507 0.75 10249
1672735381057 0.78125 10299
1672735395734 0.8125 10349
1672735410560 0.8125 10399
1672735435717 0.875 10449
1672735450172 0.90625 10499
1672735464628 0.75 10549
1672735479163 0.75 10599
1672735504582 0.90625 10649
1672735519171 0.8125 10699
1672735533629 0.75 10749
1672735548221 0.75 10799
1672735562634 0.625 10849
1672735588091 0.78125 10899
1672735602646 0.8125 10949
1672735617201 0.78125 10999
1672735631917 0.71875 11049
1672735657190 0.84375 11099
1672735671788 0.71875 11149
1672735686242 0.8125 11199
1672735700687 0.84375 11249
1672735725902 0.8125 11299
1672735740394 0.75 11349
1672735755080 0.8125 11399
1672735769791 0.8125 11449
1672735784416 0.875 11499
1672735809632 0.84375 11549
1672735824341 0.90625 11599
1672735839037 0.8125 11649
1672735853583 0.875 11699
1672735879048 0.71875 11749
1672735893678 0.875 11799
1672735908154 0.90625 11849
1672735922783 0.78125 11899
1672735948367 0.6875 11949
1672735962827 0.78125 11999
1672735977466 0.75 12049
1672735991934 0.875 12099
1672736006399 0.78125 12149
1672736031769 0.8125 12199
1672736046283 0.84375 12249
1672736060945 0.71875 12299
1672736075633 0.65625 12349
1672736100795 0.84375 12399
1672736115421 0.9375 12449
1672736130064 0.8125 12499
1672736144584 0.78125 12549
1672736169973 0.84375 12599
1672736184481 0.84375 12649
1672736199075 0.90625 12699
1672736213570 0.875 12749
1672736228071 0.90625 12799
1672736253974 0.90625 12849
1672736269354 0.875 12899
1672736284040 0.84375 12949
1672736298602 0.75 12999
1672736324215 0.875 13049
1672736338692 0.78125 13099
1672736353119 0.75 13149
1672736367543 0.90625 13199
1672736392729 0.90625 13249
1672736407476 0.78125 13299
1672736422080 0.78125 13349
1672736436661 0.6875 13399
1672736451148 0.65625 13449
1672736476397 0.84375 13499
1672736491041 0.84375 13549
1672736505474 0.875 13599
1672736519921 0.78125 13649
1672736544950 0.78125 13699
1672736559730 0.78125 13749
1672736574218 0.84375 13799
1672736588755 0.78125 13849
1672736613914 0.90625 13899
1672736628703 0.78125 13949
1672736643187 0.71875 13999
1672736657646 0.75 14049
1672736672093 0.75 14099
1672736697333 0.875 14149
1672736712090 0.875 14199
1672736726578 0.6875 14249
1672736741091 0.75 14299
1672736766934 0.71875 14349
1672736781583 0.90625 14399
1672736796095 0.875 14449
1672736810631 0.8125 14499
1672736835904 0.6875 14549
1672736850600 0.875 14599
1672736865294 0.6875 14649
1672736879772 0.84375 14699
1672736894388 0.875 14749
1672736919555 0.8125 14799
1672736934036 0.8125 14849
1672736948470 0.71875 14899
1672736962899 0.78125 14949
1672736988125 0.875 14999
1672737002971 0.84375 15049
1672737017484 0.71875 15099
1672737032107 0.90625 15149
1672737057426 0.65625 15199
1672737072122 0.6875 15249
1672737086689 0.6875 15299
1672737101343 0.8125 15349
1672737116032 0.6875 15399
1672737141309 0.71875 15449
1672737155780 0.8125 15499
1672737170267 0.9375 15549
1672737184911 0.84375 15599
1672737210251 0.6875 15649
1672737224958 0.84375 15699
1672737239492 0.84375 15749
1672737254037 0.8125 15799
1672737279560 0.90625 15849
1672737294050 0.8125 15899
1672737308779 0.8125 15949
1672737324269 0.75 15999
1672737338716 0.71875 16049
1672737363979 0.875 16099
1672737378498 0.875 16149
1672737393000 0.875 16199
1672737407484 0.78125 16249
1672737432692 0.75 16299
1672737447110 0.78125 16349
1672737461652 0.84375 16399
1672737476063 0.8125 16449
1672737501007 0.8125 16499
1672737515745 0.875 16549
1672737530327 0.78125 16599
1672737544893 0.875 16649
1672737559553 0.6875 16699
1672737584849 0.875 16749
1672737599333 0.90625 16799
1672737613933 0.875 16849
1672737628517 0.875 16899
1672737653842 0.90625 16949
1672737668336 0.84375 16999
1672737682959 0.6875 17049
1672737697480 0.84375 17099
1672737722444 0.8125 17149
1672737737234 0.78125 17199
1672737751882 0.875 17249
1672737766385 0.8125 17299
1672737780884 0.8125 17349
1672737806180 0.8125 17399
1672737820764 0.8125 17449
1672737835476 0.78125 17499
1672737850040 0.9375 17549
1672737875466 0.96875 17599
1672737890084 0.78125 17649
1672737904529 0.90625 17699
1672737919170 0.8125 17749
1672737944379 0.90625 17799
1672737959022 0.875 17849
1672737973571 0.90625 17899
1672737988381 0.78125 17949
1672738002911 0.8125 17999
1672738028892 0.8125 18049
1672738043569 0.84375 18099
1672738058088 0.875 18149
1672738072670 0.875 18199
1672738097965 0.78125 18249
1672738112604 0.78125 18299
1672738127270 0.875 18349
1672738141897 0.8125 18399
1672738167104 0.8125 18449
1672738181611 0.84375 18499
1672738196099 0.875 18549
1672738210582 0.6875 18599
1672738225198 0.8125 18649
1672738250136 0.71875 18699
1672738264768 0.84375 18749
1672738279269 0.875 18799
1672738293891 0.84375 18849
1672738318909 0.9375 18899
1672738333535 0.84375 18949
1672738348000 0.84375 18999
1672738362429 0.625 19049
1672738387654 0.8125 19099
1672738402284 0.8125 19149
1672738416882 0.75 19199
1672738431486 0.90625 19249
1672738445960 0.75 19299
1672738471149 0.8125 19349
1672738485676 0.84375 19399
1672738500394 0.9375 19449
1672738515016 0.8125 19499
1672738540021 0.71875 19549
1672738554944 0.90625 19599
1672738569415 0.84375 19649
1672738583856 0.75 19699
1672738608977 0.78125 19749
1672738623471 0.84375 19799
1672738637926 0.875 19849
1672738652532 0.8125 19899
1672738667171 0.875 19949
1672738692771 0.84375 19999
1672738707391 0.78125 20049
1672738721870 0.9375 20099
1672738736313 0.75 20149
1672738761577 0.8125 20199
1672738776234 0.75 20249
1672738790722 0.875 20299
1672738805339 0.9375 20349
1672738830603 0.84375 20399
1672738845211 0.84375 20449
1672738859798 0.6875 20499
1672738874251 0.84375 20549
1672738888703 0.75 20599
1672738913924 0.8125 20649
1672738928415 0.65625 20699
1672738943000 0.78125 20749
1672738957608 0.75 20799
1672738982889 0.71875 20849
1672738997382 0.75 20899
1672739012028 0.78125 20949
1672739026587 0.8125 20999
1672739051706 0.90625 21049
1672739066292 0.8125 21099
1672739080891 0.78125 21149
1672739095348 0.78125 21199
1672739109800 0.84375 21249
1672739135066 0.8125 21299
1672739149488 0.84375 21349
1672739164081 0.65625 21399
1672739178498 0.75 21449
1672739203664 0.65625 21499
1672739218169 0.84375 21549
1672739232871 0.71875 21599
1672739247628 0.9375 21649
1672739261936 1.0 21699
1672739287569 0.875 21749
1672739302245 0.8125 21799
1672739316776 0.90625 21849
1672739332084 0.71875 21899
1672739357411 0.84375 21949
1672739371816 0.8125 21999
1672739386272 0.78125 22049
1672739400704 0.84375 22099
1672739426129 0.84375 22149
1672739440771 0.875 22199
1672739455266 0.9375 22249
1672739469885 0.78125 22299
1672739484414 0.75 22349
1672739509753 0.78125 22399
1672739524169 0.90625 22449
1672739538623 0.78125 22499
1672739553357 0.84375 22549
1672739578629 0.78125 22599
1672739593244 0.90625 22649
1672739607864 0.8125 22699
1672739622311 0.8125 22749
1672739647490 0.84375 22799
1672739662019 0.71875 22849
1672739676536 0.75 22899
1672739691372 0.71875 22949
1672739705924 0.875 22999
1672739731519 0.875 23049
1672739746329 0.8125 23099
1672739760825 0.8125 23149
1672739775478 0.90625 23199
1672739800679 0.84375 23249
1672739815355 0.625 23299
1672739829890 0.8125 23349
1672739844406 0.90625 23399
1672739869507 0.8125 23449
1672739884034 0.8125 23499
1672739898644 0.65625 23549
1672739913097 0.75 23599
1672739927573 0.8125 23649
1672739953469 0.875 23699
1672739968035 0.875 23749
1672739982743 0.71875 23799
1672739997263 0.84375 23849
1672740022547 0.9375 23899
1672740036958 0.875 23949
1672740051326 0.90625 23999
1672740065705 0.875 24049
1672740090693 0.875 24099
1672740105300 0.90625 24149
1672740119699 0.78125 24199
1672740134251 0.9375 24249
1672740148708 0.875 24299
1672740173791 0.875 24349
1672740188409 0.875 24399
1672740202981 0.84375 24449
1672740217410 0.78125 24499
1672740242777 0.78125 24549
1672740257282 0.9375 24599
1672740271935 0.75 24649
1672740286419 0.78125 24699
1672740311857 0.8125 24749
1672740326448 0.90625 24799
1672740341019 0.8125 24849
1672740355432 0.75 24899
1672740369820 0.90625 24949
1672740395046 0.8125 24999
1672740409632 0.96875 25049
1672740424064 0.78125 25099
1672740438670 0.6875 25149
1672740464188 0.625 25199
1672740478647 0.875 25249
1672740493259 0.84375 25299
1672740507758 0.84375 25349
1672740532837 0.875 25399
1672740547609 0.75 25449
1672740562260 0.875 25499
1672740576859 0.875 25549
1672740591443 0.875 25599
1672740616519 0.96875 25649
1672740631149 0.90625 25699
1672740645640 0.8125 25749
1672740660084 0.84375 25799
1672740685099 0.84375 25849
1672740699876 0.78125 25899
1672740714533 0.71875 25949
1672740729022 0.90625 25999
1672740754391 0.84375 26049
1672740768850 0.78125 26099
1672740783458 0.84375 26149
1672740797917 0.8125 26199
1672740812349 0.8125 26249
1672740837537 0.75 26299
1672740852192 0.90625 26349
1672740866635 0.75 26399
1672740881225 0.84375 26449
1672740906461 0.78125 26499
1672740920914 0.90625 26549
1672740935404 0.8125 26599
1672740949851 0.78125 26649
1672740975281 0.8125 26699
1672740989791 0.90625 26749
1672741004311 0.8125 26799
1672741018812 0.84375 26849
1672741033289 0.8125 26899
1672741058724 0.75 26949
1672741073166 0.84375 26999
1672741087617 0.71875 27049
1672741102031 0.90625 27099
1672741127930 0.90625 27149
1672741142423 0.84375 27199
1672741157191 0.84375 27249
1672741171732 0.75 27299
1672741196725 0.90625 27349
1672741211175 0.875 27399
1672741225636 0.8125 27449
1672741240092 0.90625 27499
1672741254831 0.71875 27549
1672741280121 0.84375 27599
1672741294578 0.8125 27649
1672741309164 0.8125 27699
1672741323601 0.71875 27749
1672741348731 0.8125 27799
1672741363195 0.8125 27849
1672741377637 0.84375 27899
1672741392253 0.71875 27949
1672741417729 0.96875 27999
1672741432202 0.78125 28049
1672741446691 0.875 28099
1672741461180 0.96875 28149
1672741475670 0.84375 28199
1672741500711 0.8125 28249
1672741515360 0.84375 28299
1672741529850 0.875 28349
1672741544491 0.875 28399
1672741569951 0.875 28449
1672741584455 0.9375 28499
1672741598921 0.8125 28549
1672741613405 0.8125 28599
1672741638605 0.9375 28649
1672741653250 0.90625 28699
1672741667740 0.78125 28749
1672741682373 0.8125 28799
1672741697018 0.8125 28849
1672741722231 0.84375 28899
1672741737120 0.875 28949
1672741751597 0.875 28999
1672741766081 0.875 29049
1672741791453 0.8125 29099
1672741805990 0.78125 29149
1672741820665 0.75 29199
1672741835455 0.71875 29249
1672741860758 0.875 29299
1672741875362 0.78125 29349
1672741889845 0.90625 29399
1672741904284 0.84375 29449
1672741918878 0.8125 29499
1672741944456 0.78125 29549
1672741959035 0.84375 29599
1672741973444 0.8125 29649
1672741987852 0.875 29699
1672742012886 0.78125 29749
1672742027410 0.75 29799
1672742041931 0.875 29849
1672742056613 0.78125 29899
1672742081623 0.84375 29949
1672742096439 0.8125 29999
1672742110973 0.9375 30049
1672742125454 0.875 30099
1672742139954 0.75 30149
1672742165317 0.625 30199
1672742179869 0.78125 30249
1672742194713 0.90625 30299
1672742209208 0.78125 30349
1672742234367 0.90625 30399
1672742249009 0.875 30449
1672742263463 0.75 30499
1672742278079 0.8125 30549
1672742303243 0.8125 30599
1672742317693 0.75 30649
1672742332116 0.9375 30699
1672742346683 0.84375 30749
1672742361233 0.84375 30799
1672742386449 0.78125 30849
1672742400907 0.78125 30899
1672742415541 0.84375 30949
1672742430066 0.875 30999
1672742455164 0.90625 31049
1672742469612 0.96875 31099
1672742484316 0.75 31149
1672742498739 0.65625 31199
1672742523953 0.96875 31249
1672742538441 0.84375 31299
1672742553306 0.8125 31349
1672742567753 0.75 31399
1672742582192 0.71875 31449
1672742607452 0.75 31499
1672742622126 0.71875 31549
1672742636649 0.8125 31599
1672742651256 0.90625 31649
1672742676346 1.0 31699
1672742690835 0.71875 31749
1672742705349 0.875 31799
1672742719875 0.78125 31849
1672742745583 0.84375 31899
1672742760140 0.71875 31949
1672742774729 0.9375 31999
1672742789171 0.84375 32049
1672742803762 0.8125 32099
1672742828963 0.75 32149
1672742843469 0.8125 32199
1672742858032 0.9375 32249
1672742872535 0.90625 32299
1672742897936 0.84375 32349
1672742912403 0.8125 32399
1672742926844 0.78125 32449
1672742941416 0.78125 32499
1672742955824 0.875 32549
