1672731952286 0.7640738487243652 216
1672732025006 0.7905588746070862 433
1672732098780 0.790547788143158 650
1672732172027 0.78994220495224 867
1672732246106 0.7939115166664124 1084
1672732319222 0.7821387648582458 1301
1672732393609 0.7757803797721863 1518
1672732467048 0.7705202102661133 1735
1672732541284 0.786798894405365 1952
1672732615151 0.7880155444145203 2169
1672732688763 0.7823590040206909 2386
1672732762333 0.792023241519928 2603
1672732836194 0.7764520049095154 2820
1672732911086 0.786628246307373 3037
1672732984710 0.7784172892570496 3254
1672733059304 0.7875035405158997 3471
1672733132661 0.7808781266212463 3688
1672733206939 0.7804914116859436 3905
1672733280298 0.7869062423706055 4122
1672733354898 0.7911698818206787 4339
1672733429025 0.7867823243141174 4556
1672733502730 0.8018497824668884 4773
1672733576239 0.7730691432952881 4990
1672733649859 0.7902988195419312 5207
1672733723663 0.7795459032058716 5424
1672733797940 0.7839306592941284 5641
1672733871511 0.7860199213027954 5858
1672733945388 0.7771924734115601 6075
1672734019380 0.7931379675865173 6292
1672734093261 0.7826975584030151 6509
1672734167397 0.7923700213432312 6726
1672734241766 0.7709387540817261 6943
1672734314999 0.7878035306930542 7160
1672734389108 0.786000669002533 7377
1672734462879 0.786435604095459 7594
1672734537340 0.7801735401153564 7811
1672734611107 0.7843930721282959 8028
1672734685228 0.7887477278709412 8245
1672734759059 0.7725791931152344 8462
1672734833167 0.783531665802002 8679
1672734906929 0.7727925777435303 8896
1672734980630 0.7670410871505737 9113
1672735055030 0.7822737097740173 9330
1672735129062 0.7811092734336853 9547
1672735202878 0.7786691784858704 9764
1672735276477 0.7929521799087524 9981
1672735350804 0.7815882563591003 10198
1672735425060 0.7731104493141174 10415
1672735498964 0.77102130651474 10632
1672735572840 0.7878393530845642 10849
1672735646875 0.7778227925300598 11066
1672735720546 0.7712497115135193 11283
1672735794648 0.7802697420120239 11500
1672735869021 0.7632108926773071 11717
1672735943024 0.774251401424408 11934
1672736016944 0.7726975083351135 12151
1672736091028 0.7725048065185547 12368
1672736165002 0.7832329869270325 12585
1672736239155 0.7765896916389465 12802
1672736314833 0.7726976275444031 13019
1672736388230 0.79304438829422 13236
1672736462380 0.7785137891769409 13453
1672736535818 0.7827443480491638 13670
1672736609690 0.7720947861671448 13887
1672736683442 0.7801045775413513 14104
1672736757644 0.7748362421989441 14321
1672736831975 0.7798926830291748 14538
1672736905945 0.7702796459197998 14755
1672736979642 0.7786692380905151 14972
1672737053838 0.7670905590057373 15189
1672737128125 0.7771567106246948 15406
1672737201986 0.7681119441986084 15623
1672737276226 0.7782027125358582 15840
1672737351074 0.7651336193084717 16057
1672737424756 0.7599202990531921 16274
1672737497956 0.7664231657981873 16491
1672737572245 0.7718786597251892 16708
1672737646164 0.7745953798294067 16925
1672737719667 0.7646023035049438 17142
1672737793767 0.7624635696411133 17359
1672737868095 0.7687669396400452 17576
1672737941918 0.7592293620109558 17793
1672738016903 0.7806387543678284 18010
1672738090846 0.7785521745681763 18227
1672738164927 0.7784971594810486 18444
1672738238411 0.7647400498390198 18661
1672738312133 0.7741673588752747 18878
1672738385766 0.7732425332069397 19095
1672738459632 0.7725902199745178 19312
1672738533477 0.759782612323761 19529
1672738607402 0.7921552658081055 19746
1672738681488 0.768728494644165 19963
1672738755291 0.778089702129364 20180
1672738829266 0.7770810723304749 20397
1672738903096 0.776972234249115 20614
1672738976998 0.7646462917327881 20831
1672739050718 0.7763391733169556 21048
1672739124350 0.7554142475128174 21265
1672739198028 0.77327561378479 21482
1672739272169 0.7579934000968933 21699
1672739347083 0.7804872989654541 21916
1672739420497 0.7746628522872925 22133
1672739494810 0.7686691880226135 22350
1672739568408 0.7713239789009094 22567
1672739642425 0.7825600504875183 22784
1672739716496 0.7704927921295166 23001
1672739790801 0.78025883436203 23218
1672739864619 0.7648170590400696 23435
1672739938798 0.7694510221481323 23652
1672740013008 0.7867823243141174 23869
1672740086226 0.7743024230003357 24086
1672740159839 0.7632837891578674 24303
1672740233656 0.7764630913734436 24520
1672740307641 0.7746105194091797 24737
1672740381318 0.771998405456543 24954
1672740455417 0.7689788341522217 25171
1672740528923 0.7679727673530579 25388
1672740603057 0.7770369052886963 25605
1672740676578 0.7705492377281189 25822
1672740750602 0.7781310677528381 26039
1672740824400 0.7693889737129211 26256
1672740898178 0.7694494724273682 26473
1672740971672 0.7752987742424011 26690
1672741045775 0.7832357287406921 26907
1672741119858 0.7831215858459473 27124
1672741193685 0.7680126428604126 27341
1672741267401 0.7684586644172668 27558
1672741341048 0.7828599214553833 27775
1672741414960 0.7732949256896973 27992
1672741488447 0.7582274675369263 28209
1672741562244 0.7730251550674438 28426
1672741636134 0.7761850953102112 28643
1672741710102 0.7718965411186218 28860
1672741784341 0.7744701504707336 29077
1672741858566 0.776520848274231 29294
1672741932623 0.7763913869857788 29511
1672742006112 0.7774925827980042 29728
1672742079777 0.7773740887641907 29945
1672742153815 0.7871910929679871 30162
1672742227875 0.7686513662338257 30379
1672742301626 0.7727553248405457 30596
1672742375333 0.7694798707962036 30813
1672742449000 0.7633362412452698 31030
1672742522588 0.7684009075164795 31247
1672742596499 0.7801321744918823 31464
1672742670254 0.7764739990234375 31681
1672742744566 0.7708259224891663 31898
1672742818413 0.757174551486969 32115
1672742892317 0.7683044672012329 32332
1672742966145 0.7716240882873535 32549
