1672731952286 0.5721731781959534 216
1672732025006 0.5909785628318787 433
1672732098780 0.590341329574585 650
1672732172027 0.6032878756523132 867
1672732246106 0.6017835736274719 1084
1672732319222 0.5890887975692749 1301
1672732393609 0.5842747092247009 1518
1672732467048 0.5805160403251648 1735
1672732541284 0.5938728451728821 1952
1672732615151 0.5971139073371887 2169
1672732688763 0.5916543006896973 2386
1672732762333 0.603583812713623 2603
1672732836194 0.5997963547706604 2820
1672732911086 0.601449191570282 3037
1672732984710 0.6063446402549744 3254
1672733059304 0.6099008917808533 3471
1672733132661 0.6077415347099304 3688
1672733206939 0.6083595156669617 3905
1672733280298 0.6222983598709106 4122
1672733354898 0.6201321482658386 4339
1672733429025 0.6238398551940918 4556
1672733502730 0.6246930360794067 4773
1672733576239 0.6217754483222961 4990
1672733649859 0.6274814605712891 5207
1672733723663 0.6182892918586731 5424
1672733797940 0.6229328513145447 5641
1672733871511 0.622606635093689 5858
1672733945388 0.6296848058700562 6075
1672734019380 0.6380746364593506 6292
1672734093261 0.6336416602134705 6509
1672734167397 0.6420024037361145 6726
1672734241766 0.630646824836731 6943
1672734314999 0.6372873783111572 7160
1672734389108 0.6263322830200195 7377
1672734462879 0.6284943222999573 7594
1672734537340 0.6348141431808472 7811
1672734611107 0.6386705636978149 8028
1672734685228 0.6374290585517883 8245
1672734759059 0.6366762518882751 8462
1672734833167 0.640769362449646 8679
1672734906929 0.6307651996612549 8896
1672734980630 0.625829815864563 9113
1672735055030 0.6354197859764099 9330
1672735129062 0.6418317556381226 9547
1672735202878 0.6326891779899597 9764
1672735276477 0.6478943228721619 9981
1672735350804 0.6398541331291199 10198
1672735425060 0.646069347858429 10415
1672735498964 0.6332686543464661 10632
1672735572840 0.6433581709861755 10849
1672735646875 0.6425530314445496 11066
1672735720546 0.6363996863365173 11283
1672735794648 0.6472253799438477 11500
1672735869021 0.6310129165649414 11717
1672735943024 0.6370699405670166 11934
1672736016944 0.6334778070449829 12151
1672736091028 0.6410403847694397 12368
1672736165002 0.6502463221549988 12585
1672736239155 0.6414492130279541 12802
1672736314833 0.6378887295722961 13019
1672736388230 0.6580690741539001 13236
1672736462380 0.6393641233444214 13453
1672736535818 0.6507583856582642 13670
1672736609690 0.6417795419692993 13887
1672736683442 0.6508559584617615 14104
1672736757644 0.6431062817573547 14321
1672736831975 0.6488329172134399 14538
1672736905945 0.6357555985450745 14755
1672736979642 0.6479246616363525 14972
1672737053838 0.6424897313117981 15189
1672737128125 0.6429012417793274 15406
1672737201986 0.6571290493011475 15623
1672737276226 0.6496517658233643 15840
1672737351074 0.638205349445343 16057
1672737424756 0.6379466652870178 16274
1672737497956 0.6428818702697754 16491
1672737572245 0.64195716381073 16708
1672737646164 0.6491302251815796 16925
1672737719667 0.6477677226066589 17142
1672737793767 0.6478763818740845 17359
1672737868095 0.6479328274726868 17576
1672737941918 0.6348307728767395 17793
1672738016903 0.6538040637969971 18010
1672738090846 0.6538425087928772 18227
1672738164927 0.6515166163444519 18444
1672738238411 0.640828549861908 18661
1672738312133 0.6568758487701416 18878
1672738385766 0.63911372423172 19095
1672738459632 0.6481378078460693 19312
1672738533477 0.6431213617324829 19529
1672738607402 0.6718579530715942 19746
1672738681488 0.6442417502403259 19963
1672738755291 0.6563336849212646 20180
1672738829266 0.6551967859268188 20397
1672738903096 0.6441769599914551 20614
1672738976998 0.6405022740364075 20831
1672739050718 0.6635961532592773 21048
1672739124350 0.6438398957252502 21265
1672739198028 0.6641151309013367 21482
1672739272169 0.640379786491394 21699
1672739347083 0.6694797277450562 21916
1672739420497 0.6544865965843201 22133
1672739494810 0.6467203497886658 22350
1672739568408 0.6527388095855713 22567
1672739642425 0.6566956043243408 22784
1672739716496 0.6502889394760132 23001
1672739790801 0.6584696173667908 23218
1672739864619 0.6490641236305237 23435
1672739938798 0.6662014722824097 23652
1672740013008 0.6655297875404358 23869
1672740086226 0.6617671251296997 24086
1672740159839 0.645020604133606 24303
1672740233656 0.6647454500198364 24520
1672740307641 0.65079265832901 24737
1672740381318 0.6541755795478821 24954
1672740455417 0.6468042731285095 25171
1672740528923 0.6552408337593079 25388
1672740603057 0.6611450910568237 25605
1672740676578 0.6479741334915161 25822
1672740750602 0.6558188796043396 26039
1672740824400 0.6546132564544678 26256
1672740898178 0.6641976833343506 26473
1672740971672 0.657349169254303 26690
1672741045775 0.669405460357666 26907
1672741119858 0.6630609035491943 27124
1672741193685 0.6456551551818848 27341
1672741267401 0.6507940888404846 27558
1672741341048 0.6541219353675842 27775
1672741414960 0.6606840491294861 27992
1672741488447 0.6475241780281067 28209
1672741562244 0.6561050415039062 28426
1672741636134 0.657734751701355 28643
1672741710102 0.6543064117431641 28860
1672741784341 0.6551967859268188 29077
1672741858566 0.657963216304779 29294
1672741932623 0.6678447127342224 29511
1672742006112 0.6649972200393677 29728
1672742079777 0.664145290851593 29945
1672742153815 0.6722806096076965 30162
1672742227875 0.652762234210968 30379
1672742301626 0.6622571349143982 30596
1672742375333 0.6556262373924255 30813
1672742449000 0.6486236453056335 31030
1672742522588 0.6587475538253784 31247
1672742596499 0.6654431223869324 31464
1672742670254 0.6604376435279846 31681
1672742744566 0.6605339050292969 31898
1672742818413 0.6455574035644531 32115
1672742892317 0.6572942137718201 32332
1672742966145 0.657914936542511 32549
