1672731952286 1.878651013314494 216
1672732025006 1.8616766230471622 433
1672732098780 1.859946307142233 650
1672732172027 1.857927210247048 867
1672732246106 1.8509980322325095 1084
1672732319222 1.8480389219141855 1301
1672732393609 1.8398825159111032 1518
1672732467048 1.83728973840253 1735
1672732541284 1.8295728731358176 1952
1672732615151 1.8210814536594628 2169
1672732688763 1.817356916209578 2386
1672732762333 1.8209702674831478 2603
1672732836194 1.8132737868790512 2820
1672732911086 1.8163753542749241 3037
1672732984710 1.8096062382308935 3254
1672733059304 1.8041992812966112 3471
1672733132661 1.8039806230298 3688
1672733206939 1.8000007431947267 3905
1672733280298 1.7946851343599144 4122
1672733354898 1.793080803296723 4339
1672733429025 1.794042320020803 4556
1672733502730 1.79034069618249 4773
1672733576239 1.7939145718419889 4990
1672733649859 1.7875306307855205 5207
1672733723663 1.7909975207817208 5424
1672733797940 1.7821750754647505 5641
1672733871511 1.7832299528577253 5858
1672733945388 1.7851641467237063 6075
1672734019380 1.781025340545257 6292
1672734093261 1.775947854460225 6509
1672734167397 1.7776630342675026 6726
1672734241766 1.7753074204772763 6943
1672734314999 1.7753326634170272 7160
1672734389108 1.776258123499374 7377
1672734462879 1.7703551819060646 7594
1672734537340 1.7665822145431358 7811
1672734611107 1.770781721929269 8028
1672734685228 1.7675046947699014 8245
1672734759059 1.7632206670882984 8462
1672734833167 1.7647735195353074 8679
1672734906929 1.7634846329645075 8896
1672734980630 1.7605681031092324 9113
1672735055030 1.7583066932277085 9330
1672735129062 1.7588493355236785 9547
1672735202878 1.7619124041552483 9764
1672735276477 1.7535552730247794 9981
1672735350804 1.755974836692862 10198
1672735425060 1.755301578277922 10415
1672735498964 1.7534231232736024 10632
1672735572840 1.7485330928094394 10849
1672735646875 1.7464864586021551 11066
1672735720546 1.751906642496926 11283
1672735794648 1.7486512789999773 11500
1672735869021 1.7456316528817906 11717
1672735943024 1.7451625361914278 11934
1672736016944 1.7465807722473867 12151
1672736091028 1.7486086972534087 12368
1672736165002 1.7425144058947533 12585
1672736239155 1.7412697512716884 12802
1672736314833 1.7415674862908532 13019
1672736388230 1.7382074386986575 13236
1672736462380 1.7422315997503504 13453
1672736535818 1.7373611783473655 13670
1672736609690 1.7389968819198107 13887
1672736683442 1.7394202096174607 14104
1672736757644 1.7346077035837932 14321
1672736831975 1.737070037080368 14538
1672736905945 1.730817390527724 14755
1672736979642 1.7320546476042102 14972
1672737053838 1.73371408843965 15189
1672737128125 1.7353818461639294 15406
1672737201986 1.7313029532900714 15623
1672737276226 1.7335002776139226 15840
1672737351074 1.7322772306646967 16057
1672737424756 1.730692242245168 16274
1672737497956 1.7271551991606178 16491
1672737572245 1.7269983261450483 16708
1672737646164 1.7243115084721001 16925
1672737719667 1.7255014592663205 17142
1672737793767 1.7299827693746397 17359
1672737868095 1.7284079375694774 17576
1672737941918 1.7308820236792368 17793
1672738016903 1.7288476388751863 18010
1672738090846 1.7243299819764557 18227
1672738164927 1.7245803788285787 18444
1672738238411 1.7267447924004975 18661
1672738312133 1.7254490949206858 18878
1672738385766 1.7245411278645983 19095
1672738459632 1.7202896480004741 19312
1672738533477 1.722312617862733 19529
1672738607402 1.7192545332988887 19746
1672738681488 1.7226227688959928 19963
1672738755291 1.7260766658981597 20180
1672738829266 1.7209337513206435 20397
1672738903096 1.7251027986517116 20614
1672738976998 1.7184332676323957 20831
1672739050718 1.7142200017896294 21048
1672739124350 1.7243443883205287 21265
1672739198028 1.7139478342632415 21482
1672739272169 1.7165755032171617 21699
1672739347083 1.7186351600028607 21916
1672739420497 1.716633583269972 22133
1672739494810 1.7133309299297823 22350
1672739568408 1.7175955375588847 22567
1672739642425 1.7196276613468156 22784
1672739716496 1.7168454777035222 23001
1672739790801 1.7199190411196816 23218
1672739864619 1.7131396545898423 23435
1672739938798 1.7128784090983222 23652
1672740013008 1.7139467090449951 23869
1672740086226 1.7156566066126795 24086
1672740159839 1.714597245969674 24303
1672740233656 1.713675035006616 24520
1672740307641 1.713387667008953 24737
1672740381318 1.7099363235668892 24954
1672740455417 1.7130400185468784 25171
1672740528923 1.7113003037165042 25388
1672740603057 1.7126402559144411 25605
1672740676578 1.7138045351720403 25822
1672740750602 1.7081118257709538 26039
1672740824400 1.7120114957042545 26256
1672740898178 1.7056381475068059 26473
1672740971672 1.7070987550480294 26690
1672741045775 1.7093635779625067 26907
1672741119858 1.706709071009272 27124
1672741193685 1.7051850141186096 27341
1672741267401 1.7038228678195944 27558
1672741341048 1.7068750327032263 27775
1672741414960 1.7033569685292904 27992
1672741488447 1.7085385681651664 28209
1672741562244 1.7047568279167216 28426
1672741636134 1.7034959360884683 28643
1672741710102 1.7027444496695516 28860
1672741784341 1.7007503503305288 29077
1672741858566 1.7039740448196525 29294
1672741932623 1.700916901075141 29511
1672742006112 1.705429566993617 29728
1672742079777 1.7023374299823393 29945
1672742153815 1.7001890094435261 30162
1672742227875 1.7001129209469121 30379
1672742301626 1.6996645785043238 30596
1672742375333 1.696482421014474 30813
1672742449000 1.6994752688141495 31030
1672742522588 1.6990145416988747 31247
1672742596499 1.6990215423374522 31464
1672742670254 1.7017969142779357 31681
1672742744566 1.70046414729956 31898
1672742818413 1.6979600160517816 32115
1672742892317 1.6960275215639613 32332
1672742966145 1.6986472543566988 32549
