1672731893541 1.9101038895473006 49
1672731908029 1.9147969780128953 99
1672731922964 1.6998650126115793 149
1672731937607 1.5027850942516379 199
1672731962532 1.6218634998516672 249
1672731976857 1.5302590980839041 299
1672731991179 2.357519941579679 349
1672732005523 1.7117292982294796 399
1672732030329 1.718875614277323 449
1672732044754 1.7901521922300208 499
1672732059343 1.6645202355978008 549
1672732073955 1.6251116275291313 599
1672732088557 1.9077715600601575 649
1672732113588 1.6225247680307688 699
1672732127992 1.7485139569945973 749
1672732142497 1.9732189168732786 799
1672732156890 1.5999381199652887 849
1672732182196 2.0113114064165454 899
1672732196688 1.9882005627969324 949
1672732211405 1.685742178965809 999
1672732226035 2.1089205566251366 1049
1672732251119 1.994265316255543 1099
1672732265543 1.3431553437258574 1149
1672732280016 2.0966078910578005 1199
1672732294454 1.7624874014966057 1249
1672732308871 1.4689520245963474 1299
1672732333770 1.4534212886382234 1349
1672732348469 2.1368245346243073 1399
1672732362909 2.292338632140035 1449
1672732377478 2.0101362746687297 1499
1672732403288 1.7164410947824114 1549
1672732417697 2.2233940454433894 1599
1672732432088 1.9631300069263293 1649
1672732446487 1.7328430537899957 1699
1672732471785 2.0235557668784283 1749
1672732486425 2.0516634709132067 1799
1672732500908 1.3472950380593691 1849
1672732515528 2.268881319065146 1899
1672732530122 1.9665337203242457 1949
1672732555560 1.8981422869894164 1999
1672732570002 1.5133459886528045 2049
1672732584625 1.6306093539767863 2099
1672732599054 1.8522333409642153 2149
1672732624621 1.6798666201271 2199
1672732639040 2.1581162193122623 2249
1672732653713 1.7834761568156707 2299
1672732668089 1.8051601582273382 2349
1672732693225 2.180290943022406 2399
1672732707685 2.212326671963804 2449
1672732722274 1.883032693280943 2499
1672732736708 1.4809130247363904 2549
1672732751138 1.7130453435154847 2599
1672732776707 1.475777965357762 2649
1672732791212 1.5689463419422076 2699
1672732805643 1.5401241082778232 2749
1672732820218 2.081535415498821 2799
1672732845482 1.9147042897742854 2849
1672732860028 1.997750821563168 2899
1672732874540 1.621957177919128 2949
1672732889212 2.3253573500014113 2999
1672732915273 2.2017915751840382 3049
1672732930023 1.9433721141413194 3099
1672732944435 1.6679449099860357 3149
1672732958842 1.9697119317179506 3199
1672732973271 1.4373109813130225 3249
1672732998635 1.5187941490488381 3299
1672733013336 2.257641549039355 3349
1672733027870 1.598958058261121 3399
1672733042785 1.633810996620694 3449
1672733068065 1.5668379612444523 3499
1672733082530 1.8039739779990207 3549
1672733097075 2.00837349675514 3599
1672733111550 1.6990229165858417 3649
1672733136541 1.360713277216142 3699
1672733151151 1.9948260293810045 3749
1672733165932 2.0155659861620574 3799
1672733180425 1.522478243899296 3849
1672733194913 1.9151782111193791 3899
1672733220385 2.0762175557791176 3949
1672733234870 1.6632995645489332 3999
1672733249279 1.8961816054306646 4049
1672733263772 2.1527676548590504 4099
1672733289095 1.849705281088227 4149
1672733303654 1.8736686812636627 4199
1672733318465 2.0765635484896277 4249
1672733332970 1.960288790021597 4299
1672733358660 1.7577130237747267 4349
1672733373194 1.8290642185329542 4399
1672733387755 2.125385040876081 4449
1672733402378 1.8159287214715671 4499
1672733416947 2.159584204419974 4549
1672733442260 1.4948285422353864 4599
1672733456883 1.9462620219093343 4649
1672733471365 2.3222010522069185 4699
1672733485811 1.5247338835591477 4749
1672733510949 1.690200010144447 4799
1672733525532 1.6121614847611183 4849
1672733539971 2.056655499811936 4899
1672733554539 2.2816899277321694 4949
1672733579541 1.8731712098745221 4999
1672733594172 1.4583315387877394 5049
1672733608609 1.7141983998910217 5099
1672733623065 2.032705490232402 5149
1672733637491 2.0146913878835795 5199
1672733662817 1.682556381297598 5249
1672733677441 1.8068241358311365 5299
1672733691872 2.221577290465176 5349
1672733706417 1.7880594480728915 5399
1672733731699 1.7132812515973208 5449
1672733746409 1.5398377759084696 5499
1672733760977 1.450001584892657 5549
1672733775487 1.9160837142067633 5599
1672733800972 1.8138856990044228 5649
1672733815442 1.6167866274017335 5699
1672733829864 1.7964621470177438 5749
1672733844596 1.7876691302043928 5799
1672733859017 1.741725283230815 5849
1672733884168 1.7568482847700295 5899
1672733898710 1.4993991026089244 5949
1672733913307 2.2718272478700583 5999
1672733927827 1.8649401046052914 6049
1672733953249 1.6624547623819277 6099
1672733967730 1.860305580574133 6149
1672733982420 1.3870775602358052 6199
1672733997097 1.5839732821898527 6249
1672734022121 2.070926808587973 6299
1672734036636 1.6740243009281532 6349
1672734051133 2.1706261538789953 6399
1672734065653 1.75999553020353 6449
1672734080253 2.0153876863652638 6499
1672734105612 2.122443714844269 6549
1672734120427 1.609266934646899 6599
1672734134938 1.4957736282006828 6649
1672734149442 2.034318234387185 6699
1672734174810 1.741426853372658 6749
1672734189390 1.89920819477594 6799
1672734203947 1.7366138778441236 6849
1672734218633 1.9927173521366908 6899
1672734244245 1.6497302398834153 6949
1672734258653 1.7322300085583946 6999
1672734273127 2.248413168228437 7049
1672734287523 1.363918071539572 7099
1672734301929 1.344420654908325 7149
1672734327027 1.6478154527011593 7199
1672734341710 2.004314698960852 7249
1672734356352 1.7093639150927573 7299
1672734371139 1.7912995050653997 7349
1672734396164 1.9547431751906736 7399
1672734410657 2.3065724203112716 7449
1672734425384 1.7534072086193428 7499
1672734439833 1.7123589412478695 7549
1672734465160 1.8364093186905524 7599
1672734479813 1.6449794150941732 7649
1672734494773 1.9275080954050827 7699
1672734509424 1.6941394813217547 7749
1672734523892 1.8269541694430331 7799
1672734549056 1.6204515588121184 7849
1672734563535 1.917172736026476 7899
1672734578128 1.56042347275018 7949
1672734592637 1.7005859614710117 7999
1672734618024 1.6318876134820952 8049
1672734632669 1.352427475979157 8099
1672734647427 2.0725064466929437 8149
1672734661903 1.5336308792632245 8199
1672734687083 1.852557418718591 8249
1672734701711 1.7278980107586634 8299
1672734716139 1.6224718878865776 8349
1672734730779 1.985454911939774 8399
1672734745252 1.8893526596963528 8449
1672734770797 1.3415181619032843 8499
1672734785343 1.5132241909867874 8549
1672734799864 1.5876833577157838 8599
1672734814522 1.9887393603661305 8649
1672734839708 1.6663685270113333 8699
1672734854302 1.3017192148179375 8749
1672734868814 1.784482528492702 8799
1672734883358 1.5184737714532748 8849
1672734908656 1.831478039996492 8899
1672734923304 1.970124456865123 8949
1672734937784 1.6691277560293787 8999
1672734952240 2.1215969409856377 9049
1672734966726 1.8214209512470387 9099
1672734991753 1.9186536612621081 9149
1672735006318 1.822798372600134 9199
1672735021182 1.8669348681626763 9249
1672735035720 1.3353342301142663 9299
1672735061306 2.0093235288717493 9349
1672735076000 1.770474000042079 9399
1672735090576 1.577183357624354 9449
1672735105117 1.6328067317728197 9499
1672735130336 1.7697325018028713 9549
1672735144786 2.0589458863532637 9599
1672735159395 2.106385150342292 9649
1672735174092 1.3670487232323234 9699
1672735188471 1.366320651401491 9749
1672735213658 1.6430084650683447 9799
1672735228179 1.8901994280449526 9849
1672735242644 1.78622168266834 9899
1672735257089 1.4789225234019872 9949
1672735282607 1.7924741059843832 9999
1672735297309 2.028907305569473 10049
1672735311818 1.7051636053833963 10099
1672735326356 1.793950942327411 10149
1672735351866 1.7795554453932811 10199
1672735366507 1.8627329337831249 10249
1672735381057 1.5907421706525926 10299
1672735395734 1.6339069331769736 10349
1672735410560 1.5068864475561627 10399
1672735435717 2.0398078965241297 10449
1672735450172 1.8041595012360014 10499
1672735464628 1.6707622254509553 10549
1672735479163 1.8523052109673077 10599
1672735504582 1.402647114994477 10649
1672735519171 1.732101097526449 10699
1672735533629 2.113786731277955 10749
1672735548221 2.073355882564598 10799
1672735562634 2.221565241384914 10849
1672735588091 1.808448932142714 10899
1672735602646 1.7332131204604748 10949
1672735617201 1.557430579591914 10999
1672735631917 1.8199540766025768 11049
1672735657190 2.073090282660088 11099
1672735671788 1.552755400430065 11149
1672735686242 1.9059329180357722 11199
1672735700687 2.09676888752419 11249
1672735725902 1.9485898404768416 11299
1672735740394 1.8812664967107544 11349
1672735755080 1.9780645946404862 11399
1672735769791 1.693671016249647 11449
1672735784416 1.7242546941052852 11499
1672735809632 1.6802385513310951 11549
1672735824341 1.5941808916788465 11599
1672735839037 1.3266195704410588 11649
1672735853583 1.9562086989380232 11699
1672735879048 1.2861459073771253 11749
1672735893678 1.383845606885952 11799
1672735908154 1.687683779072943 11849
1672735922783 1.6958525487013754 11899
1672735948367 2.2972016382557507 11949
1672735962827 1.7798068817795387 11999
1672735977466 1.8898237527025203 12049
1672735991934 2.090945222644823 12099
1672736006399 2.0829051868980004 12149
1672736031769 1.9206101724112936 12199
1672736046283 1.9190554404345692 12249
1672736060945 1.7958217666707443 12299
1672736075633 2.022984390573343 12349
1672736100795 1.882391457007098 12399
1672736115421 1.4970010569906917 12449
1672736130064 1.574900090226571 12499
1672736144584 1.363100722084264 12549
1672736169973 1.494824917225289 12599
1672736184481 1.7347602423048016 12649
1672736199075 1.5720219061366372 12699
1672736213570 2.175792832698811 12749
1672736228071 1.9046609558928131 12799
1672736253974 1.503388687480546 12849
1672736269354 1.784134852017162 12899
1672736284040 1.7622202351250595 12949
1672736298602 1.6558461156772175 12999
1672736324215 1.8211830637602622 13049
1672736338692 2.0711136098285947 13099
1672736353119 2.2850767500769114 13149
1672736367543 1.4863377255926795 13199
1672736392729 1.4416665730693827 13249
1672736407476 1.5048557284639605 13299
1672736422080 1.5652025198501225 13349
1672736436661 1.7838815220631852 13399
1672736451148 1.6230494858191604 13449
1672736476397 2.282115403916876 13499
1672736491041 1.5684548009981742 13549
1672736505474 1.6973861649147501 13599
1672736519921 1.7633524002973144 13649
1672736544950 1.7646099257589742 13699
1672736559730 1.7018922419137485 13749
1672736574218 1.6093362469890131 13799
1672736588755 2.1719407111220264 13849
1672736613914 1.2522563839898408 13899
1672736628703 1.4723837106372049 13949
1672736643187 1.9911545329433982 13999
1672736657646 1.8296675667593743 14049
1672736672093 1.6550644266047223 14099
1672736697333 1.5705468455207134 14149
1672736712090 1.4694629154755436 14199
1672736726578 1.9587336555526433 14249
1672736741091 1.7034813883367816 14299
1672736766934 1.6406842851370216 14349
1672736781583 1.8812385070580329 14399
1672736796095 1.701999593148521 14449
1672736810631 1.6774319924538608 14499
1672736835904 1.942996533178674 14549
1672736850600 2.1453712521957398 14599
1672736865294 2.0910405562031062 14649
1672736879772 1.6829550317912112 14699
1672736894388 1.5208003753134618 14749
1672736919555 1.8639524420448685 14799
1672736934036 2.023533890870862 14849
1672736948470 1.9310213995372416 14899
1672736962899 1.3671003388874912 14949
1672736988125 1.984497530601515 14999
1672737002971 1.5262835611872239 15049
1672737017484 1.3833341388448082 15099
1672737032107 1.741682543139881 15149
1672737057426 2.1210142327545234 15199
1672737072122 1.6268027943052281 15249
1672737086689 1.587164652463372 15299
1672737101343 2.0654086361345936 15349
1672737116032 1.8411320182907929 15399
1672737141309 2.0497302070984835 15449
1672737155780 1.6289813840768224 15499
1672737170267 1.620847855217307 15549
1672737184911 1.8582119959536758 15599
1672737210251 2.321478806353082 15649
1672737224958 1.9851088479508945 15699
1672737239492 1.6964210095158154 15749
1672737254037 1.871651711876011 15799
1672737279560 1.252171301732083 15849
1672737294050 1.6571284796760204 15899
1672737308779 1.5392422099937901 15949
1672737324269 1.7317879034078454 15999
1672737338716 1.7510473479692727 16049
1672737363979 2.1244418324738543 16099
1672737378498 1.3796752965465529 16149
1672737393000 1.5935820515685415 16199
1672737407484 1.6507348333015632 16249
1672737432692 1.6007061132263307 16299
1672737447110 1.7681893117037701 16349
1672737461652 1.9207168075137915 16399
1672737476063 2.2698395418060997 16449
1672737501007 1.7658884796677112 16499
1672737515745 1.5771688220795501 16549
1672737530327 1.9223773797448702 16599
1672737544893 1.4935072892332817 16649
1672737559553 1.878290153406254 16699
1672737584849 1.829729829508478 16749
1672737599333 1.4135271759420787 16799
1672737613933 1.724328170644176 16849
1672737628517 1.7708652193067225 16899
1672737653842 1.3352183689502755 16949
1672737668336 1.6862279010788346 16999
1672737682959 2.196708405826115 17049
1672737697480 1.5827316375780152 17099
1672737722444 1.8393503776603943 17149
1672737737234 1.7769493773480702 17199
1672737751882 1.4356488739859432 17249
1672737766385 1.6143826709870717 17299
1672737780884 2.099994349184262 17349
1672737806180 1.6131626745766123 17399
1672737820764 2.1464291131103157 17449
1672737835476 1.5331964577908506 17499
1672737850040 1.654379714926836 17549
1672737875466 1.8486344999069244 17599
1672737890084 1.6707945813144043 17649
1672737904529 1.5400276273844542 17699
1672737919170 2.0814295500785405 17749
1672737944379 1.8186532798383532 17799
1672737959022 1.827700609914194 17849
1672737973571 1.7641671539517962 17899
1672737988381 1.60790339136741 17949
1672738002911 1.6579131968877299 17999
1672738028892 1.6519500883998106 18049
1672738043569 1.402589300488343 18099
1672738058088 2.064411666884018 18149
1672738072670 2.10770253583905 18199
1672738097965 1.7595092229708846 18249
1672738112604 2.056120282086454 18299
1672738127270 1.4609429375701355 18349
1672738141897 1.8075962602000815 18399
1672738167104 2.03379579886587 18449
1672738181611 1.5822359927189116 18499
1672738196099 1.2921044984105832 18549
1672738210582 2.0165803180539936 18599
1672738225198 2.038431064237342 18649
1672738250136 1.9936544235411797 18699
1672738264768 1.3256191939009112 18749
1672738279269 1.5360953068924847 18799
1672738293891 2.175720111397001 18849
1672738318909 1.8201324013694018 18899
1672738333535 1.5416360010839647 18949
1672738348000 2.2176671224244537 18999
1672738362429 2.0083055674391455 19049
1672738387654 1.5225857908190892 19099
1672738402284 2.008674487417948 19149
1672738416882 1.546781681711247 19199
1672738431486 2.4838921274655097 19249
1672738445960 1.7637732804124502 19299
1672738471149 2.052378263812161 19349
1672738485676 1.7613938900800483 19399
1672738500394 1.1695913185210751 19449
1672738515016 1.5683610143611906 19499
1672738540021 2.1350382912170622 19549
1672738554944 1.5459408131852723 19599
1672738569415 1.5852004695558586 19649
1672738583856 1.6738023110852556 19699
1672738608977 2.244965448222378 19749
1672738623471 1.778200320884575 19799
1672738637926 1.6924992801017278 19849
1672738652532 1.7201284601722504 19899
1672738667171 1.554022546347882 19949
1672738692771 1.6041740357515546 19999
1672738707391 1.7512357300487547 20049
1672738721870 1.6140521234463425 20099
1672738736313 1.5721528969687264 20149
1672738761577 1.7411684559625864 20199
1672738776234 1.8823106477629508 20249
1672738790722 1.747801372989988 20299
1672738805339 1.3663843892794332 20349
1672738830603 1.4854047401651251 20399
1672738845211 1.6931475375396468 20449
1672738859798 1.8353723870699499 20499
1672738874251 1.7618645895761982 20549
1672738888703 2.0028455386721107 20599
1672738913924 2.01587676252559 20649
1672738928415 2.027692771683287 20699
1672738943000 1.3959788248397507 20749
1672738957608 1.697969158129101 20799
1672738982889 1.70179314403019 20849
1672738997382 1.7126570837523827 20899
1672739012028 1.911711272515563 20949
1672739026587 1.9543482241068788 20999
1672739051706 1.8952966347825693 21049
1672739066292 1.9346606770147396 21099
1672739080891 1.6503635921461974 21149
1672739095348 1.9058534786539785 21199
1672739109800 1.5764354619595096 21249
1672739135066 1.7694377069765075 21299
1672739149488 1.4313049373997313 21349
1672739164081 1.8675918979771027 21399
1672739178498 1.8970652741250278 21449
1672739203664 1.7136810073687139 21499
1672739218169 1.5714326959745835 21549
1672739232871 1.7942244116335107 21599
1672739247628 1.324132873613682 21649
1672739261936 0.64827235648327 21699
1672739287569 1.5039806649384406 21749
1672739302245 1.6982691784839246 21799
1672739316776 1.742811279567115 21849
1672739332084 1.8407318615057537 21899
1672739357411 1.8063445763552335 21949
1672739371816 1.6015788600766343 21999
1672739386272 1.7301905477262103 22049
1672739400704 1.71108627168393 22099
1672739426129 1.5897175022825998 22149
1672739440771 1.4514761791225634 22199
1672739455266 1.1161001465268767 22249
1672739469885 1.8586859160263973 22299
1672739484414 1.7440150115764057 22349
1672739509753 2.16226814013148 22399
1672739524169 1.6963854735600474 22449
1672739538623 1.249720812344578 22499
1672739553357 1.484435150400919 22549
1672739578629 1.952028550600133 22599
1672739593244 1.7869618657336794 22649
1672739607864 1.708878239360479 22699
1672739622311 1.6865245375660067 22749
1672739647490 1.4243560863374778 22799
1672739662019 1.8173095257203138 22849
1672739676536 1.3651406535743014 22899
1672739691372 1.6480892923288786 22949
1672739705924 1.5225038987485644 22999
1672739731519 1.9305384286826943 23049
1672739746329 1.7554359686082015 23099
1672739760825 1.7033463872573413 23149
1672739775478 1.5638236235602339 23199
1672739800679 1.9625484395946629 23249
1672739815355 1.891454144914666 23299
1672739829890 1.748059020540477 23349
1672739844406 1.6939292430822157 23399
1672739869507 1.3937833188517774 23449
1672739884034 1.48935745440017 23499
1672739898644 1.9963697921645935 23549
1672739913097 1.6858251904242603 23599
1672739927573 1.75113642411494 23649
1672739953469 1.836471381966395 23699
1672739968035 1.9277663351626815 23749
1672739982743 1.744396063503122 23799
1672739997263 1.6228383510364024 23849
1672740022547 1.4445163647747474 23899
1672740036958 1.7714596596287315 23949
1672740051326 1.8667703374664955 23999
1672740065705 1.809851876681441 24049
1672740090693 2.3722734409424175 24099
1672740105300 1.8072393930620376 24149
1672740119699 1.6420751642283669 24199
1672740134251 1.2034592155946369 24249
1672740148708 1.2588799119654812 24299
1672740173791 1.4967183697949276 24349
1672740188409 1.644401839845791 24399
1672740202981 1.469082058079826 24449
1672740217410 1.6907562061669472 24499
1672740242777 1.9397337600036542 24549
1672740257282 1.4849049266188297 24599
1672740271935 1.8152454294064415 24649
1672740286419 1.5423439139776423 24699
1672740311857 1.5460626890357356 24749
1672740326448 1.476122718024046 24799
1672740341019 1.9475723875659827 24849
1672740355432 2.0902907985172345 24899
1672740369820 1.7322969802391164 24949
1672740395046 1.7799458860456796 24999
1672740409632 1.5307842560641496 25049
1672740424064 1.967277502432178 25099
1672740438670 1.815821862221384 25149
1672740464188 1.9668979401672382 25199
1672740478647 1.481864027223676 25249
1672740493259 1.484672313945297 25299
1672740507758 1.7933807410996487 25349
1672740532837 1.7793174327117298 25399
1672740547609 1.858754826657905 25449
1672740562260 1.4261758147359047 25499
1672740576859 1.7947032828350231 25549
1672740591443 1.781598319609631 25599
1672740616519 1.5547255931788935 25649
1672740631149 1.23942154078878 25699
1672740645640 1.9403495110164393 25749
1672740660084 1.4910633211389763 25799
1672740685099 1.4782723942158371 25849
1672740699876 1.5729514646596316 25899
1672740714533 2.0654779445654423 25949
1672740729022 1.451068564551214 25999
1672740754391 1.6265653806379319 26049
1672740768850 1.6031862218270672 26099
1672740783458 1.561385885126552 26149
1672740797917 1.4958898283879343 26199
1672740812349 1.6360087955095794 26249
1672740837537 1.8513522371638218 26299
1672740852192 1.8793753417050127 26349
1672740866635 1.9237122270205091 26399
1672740881225 1.546810358373876 26449
1672740906461 1.6204727790341176 26499
1672740920914 1.2395146429483392 26549
1672740935404 1.8361116809291884 26599
1672740949851 1.7508087409230384 26649
1672740975281 1.8537114779375383 26699
1672740989791 1.5979674946895512 26749
1672741004311 1.7112678571803865 26799
1672741018812 1.80618686038008 26849
1672741033289 1.8580797698277292 26899
1672741058724 1.738264443988816 26949
1672741073166 1.8146425735773146 26999
1672741087617 1.9176796930291469 27049
1672741102031 1.8104703773580468 27099
1672741127930 1.8720673356339086 27149
1672741142423 1.6246068491205026 27199
1672741157191 1.265445059077782 27249
1672741171732 2.018570931393131 27299
1672741196725 1.8053124472407476 27349
1672741211175 1.5997019136274733 27399
1672741225636 1.9548532132388012 27449
1672741240092 1.6766134232703678 27499
1672741254831 1.8226720738507745 27549
1672741280121 1.5826881456025792 27599
1672741294578 1.2550303362413342 27649
1672741309164 1.6732263543011008 27699
1672741323601 2.000610491957096 27749
1672741348731 1.7253610338903362 27799
1672741363195 1.501265983383065 27849
1672741377637 2.265407582601983 27899
1672741392253 1.5330923075700524 27949
1672741417729 1.4062813356467487 27999
1672741432202 1.769816093580677 28049
1672741446691 1.9224495264607369 28099
1672741461180 1.9719535154476404 28149
1672741475670 1.8325964540172182 28199
1672741500711 1.4506165017854438 28249
1672741515360 1.6017655157853907 28299
1672741529850 1.4025149774436598 28349
1672741544491 1.60459412852771 28399
1672741569951 1.596801975143261 28449
1672741584455 1.3601806101785179 28499
1672741598921 1.5114475165470966 28549
1672741613405 1.4506020163894713 28599
1672741638605 2.3870670575105235 28649
1672741653250 1.872004148130039 28699
1672741667740 1.7413095072595588 28749
1672741682373 1.4564707098598864 28799
1672741697018 1.6009845455743021 28849
1672741722231 1.5893535707404178 28899
1672741737120 1.5071753813328912 28949
1672741751597 1.471803169962471 28999
1672741766081 1.8219607430643485 29049
1672741791453 1.462863528422748 29099
1672741805990 1.723330073599231 29149
1672741820665 1.791499806092452 29199
1672741835455 1.7464349058794157 29249
1672741860758 1.3661177941265512 29299
1672741875362 1.6583463051201566 29349
1672741889845 1.2547948607285373 29399
1672741904284 1.5056185730667828 29449
1672741918878 1.378245322371014 29499
1672741944456 1.8594487233182222 29549
1672741959035 1.6226696648362031 29599
1672741973444 2.202742881677663 29649
1672741987852 1.9281773405901823 29699
1672742012886 1.6920432684109017 29749
1672742027410 1.9469295462453735 29799
1672742041931 1.6864434556570822 29849
1672742056613 1.7298261948687004 29899
1672742081623 1.285134410862671 29949
1672742096439 1.4283193551924094 29999
1672742110973 1.2102262875640921 30049
1672742125454 1.7184792645630167 30099
1672742139954 2.02773591795268 30149
1672742165317 2.464433013890623 30199
1672742179869 1.6423473601720109 30249
1672742194713 1.7060495169742405 30299
1672742209208 1.77632196698711 30349
1672742234367 1.8156498665199985 30399
1672742249009 1.1761128751635739 30449
1672742263463 1.8721754502620063 30499
1672742278079 1.922297356747039 30549
1672742303243 1.197095190121107 30599
1672742317693 1.9319973872796994 30649
1672742332116 2.011794165799346 30699
1672742346683 2.013516040991503 30749
1672742361233 1.4868093818294699 30799
1672742386449 1.5022372558747645 30849
1672742400907 1.8327404769583642 30899
1672742415541 1.530923150563777 30949
1672742430066 1.5231180866473852 30999
1672742455164 1.5479736559803707 31049
1672742469612 1.8795157907830662 31099
1672742484316 1.6747594734959204 31149
1672742498739 1.7784722856478197 31199
1672742523953 1.105746101849898 31249
1672742538441 1.6725908684208803 31299
1672742553306 1.4766690969864724 31349
1672742567753 1.9238939728899238 31399
1672742582192 1.566992775817988 31449
1672742607452 1.5910896759766966 31499
1672742622126 2.0929538460237715 31549
1672742636649 2.0153073297467383 31599
1672742651256 1.3818811217385103 31649
1672742676346 1.6124330720666682 31699
1672742690835 1.7966400807524403 31749
1672742705349 1.2326556231293782 31799
1672742719875 2.321691206590345 31849
1672742745583 1.686589331889821 31899
1672742760140 1.747356687450218 31949
1672742774729 1.443176644611269 31999
1672742789171 1.7826929291605866 32049
1672742803762 2.1231523894575908 32099
1672742828963 2.0551778591579657 32149
1672742843469 1.8808038025613267 32199
1672742858032 1.589144095659428 32249
1672742872535 1.3612988561616484 32299
1672742897936 1.4713636986389154 32349
1672742912403 2.0135814159558323 32399
1672742926844 1.8490318743235052 32449
1672742941416 1.6497625635286242 32499
1672742955824 1.377449387508576 32549
