1672731952286 0.7687861323356628 216
1672732025006 0.780202329158783 433
1672732098780 0.7804913520812988 650
1672732172027 0.7803468108177185 867
1672732246106 0.7799133062362671 1084
1672732319222 0.7804913520812988 1301
1672732393609 0.7800577878952026 1518
1672732467048 0.7797687649726868 1735
1672732541284 0.7800577878952026 1952
1672732615151 0.7799133062362671 2169
1672732688763 0.7819364070892334 2386
1672732762333 0.7833815217018127 2603
1672732836194 0.78410404920578 2820
1672732911086 0.7877167463302612 3037
1672732984710 0.7861271500587463 3254
1672733059304 0.793208122253418 3471
1672733132661 0.7939306497573853 3688
1672733206939 0.7956647276878357 3905
1672733280298 0.7979768514633179 4122
1672733354898 0.8004335165023804 4339
1672733429025 0.8027456402778625 4556
1672733502730 0.8017340898513794 4773
1672733576239 0.801300585269928 4990
1672733649859 0.8036127090454102 5207
1672733723663 0.8020231127738953 5424
1672733797940 0.8031792044639587 5641
1672733871511 0.8024566769599915 5858
1672733945388 0.8072254061698914 6075
1672734019380 0.808092474937439 6292
1672734093261 0.8076589703559875 6509
1672734167397 0.810693621635437 6726
1672734241766 0.8098266124725342 6943
1672734314999 0.8088150024414062 7160
1672734389108 0.8066474199295044 7377
1672734462879 0.8057803511619568 7594
1672734537340 0.8131502866744995 7811
1672734611107 0.8117052316665649 8028
1672734685228 0.8105491399765015 8245
1672734759059 0.8132947683334351 8462
1672734833167 0.8131502866744995 8679
1672734906929 0.8070809245109558 8896
1672734980630 0.8154624104499817 9113
1672735055030 0.813005805015564 9330
1672735129062 0.8117052316665649 9547
1672735202878 0.81011563539505 9764
1672735276477 0.8117052316665649 9981
1672735350804 0.8127167820930481 10198
1672735425060 0.8195086717605591 10415
1672735498964 0.8104045987129211 10632
1672735572840 0.8163294792175293 10849
1672735646875 0.8140173554420471 11066
1672735720546 0.8144508600234985 11283
1672735794648 0.8145954012870789 11500
1672735869021 0.8154624104499817 11717
1672735943024 0.8135837912559509 11934
1672736016944 0.8134393095970154 12151
1672736091028 0.8170520067214966 12368
1672736165002 0.8157514333724976 12585
1672736239155 0.8167629837989807 12802
1672736314833 0.8173410296440125 13019
1672736388230 0.8192196488380432 13236
1672736462380 0.8118497133255005 13453
1672736535818 0.8166185021400452 13670
1672736609690 0.8174855709075928 13887
1672736683442 0.8184971213340759 14104
1672736757644 0.8150289058685303 14321
1672736831975 0.8164739608764648 14538
1672736905945 0.8176300525665283 14755
1672736979642 0.8173410296440125 14972
1672737053838 0.8161849975585938 15189
1672737128125 0.8164739608764648 15406
1672737201986 0.8212427496910095 15623
1672737276226 0.8192196488380432 15840
1672737351074 0.8170520067214966 16057
1672737424756 0.8173410296440125 16274
1672737497956 0.8177745938301086 16491
1672737572245 0.8196531534194946 16708
1672737646164 0.8182080984115601 16925
1672737719667 0.8209537863731384 17142
1672737793767 0.8205202221870422 17359
1672737868095 0.8196531534194946 17576
1672737941918 0.8167629837989807 17793
1672738016903 0.8212427496910095 18010
1672738090846 0.8190751671791077 18227
1672738164927 0.8248555064201355 18444
1672738238411 0.8177745938301086 18661
1672738312133 0.8234103918075562 18878
1672738385766 0.8125722408294678 19095
1672738459632 0.8232659101486206 19312
1672738533477 0.8203757405281067 19529
1672738607402 0.824999988079071 19746
1672738681488 0.8179190754890442 19963
1672738755291 0.8200867176055908 20180
1672738829266 0.8222543597221375 20397
1672738903096 0.8232659101486206 20614
1672738976998 0.822398841381073 20831
1672739050718 0.8232659101486206 21048
1672739124350 0.8179190754890442 21265
1672739198028 0.8252890110015869 21482
1672739272169 0.8189306259155273 21699
1672739347083 0.8239884376525879 21916
1672739420497 0.8238439559936523 22133
1672739494810 0.8206647634506226 22350
1672739568408 0.8208092451095581 22567
1672739642425 0.8216763138771057 22784
1672739716496 0.8221098184585571 23001
1672739790801 0.8200867176055908 23218
1672739864619 0.8215317726135254 23435
1672739938798 0.8241329193115234 23652
1672740013008 0.8234103918075562 23869
1672740086226 0.8225433230400085 24086
1672740159839 0.8231213688850403 24303
1672740233656 0.8254335522651672 24520
1672740307641 0.8238439559936523 24737
1672740381318 0.8248555064201355 24954
1672740455417 0.8216763138771057 25171
1672740528923 0.8245664834976196 25388
1672740603057 0.8264451026916504 25605
1672740676578 0.8171965479850769 25822
1672740750602 0.8263005614280701 26039
1672740824400 0.8229768872261047 26256
1672740898178 0.8264451026916504 26473
1672740971672 0.8260115385055542 26690
1672741045775 0.8258670568466187 26907
1672741119858 0.8263005614280701 27124
1672741193685 0.8245664834976196 27341
1672741267401 0.8257225155830383 27558
1672741341048 0.8231213688850403 27775
1672741414960 0.8281791806221008 27992
1672741488447 0.8241329193115234 28209
1672741562244 0.8248555064201355 28426
1672741636134 0.8221098184585571 28643
1672741710102 0.8231213688850403 28860
1672741784341 0.8268786072731018 29077
1672741858566 0.8267341256141663 29294
1672741932623 0.8261560797691345 29511
1672742006112 0.8263005614280701 29728
1672742079777 0.8226878643035889 29945
1672742153815 0.8268786072731018 30162
1672742227875 0.8251445293426514 30379
1672742301626 0.8277456760406494 30596
1672742375333 0.8245664834976196 30813
1672742449000 0.8245664834976196 31030
1672742522588 0.8281791806221008 31247
1672742596499 0.8276011347770691 31464
1672742670254 0.8267341256141663 31681
1672742744566 0.8241329193115234 31898
1672742818413 0.8245664834976196 32115
1672742892317 0.8263005614280701 32332
1672742966145 0.828612744808197 32549
