1672731893541 0.6833333373069763 49
1672731908029 0.5833333730697632 99
1672731922964 0.60317462682724 149
1672731937607 0.7142857313156128 199
1672731962532 0.75 249
1672731976857 0.6166666746139526 299
1672731991179 0.7416666746139526 349
1672732005523 0.6166666746139526 399
1672732030329 0.5833333730697632 449
1672732044754 0.797619104385376 499
1672732059343 0.6138889193534851 549
1672732073955 0.5166666507720947 599
1672732088557 0.6166666746139526 649
1672732113588 0.5476190447807312 699
1672732127992 0.763888955116272 749
1672732142497 0.550000011920929 799
1672732156890 0.32499998807907104 849
1672732182196 0.6666666865348816 899
1672732196688 0.5763888955116272 949
1672732211405 0.5833333730697632 999
1672732226035 0.699999988079071 1049
1672732251119 0.7152777910232544 1099
1672732265543 0.6166666746139526 1149
1672732280016 0.6785714626312256 1199
1672732294454 0.6041666865348816 1249
1672732308871 0.6666666865348816 1299
1672732333770 0.9375 1349
1672732348469 0.6970238089561462 1399
1672732362909 0.6375000476837158 1449
1672732377478 0.6415584683418274 1499
1672732403288 0.7559524178504944 1549
1672732417697 0.6746032238006592 1599
1672732432088 0.7392857074737549 1649
1672732446487 0.3333333432674408 1699
1672732471785 0.4833333492279053 1749
1672732486425 0.6583333611488342 1799
1672732500908 0.8125 1849
1672732515528 0.7749999761581421 1899
1672732530122 0.8583333492279053 1949
1672732555560 0.7416666746139526 1999
1672732570002 0.7470238208770752 2049
1672732584625 0.6388888955116272 2099
1672732599054 0.7559523582458496 2149
1672732624621 0.6916666626930237 2199
1672732639040 0.6428571939468384 2249
1672732653713 0.511904776096344 2299
1672732668089 0.7083333730697632 2349
1672732693225 0.648809552192688 2399
1672732707685 0.8809524178504944 2449
1672732722274 0.8388888835906982 2499
1672732736708 0.6333333849906921 2549
1672732751138 0.49642854928970337 2599
1672732776707 0.44999998807907104 2649
1672732791212 0.5178571343421936 2699
1672732805643 0.6625000238418579 2749
1672732820218 0.6597222089767456 2799
1672732845482 0.6578283309936523 2849
1672732860028 0.3392857313156128 2899
1672732874540 0.6097222566604614 2949
1672732889212 0.773809552192688 2999
1672732915273 0.7351190447807312 3049
1672732930023 0.5874999761581421 3099
1672732944435 0.7124999761581421 3149
1672732958842 0.6875 3199
1672732973271 0.625 3249
1672732998635 0.5892857313156128 3299
1672733013336 0.6761904954910278 3349
1672733027870 0.5249999761581421 3399
1672733042785 0.36666667461395264 3449
1672733068065 0.8785714507102966 3499
1672733082530 1.0 3549
1672733097075 0.7083333730697632 3599
1672733111550 0.8785714507102966 3649
1672733136541 0.20000000298023224 3699
1672733151151 0.6666666865348816 3749
1672733165932 0.8928571939468384 3799
1672733180425 0.5138888955116272 3849
1672733194913 0.7000000476837158 3899
1672733220385 0.6642857193946838 3949
1672733234870 0.7208333015441895 3999
1672733249279 0.6000000238418579 4049
1672733263772 0.5267857313156128 4099
1672733289095 0.615079402923584 4149
1672733303654 0.735119104385376 4199
1672733318465 0.7500000596046448 4249
1672733332970 0.7939394116401672 4299
1672733358660 0.7666666507720947 4349
1672733373194 0.949999988079071 4399
1672733387755 0.5571428537368774 4449
1672733402378 0.7430556416511536 4499
1672733416947 0.6476190686225891 4549
1672733442260 0.7000000476837158 4599
1672733456883 0.7972222566604614 4649
1672733471365 0.7142857313156128 4699
1672733485811 0.5 4749
1672733510949 0.6000000238418579 4799
1672733525532 0.5928571224212646 4849
1672733539971 0.6857143044471741 4899
1672733554539 0.6388888955116272 4949
1672733579541 0.6875 4999
1672733594172 0.5809524059295654 5049
1672733608609 0.5476190447807312 5099
1672733623065 0.7833333611488342 5149
1672733637491 0.625 5199
1672733662817 0.7666666507720947 5249
1672733677441 0.7416666746139526 5299
1672733691872 0.798701286315918 5349
1672733706417 0.5166667103767395 5399
1672733731699 0.48571428656578064 5449
1672733746409 0.7416666746139526 5499
1672733760977 0.887499988079071 5549
1672733775487 0.5 5599
1672733800972 0.49761903285980225 5649
1672733815442 0.6666666865348816 5699
1672733829864 0.6650793552398682 5749
1672733844596 0.8017857074737549 5799
1672733859017 0.7285714149475098 5849
1672733884168 0.8041666746139526 5899
1672733898710 0.824999988079071 5949
1672733913307 0.773809552192688 5999
1672733927827 0.523809552192688 6049
1672733953249 0.3222222328186035 6099
1672733967730 0.5267857313156128 6149
1672733982420 0.36666667461395264 6199
1672733997097 0.7430555820465088 6249
1672734022121 0.7420635223388672 6299
1672734036636 0.5892857313156128 6349
1672734051133 0.5821428894996643 6399
1672734065653 0.4583333432674408 6449
1672734080253 0.826388955116272 6499
1672734105612 0.8666666746139526 6549
1672734120427 0.8333333730697632 6599
1672734134938 0.5375000238418579 6649
1672734149442 0.6071428656578064 6699
1672734174810 0.8597221970558167 6749
1672734189390 0.6309523582458496 6799
1672734203947 0.6416666507720947 6849
1672734218633 0.908730149269104 6899
1672734244245 0.7833333611488342 6949
1672734258653 0.4375 6999
1672734273127 0.6595238447189331 7049
1672734287523 0.5 7099
1672734301929 0.875 7149
1672734327027 0.7261905074119568 7199
1672734341710 0.690079391002655 7249
1672734356352 0.625 7299
1672734371139 0.8392857313156128 7349
1672734396164 0.7416666746139526 7399
1672734410657 0.6791666746139526 7449
1672734425384 0.3303571343421936 7499
1672734439833 0.6439393758773804 7549
1672734465160 0.5976190567016602 7599
1672734479813 0.7833333611488342 7649
1672734494773 0.6726190447807312 7699
1672734509424 0.2916666865348816 7749
1672734523892 0.5357142686843872 7799
1672734549056 0.4333333373069763 7849
1672734563535 0.7250000238418579 7899
1672734578128 0.5684524178504944 7949
1672734592637 0.6666666269302368 7999
1672734618024 0.762499988079071 8049
1672734632669 0.5809524059295654 8099
1672734647427 0.7749999761581421 8149
1672734661903 0.7916666865348816 8199
1672734687083 0.5083333253860474 8249
1672734701711 0.7559524178504944 8299
1672734716139 0.8166666626930237 8349
1672734730779 0.4642857313156128 8399
1672734745252 0.5305556058883667 8449
1672734770797 0.6833333373069763 8499
1672734785343 0.6041666865348816 8549
1672734799864 0.7222222685813904 8599
1672734814522 0.826388955116272 8649
1672734839708 0.8095238208770752 8699
1672734854302 0.1428571492433548 8749
1672734868814 0.5791667103767395 8799
1672734883358 0.9285714626312256 8849
1672734908656 0.737500011920929 8899
1672734923304 0.49761903285980225 8949
1672734937784 0.2857142686843872 8999
1672734952240 0.7767857313156128 9049
1672734966726 0.6701298952102661 9099
1672734991753 0.9142857193946838 9149
1672735006318 0.8660714626312256 9199
1672735021182 0.8184523582458496 9249
1672735035720 0.4888888895511627 9299
1672735061306 0.7416666746139526 9349
1672735076000 0.7976190447807312 9399
1672735090576 0.747619092464447 9449
1672735105117 0.8785714507102966 9499
1672735130336 0.8666666746139526 9549
1672735144786 0.7083333730697632 9599
1672735159395 0.6626983880996704 9649
1672735174092 0.6499999761581421 9699
1672735188471 0.6166666746139526 9749
1672735213658 0.49166667461395264 9799
1672735228179 0.7222222089767456 9849
1672735242644 0.8875000476837158 9899
1672735257089 0.7559524178504944 9949
1672735282607 0.7833333611488342 9999
1672735297309 0.5833333730697632 10049
1672735311818 0.9166666865348816 10099
1672735326356 0.6916666626930237 10149
1672735351866 0.8642857074737549 10199
1672735366507 0.6642857193946838 10249
1672735381057 0.5416666865348816 10299
1672735395734 0.6142857074737549 10349
1672735410560 0.4166666865348816 10399
1672735435717 0.8452381491661072 10449
1672735450172 0.8472222089767456 10499
1672735464628 0.550000011920929 10549
1672735479163 0.5333333015441895 10599
1672735504582 0.8392857313156128 10649
1672735519171 0.7708333730697632 10699
1672735533629 0.6814394593238831 10749
1672735548221 0.6666666865348816 10799
1672735562634 0.5 10849
1672735588091 0.5666666626930237 10899
1672735602646 0.7208333611488342 10949
1672735617201 0.4166666865348816 10999
1672735631917 0.6458333730697632 11049
1672735657190 0.6666666865348816 11099
1672735671788 0.5970238447189331 11149
1672735686242 0.7708333730697632 11199
1672735700687 0.7767857313156128 11249
1672735725902 0.7333333492279053 11299
1672735740394 0.4583333730697632 11349
1672735755080 0.7083333730697632 11399
1672735769791 0.773809552192688 11449
1672735784416 0.797619104385376 11499
1672735809632 0.699999988079071 11549
1672735824341 0.699999988079071 11599
1672735839037 0.4809523820877075 11649
1672735853583 0.8439394235610962 11699
1672735879048 0.5059524178504944 11749
1672735893678 0.44999998807907104 11799
1672735908154 0.7142857313156128 11849
1672735922783 0.6875 11899
1672735948367 0.6583333611488342 11949
1672735962827 0.5359848737716675 11999
1672735977466 0.73333340883255 12049
1672735991934 0.797619104385376 12099
1672736006399 0.6071428656578064 12149
1672736031769 0.7490079402923584 12199
1672736046283 0.6365079283714294 12249
1672736060945 0.6309524178504944 12299
1672736075633 0.3976190686225891 12349
1672736100795 0.7651515603065491 12399
1672736115421 0.8999999761581421 12449
1672736130064 0.6916666626930237 12499
1672736144584 0.5 12549
1672736169973 0.6309524178504944 12599
1672736184481 0.6666666865348816 12649
1672736199075 0.8333333730697632 12699
1672736213570 0.8517857193946838 12749
1672736228071 0.8333333730697632 12799
1672736253974 0.8928571343421936 12849
1672736269354 0.7142857313156128 12899
1672736284040 0.5392857193946838 12949
1672736298602 0.2916666865348816 12999
1672736324215 0.8333333730697632 13049
1672736338692 0.7192460894584656 13099
1672736353119 0.6642857193946838 13149
1672736367543 0.8309524059295654 13199
1672736392729 0.8333333730697632 13249
1672736407476 0.5178571343421936 13299
1672736422080 0.6059523820877075 13349
1672736436661 0.5928571820259094 13399
1672736451148 0.2678571343421936 13449
1672736476397 0.8068181872367859 13499
1672736491041 0.7916666865348816 13549
1672736505474 0.8452380895614624 13599
1672736519921 0.7803571224212646 13649
1672736544950 0.6333333253860474 13699
1672736559730 0.699999988079071 13749
1672736574218 0.6041666865348816 13799
1672736588755 0.776388943195343 13849
1672736613914 0.8333333730697632 13899
1672736628703 0.5166666507720947 13949
1672736643187 0.6904762387275696 13999
1672736657646 0.5375000238418579 14049
1672736672093 0.4571428596973419 14099
1672736697333 0.6017857193946838 14149
1672736712090 0.6428571343421936 14199
1672736726578 0.4809523820877075 14249
1672736741091 0.5333333611488342 14299
1672736766934 0.5 14349
1672736781583 0.908730149269104 14399
1672736796095 0.6875 14449
1672736810631 0.7397727370262146 14499
1672736835904 0.3958333134651184 14549
1672736850600 0.797619104385376 14599
1672736865294 0.6666666865348816 14649
1672736879772 0.699999988079071 14699
1672736894388 0.8541666865348816 14749
1672736919555 0.7416666746139526 14799
1672736934036 0.75 14849
1672736948470 0.5833333730697632 14899
1672736962899 0.6821428537368774 14949
1672736988125 0.550000011920929 14999
1672737002971 0.7250000238418579 15049
1672737017484 0.4791666865348816 15099
1672737032107 0.7000000476837158 15149
1672737057426 0.4642857015132904 15199
1672737072122 0.4928571283817291 15249
1672737086689 0.4583333730697632 15299
1672737101343 0.6916667222976685 15349
1672737116032 0.5375000238418579 15399
1672737141309 0.4333333373069763 15449
1672737155780 0.747619092464447 15499
1672737170267 0.8939394354820251 15549
1672737184911 0.8036616444587708 15599
1672737210251 0.5541666746139526 15649
1672737224958 0.8500000238418579 15699
1672737239492 0.8388888835906982 15749
1672737254037 0.7430555820465088 15799
1672737279560 0.5833333730697632 15849
1672737294050 0.6666666865348816 15899
1672737308779 0.5178571343421936 15949
1672737324269 0.4928571581840515 15999
1672737338716 0.4861111044883728 16049
1672737363979 0.638888955116272 16099
1672737378498 0.44999998807907104 16149
1672737393000 0.8095238208770752 16199
1672737407484 0.4900793731212616 16249
1672737432692 0.4523809552192688 16299
1672737447110 0.4166666865348816 16349
1672737461652 0.7817460298538208 16399
1672737476063 0.6529914736747742 16449
1672737501007 0.6499999761581421 16499
1672737515745 0.5416666865348816 16549
1672737530327 0.7446428537368774 16599
1672737544893 0.8035714626312256 16649
1672737559553 0.2928571403026581 16699
1672737584849 0.6865079402923584 16749
1672737599333 0.574999988079071 16799
1672737613933 0.8095238208770752 16849
1672737628517 0.8125 16899
1672737653842 0.8531745672225952 16949
1672737668336 0.6666666865348816 16999
1672737682959 0.6095238327980042 17049
1672737697480 0.7595238089561462 17099
1672737722444 0.7833333611488342 17149
1672737737234 0.4583333730697632 17199
1672737751882 0.6642857193946838 17249
1672737766385 0.4791666865348816 17299
1672737780884 0.5522727370262146 17349
1672737806180 0.7202381491661072 17399
1672737820764 0.75 17449
1672737835476 0.7333333492279053 17499
1672737850040 0.699999988079071 17549
1672737875466 0.949999988079071 17599
1672737890084 0.6555556058883667 17649
1672737904529 0.824999988079071 17699
1672737919170 0.8071428537368774 17749
1672737944379 0.85317462682724 17799
1672737959022 0.8740079402923584 17849
1672737973571 0.8809524178504944 17899
1672737988381 0.4166666865348816 17949
1672738002911 0.48750001192092896 17999
1672738028892 0.6000000238418579 18049
1672738043569 0.7785714268684387 18099
1672738058088 0.824999988079071 18149
1672738072670 0.8865079283714294 18199
1672738097965 0.6666666865348816 18249
1672738112604 0.7041667103767395 18299
1672738127270 0.5 18349
1672738141897 0.512499988079071 18399
1672738167104 0.5928571224212646 18449
1672738181611 0.7416666746139526 18499
1672738196099 0.75 18549
1672738210582 0.6059523820877075 18599
1672738225198 0.7388888597488403 18649
1672738250136 0.6345238089561462 18699
1672738264768 0.7916666865348816 18749
1672738279269 0.8374999761581421 18799
1672738293891 0.8309524059295654 18849
1672738318909 0.8333333730697632 18899
1672738333535 0.550000011920929 18949
1672738348000 0.8557692170143127 18999
1672738362429 0.3693181872367859 19049
1672738387654 0.5666666626930237 19099
1672738402284 0.7059524059295654 19149
1672738416882 0.5222222805023193 19199
1672738431486 0.9217171669006348 19249
1672738445960 0.41428571939468384 19299
1672738471149 0.7946428656578064 19349
1672738485676 0.773809552192688 19399
1672738500394 0.8888888955116272 19449
1672738515016 0.7541666626930237 19499
1672738540021 0.6916666626930237 19549
1672738554944 0.9007936716079712 19599
1672738569415 0.638888955116272 19649
1672738583856 0.5166667103767395 19699
1672738608977 0.6722222566604614 19749
1672738623471 0.8017857074737549 19799
1672738637926 0.638888955116272 19849
1672738652532 0.8127706050872803 19899
1672738667171 0.7828283309936523 19949
1672738692771 0.7708333730697632 19999
1672738707391 0.7420635223388672 20049
1672738721870 0.9166666865348816 20099
1672738736313 0.5625 20149
1672738761577 0.7827381491661072 20199
1672738776234 0.5595238208770752 20249
1672738790722 0.8142857551574707 20299
1672738805339 0.875 20349
1672738830603 0.7833333611488342 20399
1672738845211 0.7666667103767395 20449
1672738859798 0.512499988079071 20499
1672738874251 0.5814393758773804 20549
1672738888703 0.5595238208770752 20599
1672738913924 0.7095238566398621 20649
1672738928415 0.6101190447807312 20699
1672738943000 0.49166667461395264 20749
1672738957608 0.5392857193946838 20799
1672738982889 0.4913420081138611 20849
1672738997382 0.5416666865348816 20899
1672739012028 0.7000000476837158 20949
1672739026587 0.7510822415351868 20999
1672739051706 0.8309524059295654 21049
1672739066292 0.7892857193946838 21099
1672739080891 0.762499988079071 21149
1672739095348 0.6499999761581421 21199
1672739109800 0.5928571224212646 21249
1672739135066 0.7803571224212646 21299
1672739149488 0.615079402923584 21349
1672739164081 0.38333335518836975 21399
1672739178498 0.5 21449
1672739203664 0.5833333730697632 21499
1672739218169 0.6041666865348816 21549
1672739232871 0.6428571939468384 21599
1672739247628 0.9285714626312256 21649
1672739261936 0.0 21699
1672739287569 0.797619104385376 21749
1672739302245 0.6809523701667786 21799
1672739316776 0.8392857313156128 21849
1672739332084 0.6095238327980042 21899
1672739357411 0.6222222447395325 21949
1672739371816 0.5178571343421936 21999
1672739386272 0.6309524178504944 22049
1672739400704 0.7500000596046448 22099
1672739426129 0.7416666746139526 22149
1672739440771 0.5833333730697632 22199
1672739455266 0.6666666865348816 22249
1672739469885 0.6189393997192383 22299
1672739484414 0.49166667461395264 22349
1672739509753 0.6915584802627563 22399
1672739524169 0.8309524059295654 22449
1672739538623 0.5317460298538208 22499
1672739553357 0.7722222805023193 22549
1672739578629 0.7500000596046448 22599
1672739593244 0.7833333611488342 22649
1672739607864 0.5166666507720947 22699
1672739622311 0.5333333015441895 22749
1672739647490 0.6057692170143127 22799
1672739662019 0.5803571343421936 22849
1672739676536 0.44999998807907104 22899
1672739691372 0.6250000596046448 22949
1672739705924 0.75 22999
1672739731519 0.763888955116272 23049
1672739746329 0.75 23099
1672739760825 0.7095237970352173 23149
1672739775478 0.6865079402923584 23199
1672739800679 0.6597222089767456 23249
1672739815355 0.1428571343421936 23299
1672739829890 0.7166666984558105 23349
1672739844406 0.6499999761581421 23399
1672739869507 0.5666666626930237 23449
1672739884034 0.6809523701667786 23499
1672739898644 0.5416666865348816 23549
1672739913097 0.5809524059295654 23599
1672739927573 0.7059524059295654 23649
1672739953469 0.8740079402923584 23699
1672739968035 0.8055555820465088 23749
1672739982743 0.6333333849906921 23799
1672739997263 0.8166666626930237 23849
1672740022547 0.9365079402923584 23899
1672740036958 0.8333333730697632 23949
1672740051326 0.8809524178504944 23999
1672740065705 0.8263888955116272 24049
1672740090693 0.8184524178504944 24099
1672740105300 0.8999999761581421 24149
1672740119699 0.625 24199
1672740134251 0.8999999761581421 24249
1672740148708 0.7083333730697632 24299
1672740173791 0.6642857193946838 24349
1672740188409 0.8428571224212646 24399
1672740202981 0.5666666626930237 24449
1672740217410 0.5939394235610962 24499
1672740242777 0.6583333611488342 24549
1672740257282 0.6309524178504944 24599
1672740271935 0.5583333969116211 24649
1672740286419 0.6726190447807312 24699
1672740311857 0.7166666984558105 24749
1672740326448 0.4285714328289032 24799
1672740341019 0.5666667222976685 24849
1672740355432 0.6160714626312256 24899
1672740369820 0.8541666865348816 24949
1672740395046 0.7321428656578064 24999
1672740409632 0.7142857313156128 25049
1672740424064 0.7978896498680115 25099
1672740438670 0.40952378511428833 25149
1672740464188 0.5166666507720947 25199
1672740478647 0.5892857313156128 25249
1672740493259 0.7166666984558105 25299
1672740507758 0.8452381491661072 25349
1672740532837 0.7892857193946838 25399
1672740547609 0.7222222089767456 25449
1672740562260 0.7416666746139526 25499
1672740576859 0.574999988079071 25549
1672740591443 0.5952380895614624 25599
1672740616519 0.9642857313156128 25649
1672740631149 0.824999988079071 25699
1672740645640 0.6583333611488342 25749
1672740660084 0.4749999940395355 25799
1672740685099 0.6666666865348816 25849
1672740699876 0.7589285969734192 25899
1672740714533 0.5392857193946838 25949
1672740729022 0.797619104385376 25999
1672740754391 0.735119104385376 26049
1672740768850 0.4833333492279053 26099
1672740783458 0.5416666865348816 26149
1672740797917 0.4642857313156128 26199
1672740812349 0.5142857432365417 26249
1672740837537 0.5595238208770752 26299
1672740852192 0.8642857074737549 26349
1672740866635 0.685119092464447 26399
1672740881225 0.7291666865348816 26449
1672740906461 0.523809552192688 26499
1672740920914 0.824999988079071 26549
1672740935404 0.5625 26599
1672740949851 0.6309523582458496 26649
1672740975281 0.6916666626930237 26699
1672740989791 0.8106061220169067 26749
1672741004311 0.5555555820465088 26799
1672741018812 0.773809552192688 26849
1672741033289 0.7410714626312256 26899
1672741058724 0.7532467842102051 26949
1672741073166 0.409722238779068 26999
1672741087617 0.5476190447807312 27049
1672741102031 0.75 27099
1672741127930 0.9097222089767456 27149
1672741142423 0.5642857551574707 27199
1672741157191 0.4642857313156128 27249
1672741171732 0.6309523582458496 27299
1672741196725 0.8388888835906982 27349
1672741211175 0.6875 27399
1672741225636 0.7539682984352112 27449
1672741240092 0.8785714507102966 27499
1672741254831 0.6708333492279053 27549
1672741280121 0.5472222566604614 27599
1672741294578 0.6458333730697632 27649
1672741309164 0.7541666626930237 27699
1672741323601 0.5166666507720947 27749
1672741348731 0.7476190328598022 27799
1672741363195 0.6583333611488342 27849
1672741377637 0.7689394354820251 27899
1672741392253 0.5428571701049805 27949
1672741417729 0.699999988079071 27999
1672741432202 0.7984848618507385 28049
1672741446691 0.8035714626312256 28099
1672741461180 0.9642857313156128 28149
1672741475670 0.6916666626930237 28199
1672741500711 0.5642856955528259 28249
1672741515360 0.5833333730697632 28299
1672741529850 0.7892857193946838 28349
1672741544491 0.8041666746139526 28399
1672741569951 0.8500000238418579 28449
1672741584455 0.8809524178504944 28499
1672741598921 0.49166667461395264 28549
1672741613405 0.7392857074737549 28599
1672741638605 0.9375 28649
1672741653250 0.8388888835906982 28699
1672741667740 0.6375000476837158 28749
1672741682373 0.41428571939468384 28799
1672741697018 0.6476190686225891 28849
1672741722231 0.7142857313156128 28899
1672741737120 0.7559524178504944 28949
1672741751597 0.699999988079071 28999
1672741766081 0.8517857193946838 29049
1672741791453 0.2666666805744171 29099
1672741805990 0.5357142686843872 29149
1672741820665 0.5583333373069763 29199
1672741835455 0.6583333611488342 29249
1672741860758 0.7559524178504944 29299
1672741875362 0.5972222089767456 29349
1672741889845 0.8499999642372131 29399
1672741904284 0.7416666746139526 29449
1672741918878 0.46666666865348816 29499
1672741944456 0.6964285969734192 29549
1672741959035 0.7952381372451782 29599
1672741973444 0.7952380776405334 29649
1672741987852 0.6517857313156128 29699
1672742012886 0.5642857551574707 29749
1672742027410 0.4333333373069763 29799
1672742041931 0.7559523582458496 29849
1672742056613 0.5714285373687744 29899
1672742081623 0.625 29949
1672742096439 0.7476190328598022 29999
1672742110973 0.9365079402923584 30049
1672742125454 0.85317462682724 30099
1672742139954 0.7541666626930237 30149
1672742165317 0.5523809194564819 30199
1672742179869 0.6000000238418579 30249
1672742194713 0.8500000238418579 30299
1672742209208 0.639285683631897 30349
1672742234367 0.824999988079071 30399
1672742249009 0.7083333730697632 30449
1672742263463 0.7416666746139526 30499
1672742278079 0.7410714626312256 30549
1672742303243 0.36666667461395264 30599
1672742317693 0.6791666746139526 30649
1672742332116 0.6642857193946838 30699
1672742346683 0.8160714507102966 30749
1672742361233 0.7261905074119568 30799
1672742386449 0.5059523582458496 30849
1672742400907 0.5375000238418579 30899
1672742415541 0.7708333730697632 30949
1672742430066 0.7892857193946838 30999
1672742455164 0.8166666626930237 31049
1672742469612 0.949999988079071 31099
1672742484316 0.41428571939468384 31149
1672742498739 0.4791666865348816 31199
1672742523953 0.9166666865348816 31249
1672742538441 0.7666667103767395 31299
1672742553306 0.4791666865348816 31349
1672742567753 0.6527777910232544 31399
1672742582192 0.3541666865348816 31449
1672742607452 0.3916666805744171 31499
1672742622126 0.6684523820877075 31549
1672742636649 0.7365080118179321 31599
1672742651256 0.8666666746139526 31649
1672742676346 1.0 31699
1672742690835 0.5833333730697632 31749
1672742705349 0.4166666865348816 31799
1672742719875 0.6642857789993286 31849
1672742745583 0.797619104385376 31899
1672742760140 0.3678571283817291 31949
1672742774729 0.9142857193946838 31999
1672742789171 0.6022727489471436 32049
1672742803762 0.8351647853851318 32099
1672742828963 0.7222222089767456 32149
1672742843469 0.7867965698242188 32199
1672742858032 0.8809523582458496 32249
1672742872535 0.9017857313156128 32299
1672742897936 0.6726190447807312 32349
1672742912403 0.5142857432365417 32399
1672742926844 0.5333333611488342 32449
1672742941416 0.6333333253860474 32499
1672742955824 0.25 32549
