1672731893541 0.6666666865348816 49
1672731908029 0.4583333432674408 99
1672731922964 0.512499988079071 149
1672731937607 0.6875 199
1672731962532 0.7083333134651184 249
1672731976857 0.5416666865348816 299
1672731991179 0.7500000596046448 349
1672732005523 0.5666667222976685 399
1672732030329 0.6499999761581421 449
1672732044754 0.7291666865348816 499
1672732059343 0.5083333253860474 549
1672732073955 0.4375 599
1672732088557 0.5416666865348816 649
1672732113588 0.5625 699
1672732127992 0.7249999642372131 749
1672732142497 0.5625 799
1672732156890 0.375 849
1672732182196 0.5833333730697632 899
1672732196688 0.574999988079071 949
1672732211405 0.5416666865348816 999
1672732226035 0.625 1049
1672732251119 0.6458333134651184 1099
1672732265543 0.625 1149
1672732280016 0.6875 1199
1672732294454 0.5625 1249
1672732308871 0.625 1299
1672732333770 0.9375 1349
1672732348469 0.8541666865348816 1399
1672732362909 0.5249999761581421 1449
1672732377478 0.6458333134651184 1499
1672732403288 0.6875000596046448 1549
1672732417697 0.550000011920929 1599
1672732432088 0.7291666865348816 1649
1672732446487 0.3125 1699
1672732471785 0.5446428656578064 1749
1672732486425 0.5833333730697632 1799
1672732500908 0.7333333492279053 1849
1672732515528 0.6946429014205933 1899
1672732530122 0.7916666865348816 1949
1672732555560 0.6666666865348816 1999
1672732570002 0.6875 2049
1672732584625 0.6666666865348816 2099
1672732599054 0.612500011920929 2149
1672732624621 0.7708333730697632 2199
1672732639040 0.5583333373069763 2249
1672732653713 0.4375 2299
1672732668089 0.6083333492279053 2349
1672732693225 0.512499988079071 2399
1672732707685 0.875 2449
1672732722274 0.7916666865348816 2499
1672732736708 0.6041666865348816 2549
1672732751138 0.38333332538604736 2599
1672732776707 0.4166666865348816 2649
1672732791212 0.4333333373069763 2699
1672732805643 0.6041666269302368 2749
1672732820218 0.6000000238418579 2799
1672732845482 0.574999988079071 2849
1672732860028 0.2708333432674408 2899
1672732874540 0.5166666507720947 2949
1672732889212 0.6875 2999
1672732915273 0.6541666984558105 3049
1672732930023 0.5208333730697632 3099
1672732944435 0.6083333492279053 3149
1672732958842 0.6499999761581421 3199
1672732973271 0.6666666865348816 3249
1672732998635 0.625 3299
1672733013336 0.5583333373069763 3349
1672733027870 0.4833333492279053 3399
1672733042785 0.4166666865348816 3449
1672733068065 0.8541666865348816 3499
1672733082530 1.0 3549
1672733097075 0.5874999761581421 3599
1672733111550 0.875 3649
1672733136541 0.1666666716337204 3699
1672733151151 0.6708333492279053 3749
1672733165932 0.8125 3799
1672733180425 0.45000001788139343 3849
1672733194913 0.6250000596046448 3899
1672733220385 0.5416666865348816 3949
1672733234870 0.7166666984558105 3999
1672733249279 0.5625 4049
1672733263772 0.4583333432674408 4099
1672733289095 0.49166667461395264 4149
1672733303654 0.625 4199
1672733318465 0.625 4249
1672733332970 0.6904761791229248 4299
1672733358660 0.6250000596046448 4349
1672733373194 1.0 4399
1672733387755 0.4541666507720947 4449
1672733402378 0.6000000238418579 4499
1672733416947 0.5625 4549
1672733442260 0.625 4599
1672733456883 0.699999988079071 4649
1672733471365 0.6041666865348816 4699
1672733485811 0.375 4749
1672733510949 0.5 4799
1672733525532 0.6166666746139526 4849
1672733539971 0.5333333611488342 4899
1672733554539 0.6875 4949
1672733579541 0.6458333134651184 4999
1672733594172 0.4791666865348816 5049
1672733608609 0.4791666865348816 5099
1672733623065 0.7916666865348816 5149
1672733637491 0.5285714268684387 5199
1672733662817 0.625 5249
1672733677441 0.8333333730697632 5299
1672733691872 0.7083333134651184 5349
1672733706417 0.5208333134651184 5399
1672733731699 0.3916666805744171 5449
1672733746409 0.8333333134651184 5499
1672733760977 0.8166666626930237 5549
1672733775487 0.4958333373069763 5599
1672733800972 0.5 5649
1672733815442 0.625 5699
1672733829864 0.5291666388511658 5749
1672733844596 0.8166667222976685 5799
1672733859017 0.6666666865348816 5849
1672733884168 0.8166667222976685 5899
1672733898710 0.75 5949
1672733913307 0.75 5999
1672733927827 0.4375 6049
1672733953249 0.28333333134651184 6099
1672733967730 0.4375 6149
1672733982420 0.2916666865348816 6199
1672733997097 0.637499988079071 6249
1672734022121 0.7875000238418579 6299
1672734036636 0.5625 6349
1672734051133 0.5333333015441895 6399
1672734065653 0.3958333432674408 6449
1672734080253 0.75 6499
1672734105612 0.9166666865348816 6549
1672734120427 0.875 6599
1672734134938 0.5249999761581421 6649
1672734149442 0.5375000238418579 6699
1672734174810 0.8166666626930237 6749
1672734189390 0.6499999761581421 6799
1672734203947 0.5625 6849
1672734218633 0.949999988079071 6899
1672734244245 0.7916666865348816 6949
1672734258653 0.3791666626930237 6999
1672734273127 0.6666666865348816 7049
1672734287523 0.5 7099
1672734301929 0.8333333730697632 7149
1672734327027 0.7083333730697632 7199
1672734341710 0.6000000238418579 7249
1672734356352 0.625 7299
1672734371139 0.7875000238418579 7349
1672734396164 0.625 7399
1672734410657 0.5999999642372131 7449
1672734425384 0.2750000059604645 7499
1672734439833 0.5833333134651184 7549
1672734465160 0.5833333730697632 7599
1672734479813 0.75 7649
1672734494773 0.612500011920929 7699
1672734509424 0.22499999403953552 7749
1672734523892 0.4749999940395355 7799
1672734549056 0.3333333432674408 7849
1672734563535 0.8374999761581421 7899
1672734578128 0.4625000059604645 7949
1672734592637 0.6000000238418579 7999
1672734618024 0.6875 8049
1672734632669 0.5416666865348816 8099
1672734647427 0.8374999761581421 8149
1672734661903 0.875 8199
1672734687083 0.4583333432674408 8249
1672734701711 0.7083333134651184 8299
1672734716139 0.7916666865348816 8349
1672734730779 0.3958333432674408 8399
1672734745252 0.46190476417541504 8449
1672734770797 0.5833333730697632 8499
1672734785343 0.5666666626930237 8549
1672734799864 0.574999988079071 8599
1672734814522 0.7249999642372131 8649
1672734839708 0.7250000238418579 8699
1672734854302 0.10000000149011612 8749
1672734868814 0.5 8799
1672734883358 0.875 8849
1672734908656 0.6916666626930237 8899
1672734923304 0.4375 8949
1672734937784 0.2666666805744171 8999
1672734952240 0.7333333492279053 9049
1672734966726 0.6041666865348816 9099
1672734991753 0.9166666865348816 9149
1672735006318 0.875 9199
1672735021182 0.7541667222976685 9249
1672735035720 0.38749998807907104 9299
1672735061306 0.824999988079071 9349
1672735076000 0.6875 9399
1672735090576 0.8541666865348816 9449
1672735105117 0.9375 9499
1672735130336 0.7916666865348816 9549
1672735144786 0.625 9599
1672735159395 0.550000011920929 9649
1672735174092 0.5833333730697632 9699
1672735188471 0.5416666865348816 9749
1672735213658 0.5416666865348816 9799
1672735228179 0.6583333015441895 9849
1672735242644 0.887499988079071 9899
1672735257089 0.6875 9949
1672735282607 0.7083333730697632 9999
1672735297309 0.625 10049
1672735311818 0.8999999761581421 10099
1672735326356 0.6666666865348816 10149
1672735351866 0.7708333730697632 10199
1672735366507 0.6666666865348816 10249
1672735381057 0.4833333492279053 10299
1672735395734 0.6041666865348816 10349
1672735410560 0.4166666865348816 10399
1672735435717 0.8541666865348816 10449
1672735450172 0.824999988079071 10499
1672735464628 0.5 10549
1672735479163 0.5625 10599
1672735504582 0.8125 10649
1672735519171 0.6619048118591309 10699
1672735533629 0.5666666626930237 10749
1672735548221 0.625 10799
1672735562634 0.5 10849
1672735588091 0.4583333730697632 10899
1672735602646 0.7749999761581421 10949
1672735617201 0.4166666865348816 10999
1672735631917 0.6708332896232605 11049
1672735657190 0.625 11099
1672735671788 0.4749999940395355 11149
1672735686242 0.6499999761581421 11199
1672735700687 0.7083333134651184 11249
1672735725902 0.6458333730697632 11299
1672735740394 0.5416666865348816 11349
1672735755080 0.5833333730697632 11399
1672735769791 0.6625000238418579 11449
1672735784416 0.7291666865348816 11499
1672735809632 0.75 11549
1672735824341 0.6666666865348816 11599
1672735839037 0.4791666865348816 11649
1672735853583 0.7916666865348816 11699
1672735879048 0.5 11749
1672735893678 0.4166666865348816 11799
1672735908154 0.6875 11849
1672735922783 0.6499999761581421 11899
1672735948367 0.5791666507720947 11949
1672735962827 0.6000000238418579 11999
1672735977466 0.6916667222976685 12049
1672735991934 0.7291666865348816 12099
1672736006399 0.6666666865348816 12149
1672736031769 0.6583333015441895 12199
1672736046283 0.5541666746139526 12249
1672736060945 0.6499999761581421 12299
1672736075633 0.3333333432674408 12349
1672736100795 0.7678571343421936 12399
1672736115421 0.8333333730697632 12449
1672736130064 0.625 12499
1672736144584 0.5 12549
1672736169973 0.6875 12599
1672736184481 0.6666666865348816 12649
1672736199075 0.75 12699
1672736213570 0.7916666865348816 12749
1672736228071 0.75 12799
1672736253974 0.8500000238418579 12849
1672736269354 0.6875 12899
1672736284040 0.5 12949
1672736298602 0.25 12999
1672736324215 0.7916666865348816 13049
1672736338692 0.699999988079071 13099
1672736353119 0.6666666865348816 13149
1672736367543 0.8125 13199
1672736392729 0.7916666865348816 13249
1672736407476 0.4333333373069763 13299
1672736422080 0.5625 13349
1672736436661 0.4958333373069763 13399
1672736451148 0.25 13449
1672736476397 0.7678571343421936 13499
1672736491041 0.7749999761581421 13549
1672736505474 0.8125 13599
1672736519921 0.6916667222976685 13649
1672736544950 0.5416666865348816 13699
1672736559730 0.5874999761581421 13749
1672736574218 0.6666666865348816 13799
1672736588755 0.7250000238418579 13849
1672736613914 0.9166666865348816 13899
1672736628703 0.4833333492279053 13949
1672736643187 0.6666666269302368 13999
1672736657646 0.4833333492279053 14049
1672736672093 0.3708333373069763 14099
1672736697333 0.5041667222976685 14149
1672736712090 0.6000000238418579 14199
1672736726578 0.5 14249
1672736741091 0.625 14299
1672736766934 0.625 14349
1672736781583 0.8374999761581421 14399
1672736796095 0.6499999761581421 14449
1672736810631 0.6499999761581421 14499
1672736835904 0.36250001192092896 14549
1672736850600 0.9375 14599
1672736865294 0.512499988079071 14649
1672736879772 0.6666666865348816 14699
1672736894388 1.0 14749
1672736919555 0.7749999761581421 14799
1672736934036 0.7083333730697632 14849
1672736948470 0.5416666865348816 14899
1672736962899 0.5625 14949
1672736988125 0.5 14999
1672737002971 0.6666666865348816 15049
1672737017484 0.5625 15099
1672737032107 0.699999988079071 15149
1672737057426 0.3916666507720947 15199
1672737072122 0.4375 15249
1672737086689 0.4375 15299
1672737101343 0.6166666746139526 15349
1672737116032 0.42500001192092896 15399
1672737141309 0.3958333432674408 15449
1672737155780 0.7708333730697632 15499
1672737170267 0.875 15549
1672737184911 0.7250000238418579 15599
1672737210251 0.5 15649
1672737224958 0.7833333611488342 15699
1672737239492 0.7666666507720947 15749
1672737254037 0.7291666865348816 15799
1672737279560 0.5416666865348816 15849
1672737294050 0.625 15899
1672737308779 0.4333333373069763 15949
1672737324269 0.4124999940395355 15999
1672737338716 0.5714285373687744 16049
1672737363979 0.625 16099
1672737378498 0.4166666865348816 16149
1672737393000 0.75 16199
1672737407484 0.40833333134651184 16249
1672737432692 0.375 16299
1672737447110 0.3333333432674408 16349
1672737461652 0.75 16399
1672737476063 0.5809524059295654 16449
1672737501007 0.6666666865348816 16499
1672737515745 0.5 16549
1672737530327 0.8125 16599
1672737544893 0.7083333730697632 16649
1672737559553 0.2916666865348816 16699
1672737584849 0.637499988079071 16749
1672737599333 0.5 16799
1672737613933 0.8500000238418579 16849
1672737628517 0.7333333492279053 16899
1672737653842 0.949999988079071 16949
1672737668336 0.5416666865348816 16999
1672737682959 0.5375000238418579 17049
1672737697480 0.7916666865348816 17099
1672737722444 0.7333333492279053 17149
1672737737234 0.3499999940395355 17199
1672737751882 0.6875 17249
1672737766385 0.5625 17299
1672737780884 0.5416666865348816 17349
1672737806180 0.5833333730697632 17399
1672737820764 0.7083333730697632 17449
1672737835476 0.7333333492279053 17499
1672737850040 0.6666666865348816 17549
1672737875466 1.0 17599
1672737890084 0.6583333611488342 17649
1672737904529 0.9166666865348816 17699
1672737919170 0.8125 17749
1672737944379 0.824999988079071 17799
1672737959022 0.8374999761581421 17849
1672737973571 0.8125 17899
1672737988381 0.375 17949
1672738002911 0.5 17999
1672738028892 0.5833333134651184 18049
1672738043569 0.9375 18099
1672738058088 0.8333333730697632 18149
1672738072670 0.8041666746139526 18199
1672738097965 0.5416666865348816 18249
1672738112604 0.7708333134651184 18299
1672738127270 0.5 18349
1672738141897 0.4375 18399
1672738167104 0.5416666865348816 18449
1672738181611 0.7500000596046448 18499
1672738196099 0.6666666865348816 18549
1672738210582 0.5625 18599
1672738225198 0.637499988079071 18649
1672738250136 0.5666666626930237 18699
1672738264768 0.7083333134651184 18749
1672738279269 0.8333333730697632 18799
1672738293891 0.8041666746139526 18849
1672738318909 0.875 18899
1672738333535 0.574999988079071 18949
1672738348000 0.9017857313156128 18999
1672738362429 0.3928571343421936 19049
1672738387654 0.4583333730697632 19099
1672738402284 0.6875 19149
1672738416882 0.512499988079071 19199
1672738431486 0.8999999761581421 19249
1672738445960 0.3958333432674408 19299
1672738471149 0.7875000238418579 19349
1672738485676 0.6625000238418579 19399
1672738500394 0.949999988079071 19449
1672738515016 0.7333333492279053 19499
1672738540021 0.6166666746139526 19549
1672738554944 0.887499988079071 19599
1672738569415 0.625 19649
1672738583856 0.4791666865348816 19699
1672738608977 0.6499999761581421 19749
1672738623471 0.8541666865348816 19799
1672738637926 0.699999988079071 19849
1672738652532 0.7708333730697632 19899
1672738667171 0.7083333134651184 19949
1672738692771 0.8166666626930237 19999
1672738707391 0.7708333730697632 20049
1672738721870 0.875 20099
1672738736313 0.4375000298023224 20149
1672738761577 0.6875 20199
1672738776234 0.5833333730697632 20249
1672738790722 0.8333333134651184 20299
1672738805339 0.875 20349
1672738830603 0.8333333730697632 20399
1672738845211 0.7083333730697632 20449
1672738859798 0.4791666865348816 20499
1672738874251 0.4833333194255829 20549
1672738888703 0.4749999940395355 20599
1672738913924 0.7083333730697632 20649
1672738928415 0.5458333492279053 20699
1672738943000 0.4166666865348816 20749
1672738957608 0.5625 20799
1672738982889 0.44999998807907104 20849
1672738997382 0.5416666865348816 20899
1672739012028 0.7291666865348816 20949
1672739026587 0.7458333373069763 20999
1672739051706 0.8541666865348816 21049
1672739066292 0.8374999761581421 21099
1672739080891 0.8125 21149
1672739095348 0.5833333730697632 21199
1672739109800 0.6666666865348816 21249
1672739135066 0.7749999761581421 21299
1672739149488 0.550000011920929 21349
1672739164081 0.4166666865348816 21399
1672739178498 0.4791666865348816 21449
1672739203664 0.5166667103767395 21499
1672739218169 0.5249999761581421 21549
1672739232871 0.5416666865348816 21599
1672739247628 0.875 21649
1672739261936 0.0 21699
1672739287569 0.6875 21749
1672739302245 0.6041666865348816 21799
1672739316776 0.875 21849
1672739332084 0.6000000238418579 21899
1672739357411 0.6666666865348816 21949
1672739371816 0.4333333373069763 21999
1672739386272 0.6041666865348816 22049
1672739400704 0.7083333730697632 22099
1672739426129 0.7083333730697632 22149
1672739440771 0.5 22199
1672739455266 0.625 22249
1672739469885 0.5 22299
1672739484414 0.4166666865348816 22349
1672739509753 0.7916666865348816 22399
1672739524169 0.8125 22449
1672739538623 0.4749999940395355 22499
1672739553357 0.824999988079071 22549
1672739578629 0.6666666865348816 22599
1672739593244 0.6666666865348816 22649
1672739607864 0.625 22699
1672739622311 0.46666669845581055 22749
1672739647490 0.75 22799
1672739662019 0.4833333492279053 22849
1672739676536 0.4583333432674408 22899
1672739691372 0.5166666507720947 22949
1672739705924 0.875 22999
1672739731519 0.699999988079071 23049
1672739746329 0.7250000238418579 23099
1672739760825 0.5833333730697632 23149
1672739775478 0.6875 23199
1672739800679 0.637499988079071 23249
1672739815355 0.125 23299
1672739829890 0.625 23349
1672739844406 0.5833333730697632 23399
1672739869507 0.4583333432674408 23449
1672739884034 0.8333333134651184 23499
1672739898644 0.5416666865348816 23549
1672739913097 0.6041666865348816 23599
1672739927573 0.6666666865348816 23649
1672739953469 0.8500000238418579 23699
1672739968035 0.7416666746139526 23749
1672739982743 0.5333333611488342 23799
1672739997263 0.8541666865348816 23849
1672740022547 0.887499988079071 23899
1672740036958 0.75 23949
1672740051326 0.8125 23999
1672740065705 1.0 24049
1672740090693 0.7749999761581421 24099
1672740105300 1.0 24149
1672740119699 0.5416666865348816 24199
1672740134251 0.8333333730697632 24249
1672740148708 0.7083333730697632 24299
1672740173791 0.6041666865348816 24349
1672740188409 0.8333333730697632 24399
1672740202981 0.4583333730697632 24449
1672740217410 0.75 24499
1672740242777 0.5 24549
1672740257282 0.625 24599
1672740271935 0.4375 24649
1672740286419 0.6041666865348816 24699
1672740311857 0.6666666865348816 24749
1672740326448 0.375 24799
1672740341019 0.5333333611488342 24849
1672740355432 0.625 24899
1672740369820 0.7749999761581421 24949
1672740395046 0.6208333373069763 24999
1672740409632 0.6875 25049
1672740424064 0.7303571701049805 25099
1672740438670 0.3125 25149
1672740464188 0.4791666865348816 25199
1672740478647 0.625 25249
1672740493259 0.7083333730697632 25299
1672740507758 0.7749999761581421 25349
1672740532837 0.6875000596046448 25399
1672740547609 0.7124999761581421 25449
1672740562260 0.9166666865348816 25499
1672740576859 0.5833333134651184 25549
1672740591443 0.625 25599
1672740616519 0.9375 25649
1672740631149 0.8333333134651184 25699
1672740645640 0.5416666865348816 25749
1672740660084 0.4166666865348816 25799
1672740685099 0.625 25849
1672740699876 0.7916666865348816 25899
1672740714533 0.4583333432674408 25949
1672740729022 0.8125 25999
1672740754391 0.75 26049
1672740768850 0.4166666865348816 26099
1672740783458 0.5 26149
1672740797917 0.4375 26199
1672740812349 0.5 26249
1672740837537 0.625 26299
1672740852192 0.9166666865348816 26349
1672740866635 0.5875000357627869 26399
1672740881225 0.6499999761581421 26449
1672740906461 0.4375 26499
1672740920914 0.7916666865348816 26549
1672740935404 0.5625 26599
1672740949851 0.5833333730697632 26649
1672740975281 0.6666666865348816 26699
1672740989791 0.875 26749
1672741004311 0.574999988079071 26799
1672741018812 0.6875 26849
1672741033289 0.6708332896232605 26899
1672741058724 0.6666666865348816 26949
1672741073166 0.4000000059604645 26999
1672741087617 0.4375 27049
1672741102031 0.75 27099
1672741127930 0.8999999761581421 27149
1672741142423 0.5833333730697632 27199
1672741157191 0.4375 27249
1672741171732 0.5625 27299
1672741196725 0.824999988079071 27349
1672741211175 0.6499999761581421 27399
1672741225636 0.675000011920929 27449
1672741240092 0.7916666865348816 27499
1672741254831 0.6833333373069763 27549
1672741280121 0.625 27599
1672741294578 0.5249999761581421 27649
1672741309164 0.6083333492279053 27699
1672741323601 0.3541666865348816 27749
1672741348731 0.7291666865348816 27799
1672741363195 0.5416666865348816 27849
1672741377637 0.75 27899
1672741392253 0.4333333373069763 27949
1672741417729 0.6666666865348816 27999
1672741432202 0.7083333730697632 28049
1672741446691 0.7083333134651184 28099
1672741461180 1.0 28149
1672741475670 0.6666666865348816 28199
1672741500711 0.5625 28249
1672741515360 0.5 28299
1672741529850 0.7916666865348816 28349
1672741544491 0.7749999761581421 28399
1672741569951 0.8666666746139526 28449
1672741584455 0.8125 28499
1672741598921 0.5416666865348816 28549
1672741613405 0.699999988079071 28599
1672741638605 0.8999999761581421 28649
1672741653250 0.7416666746139526 28699
1672741667740 0.6000000238418579 28749
1672741682373 0.3541666865348816 28799
1672741697018 0.6875 28849
1672741722231 0.6875 28899
1672741737120 0.8333333730697632 28949
1672741751597 0.75 28999
1672741766081 0.9375 29049
1672741791453 0.2291666716337204 29099
1672741805990 0.44999998807907104 29149
1672741820665 0.5416666865348816 29199
1672741835455 0.6875 29249
1672741860758 0.6458333134651184 29299
1672741875362 0.574999988079071 29349
1672741889845 0.9166666865348816 29399
1672741904284 0.699999988079071 29449
1672741918878 0.5 29499
1672741944456 0.7250000238418579 29549
1672741959035 0.7291666865348816 29599
1672741973444 0.8374999761581421 29649
1672741987852 0.5874999761581421 29699
1672742012886 0.5208333134651184 29749
1672742027410 0.3125 29799
1672742041931 0.8333333134651184 29849
1672742056613 0.6041666865348816 29899
1672742081623 0.7083333134651184 29949
1672742096439 0.7166666984558105 29999
1672742110973 0.887499988079071 30049
1672742125454 0.887499988079071 30099
1672742139954 0.7416666746139526 30149
1672742165317 0.4791666865348816 30199
1672742179869 0.5833333134651184 30249
1672742194713 0.8333333730697632 30299
1672742209208 0.5416666865348816 30349
1672742234367 0.75 30399
1672742249009 0.875 30449
1672742263463 0.6666666865348816 30499
1672742278079 0.8125 30549
1672742303243 0.2916666865348816 30599
1672742317693 0.6083333492279053 30649
1672742332116 0.6041666865348816 30699
1672742346683 0.875 30749
1672742361233 0.7916666865348816 30799
1672742386449 0.6041666865348816 30849
1672742400907 0.625 30899
1672742415541 0.7749999761581421 30949
1672742430066 0.6875 30999
1672742455164 0.7083333730697632 31049
1672742469612 0.9166666865348816 31099
1672742484316 0.375 31149
1672742498739 0.4124999940395355 31199
1672742523953 1.0 31249
1672742538441 0.7083333730697632 31299
1672742553306 0.3958333432674408 31349
1672742567753 0.5833333730697632 31399
1672742582192 0.3166666626930237 31449
1672742607452 0.4583333432674408 31499
1672742622126 0.6083332896232605 31549
1672742636649 0.6166666746139526 31599
1672742651256 0.8333333730697632 31649
1672742676346 1.0 31699
1672742690835 0.5416666865348816 31749
1672742705349 0.5 31799
1672742719875 0.6458333134651184 31849
1672742745583 0.7124999761581421 31899
1672742760140 0.3750000298023224 31949
1672742774729 0.8541666865348816 31999
1672742789171 0.5833333134651184 32049
1672742803762 0.8452380895614624 32099
1672742828963 0.6875 32149
1672742843469 0.6833333373069763 32199
1672742858032 0.9375 32249
1672742872535 1.0 32299
1672742897936 0.5208333730697632 32349
1672742912403 0.5 32399
1672742926844 0.5833333730697632 32449
1672742941416 0.7291666865348816 32499
1672742955824 0.25 32549
