1672053747363 0.0 216
1672053819572 0.0 433
1672053892334 0.0 650
1672053964454 0.0 867
1672054037046 0.0 1084
1672054109178 0.0 1301
1672054181598 0.0 1518
1672054253994 0.0 1735
1672054326746 0.0 1952
1672054399414 1.25 2169
1672054472012 4.5 2386
1672054545261 25.0 2603
1672054617455 6.5 2820
1672054689987 0.25 3037
1672054762536 5.25 3254
1672054835021 1.25 3471
1672054907416 4.75 3688
1672054980254 18.75 3905
1672055052606 25.25 4122
1672055125320 22.75 4339
1672055197564 26.25 4556
1672055270159 26.0 4773
1672055343060 23.75 4990
1672055415849 31.25 5207
1672055488525 18.25 5424
1672055561151 30.5 5641
1672055634089 26.25 5858
1672055706294 22.5 6075
1672055779190 17.0 6292
1672055851520 25.75 6509
1672055924325 16.75 6726
1672055996679 24.75 6943
1672056069555 11.75 7160
1672056141688 20.75 7377
1672056214480 24.0 7594
1672056286955 26.25 7811
1672056359598 16.5 8028
1672056432572 21.75 8245
1672056505117 22.0 8462
1672056577757 22.5 8679
1672056650138 26.0 8896
1672056722974 23.0 9113
1672056795341 22.0 9330
1672056867977 24.0 9547
1672056940296 25.75 9764
1672057012659 25.0 9981
1672057085389 23.5 10198
1672057157752 22.0 10415
1672057230334 24.0 10632
1672057302768 22.25 10849
1672057375740 22.0 11066
1672057448202 24.0 11283
1672057521306 22.75 11500
1672057594287 24.25 11717
1672057667196 25.75 11934
1672057740017 25.5 12151
1672057812813 24.0 12368
1672057885722 23.25 12585
1672057958424 23.5 12802
1672058031216 21.25 13019
1672058103813 23.75 13236
1672058176462 24.25 13453
1672058249683 26.25 13670
1672058322492 25.25 13887
1672058394757 23.75 14104
1672058467447 25.75 14321
1672058540125 23.5 14538
1672058612610 22.25 14755
1672058685002 23.5 14972
1672058757457 27.25 15189
1672058830218 25.75 15406
1672058903048 21.0 15623
1672058975996 24.0 15840
1672059049437 23.75 16057
1672059122137 23.75 16274
1672059194281 23.5 16491
1672059267173 24.0 16708
1672059339712 24.0 16925
1672059412213 22.75 17142
1672059485386 23.5 17359
1672059557964 23.5 17576
1672059630647 23.5 17793
1672059703175 23.5 18010
1672059775709 25.0 18227
1672059848835 23.0 18444
1672059921850 24.0 18661
1672059994873 23.5 18878
1672060067499 24.75 19095
1672060139877 23.5 19312
1672060212512 23.5 19529
1672060338742 23.75 19746
1672060411434 25.25 19963
1672060483675 23.5 20180
1672060556485 24.0 20397
1672060629129 24.0 20614
1672060701664 23.5 20831
1672060774436 23.75 21048
1672060847572 23.75 21265
1672060919968 23.25 21482
1672060992570 23.75 21699
1672061065427 23.5 21916
1672061138501 23.75 22133
1672061211110 23.25 22350
1672061284262 23.75 22567
1672061356352 23.75 22784
1672061429568 22.25 23001
1672061501812 23.75 23218
1672061574581 23.75 23435
1672061647131 23.75 23652
1672061719888 23.5 23869
1672061792352 23.5 24086
1672061864997 23.75 24303
1672061938162 23.75 24520
1672062011033 22.0 24737
1672062083902 18.25 24954
1672062156574 23.25 25171
1672062229718 23.5 25388
1672062302285 18.25 25605
1672062375325 23.75 25822
1672062448129 23.0 26039
1672062520619 23.75 26256
1672062593401 23.75 26473
1672062665983 25.25 26690
1672062739048 24.25 26907
1672062811843 23.75 27124
1672062884470 23.75 27341
1672062957285 23.75 27558
1672063029884 23.75 27775
1672063102054 23.75 27992
1672063174214 22.0 28209
1672063246654 23.75 28426
1672063319203 24.25 28643
1672063392049 23.75 28860
1672063465313 24.0 29077
1672063537823 23.75 29294
1672063610520 24.5 29511
1672063682883 23.5 29728
1672063755637 24.5 29945
1672063828361 23.5 30162
1672063901090 24.0 30379
1672063973769 23.25 30596
1672064046616 25.0 30813
1672064119200 23.75 31030
1672064191991 23.75 31247
1672064265009 23.75 31464
1672064337598 23.75 31681
1672064410700 23.5 31898
1672064483395 24.0 32115
1672064556079 23.75 32332
1672064628608 23.75 32549
