1672053747363 217.0 216
1672053819572 217.0 433
1672053892334 217.0 650
1672053964454 217.0 867
1672054037046 217.0 1084
1672054109178 217.0 1301
1672054181598 217.0 1518
1672054253994 217.0 1735
1672054326746 217.0 1952
1672054399414 215.75 2169
1672054472012 212.5 2386
1672054545261 192.0 2603
1672054617455 210.5 2820
1672054689987 216.75 3037
1672054762536 211.75 3254
1672054835021 215.75 3471
1672054907416 212.25 3688
1672054980254 198.25 3905
1672055052606 191.75 4122
1672055125320 194.25 4339
1672055197564 190.75 4556
1672055270159 191.0 4773
1672055343060 193.25 4990
1672055415849 185.75 5207
1672055488525 198.75 5424
1672055561151 186.5 5641
1672055634089 190.75 5858
1672055706294 194.5 6075
1672055779190 200.0 6292
1672055851520 191.25 6509
1672055924325 200.25 6726
1672055996679 192.25 6943
1672056069555 205.25 7160
1672056141688 196.25 7377
1672056214480 193.0 7594
1672056286955 190.75 7811
1672056359598 200.5 8028
1672056432572 195.25 8245
1672056505117 195.0 8462
1672056577757 194.5 8679
1672056650138 191.0 8896
1672056722974 194.0 9113
1672056795341 195.0 9330
1672056867977 193.0 9547
1672056940296 191.25 9764
1672057012659 192.0 9981
1672057085389 193.5 10198
1672057157752 195.0 10415
1672057230334 193.0 10632
1672057302768 194.75 10849
1672057375740 194.75 11066
1672057448202 193.0 11283
1672057521306 194.25 11500
1672057594287 191.75 11717
1672057667196 191.0 11934
1672057740017 191.5 12151
1672057812813 193.0 12368
1672057885722 193.75 12585
1672057958424 192.75 12802
1672058031216 194.5 13019
1672058103813 192.25 13236
1672058176462 192.5 13453
1672058249683 189.75 13670
1672058322492 191.5 13887
1672058394757 192.25 14104
1672058467447 189.75 14321
1672058540125 192.5 14538
1672058612610 194.0 14755
1672058685002 192.75 14972
1672058757457 188.75 15189
1672058830218 190.25 15406
1672058903048 196.0 15623
1672058975996 192.0 15840
1672059049437 192.25 16057
1672059122137 192.25 16274
1672059194281 192.75 16491
1672059267173 191.5 16708
1672059339712 192.0 16925
1672059412213 193.25 17142
1672059485386 192.5 17359
1672059557964 192.25 17576
1672059630647 192.5 17793
1672059703175 193.0 18010
1672059775709 190.75 18227
1672059848835 193.0 18444
1672059921850 191.5 18661
1672059994873 192.0 18878
1672060067499 191.0 19095
1672060139877 192.5 19312
1672060212512 193.25 19529
1672060338742 192.25 19746
1672060411434 190.5 19963
1672060483675 192.25 20180
1672060556485 191.0 20397
1672060629129 191.5 20614
1672060701664 193.0 20831
1672060774436 192.75 21048
1672060847572 192.75 21265
1672060919968 193.5 21482
1672060992570 192.25 21699
1672061065427 192.25 21916
1672061138501 192.0 22133
1672061211110 192.25 22350
1672061284262 191.75 22567
1672061356352 191.75 22784
1672061429568 194.25 23001
1672061501812 192.25 23218
1672061574581 191.75 23435
1672061647131 192.75 23652
1672061719888 193.0 23869
1672061792352 192.0 24086
1672061864997 192.75 24303
1672061938162 192.0 24520
1672062011033 194.5 24737
1672062083902 197.25 24954
1672062156574 192.25 25171
1672062229718 193.0 25388
1672062302285 197.75 25605
1672062375325 192.25 25822
1672062448129 193.5 26039
1672062520619 192.5 26256
1672062593401 192.75 26473
1672062665983 191.25 26690
1672062739048 191.5 26907
1672062811843 192.0 27124
1672062884470 191.75 27341
1672062957285 191.75 27558
1672063029884 191.75 27775
1672063102054 193.0 27992
1672063174214 194.25 28209
1672063246654 191.75 28426
1672063319203 191.75 28643
1672063392049 192.75 28860
1672063465313 192.0 29077
1672063537823 191.75 29294
1672063610520 191.5 29511
1672063682883 192.75 29728
1672063755637 192.0 29945
1672063828361 192.25 30162
1672063901090 191.75 30379
1672063973769 193.5 30596
1672064046616 190.5 30813
1672064119200 192.0 31030
1672064191991 192.5 31247
1672064265009 192.5 31464
1672064337598 192.0 31681
1672064410700 192.25 31898
1672064483395 191.5 32115
1672064556079 192.75 32332
1672064628608 192.75 32549
