1672053693066 0 49
1672053707331 0 99
1672053721829 0 149
1672053736090 0 199
1672053747363 0 216
1672053750361 1 216
1672053760480 1 249
1672053774854 1 299
1672053789217 1 349
1672053803561 1 399
1672053819572 1 433
1672053822734 2 433
1672053828005 2 449
1672053842254 2 499
1672053856642 2 549
1672053871311 2 599
1672053885687 2 649
1672053892334 2 650
1672053895541 3 650
1672053910146 3 699
1672053924446 3 749
1672053938714 3 799
1672053953053 3 849
1672053964454 3 867
1672053967614 4 867
1672053977416 4 899
1672053991889 4 949
1672054006102 4 999
1672054020640 4 1049
1672054037046 4 1084
1672054040304 5 1084
1672054045219 5 1099
1672054059519 5 1149
1672054073868 5 1199
1672054088131 5 1249
1672054102338 5 1299
1672054109178 5 1301
1672054112331 6 1301
1672054126864 6 1349
1672054141133 6 1399
1672054155515 6 1449
1672054169919 6 1499
1672054181598 6 1518
1672054184810 7 1518
1672054194369 7 1549
1672054208683 7 1599
1672054222964 7 1649
1672054237315 7 1699
1672054253994 7 1735
1672054257150 8 1735
1672054261913 8 1749
1672054276503 8 1799
1672054291105 8 1849
1672054305446 8 1899
1672054319713 8 1949
1672054326746 8 1952
1672054329900 9 1952
1672054344078 9 1999
1672054358432 9 2049
1672054372757 9 2099
1672054387243 9 2149
1672054399414 9 2169
1672054402660 10 2169
1672054412058 10 2199
1672054426353 10 2249
1672054440647 10 2299
1672054455004 10 2349
1672054472012 10 2386
1672054475264 11 2386
1672054479909 11 2399
1672054494249 11 2449
1672054508642 11 2499
1672054523153 11 2549
1672054537607 11 2599
1672054545261 11 2603
1672054548460 12 2603
1672054562341 12 2649
1672054576620 12 2699
1672054590889 12 2749
1672054605120 12 2799
1672054617455 12 2820
1672054620686 13 2820
1672054629645 13 2849
1672054644123 13 2899
1672054658469 13 2949
1672054672906 13 2999
1672054689987 13 3037
1672054693147 14 3037
1672054697277 14 3049
1672054711662 14 3099
1672054726018 14 3149
1672054740395 14 3199
1672054754679 14 3249
1672054762536 14 3254
1672054765715 15 3254
1672054779370 15 3299
1672054793798 15 3349
1672054808270 15 3399
1672054822543 15 3449
1672054835021 15 3471
1672054838163 16 3471
1672054847007 16 3499
1672054861254 16 3549
1672054875532 16 3599
1672054889932 16 3649
1672054907416 16 3688
1672054910579 17 3688
1672054914451 17 3699
1672054928904 17 3749
1672054943227 17 3799
1672054957525 17 3849
1672054972073 17 3899
1672054980254 17 3905
1672054983474 18 3905
1672054996749 18 3949
1672055011172 18 3999
1672055025482 18 4049
1672055039794 18 4099
1672055052606 18 4122
1672055055793 19 4122
1672055064306 19 4149
1672055078546 19 4199
1672055092903 19 4249
1672055107432 19 4299
1672055125320 19 4339
1672055128489 20 4339
1672055132021 20 4349
1672055146327 20 4399
1672055160604 20 4449
1672055175001 20 4499
1672055189242 20 4549
1672055197564 20 4556
1672055200771 21 4556
1672055213861 21 4599
1672055228123 21 4649
1672055242506 21 4699
1672055256926 21 4749
1672055270159 21 4773
1672055273379 22 4773
1672055281506 22 4799
1672055295875 22 4849
1672055310360 22 4899
1672055324727 22 4949
1672055343060 22 4990
1672055346243 23 4990
1672055349509 23 4999
1672055363855 23 5049
1672055378462 23 5099
1672055392807 23 5149
1672055407216 23 5199
1672055415849 23 5207
1672055419026 24 5207
1672055431701 24 5249
1672055446122 24 5299
1672055460438 24 5349
1672055474776 24 5399
1672055488525 24 5424
1672055491678 25 5424
1672055499824 25 5449
1672055514140 25 5499
1672055528503 25 5549
1672055542842 25 5599
1672055561151 25 5641
1672055564282 26 5641
1672055567266 26 5649
1672055581575 26 5699
1672055596054 26 5749
1672055610590 26 5799
1672055625202 26 5849
1672055634089 26 5858
1672055637286 27 5858
1672055649745 27 5899
1672055664051 27 5949
1672055678344 27 5999
1672055692627 27 6049
1672055706294 27 6075
1672055709467 28 6075
1672055717087 28 6099
1672055731684 28 6149
1672055746122 28 6199
1672055760593 28 6249
1672055779190 28 6292
1672055782340 29 6292
1672055785058 29 6299
1672055799340 29 6349
1672055813597 29 6399
1672055827870 29 6449
1672055842294 29 6499
1672055851520 29 6509
1672055854692 30 6509
1672055866925 30 6549
1672055881331 30 6599
1672055895595 30 6649
1672055910034 30 6699
1672055924325 30 6726
1672055927500 31 6726
1672055934839 31 6749
1672055949154 31 6799
1672055963441 31 6849
1672055977711 31 6899
1672055996679 31 6943
1672055999894 32 6943
1672056002317 32 6949
1672056016792 32 6999
1672056031214 32 7049
1672056045610 32 7099
1672056059936 32 7149
1672056069555 32 7160
1672056072684 33 7160
1672056084531 33 7199
1672056098821 33 7249
1672056113122 33 7299
1672056127393 33 7349
1672056141688 33 7377
1672056144886 34 7377
1672056152058 34 7399
1672056166640 34 7449
1672056180963 34 7499
1672056195287 34 7549
1672056214480 34 7594
1672056217640 35 7594
1672056219785 35 7599
1672056234034 35 7649
1672056248328 35 7699
1672056262643 35 7749
1672056277181 35 7799
1672056286955 35 7811
1672056290166 36 7811
1672056301833 36 7849
1672056316199 36 7899
1672056330523 36 7949
1672056344903 36 7999
1672056359598 36 8028
1672056362872 37 8028
1672056369570 37 8049
1672056384118 37 8099
1672056398479 37 8149
1672056412956 37 8199
1672056432572 37 8245
1672056435730 38 8245
1672056437542 38 8249
1672056451899 38 8299
1672056466261 38 8349
1672056480602 38 8399
1672056495000 38 8449
1672056505117 38 8462
1672056508231 39 8462
1672056519639 39 8499
1672056534067 39 8549
1672056548418 39 8599
1672056562703 39 8649
1672056577757 39 8679
1672056580990 40 8679
1672056587530 40 8699
1672056601977 40 8749
1672056616304 40 8799
1672056630548 40 8849
1672056650138 40 8896
1672056653339 41 8896
1672056654921 41 8899
1672056669540 41 8949
1672056683869 41 8999
1672056698296 41 9049
1672056712719 41 9099
1672056722974 41 9113
1672056726156 42 9113
1672056737300 42 9149
1672056751530 42 9199
1672056765767 42 9249
1672056779981 42 9299
1672056795341 42 9330
1672056798493 43 9330
1672056804638 43 9349
1672056819037 43 9399
1672056833502 43 9449
1672056847879 43 9499
1672056867977 43 9547
1672056871120 44 9547
1672056872372 44 9549
1672056886871 44 9599
1672056901114 44 9649
1672056915444 44 9699
1672056929879 44 9749
1672056940296 44 9764
1672056943499 45 9764
1672056954387 45 9799
1672056968672 45 9849
1672056982966 45 9899
1672056997235 45 9949
1672057012659 45 9981
1672057015821 46 9981
1672057021756 46 9999
1672057036236 46 10049
1672057050539 46 10099
1672057064833 46 10149
1672057085389 46 10198
1672057088595 47 10198
1672057089541 47 10199
1672057103966 47 10249
1672057118238 47 10299
1672057132538 47 10349
1672057146797 47 10399
1672057157752 47 10415
1672057160976 48 10415
1672057171398 48 10449
1672057185772 48 10499
1672057200202 48 10549
1672057214549 48 10599
1672057230334 48 10632
1672057233519 49 10632
1672057239113 49 10649
1672057253500 49 10699
1672057267831 49 10749
1672057282177 49 10799
1672057296309 49 10849
1672057302768 49 10849
1672057305887 50 10849
1672057321173 50 10899
1672057335612 50 10949
1672057350193 50 10999
1672057364510 50 11049
1672057375740 50 11066
1672057378996 51 11066
1672057389155 51 11099
1672057403467 51 11149
1672057417742 51 11199
1672057432148 51 11249
1672057448202 51 11283
1672057451392 52 11283
1672057456676 52 11299
1672057471009 52 11349
1672057485550 52 11399
1672057500199 52 11449
1672057514532 52 11499
1672057521306 52 11500
1672057524516 53 11500
1672057539283 53 11549
1672057553590 53 11599
1672057567927 53 11649
1672057582523 53 11699
1672057594287 53 11717
1672057597457 54 11717
1672057607349 54 11749
1672057621705 54 11799
1672057636222 54 11849
1672057650715 54 11899
1672057667196 54 11934
1672057670429 55 11934
1672057675454 55 11949
1672057689811 55 11999
1672057704132 55 12049
1672057718781 55 12099
1672057733119 55 12149
1672057740017 55 12151
1672057743243 56 12151
1672057757849 56 12199
1672057772151 56 12249
1672057786579 56 12299
1672057800873 56 12349
1672057812813 56 12368
1672057816052 57 12368
1672057825639 57 12399
1672057839990 57 12449
1672057854601 57 12499
1672057868953 57 12549
1672057885722 57 12585
1672057888923 58 12585
1672057893638 58 12599
1672057908091 58 12649
1672057922397 58 12699
1672057936772 58 12749
1672057951069 58 12799
1672057958424 58 12802
1672057961615 59 12802
1672057975851 59 12849
1672057990320 59 12899
1672058004601 59 12949
1672058019060 59 12999
1672058031216 59 13019
1672058034421 60 13019
1672058043845 60 13049
1672058058145 60 13099
1672058072423 60 13149
1672058086726 60 13199
1672058103813 60 13236
1672058107022 61 13236
1672058111454 61 13249
1672058125880 61 13299
1672058140150 61 13349
1672058154564 61 13399
1672058168998 61 13449
1672058176462 61 13453
1672058179649 62 13453
1672058193500 62 13499
1672058207863 62 13549
1672058222609 62 13599
1672058237117 62 13649
1672058249683 62 13670
1672058252913 63 13670
1672058261927 63 13699
1672058276358 63 13749
1672058290835 63 13799
1672058305285 63 13849
1672058322492 63 13887
1672058325674 64 13887
1672058329836 64 13899
1672058344092 64 13949
1672058358344 64 13999
1672058372628 64 14049
1672058386986 64 14099
1672058394757 64 14104
1672058397971 65 14104
1672058411816 65 14149
1672058426060 65 14199
1672058440301 65 14249
1672058454562 65 14299
1672058467447 65 14321
1672058470643 66 14321
1672058479444 66 14349
1672058493731 66 14399
1672058508027 66 14449
1672058522464 66 14499
1672058540125 66 14538
1672058543293 67 14538
1672058547111 67 14549
1672058561526 67 14599
1672058575853 67 14649
1672058590335 67 14699
1672058604614 67 14749
1672058612610 67 14755
1672058615768 68 14755
1672058629125 68 14799
1672058643420 68 14849
1672058657864 68 14899
1672058672101 68 14949
1672058685002 68 14972
1672058688132 69 14972
1672058696687 69 14999
1672058711064 69 15049
1672058725400 69 15099
1672058739771 69 15149
1672058757457 69 15189
1672058760670 70 15189
1672058764380 70 15199
1672058778750 70 15249
1672058793138 70 15299
1672058807383 70 15349
1672058821929 70 15399
1672058830218 70 15406
1672058833398 71 15406
1672058846417 71 15449
1672058861019 71 15499
1672058875383 71 15549
1672058889779 71 15599
1672058903048 71 15623
1672058906177 72 15623
1672058914468 72 15649
1672058928790 72 15699
1672058943432 72 15749
1672058957757 72 15799
1672058975996 72 15840
1672058979174 73 15840
1672058982451 73 15849
1672058996832 73 15899
1672059011204 73 15949
1672059025742 73 15999
1672059040268 73 16049
1672059049437 73 16057
1672059052684 74 16057
1672059065571 74 16099
1672059079908 74 16149
1672059094327 74 16199
1672059108626 74 16249
1672059122137 74 16274
1672059125363 75 16274
1672059133161 75 16299
1672059147566 75 16349
1672059161809 75 16399
1672059176092 75 16449
1672059194281 75 16491
1672059197503 76 16491
1672059200644 76 16499
1672059215098 76 16549
1672059229577 76 16599
1672059243913 76 16649
1672059258293 76 16699
1672059267173 76 16708
1672059270325 77 16708
1672059282853 77 16749
1672059297159 77 16799
1672059311414 77 16849
1672059325816 77 16899
1672059339712 77 16925
1672059342978 78 16925
1672059350568 78 16949
1672059365008 78 16999
1672059379318 78 17049
1672059393641 78 17099
1672059412213 78 17142
1672059415442 79 17142
1672059418062 79 17149
1672059432563 79 17199
1672059446946 79 17249
1672059461391 79 17299
1672059475907 79 17349
1672059485386 79 17359
1672059488510 80 17359
1672059500827 80 17399
1672059515194 80 17449
1672059529570 80 17499
1672059543918 80 17549
1672059557964 80 17576
1672059561240 81 17576
1672059568483 81 17599
1672059582887 81 17649
1672059597168 81 17699
1672059611592 81 17749
1672059630647 81 17793
1672059633814 82 17793
1672059636248 82 17799
1672059650549 82 17849
1672059664900 82 17899
1672059679229 82 17949
1672059693720 82 17999
1672059703175 82 18010
1672059706362 83 18010
1672059718206 83 18049
1672059732532 83 18099
1672059746962 83 18149
1672059761375 83 18199
1672059775709 83 18227
1672059778924 84 18227
1672059785968 84 18249
1672059800440 84 18299
1672059814859 84 18349
1672059829304 84 18399
1672059848835 84 18444
1672059852058 85 18444
1672059854365 85 18449
1672059868732 85 18499
1672059883258 85 18549
1672059897632 85 18599
1672059912010 85 18649
1672059921850 85 18661
1672059925036 86 18661
1672059936661 86 18699
1672059951079 86 18749
1672059965507 86 18799
1672059980051 86 18849
1672059994873 86 18878
1672059998087 87 18878
1672060004803 87 18899
1672060019280 87 18949
1672060033648 87 18999
1672060047981 87 19049
1672060067499 87 19095
1672060070674 88 19095
1672060072513 88 19099
1672060086772 88 19149
1672060101195 88 19199
1672060115483 88 19249
1672060129841 88 19299
1672060139877 88 19312
1672060143107 89 19312
1672060154347 89 19349
1672060168916 89 19399
1672060183241 89 19449
1672060197510 89 19499
1672060212512 89 19529
1672060215658 90 19529
1672060222088 90 19549
1672060290226 90 19599
1672060304517 90 19649
1672060318941 90 19699
1672060338742 90 19746
1672060341943 91 19746
1672060343486 91 19749
1672060357765 91 19799
1672060372191 91 19849
1672060386620 91 19899
1672060400954 91 19949
1672060411434 91 19963
1672060414580 92 19963
1672060425526 92 19999
1672060439909 92 20049
1672060454139 92 20099
1672060468353 92 20149
1672060483675 92 20180
1672060486803 93 20180
1672060492911 93 20199
1672060507582 93 20249
1672060521903 93 20299
1672060536387 93 20349
1672060556485 93 20397
1672060559749 94 20397
1672060561001 94 20399
1672060575350 94 20449
1672060589831 94 20499
1672060604168 94 20549
1672060618633 94 20599
1672060629129 94 20614
1672060632297 95 20614
1672060643089 95 20649
1672060657430 95 20699
1672060671879 95 20749
1672060686192 95 20799
1672060701664 95 20831
1672060704889 96 20831
1672060710841 96 20849
1672060725130 96 20899
1672060739543 96 20949
1672060754002 96 20999
1672060774436 96 21048
1672060777664 97 21048
1672060778633 97 21049
1672060793030 97 21099
1672060807618 97 21149
1672060822045 97 21199
1672060836611 97 21249
1672060847572 97 21265
1672060850701 98 21265
1672060861085 98 21299
1672060875515 98 21349
1672060889918 98 21399
1672060904328 98 21449
1672060919968 98 21482
1672060923154 99 21482
1672060928704 99 21499
1672060943005 99 21549
1672060957334 99 21599
1672060971655 99 21649
1672060986051 99 21699
1672060992570 99 21699
1672060995794 100 21699
1672061010825 100 21749
1672061025479 100 21799
1672061039848 100 21849
1672061054252 100 21899
1672061065427 100 21916
1672061068603 101 21916
1672061078819 101 21949
1672061093189 101 21999
1672061107546 101 22049
1672061122008 101 22099
1672061138501 101 22133
1672061141676 102 22133
1672061147114 102 22149
1672061161463 102 22199
1672061175834 102 22249
1672061190153 102 22299
1672061204485 102 22349
1672061211110 102 22350
1672061214351 103 22350
1672061229118 103 22399
1672061243653 103 22449
1672061258371 103 22499
1672061272780 103 22549
1672061284262 103 22567
1672061287464 104 22567
1672061297283 104 22599
1672061311576 104 22649
1672061325873 104 22699
1672061340172 104 22749
1672061356352 104 22784
1672061359533 105 22784
1672061364510 105 22799
1672061378844 105 22849
1672061393488 105 22899
1672061408109 105 22949
1672061422404 105 22999
1672061429568 105 23001
1672061432781 106 23001
1672061447257 106 23049
1672061461499 106 23099
1672061475750 106 23149
1672061490007 106 23199
1672061501812 106 23218
1672061504932 107 23218
1672061514759 107 23249
1672061529144 107 23299
1672061543505 107 23349
1672061557764 107 23399
1672061574581 107 23435
1672061577744 108 23435
1672061582468 108 23449
1672061596820 108 23499
1672061611136 108 23549
1672061625430 108 23599
1672061639708 108 23649
1672061647131 108 23652
1672061650380 109 23652
1672061664581 109 23699
1672061679052 109 23749
1672061693341 109 23799
1672061707654 109 23849
1672061719888 109 23869
1672061723054 110 23869
1672061732310 110 23899
1672061746597 110 23949
1672061761025 110 23999
1672061775332 110 24049
1672061792352 110 24086
1672061795500 111 24086
1672061799899 111 24099
1672061814438 111 24149
1672061828814 111 24199
1672061843192 111 24249
1672061857552 111 24299
1672061864997 111 24303
1672061868262 112 24303
1672061882170 112 24349
1672061896655 112 24399
1672061910980 112 24449
1672061925437 112 24499
1672061938162 112 24520
1672061941381 113 24520
1672061950461 113 24549
1672061964804 113 24599
1672061979210 113 24649
1672061993629 113 24699
1672062011033 113 24737
1672062014221 114 24737
1672062018315 114 24749
1672062032610 114 24799
1672062046870 114 24849
1672062061377 114 24899
1672062075733 114 24949
1672062083902 114 24954
1672062087059 115 24954
1672062100600 115 24999
1672062114963 115 25049
1672062129441 115 25099
1672062143824 115 25149
1672062156574 115 25171
1672062159802 116 25171
1672062168500 116 25199
1672062183003 116 25249
1672062197359 116 25299
1672062212176 116 25349
1672062229718 116 25388
1672062232871 117 25388
1672062236715 117 25399
1672062250965 117 25449
1672062265258 117 25499
1672062279946 117 25549
1672062294229 117 25599
1672062302285 117 25605
1672062305455 118 25605
1672062318779 118 25649
1672062333298 118 25699
1672062347711 118 25749
1672062362417 118 25799
1672062375325 118 25822
1672062378477 119 25822
1672062386972 119 25849
1672062401305 119 25899
1672062415756 119 25949
1672062430165 119 25999
1672062448129 119 26039
1672062451342 120 26039
1672062454846 120 26049
1672062469095 120 26099
1672062483485 120 26149
1672062497901 120 26199
1672062512216 120 26249
1672062520619 120 26256
1672062523826 121 26256
1672062537024 121 26299
1672062551423 121 26349
1672062565734 121 26399
1672062580174 121 26449
1672062593401 121 26473
1672062596672 122 26473
1672062604836 122 26499
1672062619226 122 26549
1672062633625 122 26599
1672062647872 122 26649
1672062665983 122 26690
1672062669160 123 26690
1672062672572 123 26699
1672062686911 123 26749
1672062701419 123 26799
1672062715786 123 26849
1672062730142 123 26899
1672062739048 123 26907
1672062742255 124 26907
1672062754956 124 26949
1672062769460 124 26999
1672062783793 124 27049
1672062798215 124 27099
1672062811843 124 27124
1672062815028 125 27124
1672062822962 125 27149
1672062837483 125 27199
1672062851912 125 27249
1672062866297 125 27299
1672062884470 125 27341
1672062887638 126 27341
1672062890607 126 27349
1672062905078 126 27399
1672062919635 126 27449
1672062933904 126 27499
1672062948301 126 27549
1672062957285 126 27558
1672062960485 127 27558
1672062972929 127 27599
1672062987181 127 27649
1672063001440 127 27699
1672063015698 127 27749
1672063029884 127 27775
1672063033065 128 27775
1672063040690 128 27799
1672063054945 128 27849
1672063069293 128 27899
1672063083646 128 27949
1672063102054 128 27992
1672063105256 129 27992
1672063107938 129 27999
1672063122217 129 28049
1672063136479 129 28099
1672063150771 129 28149
1672063165213 129 28199
1672063174214 129 28209
1672063177373 130 28209
1672063189745 130 28249
1672063204018 130 28299
1672063218285 130 28349
1672063232685 130 28399
1672063246654 130 28426
1672063249881 131 28426
1672063257117 131 28449
1672063271438 131 28499
1672063285863 131 28549
1672063300333 131 28599
1672063319203 131 28643
1672063322414 132 28643
1672063324866 132 28649
1672063339330 132 28699
1672063353755 132 28749
1672063368096 132 28799
1672063382476 132 28849
1672063392049 132 28860
1672063395235 133 28860
1672063407214 133 28899
1672063421808 133 28949
1672063436382 133 28999
1672063450808 133 29049
1672063465313 133 29077
1672063468574 134 29077
1672063475674 134 29099
1672063489996 134 29149
1672063504295 134 29199
1672063518608 134 29249
1672063537823 134 29294
1672063540995 135 29294
1672063543151 135 29299
1672063557580 135 29349
1672063571888 135 29399
1672063586328 135 29449
1672063600623 135 29499
1672063610520 135 29511
1672063613672 136 29511
1672063625168 136 29549
1672063639479 136 29599
1672063653755 136 29649
1672063668017 136 29699
1672063682883 136 29728
1672063686019 137 29728
1672063692881 137 29749
1672063707183 137 29799
1672063721461 137 29849
1672063735927 137 29899
1672063755637 137 29945
1672063758860 138 29945
1672063760699 138 29949
1672063775039 138 29999
1672063789447 138 30049
1672063803921 138 30099
1672063818293 138 30149
1672063828361 138 30162
1672063831573 139 30162
1672063842885 139 30199
1672063857382 139 30249
1672063871751 139 30299
1672063886212 139 30349
1672063901090 139 30379
1672063904312 140 30379
1672063910711 140 30399
1672063925105 140 30449
1672063939592 140 30499
1672063954077 140 30549
1672063973769 140 30596
1672063976922 141 30596
1672063978677 141 30599
1672063993058 141 30649
1672064007535 141 30699
1672064021862 141 30749
1672064036178 141 30799
1672064046616 141 30813
1672064049793 142 30813
1672064060742 142 30849
1672064075034 142 30899
1672064089443 142 30949
1672064103831 142 30999
1672064119200 142 31030
1672064122434 143 31030
1672064128579 143 31049
1672064143109 143 31099
1672064157506 143 31149
1672064171916 143 31199
1672064191991 143 31247
1672064195198 144 31247
1672064196407 144 31249
1672064210948 144 31299
1672064225343 144 31349
1672064239654 144 31399
1672064254225 144 31449
1672064265009 144 31464
1672064268294 145 31464
1672064279020 145 31499
1672064293533 145 31549
1672064307857 145 31599
1672064322187 145 31649
1672064337598 145 31681
1672064340817 146 31681
1672064346716 146 31699
1672064361270 146 31749
1672064375770 146 31799
1672064390269 146 31849
1672064410700 146 31898
1672064413897 147 31898
1672064414895 147 31899
1672064429376 147 31949
1672064443756 147 31999
1672064458055 147 32049
1672064472411 147 32099
1672064483395 147 32115
1672064486600 148 32115
1672064497011 148 32149
1672064511306 148 32199
1672064525803 148 32249
1672064540223 148 32299
1672064556079 148 32332
1672064559220 149 32332
1672064564821 149 32349
1672064579105 149 32399
1672064593395 149 32449
1672064607666 149 32499
1672064621900 149 32549
1672064628608 149 32549
1672064631603 150 32549
