1672053747363 0.0 216
1672053819572 0.0 433
1672053892334 0.0 650
1672053964454 0.0 867
1672054037046 0.0 1084
1672054109178 0.0 1301
1672054181598 0.0 1518
1672054253994 0.0 1735
1672054326746 0.0 1952
1672054399414 0.0 2169
1672054472012 0.0 2386
1672054545261 0.0 2603
1672054617455 0.0 2820
1672054689987 0.0 3037
1672054762536 0.0 3254
1672054835021 0.0 3471
1672054907416 0.0 3688
1672054980254 0.0 3905
1672055052606 0.0 4122
1672055125320 0.0 4339
1672055197564 0.0 4556
1672055270159 0.0 4773
1672055343060 0.0 4990
1672055415849 0.0 5207
1672055488525 0.0 5424
1672055561151 0.0 5641
1672055634089 0.0 5858
1672055706294 0.0 6075
1672055779190 0.0 6292
1672055851520 0.0 6509
1672055924325 0.0 6726
1672055996679 0.0 6943
1672056069555 0.0 7160
1672056141688 0.0 7377
1672056214480 0.0 7594
1672056286955 0.0 7811
1672056359598 0.0 8028
1672056432572 0.0 8245
1672056505117 0.0 8462
1672056577757 0.0 8679
1672056650138 0.0 8896
1672056722974 0.0 9113
1672056795341 0.0 9330
1672056867977 0.0 9547
1672056940296 0.0 9764
1672057012659 0.0 9981
1672057085389 0.0 10198
1672057157752 0.0 10415
1672057230334 0.0 10632
1672057302768 0.0 10849
1672057375740 0.25 11066
1672057448202 0.0 11283
1672057521306 0.0 11500
1672057594287 1.0 11717
1672057667196 0.25 11934
1672057740017 0.0 12151
1672057812813 0.0 12368
1672057885722 0.0 12585
1672057958424 0.75 12802
1672058031216 1.25 13019
1672058103813 1.0 13236
1672058176462 0.25 13453
1672058249683 1.0 13670
1672058322492 0.25 13887
1672058394757 1.0 14104
1672058467447 1.5 14321
1672058540125 1.0 14538
1672058612610 0.75 14755
1672058685002 0.75 14972
1672058757457 1.0 15189
1672058830218 1.0 15406
1672058903048 0.0 15623
1672058975996 1.0 15840
1672059049437 1.0 16057
1672059122137 1.0 16274
1672059194281 0.75 16491
1672059267173 1.5 16708
1672059339712 1.0 16925
1672059412213 1.0 17142
1672059485386 1.0 17359
1672059557964 1.25 17576
1672059630647 1.0 17793
1672059703175 0.5 18010
1672059775709 1.25 18227
1672059848835 1.0 18444
1672059921850 1.5 18661
1672059994873 1.5 18878
1672060067499 1.25 19095
1672060139877 1.0 19312
1672060212512 0.25 19529
1672060338742 1.0 19746
1672060411434 1.25 19963
1672060483675 1.25 20180
1672060556485 2.0 20397
1672060629129 1.5 20614
1672060701664 0.5 20831
1672060774436 0.5 21048
1672060847572 0.5 21265
1672060919968 0.25 21482
1672060992570 1.0 21699
1672061065427 1.25 21916
1672061138501 1.25 22133
1672061211110 1.5 22350
1672061284262 1.5 22567
1672061356352 1.5 22784
1672061429568 0.5 23001
1672061501812 1.0 23218
1672061574581 1.5 23435
1672061647131 0.5 23652
1672061719888 0.5 23869
1672061792352 1.5 24086
1672061864997 0.5 24303
1672061938162 1.25 24520
1672062011033 0.5 24737
1672062083902 1.5 24954
1672062156574 1.5 25171
1672062229718 0.5 25388
1672062302285 1.0 25605
1672062375325 1.0 25822
1672062448129 0.5 26039
1672062520619 0.75 26256
1672062593401 0.5 26473
1672062665983 0.5 26690
1672062739048 1.25 26907
1672062811843 1.25 27124
1672062884470 1.5 27341
1672062957285 1.5 27558
1672063029884 1.5 27775
1672063102054 0.25 27992
1672063174214 0.75 28209
1672063246654 1.5 28426
1672063319203 1.0 28643
1672063392049 0.5 28860
1672063465313 1.0 29077
1672063537823 1.5 29294
1672063610520 1.0 29511
1672063682883 0.75 29728
1672063755637 0.5 29945
1672063828361 1.25 30162
1672063901090 1.25 30379
1672063973769 0.25 30596
1672064046616 1.5 30813
1672064119200 1.25 31030
1672064191991 0.75 31247
1672064265009 0.75 31464
1672064337598 1.25 31681
1672064410700 1.25 31898
1672064483395 1.5 32115
1672064556079 0.5 32332
1672064628608 0.5 32549
