1672053750361 1.769831281461545 216
1672053822734 1.7439510600564614 433
1672053895541 1.7418569811224651 650
1672053967614 1.740642266278834 867
1672054040304 1.7336817782959026 1084
1672054112331 1.7306053525509753 1301
1672054184810 1.7233071189875226 1518
1672054257150 1.72096548874247 1735
1672054329900 1.7136201217058875 1952
1672054402660 1.7052327944357224 2169
1672054475264 1.7025738106893522 2386
1672054548460 1.7068035445285688 2603
1672054620686 1.698466813073492 2820
1672054693147 1.7016084121516941 3037
1672054765715 1.6955612746820974 3254
1672054838163 1.6908425840768577 3471
1672054910579 1.6898537469578085 3688
1672054983474 1.686495486227249 3905
1672055055793 1.6818646098191805 4122
1672055128489 1.6807487515704904 4339
1672055200771 1.6812233168990058 4556
1672055273379 1.6773451322935902 4773
1672055346243 1.6824526609813342 4990
1672055419026 1.6751056037745957 5207
1672055491678 1.67918534554095 5424
1672055564282 1.6713307281956638 5641
1672055637286 1.6738731136181295 5858
1672055709467 1.6738934241237315 6075
1672055782340 1.6706821400573346 6292
1672055854692 1.6670440425227757 6509
1672055927500 1.6693581243917361 6726
1672055999894 1.6670560205576777 6943
1672056072684 1.6675299870017375 7160
1672056144886 1.6685458337613848 7377
1672056217640 1.6632548990559113 7594
1672056290166 1.659002576362363 7811
1672056362872 1.6639143166090011 8028
1672056435730 1.6609856141759138 8245
1672056508231 1.656591051909899 8462
1672056580990 1.6597848470242442 8679
1672056653339 1.6571718122284524 8896
1672056726156 1.6548259318805327 9113
1672056798493 1.6528926291289656 9330
1672056871120 1.65553483354308 9547
1672056943499 1.6571968062694649 9764
1672057015821 1.6496309938176894 9981
1672057088595 1.6523427449589518 10198
1672057160976 1.6510614067720502 10415
1672057233519 1.6502252997137954 10632
1672057305887 1.645160579009789 10849
1672057378996 1.6439588291449732 11066
1672057451392 1.6483483049331602 11283
1672057524516 1.64409342781201 11500
1672057597457 1.643030470573917 11717
1672057670429 1.641335672112685 11934
1672057743243 1.6446289260104887 12151
1672057816052 1.6450221449146396 12368
1672057888923 1.6415250479106274 12585
1672057961615 1.6385693633984895 12802
1672058034421 1.6387221159352747 13019
1672058107022 1.635461984976836 13236
1672058179649 1.6402600969937455 13453
1672058252913 1.6348678581353329 13670
1672058325674 1.6383843810899987 13887
1672058397971 1.6380077305431966 14104
1672058470643 1.633397971586375 14321
1672058543293 1.6344265986005946 14538
1672058615768 1.629636224850577 14755
1672058688132 1.6310950773977297 14972
1672058760670 1.6303947362252038 15189
1672058833398 1.6336670480196753 15406
1672058906177 1.6311108913780001 15623
1672058979174 1.6315007483486157 15840
1672059052684 1.6306784481880683 16057
1672059125363 1.6310849495733248 16274
1672059197503 1.625539234996497 16491
1672059270325 1.6269097861015163 16708
1672059342978 1.6235093491832326 16925
1672059415442 1.6253194666183735 17142
1672059488510 1.6286746639830687 17359
1672059561240 1.6268774064654103 17576
1672059633814 1.6289322362572658 17793
1672059706362 1.6278417536861163 18010
1672059778924 1.6221738140682207 18227
1672059852058 1.622796488741507 18444
1672059925036 1.6272651468980088 18661
1672059998087 1.6240724965515707 18878
1672060070674 1.6251290594797487 19095
1672060143107 1.6205260612326287 19312
1672060215658 1.6222724635645656 19529
1672060341943 1.6197470291415297 19746
1672060414580 1.6221422273257198 19963
1672060486803 1.6240845420566723 20180
1672060559749 1.6211126605256616 20397
1672060632297 1.6238825423214711 20614
1672060704889 1.621147946825105 20831
1672060777664 1.6151681904392445 21048
1672060850701 1.6226200385928873 21265
1672060923154 1.6148790020950405 21482
1672060995794 1.6175520945264612 21699
1672061068603 1.6162093329071483 21916
1672061141676 1.6159367984861455 22133
1672061214351 1.6132962503394221 22350
1672061287464 1.6164939347484721 22567
1672061359533 1.6171436396474193 22784
1672061432781 1.615901779905452 23001
1672061504932 1.6171665475200425 23218
1672061577744 1.6144188393275847 23435
1672061650380 1.6129716618502072 23652
1672061723054 1.6125489765252485 23869
1672061795500 1.6153612161550734 24086
1672061868262 1.6121336845946397 24303
1672061941381 1.6148640105314003 24520
1672062014221 1.6109405591833288 24737
1672062087059 1.6087920793631652 24954
1672062159802 1.6125595752106432 25171
1672062232871 1.61040020642457 25388
1672062305455 1.612945765393289 25605
1672062378477 1.611849954460543 25822
1672062451342 1.6068649054811115 26039
1672062523826 1.6110263715415638 26256
1672062596672 1.6050692570265535 26473
1672062669160 1.6069618519111406 26690
1672062742255 1.6070932933590536 26907
1672062815028 1.6057099330906253 27124
1672062887638 1.6058411811197641 27341
1672062960485 1.6056108148876913 27558
1672063033065 1.6091180302757788 27775
1672063105256 1.6046064162641505 27992
1672063177373 1.609692968176967 28209
1672063249881 1.6066569082289188 28426
1672063322414 1.6039037554177964 28643
1672063395235 1.6050753641675801 28860
1672063468574 1.6004042264688176 29077
1672063540995 1.6040197633632924 29294
1672063613672 1.6038146388907597 29511
1672063686019 1.6064459007315506 29728
1672063758860 1.6038136098523386 29945
1672063831573 1.6033664979112077 30162
1672063904312 1.601429955310729 30379
1672063976922 1.6024988408655554 30596
1672064049793 1.5993220039907037 30813
1672064122434 1.6012800086350165 31030
1672064195198 1.6000958072263427 31247
1672064268294 1.6021461516735025 31464
1672064340817 1.6027636194382695 31681
1672064413897 1.6052566736006324 31898
1672064486600 1.6003717834485864 32115
1672064559220 1.5980920803923775 32332
1672064631603 1.5994066413412606 32549
