1672053693066 0.6833333373069763 49
1672053707331 0.5833333730697632 99
1672053721829 0.60317462682724 149
1672053736090 0.7142857313156128 199
1672053760480 0.75 249
1672053774854 0.6166666746139526 299
1672053789217 0.7416666746139526 349
1672053803561 0.6166666746139526 399
1672053828005 0.5833333730697632 449
1672053842254 0.797619104385376 499
1672053856642 0.6138889193534851 549
1672053871311 0.5166666507720947 599
1672053885687 0.6166666746139526 649
1672053910146 0.5476190447807312 699
1672053924446 0.763888955116272 749
1672053938714 0.550000011920929 799
1672053953053 0.32499998807907104 849
1672053977416 0.6666666865348816 899
1672053991889 0.6111111640930176 949
1672054006102 0.5833333730697632 999
1672054020640 0.699999988079071 1049
1672054045219 0.7152777910232544 1099
1672054059519 0.6166666746139526 1149
1672054073868 0.6785714626312256 1199
1672054088131 0.6041666865348816 1249
1672054102338 0.6666666865348816 1299
1672054126864 0.9375 1349
1672054141133 0.6970238089561462 1399
1672054155515 0.6375000476837158 1449
1672054169919 0.6415584683418274 1499
1672054194369 0.7559524178504944 1549
1672054208683 0.6746032238006592 1599
1672054222964 0.7392857074737549 1649
1672054237315 0.3333333432674408 1699
1672054261913 0.4833333492279053 1749
1672054276503 0.6583333611488342 1799
1672054291105 0.8125 1849
1672054305446 0.7749999761581421 1899
1672054319713 0.8583333492279053 1949
1672054344078 0.7416666746139526 1999
1672054358432 0.7470238208770752 2049
1672054372757 0.6388888955116272 2099
1672054387243 0.7559523582458496 2149
1672054412058 0.6583333611488342 2199
1672054426353 0.6428571939468384 2249
1672054440647 0.511904776096344 2299
1672054455004 0.7083333730697632 2349
1672054479909 0.6904762387275696 2399
1672054494249 0.8809524178504944 2449
1672054508642 0.8388888835906982 2499
1672054523153 0.6333333849906921 2549
1672054537607 0.49642854928970337 2599
1672054562341 0.44999998807907104 2649
1672054576620 0.5178571343421936 2699
1672054590889 0.6625000238418579 2749
1672054605120 0.6597222089767456 2799
1672054629645 0.6578283309936523 2849
1672054644123 0.3392857313156128 2899
1672054658469 0.6097222566604614 2949
1672054672906 0.773809552192688 2999
1672054697277 0.7351190447807312 3049
1672054711662 0.5874999761581421 3099
1672054726018 0.6458333730697632 3149
1672054740395 0.6875 3199
1672054754679 0.625 3249
1672054779370 0.5892857313156128 3299
1672054793798 0.6761904954910278 3349
1672054808270 0.5568181872367859 3399
1672054822543 0.36666667461395264 3449
1672054847007 0.8785714507102966 3499
1672054861254 0.949999988079071 3549
1672054875532 0.7083333730697632 3599
1672054889932 0.8785714507102966 3649
1672054914451 0.20000000298023224 3699
1672054928904 0.6666666865348816 3749
1672054943227 0.8928571939468384 3799
1672054957525 0.5138888955116272 3849
1672054972073 0.7000000476837158 3899
1672054996749 0.6642857193946838 3949
1672055011172 0.7208333015441895 3999
1672055025482 0.6000000238418579 4049
1672055039794 0.5267857313156128 4099
1672055064306 0.5928571224212646 4149
1672055078546 0.735119104385376 4199
1672055092903 0.7500000596046448 4249
1672055107432 0.7939394116401672 4299
1672055132021 0.7249999642372131 4349
1672055146327 0.949999988079071 4399
1672055160604 0.5571428537368774 4449
1672055175001 0.7430556416511536 4499
1672055189242 0.5821428894996643 4549
1672055213861 0.6761904954910278 4599
1672055228123 0.7972222566604614 4649
1672055242506 0.7142857313156128 4699
1672055256926 0.5 4749
1672055281506 0.6000000238418579 4799
1672055295875 0.5928571224212646 4849
1672055310360 0.6857143044471741 4899
1672055324727 0.6388888955116272 4949
1672055349509 0.6875 4999
1672055363855 0.5392857193946838 5049
1672055378462 0.523809552192688 5099
1672055392807 0.7833333611488342 5149
1672055407216 0.625 5199
1672055431701 0.7666666507720947 5249
1672055446122 0.7416666746139526 5299
1672055460438 0.798701286315918 5349
1672055474776 0.5 5399
1672055499824 0.48571428656578064 5449
1672055514140 0.7416666746139526 5499
1672055528503 0.887499988079071 5549
1672055542842 0.5 5599
1672055567266 0.49761903285980225 5649
1672055581575 0.6666666865348816 5699
1672055596054 0.6484127044677734 5749
1672055610590 0.8017857074737549 5799
1672055625202 0.7285714149475098 5849
1672055649745 0.8041666746139526 5899
1672055664051 0.824999988079071 5949
1672055678344 0.773809552192688 5999
1672055692627 0.523809552192688 6049
1672055717087 0.3222222328186035 6099
1672055731684 0.5267857313156128 6149
1672055746122 0.36666667461395264 6199
1672055760593 0.7777778506278992 6249
1672055785058 0.7420635223388672 6299
1672055799340 0.5416666865348816 6349
1672055813597 0.5821428894996643 6399
1672055827870 0.40833333134651184 6449
1672055842294 0.826388955116272 6499
1672055866925 0.8666666746139526 6549
1672055881331 0.7833333611488342 6599
1672055895595 0.5375000238418579 6649
1672055910034 0.6071428656578064 6699
1672055934839 0.8597221970558167 6749
1672055949154 0.5952380895614624 6799
1672055963441 0.6416666507720947 6849
1672055977711 0.8865079879760742 6899
1672056002317 0.7833333611488342 6949
1672056016792 0.4375 6999
1672056031214 0.6595238447189331 7049
1672056045610 0.5 7099
1672056059936 0.8500000238418579 7149
1672056084531 0.8214285969734192 7199
1672056098821 0.690079391002655 7249
1672056113122 0.625 7299
1672056127393 0.8392857313156128 7349
1672056152058 0.7416666746139526 7399
1672056166640 0.6791666746139526 7449
1672056180963 0.3541666865348816 7499
1672056195287 0.6439393758773804 7549
1672056219785 0.5976190567016602 7599
1672056234034 0.7833333611488342 7649
1672056248328 0.6726190447807312 7699
1672056262643 0.2916666865348816 7749
1672056277181 0.5357142686843872 7799
1672056301833 0.4333333373069763 7849
1672056316199 0.7250000238418579 7899
1672056330523 0.5684524178504944 7949
1672056344903 0.6666666269302368 7999
1672056369570 0.7972222566604614 8049
1672056384118 0.5809524059295654 8099
1672056398479 0.7749999761581421 8149
1672056412956 0.824999988079071 8199
1672056437542 0.5083333253860474 8249
1672056451899 0.7559524178504944 8299
1672056466261 0.8166666626930237 8349
1672056480602 0.4642857313156128 8399
1672056495000 0.5305556058883667 8449
1672056519639 0.6833333373069763 8499
1672056534067 0.6041666865348816 8549
1672056548418 0.7222222685813904 8599
1672056562703 0.826388955116272 8649
1672056587530 0.8095238208770752 8699
1672056601977 0.1428571492433548 8749
1672056616304 0.5791667103767395 8799
1672056630548 0.9285714626312256 8849
1672056654921 0.737500011920929 8899
1672056669540 0.49761903285980225 8949
1672056683869 0.2857142686843872 8999
1672056698296 0.7767857313156128 9049
1672056712719 0.7147727608680725 9099
1672056737300 0.9142857193946838 9149
1672056751530 0.8660714626312256 9199
1672056765767 0.8184523582458496 9249
1672056779981 0.4888888895511627 9299
1672056804638 0.7166666984558105 9349
1672056819037 0.7976190447807312 9399
1672056833502 0.747619092464447 9449
1672056847879 0.8785714507102966 9499
1672056872372 0.8666666746139526 9549
1672056886871 0.7083333730697632 9599
1672056901114 0.7192460298538208 9649
1672056915444 0.6499999761581421 9699
1672056929879 0.6166666746139526 9749
1672056954387 0.44999998807907104 9799
1672056968672 0.7222222089767456 9849
1672056982966 0.8875000476837158 9899
1672056997235 0.7559524178504944 9949
1672057021756 0.7833333611488342 9999
1672057036236 0.5833333730697632 10049
1672057050539 0.949999988079071 10099
1672057064833 0.6916666626930237 10149
1672057089541 0.8642857074737549 10199
1672057103966 0.6642857193946838 10249
1672057118238 0.5416666865348816 10299
1672057132538 0.6142857074737549 10349
1672057146797 0.4166666865348816 10399
1672057171398 0.8452381491661072 10449
1672057185772 0.8472222089767456 10499
1672057200202 0.550000011920929 10549
1672057214549 0.5333333015441895 10599
1672057239113 0.8392857313156128 10649
1672057253500 0.7708333730697632 10699
1672057267831 0.6814394593238831 10749
1672057282177 0.6666666865348816 10799
1672057296309 0.5 10849
1672057321173 0.5666666626930237 10899
1672057335612 0.7208333611488342 10949
1672057350193 0.37012988328933716 10999
1672057364510 0.6458333730697632 11049
1672057389155 0.6666666865348816 11099
1672057403467 0.5595238208770752 11149
1672057417742 0.7708333730697632 11199
1672057432148 0.75 11249
1672057456676 0.7833333611488342 11299
1672057471009 0.4583333730697632 11349
1672057485550 0.7083333730697632 11399
1672057500199 0.773809552192688 11449
1672057514532 0.797619104385376 11499
1672057539283 0.699999988079071 11549
1672057553590 0.699999988079071 11599
1672057567927 0.4809523820877075 11649
1672057582523 0.8439394235610962 11699
1672057607349 0.6809524297714233 11749
1672057621705 0.44999998807907104 11799
1672057636222 0.7142857313156128 11849
1672057650715 0.6875 11899
1672057675454 0.7000000476837158 11949
1672057689811 0.5359848737716675 11999
1672057704132 0.73333340883255 12049
1672057718781 0.797619104385376 12099
1672057733119 0.6071428656578064 12149
1672057757849 0.72817462682724 12199
1672057772151 0.6365079283714294 12249
1672057786579 0.6041666865348816 12299
1672057800873 0.3976190686225891 12349
1672057825639 0.7651515603065491 12399
1672057839990 0.8999999761581421 12449
1672057854601 0.6583333611488342 12499
1672057868953 0.5 12549
1672057893638 0.6309524178504944 12599
1672057908091 0.6666666865348816 12649
1672057922397 0.8333333730697632 12699
1672057936772 0.8517857193946838 12749
1672057951069 0.8333333730697632 12799
1672057975851 0.8928571343421936 12849
1672057990320 0.6875 12899
1672058004601 0.5392857193946838 12949
1672058019060 0.2916666865348816 12999
1672058043845 0.8333333730697632 13049
1672058058145 0.7192460894584656 13099
1672058072423 0.6642857193946838 13149
1672058086726 0.8309524059295654 13199
1672058111454 0.8333333730697632 13249
1672058125880 0.5178571343421936 13299
1672058140150 0.6059523820877075 13349
1672058154564 0.5928571820259094 13399
1672058168998 0.2678571343421936 13449
1672058193500 0.8068181872367859 13499
1672058207863 0.7916666865348816 13549
1672058222609 0.8452380895614624 13599
1672058237117 0.7803571224212646 13649
1672058261927 0.7333333492279053 13699
1672058276358 0.699999988079071 13749
1672058290835 0.6041666865348816 13799
1672058305285 0.8031746745109558 13849
1672058329836 0.8333333730697632 13899
1672058344092 0.5166666507720947 13949
1672058358344 0.6904762387275696 13999
1672058372628 0.7053571343421936 14049
1672058386986 0.523809552192688 14099
1672058411816 0.6017857193946838 14149
1672058426060 0.6428571343421936 14199
1672058440301 0.4809523820877075 14249
1672058454562 0.5333333611488342 14299
1672058479444 0.5 14349
1672058493731 0.908730149269104 14399
1672058508027 0.6875 14449
1672058522464 0.7397727370262146 14499
1672058547111 0.3958333134651184 14549
1672058561526 0.797619104385376 14599
1672058575853 0.6666666865348816 14649
1672058590335 0.699999988079071 14699
1672058604614 0.8888888955116272 14749
1672058629125 0.7749999761581421 14799
1672058643420 0.699999988079071 14849
1672058657864 0.5833333730697632 14899
1672058672101 0.7059524059295654 14949
1672058696687 0.550000011920929 14999
1672058711064 0.7250000238418579 15049
1672058725400 0.4791666865348816 15099
1672058739771 0.7000000476837158 15149
1672058764380 0.4642857015132904 15199
1672058778750 0.4928571283817291 15249
1672058793138 0.4583333730697632 15299
1672058807383 0.6583333611488342 15349
1672058821929 0.6458333134651184 15399
1672058846417 0.4333333373069763 15449
1672058861019 0.7208333611488342 15499
1672058875383 0.8439394235610962 15549
1672058889779 0.8661616444587708 15599
1672058914468 0.5541666746139526 15649
1672058928790 0.8500000238418579 15699
1672058943432 0.8222222328186035 15749
1672058957757 0.7698413133621216 15799
1672058982451 0.5416666865348816 15849
1672058996832 0.6428571343421936 15899
1672059011204 0.5178571343421936 15949
1672059025742 0.5178571343421936 15999
1672059040268 0.5611110925674438 16049
1672059065571 0.638888955116272 16099
1672059079908 0.44999998807907104 16149
1672059094327 0.8095238208770752 16199
1672059108626 0.4900793731212616 16249
1672059133161 0.5357142686843872 16299
1672059147566 0.4166666865348816 16349
1672059161809 0.7817460298538208 16399
1672059176092 0.6196581125259399 16449
1672059200644 0.6499999761581421 16499
1672059215098 0.5416666865348816 16549
1672059229577 0.824999988079071 16599
1672059243913 0.8035714626312256 16649
1672059258293 0.2750000059604645 16699
1672059282853 0.60317462682724 16749
1672059297159 0.574999988079071 16799
1672059311414 0.8095238208770752 16849
1672059325816 0.8125 16899
1672059350568 0.8531745672225952 16949
1672059365008 0.6166666746139526 16999
1672059379318 0.6095238327980042 17049
1672059393641 0.8428571224212646 17099
1672059418062 0.8309524059295654 17149
1672059432563 0.4583333730697632 17199
1672059446946 0.6642857193946838 17249
1672059461391 0.4541666507720947 17299
1672059475907 0.5522727370262146 17349
1672059500827 0.6535714864730835 17399
1672059515194 0.7638888955116272 17449
1672059529570 0.7333333492279053 17499
1672059543918 0.699999988079071 17549
1672059568483 0.949999988079071 17599
1672059582887 0.6555556058883667 17649
1672059597168 0.824999988079071 17699
1672059611592 0.8071428537368774 17749
1672059636248 0.7698413133621216 17799
1672059650549 0.8740079402923584 17849
1672059664900 0.8809524178504944 17899
1672059679229 0.5 17949
1672059693720 0.5222222208976746 17999
1672059718206 0.6000000238418579 18049
1672059732532 0.7785714268684387 18099
1672059746962 0.800000011920929 18149
1672059761375 0.8865079283714294 18199
1672059785968 0.7083333730697632 18249
1672059800440 0.7041667103767395 18299
1672059814859 0.5 18349
1672059829304 0.512499988079071 18399
1672059854365 0.5571428537368774 18449
1672059868732 0.7916666865348816 18499
1672059883258 0.75 18549
1672059897632 0.6535714268684387 18599
1672059912010 0.7388888597488403 18649
1672059936661 0.6345238089561462 18699
1672059951079 0.7916666865348816 18749
1672059965507 0.8374999761581421 18799
1672059980051 0.8309524059295654 18849
1672060004803 0.8333333730697632 18899
1672060019280 0.550000011920929 18949
1672060033648 0.8557692170143127 18999
1672060047981 0.3693181872367859 19049
1672060072513 0.5666666626930237 19099
1672060086772 0.7059524059295654 19149
1672060101195 0.5222222805023193 19199
1672060115483 0.9217171669006348 19249
1672060129841 0.41428571939468384 19299
1672060154347 0.7946428656578064 19349
1672060168916 0.8571428656578064 19399
1672060183241 0.9722222089767456 19449
1672060197510 0.7541666626930237 19499
1672060222088 0.6916666626930237 19549
1672060290226 0.9007936716079712 19599
1672060304517 0.638888955116272 19649
1672060318941 0.6833333969116211 19699
1672060343486 0.6722222566604614 19749
1672060357765 0.8017857074737549 19799
1672060372191 0.638888955116272 19849
1672060386620 0.7770562767982483 19899
1672060400954 0.810606062412262 19949
1672060425526 0.7708333730697632 19999
1672060439909 0.7420635223388672 20049
1672060454139 0.9166666865348816 20099
1672060468353 0.5416666865348816 20149
1672060492911 0.7827381491661072 20199
1672060507582 0.5595238208770752 20249
1672060521903 0.8500000238418579 20299
1672060536387 0.875 20349
1672060561001 0.8309524059295654 20399
1672060575350 0.7666667103767395 20449
1672060589831 0.512499988079071 20499
1672060604168 0.5814393758773804 20549
1672060618633 0.5595238208770752 20599
1672060643089 0.6916666626930237 20649
1672060657430 0.6101190447807312 20699
1672060671879 0.49166667461395264 20749
1672060686192 0.5392857193946838 20799
1672060710841 0.5151515007019043 20849
1672060725130 0.5416666865348816 20899
1672060739543 0.7000000476837158 20949
1672060754002 0.7510822415351868 20999
1672060778633 0.8309524059295654 21049
1672060793030 0.7892857193946838 21099
1672060807618 0.824999988079071 21149
1672060822045 0.75 21199
1672060836611 0.637499988079071 21249
1672060861085 0.7803571224212646 21299
1672060875515 0.615079402923584 21349
1672060889918 0.38333335518836975 21399
1672060904328 0.5 21449
1672060928704 0.672619104385376 21499
1672060943005 0.6041666865348816 21549
1672060957334 0.6428571939468384 21599
1672060971655 0.9017857313156128 21649
1672060986051 0.0 21699
1672061010825 0.7708333730697632 21749
1672061025479 0.6809523701667786 21799
1672061039848 0.8309524059295654 21849
1672061054252 0.6761904954910278 21899
1672061078819 0.6222222447395325 21949
1672061093189 0.5178571343421936 21999
1672061107546 0.6309524178504944 22049
1672061122008 0.797619104385376 22099
1672061147114 0.7416666746139526 22149
1672061161463 0.5833333730697632 22199
1672061175834 0.6666666865348816 22249
1672061190153 0.6189393997192383 22299
1672061204485 0.49166667461395264 22349
1672061229118 0.6796537041664124 22399
1672061243653 0.8309524059295654 22449
1672061258371 0.565079391002655 22499
1672061272780 0.7722222805023193 22549
1672061297283 0.7500000596046448 22599
1672061311576 0.7833333611488342 22649
1672061325873 0.5833333730697632 22699
1672061340172 0.5333333015441895 22749
1672061364510 0.7724359035491943 22799
1672061378844 0.6071428656578064 22849
1672061393488 0.44999998807907104 22899
1672061408109 0.7000000476837158 22949
1672061422404 0.6892857551574707 22999
1672061447257 0.8388888835906982 23049
1672061461499 0.75 23099
1672061475750 0.7095237970352173 23149
1672061490007 0.6865079402923584 23199
1672061514759 0.6597222089767456 23249
1672061529144 0.1428571343421936 23299
1672061543505 0.7416666746139526 23349
1672061557764 0.6499999761581421 23399
1672061582468 0.5666666626930237 23449
1672061596820 0.7309524416923523 23499
1672061611136 0.5416666865348816 23549
1672061625430 0.5809524059295654 23599
1672061639708 0.7059524059295654 23649
1672061664581 0.8740079402923584 23699
1672061679052 0.7833333611488342 23749
1672061693341 0.6333333849906921 23799
1672061707654 0.8500000238418579 23849
1672061732310 0.9365079402923584 23899
1672061746597 0.8333333730697632 23949
1672061761025 0.8809524178504944 23999
1672061775332 0.8611111640930176 24049
1672061799899 0.8184524178504944 24099
1672061814438 0.8999999761581421 24149
1672061828814 0.625 24199
1672061843192 0.8999999761581421 24249
1672061857552 0.7083333730697632 24299
1672061882170 0.6642857193946838 24349
1672061896655 0.8428571224212646 24399
1672061910980 0.7749999761581421 24449
1672061925437 0.5939394235610962 24499
1672061950461 0.7416666746139526 24549
1672061964804 0.6309524178504944 24599
1672061979210 0.6166666746139526 24649
1672061993629 0.6785714626312256 24699
1672062018315 0.7166666984558105 24749
1672062032610 0.4285714328289032 24799
1672062046870 0.5666667222976685 24849
1672062061377 0.6160714626312256 24899
1672062075733 0.8333333730697632 24949
1672062100600 0.7321428656578064 24999
1672062114963 0.7142857313156128 25049
1672062129441 0.7978896498680115 25099
1672062143824 0.40952378511428833 25149
1672062168500 0.5166666507720947 25199
1672062183003 0.5892857313156128 25249
1672062197359 0.7666667103767395 25299
1672062212176 0.8452381491661072 25349
1672062236715 0.7642857432365417 25399
1672062250965 0.7222222089767456 25449
1672062265258 0.7689393758773804 25499
1672062279946 0.574999988079071 25549
1672062294229 0.7142857313156128 25599
1672062318779 0.9642857313156128 25649
1672062333298 0.824999988079071 25699
1672062347711 0.6916666626930237 25749
1672062362417 0.5178571343421936 25799
1672062386972 0.6416666507720947 25849
1672062401305 0.7589285969734192 25899
1672062415756 0.5642857551574707 25949
1672062430165 0.797619104385376 25999
1672062454846 0.8184524178504944 26049
1672062469095 0.4833333492279053 26099
1672062483485 0.5416666865348816 26149
1672062497901 0.4642857313156128 26199
1672062512216 0.5142857432365417 26249
1672062537024 0.5595238208770752 26299
1672062551423 0.8642857074737549 26349
1672062565734 0.625 26399
1672062580174 0.7291666865348816 26449
1672062604836 0.523809552192688 26499
1672062619226 0.824999988079071 26549
1672062633625 0.5625 26599
1672062647872 0.6309523582458496 26649
1672062672572 0.6916666626930237 26699
1672062686911 0.8106061220169067 26749
1672062701419 0.5555555820465088 26799
1672062715786 0.8184524178504944 26849
1672062730142 0.7410714626312256 26899
1672062754956 0.7532467842102051 26949
1672062769460 0.409722238779068 26999
1672062783793 0.5476190447807312 27049
1672062798215 0.75 27099
1672062822962 0.9097222089767456 27149
1672062837483 0.6309523582458496 27199
1672062851912 0.4642857313156128 27249
1672062866297 0.5809524059295654 27299
1672062890607 0.888888955116272 27349
1672062905078 0.8541666865348816 27399
1672062919635 0.7539682984352112 27449
1672062933904 0.8785714507102966 27499
1672062948301 0.7803571820259094 27549
1672062972929 0.5222222805023193 27599
1672062987181 0.7476190328598022 27649
1672063001440 0.7541666626930237 27699
1672063015698 0.49166667461395264 27749
1672063040690 0.7198413014411926 27799
1672063054945 0.6583333611488342 27849
1672063069293 0.7689394354820251 27899
1672063083646 0.5428571701049805 27949
1672063107938 0.699999988079071 27999
1672063122217 0.781818151473999 28049
1672063136479 0.8035714626312256 28099
1672063150771 0.9642857313156128 28149
1672063165213 0.6916666626930237 28199
1672063189745 0.5642856955528259 28249
1672063204018 0.5833333730697632 28299
1672063218285 0.7892857193946838 28349
1672063232685 0.8041666746139526 28399
1672063257117 0.8500000238418579 28449
1672063271438 0.8392857313156128 28499
1672063285863 0.49166667461395264 28549
1672063300333 0.7392857074737549 28599
1672063324866 0.9375 28649
1672063339330 0.8388888835906982 28699
1672063353755 0.5875000357627869 28749
1672063368096 0.380952388048172 28799
1672063382476 0.6476190686225891 28849
1672063407214 0.7142857313156128 28899
1672063421808 0.7559524178504944 28949
1672063436382 0.699999988079071 28999
1672063450808 0.8517857193946838 29049
1672063475674 0.3142857253551483 29099
1672063489996 0.5357142686843872 29149
1672063504295 0.6000000238418579 29199
1672063518608 0.7416666746139526 29249
1672063543151 0.7142857313156128 29299
1672063557580 0.5972222089767456 29349
1672063571888 0.8166666626930237 29399
1672063586328 0.7416666746139526 29449
1672063600623 0.46666666865348816 29499
1672063625168 0.6964285969734192 29549
1672063639479 0.7952381372451782 29599
1672063653755 0.7952380776405334 29649
1672063668017 0.6517857313156128 29699
1672063692881 0.7321428656578064 29749
1672063707183 0.4333333373069763 29799
1672063721461 0.875 29849
1672063735927 0.5714285373687744 29899
1672063760699 0.625 29949
1672063775039 0.735714316368103 29999
1672063789447 0.9365079402923584 30049
1672063803921 0.85317462682724 30099
1672063818293 0.7541666626930237 30149
1672063842885 0.5523809194564819 30199
1672063857382 0.6000000238418579 30249
1672063871751 0.8500000238418579 30299
1672063886212 0.639285683631897 30349
1672063910711 0.8166666626930237 30399
1672063925105 0.7083333730697632 30449
1672063939592 0.7083333730697632 30499
1672063954077 0.8517857193946838 30549
1672063978677 0.36666667461395264 30599
1672063993058 0.6791666746139526 30649
1672064007535 0.6642857193946838 30699
1672064021862 0.8160714507102966 30749
1672064036178 0.6845238208770752 30799
1672064060742 0.5059523582458496 30849
1672064075034 0.5166667103767395 30899
1672064089443 0.7708333730697632 30949
1672064103831 0.762499988079071 30999
1672064128579 0.8166666626930237 31049
1672064143109 0.949999988079071 31099
1672064157506 0.41428571939468384 31149
1672064171916 0.4791666865348816 31199
1672064196407 0.9166666865348816 31249
1672064210948 0.7666667103767395 31299
1672064225343 0.5416666865348816 31349
1672064239654 0.6527777910232544 31399
1672064254225 0.4809523820877075 31449
1672064279020 0.4583333432674408 31499
1672064293533 0.6684523820877075 31549
1672064307857 0.7365080118179321 31599
1672064322187 0.8666666746139526 31649
1672064346716 1.0 31699
1672064361270 0.5833333730697632 31749
1672064375770 0.4166666865348816 31799
1672064390269 0.6642857789993286 31849
1672064414895 0.747619092464447 31899
1672064429376 0.3678571283817291 31949
1672064443756 0.9142857193946838 31999
1672064458055 0.5772727131843567 32049
1672064472411 0.7851648330688477 32099
1672064497011 0.7222222089767456 32149
1672064511306 0.7867965698242188 32199
1672064525803 0.7892857193946838 32249
1672064540223 0.9017857313156128 32299
1672064564821 0.6726190447807312 32349
1672064579105 0.5142857432365417 32399
1672064593395 0.5333333611488342 32449
1672064607666 0.6166666746139526 32499
1672064621900 0.25 32549
