1672053693066 0.78125 49
1672053707331 0.75 99
1672053721829 0.875 149
1672053736090 0.875 199
1672053760480 0.8125 249
1672053774854 0.875 299
1672053789217 0.8125 349
1672053803561 0.75 399
1672053828005 0.875 449
1672053842254 0.84375 499
1672053856642 0.71875 549
1672053871311 0.71875 599
1672053885687 0.78125 649
1672053910146 0.75 699
1672053924446 0.75 749
1672053938714 0.65625 799
1672053953053 0.71875 849
1672053977416 0.75 899
1672053991889 0.78125 949
1672054006102 0.84375 999
1672054020640 0.75 1049
1672054045219 0.71875 1099
1672054059519 0.875 1149
1672054073868 0.90625 1199
1672054088131 0.8125 1249
1672054102338 0.90625 1299
1672054126864 0.9375 1349
1672054141133 0.78125 1399
1672054155515 0.75 1449
1672054169919 0.8125 1499
1672054194369 0.84375 1549
1672054208683 0.71875 1599
1672054222964 0.84375 1649
1672054237315 0.6875 1699
1672054261913 0.71875 1749
1672054276503 0.78125 1799
1672054291105 0.875 1849
1672054305446 0.75 1899
1672054319713 0.875 1949
1672054344078 0.8125 1999
1672054358432 0.8125 2049
1672054372757 0.84375 2099
1672054387243 0.8125 2149
1672054412058 0.75 2199
1672054426353 0.6875 2249
1672054440647 0.78125 2299
1672054455004 0.78125 2349
1672054479909 0.71875 2399
1672054494249 0.90625 2449
1672054508642 0.84375 2499
1672054523153 0.78125 2549
1672054537607 0.65625 2599
1672054562341 0.90625 2649
1672054576620 0.78125 2699
1672054590889 0.78125 2749
1672054605120 0.75 2799
1672054629645 0.75 2849
1672054644123 0.65625 2899
1672054658469 0.8125 2949
1672054672906 0.84375 2999
1672054697277 0.75 3049
1672054711662 0.8125 3099
1672054726018 0.75 3149
1672054740395 0.84375 3199
1672054754679 0.8125 3249
1672054779370 0.75 3299
1672054793798 0.71875 3349
1672054808270 0.8125 3399
1672054822543 0.71875 3449
1672054847007 0.90625 3499
1672054861254 0.96875 3549
1672054875532 0.71875 3599
1672054889932 0.875 3649
1672054914451 0.8125 3699
1672054928904 0.6875 3749
1672054943227 0.90625 3799
1672054957525 0.78125 3849
1672054972073 0.8125 3899
1672054996749 0.6875 3949
1672055011172 0.78125 3999
1672055025482 0.8125 4049
1672055039794 0.8125 4099
1672055064306 0.71875 4149
1672055078546 0.78125 4199
1672055092903 0.78125 4249
1672055107432 0.78125 4299
1672055132021 0.84375 4349
1672055146327 0.96875 4399
1672055160604 0.75 4449
1672055175001 0.78125 4499
1672055189242 0.71875 4549
1672055213861 0.78125 4599
1672055228123 0.875 4649
1672055242506 0.78125 4699
1672055256926 0.8125 4749
1672055281506 0.8125 4799
1672055295875 0.75 4849
1672055310360 0.75 4899
1672055324727 0.75 4949
1672055349509 0.75 4999
1672055363855 0.8125 5049
1672055378462 0.75 5099
1672055392807 0.875 5149
1672055407216 0.65625 5199
1672055431701 0.8125 5249
1672055446122 0.875 5299
1672055460438 0.8125 5349
1672055474776 0.6875 5399
1672055499824 0.65625 5449
1672055514140 0.84375 5499
1672055528503 0.90625 5549
1672055542842 0.59375 5599
1672055567266 0.8125 5649
1672055581575 0.84375 5699
1672055596054 0.71875 5749
1672055610590 0.84375 5799
1672055625202 0.8125 5849
1672055649745 0.84375 5899
1672055664051 0.90625 5949
1672055678344 0.78125 5999
1672055692627 0.78125 6049
1672055717087 0.6875 6099
1672055731684 0.6875 6149
1672055746122 0.75 6199
1672055760593 0.84375 6249
1672055785058 0.78125 6299
1672055799340 0.75 6349
1672055813597 0.65625 6399
1672055827870 0.71875 6449
1672055842294 0.8125 6499
1672055866925 0.9375 6549
1672055881331 0.90625 6599
1672055895595 0.75 6649
1672055910034 0.71875 6699
1672055934839 0.875 6749
1672055949154 0.78125 6799
1672055963441 0.8125 6849
1672055977711 0.875 6899
1672056002317 0.90625 6949
1672056016792 0.75 6999
1672056031214 0.75 7049
1672056045610 0.875 7099
1672056059936 0.90625 7149
1672056084531 0.84375 7199
1672056098821 0.78125 7249
1672056113122 0.875 7299
1672056127393 0.84375 7349
1672056152058 0.8125 7399
1672056166640 0.6875 7449
1672056180963 0.78125 7499
1672056195287 0.84375 7549
1672056219785 0.71875 7599
1672056234034 0.90625 7649
1672056248328 0.71875 7699
1672056262643 0.71875 7749
1672056277181 0.6875 7799
1672056301833 0.75 7849
1672056316199 0.78125 7899
1672056330523 0.875 7949
1672056344903 0.75 7999
1672056369570 0.84375 8049
1672056384118 0.84375 8099
1672056398479 0.8125 8149
1672056412956 0.90625 8199
1672056437542 0.75 8249
1672056451899 0.8125 8299
1672056466261 0.90625 8349
1672056480602 0.6875 8399
1672056495000 0.78125 8449
1672056519639 0.84375 8499
1672056534067 0.78125 8549
1672056548418 0.84375 8599
1672056562703 0.875 8649
1672056587530 0.8125 8699
1672056601977 0.84375 8749
1672056616304 0.71875 8799
1672056630548 0.9375 8849
1672056654921 0.8125 8899
1672056669540 0.78125 8949
1672056683869 0.75 8999
1672056698296 0.84375 9049
1672056712719 0.78125 9099
1672056737300 0.9375 9149
1672056751530 0.875 9199
1672056765767 0.84375 9249
1672056779981 0.75 9299
1672056804638 0.8125 9349
1672056819037 0.875 9399
1672056833502 0.84375 9449
1672056847879 0.90625 9499
1672056872372 0.90625 9549
1672056886871 0.875 9599
1672056901114 0.75 9649
1672056915444 0.90625 9699
1672056929879 0.875 9749
1672056954387 0.75 9799
1672056968672 0.84375 9849
1672056982966 0.875 9899
1672056997235 0.84375 9949
1672057021756 0.84375 9999
1672057036236 0.75 10049
1672057050539 0.9375 10099
1672057064833 0.8125 10149
1672057089541 0.90625 10199
1672057103966 0.75 10249
1672057118238 0.78125 10299
1672057132538 0.8125 10349
1672057146797 0.8125 10399
1672057171398 0.875 10449
1672057185772 0.90625 10499
1672057200202 0.75 10549
1672057214549 0.75 10599
1672057239113 0.90625 10649
1672057253500 0.8125 10699
1672057267831 0.75 10749
1672057282177 0.75 10799
1672057296309 0.625 10849
1672057321173 0.78125 10899
1672057335612 0.8125 10949
1672057350193 0.71875 10999
1672057364510 0.71875 11049
1672057389155 0.84375 11099
1672057403467 0.65625 11149
1672057417742 0.8125 11199
1672057432148 0.8125 11249
1672057456676 0.84375 11299
1672057471009 0.75 11349
1672057485550 0.8125 11399
1672057500199 0.8125 11449
1672057514532 0.875 11499
1672057539283 0.84375 11549
1672057553590 0.90625 11599
1672057567927 0.8125 11649
1672057582523 0.875 11699
1672057607349 0.8125 11749
1672057621705 0.875 11799
1672057636222 0.90625 11849
1672057650715 0.78125 11899
1672057675454 0.71875 11949
1672057689811 0.78125 11999
1672057704132 0.75 12049
1672057718781 0.875 12099
1672057733119 0.78125 12149
1672057757849 0.78125 12199
1672057772151 0.84375 12249
1672057786579 0.6875 12299
1672057800873 0.65625 12349
1672057825639 0.84375 12399
1672057839990 0.9375 12449
1672057854601 0.78125 12499
1672057868953 0.78125 12549
1672057893638 0.84375 12599
1672057908091 0.84375 12649
1672057922397 0.90625 12699
1672057936772 0.875 12749
1672057951069 0.90625 12799
1672057975851 0.90625 12849
1672057990320 0.84375 12899
1672058004601 0.84375 12949
1672058019060 0.75 12999
1672058043845 0.875 13049
1672058058145 0.78125 13099
1672058072423 0.75 13149
1672058086726 0.90625 13199
1672058111454 0.90625 13249
1672058125880 0.78125 13299
1672058140150 0.78125 13349
1672058154564 0.6875 13399
1672058168998 0.65625 13449
1672058193500 0.84375 13499
1672058207863 0.84375 13549
1672058222609 0.875 13599
1672058237117 0.78125 13649
1672058261927 0.84375 13699
1672058276358 0.78125 13749
1672058290835 0.84375 13799
1672058305285 0.8125 13849
1672058329836 0.90625 13899
1672058344092 0.78125 13949
1672058358344 0.71875 13999
1672058372628 0.78125 14049
1672058386986 0.78125 14099
1672058411816 0.875 14149
1672058426060 0.875 14199
1672058440301 0.6875 14249
1672058454562 0.75 14299
1672058479444 0.71875 14349
1672058493731 0.90625 14399
1672058508027 0.875 14449
1672058522464 0.8125 14499
1672058547111 0.6875 14549
1672058561526 0.875 14599
1672058575853 0.6875 14649
1672058590335 0.84375 14699
1672058604614 0.90625 14749
1672058629125 0.84375 14799
1672058643420 0.78125 14849
1672058657864 0.71875 14899
1672058672101 0.8125 14949
1672058696687 0.875 14999
1672058711064 0.84375 15049
1672058725400 0.71875 15099
1672058739771 0.90625 15149
1672058764380 0.65625 15199
1672058778750 0.6875 15249
1672058793138 0.6875 15299
1672058807383 0.78125 15349
1672058821929 0.75 15399
1672058846417 0.71875 15449
1672058861019 0.78125 15499
1672058875383 0.90625 15549
1672058889779 0.90625 15599
1672058914468 0.6875 15649
1672058928790 0.84375 15699
1672058943432 0.8125 15749
1672058957757 0.84375 15799
1672058982451 0.875 15849
1672058996832 0.78125 15899
1672059011204 0.8125 15949
1672059025742 0.78125 15999
1672059040268 0.75 16049
1672059065571 0.875 16099
1672059079908 0.875 16149
1672059094327 0.875 16199
1672059108626 0.78125 16249
1672059133161 0.78125 16299
1672059147566 0.78125 16349
1672059161809 0.84375 16399
1672059176092 0.75 16449
1672059200644 0.8125 16499
1672059215098 0.875 16549
1672059229577 0.84375 16599
1672059243913 0.875 16649
1672059258293 0.65625 16699
1672059282853 0.84375 16749
1672059297159 0.90625 16799
1672059311414 0.875 16849
1672059325816 0.875 16899
1672059350568 0.90625 16949
1672059365008 0.8125 16999
1672059379318 0.6875 17049
1672059393641 0.875 17099
1672059418062 0.84375 17149
1672059432563 0.78125 17199
1672059446946 0.875 17249
1672059461391 0.78125 17299
1672059475907 0.8125 17349
1672059500827 0.78125 17399
1672059515194 0.8125 17449
1672059529570 0.78125 17499
1672059543918 0.9375 17549
1672059568483 0.96875 17599
1672059582887 0.78125 17649
1672059597168 0.90625 17699
1672059611592 0.8125 17749
1672059636248 0.875 17799
1672059650549 0.875 17849
1672059664900 0.90625 17899
1672059679229 0.8125 17949
1672059693720 0.84375 17999
1672059718206 0.8125 18049
1672059732532 0.84375 18099
1672059746962 0.84375 18149
1672059761375 0.875 18199
1672059785968 0.8125 18249
1672059800440 0.78125 18299
1672059814859 0.875 18349
1672059829304 0.8125 18399
1672059854365 0.75 18449
1672059868732 0.875 18499
1672059883258 0.875 18549
1672059897632 0.71875 18599
1672059912010 0.8125 18649
1672059936661 0.71875 18699
1672059951079 0.84375 18749
1672059965507 0.875 18799
1672059980051 0.84375 18849
1672060004803 0.9375 18899
1672060019280 0.84375 18949
1672060033648 0.84375 18999
1672060047981 0.59375 19049
1672060072513 0.8125 19099
1672060086772 0.8125 19149
1672060101195 0.75 19199
1672060115483 0.90625 19249
1672060129841 0.75 19299
1672060154347 0.8125 19349
1672060168916 0.875 19399
1672060183241 0.96875 19449
1672060197510 0.8125 19499
1672060222088 0.71875 19549
1672060290226 0.90625 19599
1672060304517 0.84375 19649
1672060318941 0.8125 19699
1672060343486 0.78125 19749
1672060357765 0.84375 19799
1672060372191 0.84375 19849
1672060386620 0.8125 19899
1672060400954 0.90625 19949
1672060425526 0.84375 19999
1672060439909 0.78125 20049
1672060454139 0.9375 20099
1672060468353 0.71875 20149
1672060492911 0.8125 20199
1672060507582 0.75 20249
1672060521903 0.90625 20299
1672060536387 0.9375 20349
1672060561001 0.875 20399
1672060575350 0.84375 20449
1672060589831 0.6875 20499
1672060604168 0.84375 20549
1672060618633 0.75 20599
1672060643089 0.78125 20649
1672060657430 0.65625 20699
1672060671879 0.75 20749
1672060686192 0.75 20799
1672060710841 0.75 20849
1672060725130 0.75 20899
1672060739543 0.78125 20949
1672060754002 0.8125 20999
1672060778633 0.90625 21049
1672060793030 0.8125 21099
1672060807618 0.84375 21149
1672060822045 0.8125 21199
1672060836611 0.875 21249
1672060861085 0.8125 21299
1672060875515 0.84375 21349
1672060889918 0.65625 21399
1672060904328 0.71875 21449
1672060928704 0.71875 21499
1672060943005 0.84375 21549
1672060957334 0.71875 21599
1672060971655 0.90625 21649
1672060986051 1.0 21699
1672061010825 0.84375 21749
1672061025479 0.8125 21799
1672061039848 0.90625 21849
1672061054252 0.75 21899
1672061078819 0.84375 21949
1672061093189 0.8125 21999
1672061107546 0.78125 22049
1672061122008 0.875 22099
1672061147114 0.84375 22149
1672061161463 0.875 22199
1672061175834 0.9375 22249
1672061190153 0.78125 22299
1672061204485 0.75 22349
1672061229118 0.75 22399
1672061243653 0.90625 22449
1672061258371 0.8125 22499
1672061272780 0.84375 22549
1672061297283 0.78125 22599
1672061311576 0.90625 22649
1672061325873 0.84375 22699
1672061340172 0.8125 22749
1672061364510 0.875 22799
1672061378844 0.75 22849
1672061393488 0.75 22899
1672061408109 0.78125 22949
1672061422404 0.8125 22999
1672061447257 0.90625 23049
1672061461499 0.8125 23099
1672061475750 0.8125 23149
1672061490007 0.90625 23199
1672061514759 0.84375 23249
1672061529144 0.59375 23299
1672061543505 0.84375 23349
1672061557764 0.90625 23399
1672061582468 0.8125 23449
1672061596820 0.84375 23499
1672061611136 0.65625 23549
1672061625430 0.75 23599
1672061639708 0.8125 23649
1672061664581 0.875 23699
1672061679052 0.84375 23749
1672061693341 0.71875 23799
1672061707654 0.875 23849
1672061732310 0.9375 23899
1672061746597 0.875 23949
1672061761025 0.90625 23999
1672061775332 0.90625 24049
1672061799899 0.875 24099
1672061814438 0.90625 24149
1672061828814 0.78125 24199
1672061843192 0.9375 24249
1672061857552 0.875 24299
1672061882170 0.875 24349
1672061896655 0.875 24399
1672061910980 0.84375 24449
1672061925437 0.78125 24499
1672061950461 0.8125 24549
1672061964804 0.9375 24599
1672061979210 0.8125 24649
1672061993629 0.78125 24699
1672062018315 0.8125 24749
1672062032610 0.90625 24799
1672062046870 0.8125 24849
1672062061377 0.78125 24899
1672062075733 0.875 24949
1672062100600 0.8125 24999
1672062114963 0.96875 25049
1672062129441 0.78125 25099
1672062143824 0.6875 25149
1672062168500 0.625 25199
1672062183003 0.875 25249
1672062197359 0.875 25299
1672062212176 0.84375 25349
1672062236715 0.84375 25399
1672062250965 0.75 25449
1672062265258 0.875 25499
1672062279946 0.875 25549
1672062294229 0.9375 25599
1672062318779 0.96875 25649
1672062333298 0.90625 25699
1672062347711 0.84375 25749
1672062362417 0.78125 25799
1672062386972 0.8125 25849
1672062401305 0.78125 25899
1672062415756 0.75 25949
1672062430165 0.90625 25999
1672062454846 0.875 26049
1672062469095 0.78125 26099
1672062483485 0.84375 26149
1672062497901 0.78125 26199
1672062512216 0.8125 26249
1672062537024 0.75 26299
1672062551423 0.90625 26349
1672062565734 0.6875 26399
1672062580174 0.84375 26449
1672062604836 0.78125 26499
1672062619226 0.90625 26549
1672062633625 0.8125 26599
1672062647872 0.78125 26649
1672062672572 0.8125 26699
1672062686911 0.90625 26749
1672062701419 0.8125 26799
1672062715786 0.875 26849
1672062730142 0.8125 26899
1672062754956 0.75 26949
1672062769460 0.84375 26999
1672062783793 0.71875 27049
1672062798215 0.90625 27099
1672062822962 0.90625 27149
1672062837483 0.875 27199
1672062851912 0.84375 27249
1672062866297 0.6875 27299
1672062890607 0.9375 27349
1672062905078 0.90625 27399
1672062919635 0.8125 27449
1672062933904 0.90625 27499
1672062948301 0.78125 27549
1672062972929 0.8125 27599
1672062987181 0.875 27649
1672063001440 0.8125 27699
1672063015698 0.6875 27749
1672063040690 0.78125 27799
1672063054945 0.8125 27849
1672063069293 0.84375 27899
1672063083646 0.75 27949
1672063107938 0.96875 27999
1672063122217 0.75 28049
1672063136479 0.875 28099
1672063150771 0.96875 28149
1672063165213 0.84375 28199
1672063189745 0.8125 28249
1672063204018 0.84375 28299
1672063218285 0.875 28349
1672063232685 0.875 28399
1672063257117 0.875 28449
1672063271438 0.90625 28499
1672063285863 0.8125 28549
1672063300333 0.8125 28599
1672063324866 0.9375 28649
1672063339330 0.90625 28699
1672063353755 0.75 28749
1672063368096 0.78125 28799
1672063382476 0.8125 28849
1672063407214 0.84375 28899
1672063421808 0.875 28949
1672063436382 0.875 28999
1672063450808 0.875 29049
1672063475674 0.875 29099
1672063489996 0.78125 29149
1672063504295 0.75 29199
1672063518608 0.8125 29249
1672063543151 0.84375 29299
1672063557580 0.78125 29349
1672063571888 0.875 29399
1672063586328 0.84375 29449
1672063600623 0.8125 29499
1672063625168 0.78125 29549
1672063639479 0.84375 29599
1672063653755 0.8125 29649
1672063668017 0.875 29699
1672063692881 0.8125 29749
1672063707183 0.75 29799
1672063721461 0.9375 29849
1672063735927 0.78125 29899
1672063760699 0.84375 29949
1672063775039 0.78125 29999
1672063789447 0.9375 30049
1672063803921 0.875 30099
1672063818293 0.75 30149
1672063842885 0.625 30199
1672063857382 0.78125 30249
1672063871751 0.90625 30299
1672063886212 0.78125 30349
1672063910711 0.90625 30399
1672063925105 0.875 30449
1672063939592 0.71875 30499
1672063954077 0.875 30549
1672063978677 0.8125 30599
1672063993058 0.75 30649
1672064007535 0.9375 30699
1672064021862 0.84375 30749
1672064036178 0.8125 30799
1672064060742 0.78125 30849
1672064075034 0.75 30899
1672064089443 0.84375 30949
1672064103831 0.84375 30999
1672064128579 0.90625 31049
1672064143109 0.96875 31099
1672064157506 0.75 31149
1672064171916 0.65625 31199
1672064196407 0.96875 31249
1672064210948 0.84375 31299
1672064225343 0.84375 31349
1672064239654 0.75 31399
1672064254225 0.75 31449
1672064279020 0.78125 31499
1672064293533 0.71875 31549
1672064307857 0.8125 31599
1672064322187 0.90625 31649
1672064346716 1.0 31699
1672064361270 0.75 31749
1672064375770 0.875 31799
1672064390269 0.78125 31849
1672064414895 0.8125 31899
1672064429376 0.71875 31949
1672064443756 0.9375 31999
1672064458055 0.8125 32049
1672064472411 0.78125 32099
1672064497011 0.75 32149
1672064511306 0.8125 32199
1672064525803 0.875 32249
1672064540223 0.90625 32299
1672064564821 0.84375 32349
1672064579105 0.8125 32399
1672064593395 0.78125 32449
1672064607666 0.78125 32499
1672064621900 0.875 32549
