1672053750361 0.5737146139144897 216
1672053822734 0.5914602875709534 433
1672053895541 0.5905147194862366 650
1672053967614 0.6034227609634399 867
1672054040304 0.6031901240348816 1084
1672054112331 0.5898595452308655 1301
1672054184810 0.5847756266593933 1518
1672054257150 0.5814793705940247 1735
1672054329900 0.594027042388916 1952
1672054402660 0.598270058631897 2169
1672054475264 0.5903081893920898 2386
1672054548460 0.6033332943916321 2603
1672054620686 0.5981255769729614 2820
1672054693147 0.5978158712387085 3037
1672054765715 0.6032424569129944 3254
1672054838163 0.6036608219146729 3471
1672054910579 0.601928174495697 3688
1672054983474 0.6016762256622314 3905
1672055055793 0.6136856079101562 4122
1672055128489 0.6122323870658875 4339
1672055200771 0.6161518692970276 4556
1672055273379 0.6141728758811951 4773
1672055346243 0.6152051091194153 4990
1672055419026 0.6186182498931885 5207
1672055491678 0.6150908470153809 5424
1672055564282 0.6175598502159119 5641
1672055637286 0.6141480207443237 5858
1672055709467 0.6227483153343201 6075
1672055782340 0.6323134899139404 6292
1672055854692 0.6273878216743469 6509
1672055927500 0.6339540481567383 6726
1672055999894 0.6254115104675293 6943
1672056072684 0.6324152946472168 7160
1672056144886 0.624636709690094 7377
1672056217640 0.6223065257072449 7594
1672056290166 0.6306716799736023 7811
1672056362872 0.6321249604225159 8028
1672056435730 0.631321132183075 8245
1672056508231 0.6317712068557739 8462
1672056580990 0.6382892727851868 8679
1672056653339 0.6285988688468933 8896
1672056726156 0.6201265454292297 9113
1672056798493 0.6340104937553406 9330
1672056871120 0.6396737694740295 9547
1672056943499 0.6297990083694458 9764
1672057015821 0.642485499382019 9981
1672057088595 0.6387944221496582 10198
1672057160976 0.6418414115905762 10415
1672057233519 0.6295857429504395 10632
1672057305887 0.6417974233627319 10849
1672057378996 0.6390683054924011 11066
1672057451392 0.6300797462463379 11283
1672057524516 0.6460060477256775 11500
1672057597457 0.6298815608024597 11717
1672057670429 0.6397702097892761 11934
1672057743243 0.6331227421760559 12151
1672057816052 0.6405450105667114 12368
1672057888923 0.6564368605613708 12585
1672057961615 0.6399876475334167 12802
1672058034421 0.6383512020111084 13019
1672058107022 0.6547357439994812 13236
1672058179649 0.6402312517166138 13453
1672058252913 0.6540587544441223 13670
1672058325674 0.6412703394889832 13887
1672058397971 0.6520699262619019 14104
1672058470643 0.6436870694160461 14321
1672058543293 0.6505230069160461 14538
1672058615768 0.6368510723114014 14755
1672058688132 0.6466061472892761 14972
1672058760670 0.6439953446388245 15189
1672058833398 0.6459977626800537 15406
1672058906177 0.6587282419204712 15623
1672058979174 0.6565881967544556 15840
1672059052684 0.6422295570373535 16057
1672059125363 0.6374319195747375 16274
1672059197503 0.6448307037353516 16491
1672059270325 0.6436114311218262 16708
1672059342978 0.6540215015411377 16925
1672059415442 0.6457005143165588 17142
1672059488510 0.6500399112701416 17359
1672059561240 0.6491247415542603 17576
1672059633814 0.6409358978271484 17793
1672059706362 0.6524525284767151 18010
1672059778924 0.6601018309593201 18227
1672059852058 0.6508064866065979 18444
1672059925036 0.6440145969390869 18661
1672059998087 0.6595706939697266 18878
1672060070674 0.6473053097724915 19095
1672060143107 0.6525034308433533 19312
1672060215658 0.642656147480011 19529
1672060341943 0.6728652715682983 19746
1672060414580 0.6478034853935242 19963
1672060486803 0.6651857495307922 20180
1672060559749 0.6550413370132446 20397
1672060632297 0.6440971493721008 20614
1672060704889 0.6404954791069031 20831
1672060777664 0.6669982671737671 21048
1672060850701 0.643501341342926 21265
1672060923154 0.6641371250152588 21482
1672060995794 0.6419405341148376 21699
1672061068603 0.6720616221427917 21916
1672061141676 0.655758261680603 22133
1672061214351 0.6481462121009827 22350
1672061287464 0.6581833958625793 22567
1672061359533 0.6565055847167969 22784
1672061432781 0.6519900560379028 23001
1672061504932 0.6615855097770691 23218
1672061577744 0.6550481915473938 23435
1672061650380 0.6654308438301086 23652
1672061723054 0.670996367931366 23869
1672061795500 0.6605105996131897 24086
1672061868262 0.6466390490531921 24303
1672061941381 0.6595954298973083 24520
1672062014221 0.6534214019775391 24737
1672062087059 0.6578723192214966 24954
1672062159802 0.6482686400413513 25171
1672062232871 0.6551087498664856 25388
1672062305455 0.6651914119720459 25605
1672062378477 0.6533113718032837 25822
1672062451342 0.6599036455154419 26039
1672062523826 0.6564300060272217 26256
1672062596672 0.6643710136413574 26473
1672062669160 0.6582053303718567 26690
1672062742255 0.6688715219497681 26907
1672062815028 0.666182279586792 27124
1672062887638 0.6467671394348145 27341
1672062960485 0.6548210978507996 27558
1672063033065 0.656511127948761 27775
1672063105256 0.6636003255844116 27992
1672063177373 0.6506757736206055 28209
1672063249881 0.6575763821601868 28426
1672063322414 0.6642857789993286 28643
1672063395235 0.6553083062171936 28860
1672063468574 0.6593586206436157 29077
1672063540995 0.6612910032272339 29294
1672063613672 0.6680346727371216 29511
1672063686019 0.6649201512336731 29728
1672063758860 0.6727744936943054 29945
1672063831573 0.6709867715835571 30162
1672063904312 0.6494867205619812 30379
1672063976922 0.6632975339889526 30596
1672064049793 0.6573933959007263 30813
1672064122434 0.6550096273422241 31030
1672064195198 0.6569226384162903 31247
1672064268294 0.6689774394035339 31464
1672064340817 0.6670175790786743 31681
1672064413897 0.6608752608299255 31898
1672064486600 0.6467190384864807 32115
1672064559220 0.6615908741950989 32332
1672064631603 0.6600894927978516 32549
