1672053693066 0.7083333730697632 49
1672053707331 0.9166666865348816 99
1672053721829 0.75 149
1672053736090 0.75 199
1672053760480 0.8333333134651184 249
1672053774854 0.75 299
1672053789217 0.875 349
1672053803561 0.6875 399
1672053828005 0.5625 449
1672053842254 0.9166666865348816 499
1672053856642 0.7916666865348816 549
1672053871311 0.75 599
1672053885687 0.7916666865348816 649
1672053910146 0.625 699
1672053924446 0.8125 749
1672053938714 0.6666666865348816 799
1672053953053 0.2916666865348816 849
1672053977416 0.8333333730697632 899
1672053991889 0.6499999761581421 949
1672054006102 0.6666666865348816 999
1672054020640 0.949999988079071 1049
1672054045219 0.8541666865348816 1099
1672054059519 0.6666666865348816 1149
1672054073868 0.6875 1199
1672054088131 0.6875 1249
1672054102338 0.75 1299
1672054126864 0.9375 1349
1672054141133 0.6041666865348816 1399
1672054155515 1.0 1449
1672054169919 0.6666666865348816 1499
1672054194369 0.9166666865348816 1549
1672054208683 0.9166666865348816 1599
1672054222964 0.7916666865348816 1649
1672054237315 0.4000000059604645 1699
1672054261913 0.5249999761581421 1749
1672054276503 0.8333333730697632 1799
1672054291105 1.0 1849
1672054305446 0.9375 1899
1672054319713 0.9583333134651184 1949
1672054344078 0.875 1999
1672054358432 0.8541666865348816 2049
1672054372757 0.6166666746139526 2099
1672054387243 1.0 2149
1672054412058 0.7333333492279053 2199
1672054426353 0.8333333730697632 2249
1672054440647 0.625 2299
1672054455004 0.9375 2349
1672054479909 1.0 2399
1672054494249 0.9375 2449
1672054508642 0.949999988079071 2499
1672054523153 0.8333333730697632 2549
1672054537607 0.75 2599
1672054562341 0.5 2649
1672054576620 0.75 2699
1672054590889 0.8125 2749
1672054605120 0.75 2799
1672054629645 0.8333333730697632 2849
1672054644123 0.5 2899
1672054658469 0.75 2949
1672054672906 0.9166666865348816 2999
1672054697277 0.8541666865348816 3049
1672054711662 0.6875 3099
1672054726018 0.875 3149
1672054740395 0.75 3199
1672054754679 0.6666666865348816 3249
1672054779370 0.625 3299
1672054793798 0.9166666865348816 3349
1672054808270 0.699999988079071 3399
1672054822543 0.375 3449
1672054847007 0.9375 3499
1672054861254 1.0 3549
1672054875532 0.9375 3599
1672054889932 0.9166666865348816 3649
1672054914451 0.25 3699
1672054928904 0.6708333492279053 3749
1672054943227 1.0 3799
1672054957525 0.6666666865348816 3849
1672054972073 0.8333333730697632 3899
1672054996749 0.875 3949
1672055011172 0.8999999761581421 3999
1672055025482 0.75 4049
1672055039794 0.6875 4099
1672055064306 0.9166666865348816 4149
1672055078546 0.9375 4199
1672055092903 1.0 4249
1672055107432 1.0 4299
1672055132021 1.0 4349
1672055146327 0.9166666865348816 4399
1672055160604 0.75 4449
1672055175001 1.0 4499
1672055189242 0.7916666865348816 4549
1672055213861 0.9166666865348816 4599
1672055228123 1.0 4649
1672055242506 0.9166666865348816 4699
1672055256926 0.75 4749
1672055281506 0.75 4799
1672055295875 0.574999988079071 4849
1672055310360 1.0 4899
1672055324727 0.6000000238418579 4949
1672055349509 0.7708333134651184 4999
1672055363855 0.75 5049
1672055378462 0.6666666865348816 5099
1672055392807 0.8333333730697632 5149
1672055407216 0.7916666865348816 5199
1672055431701 1.0 5249
1672055446122 0.7916666865348816 5299
1672055460438 0.9166666865348816 5349
1672055474776 0.6499999761581421 5399
1672055499824 0.6666666865348816 5449
1672055514140 0.7916666865348816 5499
1672055528503 1.0 5549
1672055542842 0.6666666865348816 5599
1672055567266 0.5208333730697632 5649
1672055581575 0.875 5699
1672055596054 1.0 5749
1672055610590 0.8541666865348816 5799
1672055625202 0.8333333134651184 5849
1672055649745 0.875 5899
1672055664051 1.0 5949
1672055678344 0.875 5999
1672055692627 0.6666666865348816 6049
1672055717087 0.375 6099
1672055731684 0.6666666865348816 6149
1672055746122 0.5 6199
1672055760593 1.0 6249
1672055785058 0.75 6299
1672055799340 0.625 6349
1672055813597 0.7291666865348816 6399
1672055827870 0.625 6449
1672055842294 0.9375 6499
1672055866925 0.875 6549
1672055881331 0.875 6599
1672055895595 0.5833333134651184 6649
1672055910034 0.75 6699
1672055934839 0.949999988079071 6749
1672055949154 0.625 6799
1672055963441 0.875 6849
1672055977711 0.887499988079071 6899
1672056002317 0.875 6949
1672056016792 0.5416666865348816 6999
1672056031214 0.6666666865348816 7049
1672056045610 0.5 7099
1672056059936 1.0 7149
1672056084531 0.9166666865348816 7199
1672056098821 0.949999988079071 7249
1672056113122 0.625 7299
1672056127393 0.9166666865348816 7349
1672056152058 1.0 7399
1672056166640 0.8666666746139526 7449
1672056180963 0.4166666865348816 7499
1672056195287 0.75 7549
1672056219785 0.6666666865348816 7599
1672056234034 0.9166666865348816 7649
1672056248328 0.875 7699
1672056262643 0.4166666865348816 7749
1672056277181 0.6666666865348816 7799
1672056301833 0.625 7849
1672056316199 0.75 7899
1672056330523 0.75 7949
1672056344903 1.0 7999
1672056369570 1.0 8049
1672056384118 0.6875 8099
1672056398479 0.7708333730697632 8149
1672056412956 0.8333333134651184 8199
1672056437542 0.5833333134651184 8249
1672056451899 0.9375 8299
1672056466261 0.9166666865348816 8349
1672056480602 0.5833333730697632 8399
1672056495000 0.625 8449
1672056519639 0.875 8499
1672056534067 0.6666666865348816 8549
1672056548418 1.0 8599
1672056562703 1.0 8649
1672056587530 1.0 8699
1672056601977 0.25 8749
1672056616304 0.8125 8799
1672056630548 1.0 8849
1672056654921 0.8333333134651184 8899
1672056669540 0.5833333730697632 8949
1672056683869 0.375 8999
1672056698296 0.9375 9049
1672056712719 0.9375 9099
1672056737300 0.9375 9149
1672056751530 0.8999999761581421 9199
1672056765767 0.9166666865348816 9249
1672056779981 0.75 9299
1672056804638 0.699999988079071 9349
1672056819037 1.0 9399
1672056833502 0.7083333730697632 9449
1672056847879 0.8541666865348816 9499
1672056872372 1.0 9549
1672056886871 0.875 9599
1672056901114 1.0 9649
1672056915444 0.75 9699
1672056929879 0.75 9749
1672056954387 0.5 9799
1672056968672 0.875 9849
1672056982966 0.887499988079071 9899
1672056997235 0.9166666865348816 9949
1672057021756 0.9166666865348816 9999
1672057036236 0.625 10049
1672057050539 1.0 10099
1672057064833 0.875 10149
1672057089541 1.0 10199
1672057103966 0.6875 10249
1672057118238 0.6875 10299
1672057132538 0.6666666865348816 10349
1672057146797 0.4166666865348816 10399
1672057171398 0.8541666865348816 10449
1672057185772 0.875 10499
1672057200202 0.625 10549
1672057214549 0.5416666865348816 10599
1672057239113 0.875 10649
1672057253500 1.0 10699
1672057267831 0.875 10749
1672057282177 0.75 10799
1672057296309 0.5 10849
1672057321173 0.75 10899
1672057335612 0.7916666865348816 10949
1672057350193 0.4166666865348816 10999
1672057364510 0.75 11049
1672057389155 0.75 11099
1672057403467 0.9375 11149
1672057417742 1.0 11199
1672057432148 0.9375 11249
1672057456676 0.8999999761581421 11299
1672057471009 0.4166666865348816 11349
1672057485550 1.0 11399
1672057500199 1.0 11449
1672057514532 0.9166666865348816 11499
1672057539283 0.6666666865348816 11549
1672057553590 0.75 11599
1672057567927 0.6041666865348816 11649
1672057582523 0.9166666865348816 11699
1672057607349 0.7291666865348816 11749
1672057621705 0.5 11799
1672057636222 0.75 11849
1672057650715 0.7916666865348816 11899
1672057675454 0.8999999761581421 11949
1672057689811 0.5416666865348816 11999
1672057704132 0.8166667222976685 12049
1672057718781 0.9166666865348816 12099
1672057733119 0.5625 12149
1672057757849 0.9375 12199
1672057772151 0.75 12249
1672057786579 0.6875 12299
1672057800873 0.5 12349
1672057825639 0.875 12399
1672057839990 1.0 12449
1672057854601 0.9166666865348816 12499
1672057868953 0.5625 12549
1672057893638 0.625 12599
1672057908091 0.6666666865348816 12649
1672057922397 1.0 12699
1672057936772 0.9375 12749
1672057951069 1.0 12799
1672057975851 1.0 12849
1672057990320 0.75 12899
1672058004601 0.6875 12949
1672058019060 0.375 12999
1672058043845 0.9166666865348816 13049
1672058058145 0.8166666626930237 13099
1672058072423 0.7083333730697632 13149
1672058086726 0.9166666865348816 13199
1672058111454 0.9166666865348816 13249
1672058125880 0.75 13299
1672058140150 0.7083333134651184 13349
1672058154564 0.7916666865348816 13399
1672058168998 0.2916666865348816 13449
1672058193500 0.875 13499
1672058207863 0.8999999761581421 13549
1672058222609 0.9375 13599
1672058237117 0.9166666865348816 13649
1672058261927 0.9166666865348816 13699
1672058276358 0.9375 13749
1672058290835 0.5666666626930237 13799
1672058305285 0.9166666865348816 13849
1672058329836 0.7916666865348816 13899
1672058344092 0.5625 13949
1672058358344 0.7916666865348816 13999
1672058372628 0.875 14049
1672058386986 0.75 14099
1672058411816 0.75 14149
1672058426060 0.75 14199
1672058440301 0.4833333492279053 14249
1672058454562 0.5416666865348816 14299
1672058479444 0.4583333432674408 14349
1672058493731 1.0 14399
1672058508027 0.75 14449
1672058522464 0.875 14499
1672058547111 0.5625 14549
1672058561526 0.75 14599
1672058575853 1.0 14649
1672058590335 0.75 14699
1672058604614 0.824999988079071 14749
1672058629125 0.7916666865348816 14799
1672058643420 0.8333333730697632 14849
1672058657864 0.6666666865348816 14899
1672058672101 0.9166666865348816 14949
1672058696687 0.625 14999
1672058711064 0.875 15049
1672058725400 0.4375 15099
1672058739771 0.699999988079071 15149
1672058764380 0.75 15199
1672058778750 0.6666666865348816 15249
1672058793138 0.5666667222976685 15299
1672058807383 0.824999988079071 15349
1672058821929 0.9375 15399
1672058846417 0.5833333730697632 15449
1672058861019 0.7500000596046448 15499
1672058875383 0.9583333134651184 15549
1672058889779 0.9583333134651184 15599
1672058914468 0.7291666865348816 15649
1672058928790 0.949999988079071 15699
1672058943432 0.9375 15749
1672058957757 0.8041666746139526 15799
1672058982451 0.6666666865348816 15849
1672058996832 0.75 15899
1672059011204 0.75 15949
1672059025742 0.75 15999
1672059040268 0.6666666865348816 16049
1672059065571 0.699999988079071 16099
1672059079908 0.5 16149
1672059094327 0.9166666865348816 16199
1672059108626 0.6666666865348816 16249
1672059133161 0.5833333134651184 16299
1672059147566 0.625 16349
1672059161809 0.8666666746139526 16399
1672059176092 0.75 16449
1672059200644 0.6666666865348816 16499
1672059215098 0.625 16549
1672059229577 0.8166667222976685 16599
1672059243913 1.0 16649
1672059258293 0.3125 16699
1672059282853 0.75 16749
1672059297159 0.75 16799
1672059311414 0.875 16849
1672059325816 1.0 16899
1672059350568 0.8125 16949
1672059365008 1.0 16999
1672059379318 0.9166666865348816 17049
1672059393641 0.7916666865348816 17099
1672059418062 0.9375 17149
1672059432563 0.6666666865348816 17199
1672059446946 0.6666666865348816 17249
1672059461391 0.4375 17299
1672059475907 0.6666666865348816 17349
1672059500827 0.875 17399
1672059515194 0.9375 17449
1672059529570 0.7708333730697632 17499
1672059543918 0.75 17549
1672059568483 0.9166666865348816 17599
1672059582887 0.75 17649
1672059597168 0.8333333134651184 17699
1672059611592 0.8333333730697632 17749
1672059636248 0.9375 17799
1672059650549 0.949999988079071 17849
1672059664900 1.0 17899
1672059679229 0.5833333134651184 17949
1672059693720 0.574999988079071 17999
1672059718206 0.625 18049
1672059732532 0.75 18099
1672059746962 0.9166666865348816 18149
1672059761375 1.0 18199
1672059785968 1.0 18249
1672059800440 0.6875 18299
1672059814859 0.5 18349
1672059829304 0.6875 18399
1672059854365 0.6666666865348816 18449
1672059868732 0.875 18499
1672059883258 1.0 18549
1672059897632 0.75 18599
1672059912010 1.0 18649
1672059936661 0.7291666865348816 18699
1672059951079 1.0 18749
1672059965507 0.8999999761581421 18799
1672059980051 0.8666666746139526 18849
1672060004803 0.875 18899
1672060019280 0.5333333015441895 18949
1672060033648 0.8374999761581421 18999
1672060047981 0.4000000059604645 19049
1672060072513 0.75 19099
1672060086772 0.7916666865348816 19149
1672060101195 0.6666666865348816 19199
1672060115483 0.9583333134651184 19249
1672060129841 0.4583333432674408 19299
1672060154347 0.875 19349
1672060168916 1.0 19399
1672060183241 1.0 19449
1672060197510 0.8333333730697632 19499
1672060222088 0.8666666746139526 19549
1672060290226 0.9375 19599
1672060304517 0.699999988079071 19649
1672060318941 0.9166666865348816 19699
1672060343486 0.699999988079071 19749
1672060357765 0.7916666865348816 19799
1672060372191 0.625 19849
1672060386620 0.949999988079071 19899
1672060400954 1.0 19949
1672060425526 0.7916666865348816 19999
1672060439909 0.7916666865348816 20049
1672060454139 1.0 20099
1672060468353 0.9375 20149
1672060492911 0.9375 20199
1672060507582 0.7250000238418579 20249
1672060521903 0.875 20299
1672060536387 0.875 20349
1672060561001 0.8333333730697632 20399
1672060575350 0.875 20449
1672060589831 0.5625 20499
1672060604168 0.75 20549
1672060618633 0.75 20599
1672060643089 0.7916666865348816 20649
1672060657430 0.7083333730697632 20699
1672060671879 0.625 20749
1672060686192 0.5416666865348816 20799
1672060710841 0.5833333730697632 20849
1672060725130 0.5416666865348816 20899
1672060739543 0.75 20949
1672060754002 0.875 20999
1672060778633 0.875 21049
1672060793030 0.7916666865348816 21099
1672060807618 0.7916666865348816 21149
1672060822045 0.875 21199
1672060836611 0.6041666865348816 21249
1672060861085 0.8333333730697632 21299
1672060875515 0.75 21349
1672060889918 0.3750000298023224 21399
1672060904328 0.5416666865348816 21449
1672060928704 0.875 21499
1672060943005 0.75 21549
1672060957334 0.8333333730697632 21599
1672060971655 1.0 21649
1672060986051 0.0 21699
1672061010825 1.0 21749
1672061025479 0.9375 21799
1672061039848 0.8125 21849
1672061054252 0.8333333730697632 21899
1672061078819 0.6166666746139526 21949
1672061093189 0.75 21999
1672061107546 0.6666666865348816 22049
1672061122008 0.9166666865348816 22099
1672061147114 0.7916666865348816 22149
1672061161463 0.75 22199
1672061175834 0.75 22249
1672061190153 0.875 22299
1672061204485 0.625 22349
1672061229118 0.6458333730697632 22399
1672061243653 0.9166666865348816 22449
1672061258371 0.699999988079071 22499
1672061272780 0.75 22549
1672061297283 0.9166666865348816 22599
1672061311576 1.0 22649
1672061325873 0.5416666865348816 22699
1672061340172 0.75 22749
1672061364510 0.7976190447807312 22799
1672061378844 0.7916666865348816 22849
1672061393488 0.5416666865348816 22899
1672061408109 0.9166666865348816 22949
1672061422404 0.7083333730697632 22999
1672061447257 1.0 23049
1672061461499 0.7916666865348816 23099
1672061475750 0.9166666865348816 23149
1672061490007 0.699999988079071 23199
1672061514759 0.6875 23249
1672061529144 0.1666666716337204 23299
1672061543505 0.875 23349
1672061557764 0.75 23399
1672061582468 0.75 23449
1672061596820 0.6875 23499
1672061611136 0.5416666865348816 23549
1672061625430 0.625 23599
1672061639708 0.8125 23649
1672061664581 0.9375 23699
1672061679052 0.9166666865348816 23749
1672061693341 0.824999988079071 23799
1672061707654 0.8666666746139526 23849
1672061732310 1.0 23899
1672061746597 1.0 23949
1672061761025 1.0 23999
1672061775332 0.7749999761581421 24049
1672061799899 0.9375 24099
1672061814438 0.8333333730697632 24149
1672061828814 0.8333333134651184 24199
1672061843192 1.0 24249
1672061857552 0.875 24299
1672061882170 0.75 24349
1672061896655 0.875 24399
1672061910980 1.0 24449
1672061925437 0.5 24499
1672061950461 1.0 24549
1672061964804 0.6875 24599
1672061979210 0.875 24649
1672061993629 0.9642857313156128 24699
1672062018315 0.7916666865348816 24749
1672062032610 0.5 24799
1672062046870 0.6166666746139526 24849
1672062061377 0.6499999761581421 24899
1672062075733 1.0 24949
1672062100600 1.0 24999
1672062114963 0.75 25049
1672062129441 0.9375 25099
1672062143824 0.6666666865348816 25149
1672062168500 0.6499999761581421 25199
1672062183003 0.5625 25249
1672062197359 0.875 25299
1672062212176 0.9375 25349
1672062236715 1.0 25399
1672062250965 0.762499988079071 25449
1672062265258 0.7083333134651184 25499
1672062279946 0.6666666865348816 25549
1672062294229 0.6875 25599
1672062318779 1.0 25649
1672062333298 0.9166666865348816 25699
1672062347711 0.875 25749
1672062362417 0.75 25799
1672062386972 0.75 25849
1672062401305 0.7749999761581421 25899
1672062415756 0.75 25949
1672062430165 0.875 25999
1672062454846 0.9375 26049
1672062469095 0.5833333730697632 26099
1672062483485 0.625 26149
1672062497901 0.5 26199
1672062512216 0.6666666865348816 26249
1672062537024 0.5416666865348816 26299
1672062551423 0.8541666865348816 26349
1672062565734 0.8333333730697632 26399
1672062580174 0.875 26449
1672062604836 0.6666666865348816 26499
1672062619226 0.875 26549
1672062633625 0.5625 26599
1672062647872 0.8125 26649
1672062672572 0.8333333730697632 26699
1672062686911 0.8333333134651184 26749
1672062701419 0.625 26799
1672062715786 1.0 26849
1672062730142 0.9375 26899
1672062754956 0.8666666746139526 26949
1672062769460 0.44999998807907104 26999
1672062783793 0.8333333134651184 27049
1672062798215 0.75 27099
1672062822962 0.949999988079071 27149
1672062837483 0.6875 27199
1672062851912 0.5 27249
1672062866297 0.75 27299
1672062890607 1.0 27349
1672062905078 1.0 27399
1672062919635 0.949999988079071 27449
1672062933904 1.0 27499
1672062948301 0.8666666746139526 27549
1672062972929 0.49166667461395264 27599
1672062987181 1.0 27649
1672063001440 1.0 27699
1672063015698 1.0 27749
1672063040690 0.8125 27799
1672063054945 0.875 27849
1672063069293 0.7916666865348816 27899
1672063083646 0.75 27949
1672063107938 0.75 27999
1672063122217 0.949999988079071 28049
1672063136479 1.0 28099
1672063150771 0.9375 28149
1672063165213 0.7916666865348816 28199
1672063189745 0.6875 28249
1672063204018 0.75 28299
1672063218285 0.8125 28349
1672063232685 0.9166666865348816 28399
1672063257117 0.8666666746139526 28449
1672063271438 1.0 28499
1672063285863 0.5 28549
1672063300333 0.887499988079071 28599
1672063324866 1.0 28649
1672063339330 1.0 28699
1672063353755 0.699999988079071 28749
1672063368096 0.5 28799
1672063382476 0.7083333134651184 28849
1672063407214 0.75 28899
1672063421808 0.8125 28949
1672063436382 0.6666666865348816 28999
1672063450808 0.7916666865348816 29049
1672063475674 0.5 29099
1672063489996 0.75 29149
1672063504295 0.875 29199
1672063518608 0.8666666746139526 29249
1672063543151 1.0 29299
1672063557580 0.625 29349
1672063571888 0.8333333730697632 29399
1672063586328 0.824999988079071 29449
1672063600623 0.5 29499
1672063625168 0.75 29549
1672063639479 0.9375 29599
1672063653755 0.7916666865348816 29649
1672063668017 0.75 29699
1672063692881 0.875 29749
1672063707183 0.75 29799
1672063721461 1.0 29849
1672063735927 0.5625 29899
1672063760699 0.75 29949
1672063775039 0.9375 29999
1672063789447 1.0 30049
1672063803921 0.875 30099
1672063818293 0.7875000238418579 30149
1672063842885 0.7916666865348816 30199
1672063857382 0.625 30249
1672063871751 0.875 30299
1672063886212 0.875 30349
1672063910711 1.0 30399
1672063925105 0.7083333134651184 30449
1672063939592 0.875 30499
1672063954077 0.875 30549
1672063978677 0.5 30599
1672063993058 0.9166666865348816 30649
1672064007535 0.75 30699
1672064021862 0.8166666626930237 30749
1672064036178 0.75 30799
1672064060742 0.5 30849
1672064075034 0.4833333492279053 30899
1672064089443 0.875 30949
1672064103831 1.0 30999
1672064128579 1.0 31049
1672064143109 1.0 31099
1672064157506 0.5833333730697632 31149
1672064171916 0.6041666865348816 31199
1672064196407 0.875 31249
1672064210948 0.9166666865348816 31299
1672064225343 0.75 31349
1672064239654 0.7916666865348816 31399
1672064254225 0.75 31449
1672064279020 0.625 31499
1672064293533 0.75 31549
1672064307857 1.0 31599
1672064322187 0.9166666865348816 31649
1672064346716 1.0 31699
1672064361270 0.6666666865348816 31749
1672064375770 0.375 31799
1672064390269 0.7083333730697632 31849
1672064414895 0.9375 31899
1672064429376 0.375 31949
1672064443756 1.0 31999
1672064458055 0.625 32049
1672064472411 0.8333333134651184 32099
1672064497011 0.7833333611488342 32149
1672064511306 1.0 32199
1672064525803 0.875 32249
1672064540223 0.8374999761581421 32299
1672064564821 1.0 32349
1672064579105 0.6666666865348816 32399
1672064593395 0.5416666865348816 32449
1672064607666 0.7083333730697632 32499
1672064621900 0.25 32549
