1672053750361 0.7692196369171143 216
1672053822734 0.7807803750038147 433
1672053895541 0.7807803750038147 650
1672053967614 0.7807803750038147 867
1672054040304 0.7807803750038147 1084
1672054112331 0.7807803750038147 1301
1672054184810 0.7807803750038147 1518
1672054257150 0.7807803750038147 1735
1672054329900 0.7809248566627502 1952
1672054402660 0.7812138795852661 2169
1672054475264 0.7816473841667175 2386
1672054548460 0.7838150262832642 2603
1672054620686 0.7832369804382324 2820
1672054693147 0.785404622554779 3037
1672054765715 0.7855491042137146 3254
1672054838163 0.7884393334388733 3471
1672054910579 0.789595365524292 3688
1672054983474 0.7914739847183228 3905
1672055055793 0.793208122253418 4122
1672055128489 0.7947976589202881 4339
1672055200771 0.7975433468818665 4556
1672055273379 0.7943641543388367 4773
1672055346243 0.7981213927268982 4990
1672055419026 0.7975433468818665 5207
1672055491678 0.7994219660758972 5424
1672055564282 0.7994219660758972 5641
1672055637286 0.7966762781143188 5858
1672055709467 0.8033236861228943 6075
1672055782340 0.8050578236579895 6292
1672055854692 0.8040462136268616 6509
1672055927500 0.8049132823944092 6726
1672055999894 0.8066474199295044 6943
1672056072684 0.8050578236579895 7160
1672056144886 0.8047688007354736 7377
1672056217640 0.8015896081924438 7594
1672056290166 0.8105491399765015 7811
1672056362872 0.8070809245109558 8028
1672056435730 0.8076589703559875 8245
1672056508231 0.810693621635437 8462
1672056580990 0.8112716674804688 8679
1672056653339 0.8065028786659241 8896
1672056726156 0.8112716674804688 9113
1672056798493 0.8125722408294678 9330
1672056871120 0.8102601170539856 9547
1672056943499 0.8082370162010193 9764
1672057015821 0.8085260391235352 9981
1672057088595 0.8134393095970154 10198
1672057160976 0.8167629837989807 10415
1672057233519 0.8092485666275024 10632
1672057305887 0.8158959746360779 10849
1672057378996 0.8131502866744995 11066
1672057451392 0.8124277591705322 11283
1672057524516 0.8158959746360779 11500
1672057597457 0.8153179287910461 11717
1672057670429 0.8161849975585938 11934
1672057743243 0.8158959746360779 12151
1672057816052 0.8171965479850769 12368
1672057888923 0.8179190754890442 12585
1672057961615 0.8150289058685303 12802
1672058034421 0.8179190754890442 13019
1672058107022 0.819797694683075 13236
1672058179649 0.8128612637519836 13453
1672058252913 0.8205202221870422 13670
1672058325674 0.8179190754890442 13887
1672058397971 0.8203757405281067 14104
1672058470643 0.8179190754890442 14321
1672058543293 0.8176300525665283 14538
1672058615768 0.8189306259155273 14755
1672058688132 0.8190751671791077 14972
1672058760670 0.8182080984115601 15189
1672058833398 0.8199421763420105 15406
1672058906177 0.8235549330711365 15623
1672058979174 0.8232659101486206 15840
1672059052684 0.8208092451095581 16057
1672059125363 0.8193641901016235 16274
1672059197503 0.8190751671791077 16491
1672059270325 0.8218207955360413 16708
1672059342978 0.8216763138771057 16925
1672059415442 0.8218207955360413 17142
1672059488510 0.8215317726135254 17359
1672059561240 0.8231213688850403 17576
1672059633814 0.819797694683075 17793
1672059706362 0.8216763138771057 18010
1672059778924 0.8226878643035889 18227
1672059852058 0.8255780339241028 18444
1672059925036 0.8209537863731384 18661
1672059998087 0.8258670568466187 18878
1672060070674 0.8180635571479797 19095
1672060143107 0.8238439559936523 19312
1672060215658 0.8218207955360413 19529
1672060341943 0.8267341256141663 19746
1672060414580 0.8200867176055908 19963
1672060486803 0.8251445293426514 20180
1672060559749 0.8221098184585571 20397
1672060632297 0.8234103918075562 20614
1672060704889 0.823699414730072 20831
1672060777664 0.8267341256141663 21048
1672060850701 0.8216763138771057 21265
1672060923154 0.8258670568466187 21482
1672060995794 0.822398841381073 21699
1672061068603 0.8273121118545532 21916
1672061141676 0.8267341256141663 22133
1672061214351 0.823699414730072 22350
1672061287464 0.8257225155830383 22567
1672061359533 0.8248555064201355 22784
1672061432781 0.8251445293426514 23001
1672061504932 0.8242774605751038 23218
1672061577744 0.8251445293426514 23435
1672061650380 0.8271676301956177 23652
1672061723054 0.8290462493896484 23869
1672061795500 0.8232659101486206 24086
1672061868262 0.8239884376525879 24303
1672061941381 0.8245664834976196 24520
1672062014221 0.8281791806221008 24737
1672062087059 0.8270231485366821 24954
1672062159802 0.8242774605751038 25171
1672062232871 0.8268786072731018 25388
1672062305455 0.8300577998161316 25605
1672062378477 0.8225433230400085 25822
1672062451342 0.8306358456611633 26039
1672062523826 0.8255780339241028 26256
1672062596672 0.8287572264671326 26473
1672062669160 0.8280346989631653 26690
1672062742255 0.827890157699585 26907
1672062815028 0.828612744808197 27124
1672062887638 0.8263005614280701 27341
1672062960485 0.8280346989631653 27558
1672063033065 0.8270231485366821 27775
1672063105256 0.8297687768936157 27992
1672063177373 0.8290462493896484 28209
1672063249881 0.8264451026916504 28426
1672063322414 0.8277456760406494 28643
1672063395235 0.8265895843505859 28860
1672063468574 0.8289017081260681 29077
1672063540995 0.8293352723121643 29294
1672063613672 0.8277456760406494 29511
1672063686019 0.8281791806221008 29728
1672063758860 0.8287572264671326 29945
1672063831573 0.8287572264671326 30162
1672063904312 0.8268786072731018 30379
1672063976922 0.830491304397583 30596
1672064049793 0.8263005614280701 30813
1672064122434 0.8284682035446167 31030
1672064195198 0.8306358456611633 31247
1672064268294 0.8294797539710999 31464
1672064340817 0.8316473960876465 31681
1672064413897 0.827890157699585 31898
1672064486600 0.8274566531181335 32115
1672064559220 0.8302023410797119 32332
1672064631603 0.831791877746582 32549
