1672053750361 0.7659043073654175 216
1672053822734 0.7921966314315796 433
1672053895541 0.7913569808006287 650
1672053967614 0.7909441590309143 867
1672054040304 0.7980540990829468 1084
1672054112331 0.7830058336257935 1301
1672054184810 0.7776493430137634 1518
1672054257150 0.7737957835197449 1735
1672054329900 0.7882440090179443 1952
1672054402660 0.7924857139587402 2169
1672054475264 0.7838425636291504 2386
1672054548460 0.7958768010139465 2603
1672054620686 0.7778007984161377 2820
1672054693147 0.7893257141113281 3037
1672054765715 0.7869530320167542 3254
1672054838163 0.7906633615493774 3471
1672054910579 0.7823232412338257 3688
1672054983474 0.782572329044342 3905
1672055055793 0.788254976272583 4122
1672055128489 0.7925572395324707 4339
1672055200771 0.7893834710121155 4556
1672055273379 0.8030058145523071 4773
1672055346243 0.7761519551277161 4990
1672055419026 0.7922255992889404 5207
1672055491678 0.7868676781654358 5424
1672055564282 0.786763072013855 5641
1672055637286 0.7888137102127075 5858
1672055709467 0.7811809182167053 6075
1672055782340 0.7985329627990723 6292
1672055854692 0.7877071499824524 6509
1672055927500 0.7942004799842834 6726
1672055999894 0.7769694924354553 6943
1672056072684 0.7950674891471863 7160
1672056144886 0.7907212376594543 7377
1672056217640 0.7906745076179504 7594
1672056290166 0.7865704298019409 7811
1672056362872 0.7886705994606018 8028
1672056435730 0.7925820350646973 8245
1672056508231 0.7796312570571899 8462
1672056580990 0.7878090739250183 8679
1672056653339 0.7801528573036194 8896
1672056726156 0.7709716558456421 9113
1672056798493 0.7879577279090881 9330
1672056871120 0.789009153842926 9547
1672056943499 0.7843918204307556 9764
1672057015821 0.7982892990112305 9981
1672057088595 0.7888440489768982 10198
1672057160976 0.7796614766120911 10415
1672057233519 0.7789788842201233 10632
1672057305887 0.793523371219635 10849
1672057378996 0.7844894528388977 11066
1672057451392 0.7798266410827637 11283
1672057524516 0.7874374985694885 11500
1672057597457 0.7706896066665649 11717
1672057670429 0.7870838046073914 11934
1672057743243 0.7829287648200989 12151
1672057816052 0.7804239392280579 12368
1672057888923 0.7979247570037842 12585
1672057961615 0.7861079573631287 12802
1672058034421 0.7801157236099243 13019
1672058107022 0.8019846677780151 13236
1672058179649 0.79171222448349 13453
1672058252913 0.7965015769004822 13670
1672058325674 0.7836939692497253 13887
1672058397971 0.7924938797950745 14104
1672058470643 0.7843160033226013 14321
1672058543293 0.7909331321716309 14538
1672058615768 0.782283365726471 14755
1672058688132 0.7928792238235474 14972
1672058760670 0.7797303795814514 15189
1672058833398 0.7924938797950745 15406
1672058906177 0.7825434803962708 15623
1672058979174 0.7934243083000183 15840
1672059052684 0.7771759629249573 16057
1672059125363 0.7783787846565247 16274
1672059197503 0.7784655690193176 16491
1672059270325 0.7824567556381226 16708
1672059342978 0.7900290489196777 16925
1672059415442 0.7771373391151428 17142
1672059488510 0.7761244773864746 17359
1672059561240 0.780828595161438 17576
1672059633814 0.7806551456451416 17793
1672059706362 0.7906773090362549 18010
1672059778924 0.7912689447402954 18227
1672059852058 0.7864355444908142 18444
1672059925036 0.779210090637207 18661
1672059998087 0.7872227430343628 18878
1672060070674 0.7930692434310913 19095
1672060143107 0.788139283657074 19312
1672060215658 0.7720755338668823 19529
1672060341943 0.8070686459541321 19746
1672060414580 0.7818112969398499 19963
1672060486803 0.7936112880706787 20180
1672060559749 0.7891138195991516 20397
1672060632297 0.7851996421813965 20614
1672060704889 0.7747811675071716 20831
1672060777664 0.7932757139205933 21048
1672060850701 0.7696725130081177 21265
1672060923154 0.7885357141494751 21482
1672060995794 0.7708836197853088 21699
1672061068603 0.7949959635734558 21916
1672061141676 0.7901349067687988 22133
1672061214351 0.7868002653121948 22350
1672061287464 0.7901293635368347 22567
1672061359533 0.7941977977752686 22784
1672061432781 0.7856565117835999 23001
1672061504932 0.7966558337211609 23218
1672061577744 0.7787284255027771 23435
1672061650380 0.7864837050437927 23652
1672061723054 0.8051638603210449 23869
1672061795500 0.7916819453239441 24086
1672061868262 0.7807790040969849 24303
1672061941381 0.7884668707847595 24520
1672062014221 0.7889568209648132 24737
1672062087059 0.7851582765579224 24954
1672062159802 0.7836416363716125 25171
1672062232871 0.7808354496955872 25388
1672062305455 0.7908629179000854 25605
1672062378477 0.7891812324523926 25822
1672062451342 0.7912524938583374 26039
1672062523826 0.7824140191078186 26256
1672062596672 0.7833608388900757 26473
1672062669160 0.7898074388504028 26690
1672062742255 0.7949120402336121 26907
1672062815028 0.7955299615859985 27124
1672062887638 0.7819157242774963 27341
1672062960485 0.7856648564338684 27558
1672063033065 0.7991027235984802 27775
1672063105256 0.7853757739067078 27992
1672063177373 0.7748556137084961 28209
1672063249881 0.7850867509841919 28426
1672063322414 0.7939692139625549 28643
1672063395235 0.7870603203773499 28860
1672063468574 0.7872447967529297 29077
1672063540995 0.7894302606582642 29294
1672063613672 0.7874153256416321 29511
1672063686019 0.7871842384338379 29728
1672063758860 0.7943105101585388 29945
1672063831573 0.8007941842079163 30162
1672063904312 0.7766667604446411 30379
1672063976922 0.7902312278747559 30596
1672064049793 0.7841619253158569 30813
1672064122434 0.7773438692092896 31030
1672064195198 0.7815415859222412 31247
1672064268294 0.7943710684776306 31464
1672064340817 0.79119473695755 31681
1672064413897 0.7843325734138489 31898
1672064486600 0.7730705142021179 32115
1672064559220 0.780038595199585 32332
1672064631603 0.7835508584976196 32549
