1672053750361 0.6257324814796448 216
1672053822734 0.6452069282531738 433
1672053895541 0.6468252539634705 650
1672053967614 0.6530316472053528 867
1672054040304 0.6551064252853394 1084
1672054112331 0.6425631046295166 1301
1672054184810 0.6382830739021301 1518
1672054257150 0.6341867446899414 1735
1672054329900 0.6427481770515442 1952
1672054402660 0.6503316164016724 2169
1672054475264 0.6433979868888855 2386
1672054548460 0.654461681842804 2603
1672054620686 0.6447402238845825 2820
1672054693147 0.6488098502159119 3037
1672054765715 0.6531291007995605 3254
1672054838163 0.6529973745346069 3471
1672054910579 0.6492511630058289 3688
1672054983474 0.650488555431366 3905
1672055055793 0.660325288772583 4122
1672055128489 0.6594520807266235 4339
1672055200771 0.6618399620056152 4556
1672055273379 0.6634520292282104 4773
1672055346243 0.6568953394889832 4990
1672055419026 0.6634111404418945 5207
1672055491678 0.6602725982666016 5424
1672055564282 0.6613576412200928 5641
1672055637286 0.6584124565124512 5858
1672055709467 0.6622781753540039 6075
1672055782340 0.6771661639213562 6292
1672055854692 0.6685953736305237 6509
1672055927500 0.6730526089668274 6726
1672055999894 0.6642590165138245 6943
1672056072684 0.6720574498176575 7160
1672056144886 0.66725093126297 7377
1672056217640 0.6651134490966797 7594
1672056290166 0.669198215007782 7811
1672056362872 0.6699523329734802 8028
1672056435730 0.6721129417419434 8245
1672056508231 0.668221652507782 8462
1672056580990 0.6717222332954407 8679
1672056653339 0.6664704084396362 8896
1672056726156 0.656808078289032 9113
1672056798493 0.6736733317375183 9330
1672056871120 0.6757161021232605 9547
1672056943499 0.6681126952171326 9764
1672057015821 0.6798195242881775 9981
1672057088595 0.6741616129875183 10198
1672057160976 0.6741281747817993 10415
1672057233519 0.6655876040458679 10632
1672057305887 0.6798197031021118 10849
1672057378996 0.6749706268310547 11066
1672057451392 0.6674321889877319 11283
1672057524516 0.6770174503326416 11500
1672057597457 0.6654497981071472 11717
1672057670429 0.6746696829795837 11934
1672057743243 0.6717128753662109 12151
1672057816052 0.6750496029853821 12368
1672057888923 0.6904217600822449 12585
1672057961615 0.6760713458061218 12802
1672058034421 0.6720927357673645 13019
1672058107022 0.6893110275268555 13236
1672058179649 0.6770810484886169 13453
1672058252913 0.6876079440116882 13670
1672058325674 0.6751421093940735 13887
1672058397971 0.6837176084518433 14104
1672058470643 0.6769298315048218 14321
1672058543293 0.6842828392982483 14538
1672058615768 0.6726691722869873 14755
1672058688132 0.6810149550437927 14972
1672058760670 0.6734598875045776 15189
1672058833398 0.6805452108383179 15406
1672058906177 0.6835641860961914 15623
1672058979174 0.6891328692436218 15840
1672059052684 0.6717113256454468 16057
1672059125363 0.6705254316329956 16274
1672059197503 0.6756987571716309 16491
1672059270325 0.6757587194442749 16708
1672059342978 0.6849129796028137 16925
1672059415442 0.6744834184646606 17142
1672059488510 0.6783124208450317 17359
1672059561240 0.6785086393356323 17576
1672059633814 0.6735796928405762 17793
1672059706362 0.6848866939544678 18010
1672059778924 0.6901621222496033 18227
1672059852058 0.6852849721908569 18444
1672059925036 0.672607421875 18661
1672059998087 0.6877062916755676 18878
1672060070674 0.6842771768569946 19095
1672060143107 0.6854336857795715 19312
1672060215658 0.6750484108924866 19529
1672060341943 0.7017068862915039 19746
1672060414580 0.678268313407898 19963
1672060486803 0.6934223771095276 20180
1672060559749 0.6854405999183655 20397
1672060632297 0.6784411072731018 20614
1672060704889 0.6731764078140259 20831
1672060777664 0.6946250796318054 21048
1672060850701 0.6730569005012512 21265
1672060923154 0.6899805068969727 21482
1672060995794 0.6744323968887329 21699
1672061068603 0.6948413848876953 21916
1672061141676 0.6871992945671082 22133
1672061214351 0.6805758476257324 22350
1672061287464 0.6863282918930054 22567
1672061359533 0.6883271336555481 22784
1672061432781 0.6810869574546814 23001
1672061504932 0.6940017342567444 23218
1672061577744 0.6825715899467468 23435
1672061650380 0.6903723478317261 23652
1672061723054 0.7035975456237793 23869
1672061795500 0.6906244158744812 24086
1672061868262 0.6803819537162781 24303
1672061941381 0.6872158050537109 24520
1672062014221 0.685469388961792 24737
1672062087059 0.6871922612190247 24954
1672062159802 0.6804499626159668 25171
1672062232871 0.6841910481452942 25388
1672062305455 0.6906939148902893 25605
1672062378477 0.6843406558036804 25822
1672062451342 0.69063401222229 26039
1672062523826 0.6840373873710632 26256
1672062596672 0.6890347003936768 26473
1672062669160 0.6891914010047913 26690
1672062742255 0.6933665871620178 26907
1672062815028 0.6959866881370544 27124
1672062887638 0.6790157556533813 27341
1672062960485 0.6826292276382446 27558
1672063033065 0.6910510659217834 27775
1672063105256 0.6905706524848938 27992
1672063177373 0.6792810559272766 28209
1672063249881 0.6865145564079285 28426
1672063322414 0.6932913661003113 28643
1672063395235 0.6858615279197693 28860
1672063468574 0.6884069442749023 29077
1672063540995 0.6895867586135864 29294
1672063613672 0.6892672777175903 29511
1672063686019 0.6911106109619141 29728
1672063758860 0.6983082890510559 29945
1672063831573 0.6972850561141968 30162
1672063904312 0.677236795425415 30379
1672063976922 0.691026508808136 30596
1672064049793 0.6857841610908508 30813
1672064122434 0.6825392246246338 31030
1672064195198 0.6847350001335144 31247
1672064268294 0.6965267658233643 31464
1672064340817 0.694735050201416 31681
1672064413897 0.6874669790267944 31898
1672064486600 0.6759122610092163 32115
1672064559220 0.6859257817268372 32332
1672064631603 0.6869760155677795 32549
