1672132892447 0 22
1672132895415 1 22
1672132906445 1 45
1672132909627 2 45
1672132911543 2 49
1672132920529 2 68
1672132923640 3 68
1672132934463 3 91
1672132937650 4 91
1672132940628 4 99
1672132948399 4 114
1672132951563 5 114
1672132962569 5 137
1672132965655 6 137
1672132969765 6 149
1672132976409 6 160
1672132979591 7 160
1672132990591 7 183
1672132993833 8 183
1672132999085 8 199
1672133004587 8 206
1672133007834 9 206
1672133018560 9 229
1672133021724 10 229
1672133028160 10 249
1672133032578 10 252
1672133035813 11 252
1672133046802 11 275
1672133049993 12 275
1672133060896 12 298
1672133064082 13 298
1672133065039 13 299
1672133074930 13 321
1672133078045 14 321
1672133088947 14 344
1672133092137 15 344
1672133094240 15 349
1672133103110 15 367
1672133106227 16 367
1672133117024 16 390
1672133120191 17 390
1672133123415 17 399
1672133131040 17 413
1672133134209 18 413
1672133145255 18 436
1672133148493 19 436
1672133153149 19 449
1672133159900 19 459
1672133163045 20 459
1672133174001 20 482
1672133177067 21 482
