1672132895415 0.5014124512672424 22
1672132909627 0.47740113735198975 45
1672132923640 0.4689265489578247 68
1672132937650 0.47033897042274475 91
1672132951563 0.4788135588169098 114
1672132965655 0.47033897042274475 137
1672132979591 0.47740113735198975 160
1672132993833 0.4887005686759949 183
1672133007834 0.4759886860847473 206
1672133021724 0.48163843154907227 229
1672133035813 0.47033897042274475 252
1672133049993 0.48446327447891235 275
1672133064082 0.47457626461982727 298
1672133078045 0.4717514216899872 321
1672133092137 0.48728814721107483 344
1672133106227 0.4731638431549072 367
1672133120191 0.47033897042274475 390
1672133134209 0.4788135588169098 413
1672133148493 0.4759886860847473 436
1672133163045 0.4858756959438324 459
1672133177067 0.48728814721107483 482
