1672189375543 0.0 216
1672189447122 0.0 433
1672189519341 0.0 650
1672189591269 0.0 867
1672189663008 0.0 1084
1672189734775 0.0 1301
1672189806494 0.0 1518
1672189879081 0.0 1735
1672189958159 0.0 1952
1672190032865 3.75 2169
1672190105498 18.75 2386
1672190178724 28.5 2603
1672190253665 23.75 2820
1672190326849 2.75 3037
1672190399697 23.0 3254
1672190472659 4.5 3471
1672190546379 22.75 3688
1672190619488 21.5 3905
1672190691959 26.25 4122
1672190764258 23.0 4339
1672190836361 26.5 4556
1672190908689 27.0 4773
1672190980946 25.0 4990
1672191053209 33.75 5207
1672191125567 13.75 5424
1672191197908 32.0 5641
1672191270116 26.75 5858
1672191342315 23.5 6075
1672191414578 22.75 6292
1672191487363 26.25 6509
1672191560222 19.25 6726
1672191633839 24.75 6943
1672191707884 15.0 7160
1672191780632 21.5 7377
1672191852218 23.5 7594
1672191924399 26.75 7811
1672191996134 21.5 8028
1672192068370 21.75 8245
1672192139929 22.75 8462
1672192212584 23.0 8679
1672192284688 27.0 8896
1672192356850 24.25 9113
1672192428915 23.0 9330
1672192501738 23.75 9547
1672192574143 26.25 9764
1672192646861 24.25 9981
1672192719307 23.25 10198
1672192791681 21.5 10415
1672192864044 24.25 10632
1672192936727 23.0 10849
1672193009050 23.0 11066
1672193081239 24.25 11283
1672193153839 23.0 11500
1672193226377 24.25 11717
1672193298787 25.0 11934
1672193371233 25.0 12151
1672193443970 24.0 12368
1672193516467 24.0 12585
1672193588912 24.25 12802
1672193661232 22.5 13019
1672193734039 24.25 13236
1672193806425 23.75 13453
1672193878994 25.5 13670
1672193951528 25.5 13887
1672194024059 23.75 14104
1672194096493 25.25 14321
1672194168825 23.5 14538
1672194241169 22.25 14755
1672194313754 23.75 14972
1672194386202 26.75 15189
1672194458437 25.0 15406
1672194531058 22.25 15623
1672194602821 24.75 15840
1672194675657 24.0 16057
1672194748254 23.75 16274
1672194820853 23.5 16491
1672194892828 25.0 16708
1672194965513 24.0 16925
1672195037803 23.5 17142
1672195110227 23.75 17359
1672195182750 23.5 17576
1672195254949 23.75 17793
1672195327472 23.75 18010
1672195399679 25.25 18227
1672195472044 23.5 18444
1672195544099 24.5 18661
1672195616672 23.5 18878
1672195689889 24.0 19095
1672195762323 23.75 19312
1672195834706 23.75 19529
1672195907219 23.75 19746
1672195979839 24.25 19963
1672196052220 23.5 20180
1672196124521 24.0 20397
1672196197231 24.0 20614
1672196270115 23.5 20831
1672196342639 23.75 21048
1672196415424 24.0 21265
1672196488329 23.25 21482
1672196560772 23.75 21699
1672196633126 23.75 21916
1672196705668 23.75 22133
1672196778063 23.5 22350
1672196850415 23.75 22567
1672196922985 23.75 22784
1672196995331 23.5 23001
1672197067898 23.5 23218
1672197140218 23.75 23435
1672197212405 23.5 23652
1672197285301 23.5 23869
1672197357216 23.5 24086
1672197429747 23.5 24303
1672197502003 23.75 24520
1672197574795 22.5 24737
1672197647001 22.0 24954
1672197719485 23.5 25171
1672197792307 23.75 25388
1672197864396 20.5 25605
1672197937174 23.75 25822
1672198009431 23.5 26039
1672198082211 23.75 26256
1672198155103 23.5 26473
1672198227345 24.25 26690
1672198299729 24.25 26907
1672198372066 23.75 27124
1672198444603 23.75 27341
1672198517298 24.0 27558
1672198590034 24.25 27775
1672198663337 23.75 27992
1672198737097 17.0 28209
1672198810165 23.75 28426
1672198883791 24.0 28643
1672198957377 23.75 28860
1672199030580 24.0 29077
1672199103910 23.75 29294
1672199177574 24.5 29511
1672199251022 22.25 29728
1672199324498 24.5 29945
1672199397932 23.75 30162
1672199471156 24.5 30379
1672199545030 23.5 30596
1672199618257 24.75 30813
1672199691856 23.75 31030
1672199765030 23.75 31247
1672199838770 23.75 31464
1672199912324 23.75 31681
1672199985760 23.5 31898
1672200059433 24.0 32115
1672200133035 23.75 32332
1672200206767 23.75 32549
