1672189321564 0 49
1672189335692 0 99
1672189349961 0 149
1672189364228 0 199
1672189375543 0 216
1672189378444 1 216
1672189388852 1 249
1672189402922 1 299
1672189417037 1 349
1672189431162 1 399
1672189447122 1 433
1672189450270 2 433
1672189455454 2 449
1672189469628 2 499
1672189483816 2 549
1672189498138 2 599
1672189512597 2 649
1672189519341 2 650
1672189522496 3 650
1672189537155 3 699
1672189551356 3 749
1672189565597 3 799
1672189579791 3 849
1672189591269 3 867
1672189594511 4 867
1672189604249 4 899
1672189618510 4 949
1672189632897 4 999
1672189647016 4 1049
1672189663008 4 1084
1672189666197 5 1084
1672189671259 5 1099
1672189685446 5 1149
1672189699632 5 1199
1672189713812 5 1249
1672189727994 5 1299
1672189734775 5 1301
1672189737978 6 1301
1672189752543 6 1349
1672189766699 6 1399
1672189780813 6 1449
1672189794918 6 1499
1672189806494 6 1518
1672189809591 7 1518
1672189819078 7 1549
1672189833275 7 1599
1672189847460 7 1649
1672189861830 7 1699
1672189879081 7 1735
1672189882277 8 1735
1672189887047 8 1749
1672189901172 8 1799
1672189915329 8 1849
1672189929445 8 1899
1672189943766 8 1949
1672189958159 8 1952
1672189961371 9 1952
1672189975570 9 1999
1672189989751 9 2049
1672190004059 9 2099
1672190018403 9 2149
1672190032865 9 2169
1672190036025 10 2169
1672190045218 10 2199
1672190059435 10 2249
1672190073555 10 2299
1672190088043 10 2349
1672190105498 10 2386
1672190108644 11 2386
1672190113065 11 2399
1672190127311 11 2449
1672190141643 11 2499
1672190156008 11 2549
1672190170248 11 2599
1672190178724 11 2603
1672190182063 12 2603
1672190195776 12 2649
1672190210122 12 2699
1672190224385 12 2749
1672190238750 12 2799
1672190253665 12 2820
1672190256842 13 2820
1672190265887 13 2849
1672190280137 13 2899
1672190294610 13 2949
1672190308802 13 2999
1672190326849 13 3037
1672190330071 14 3037
1672190334191 14 3049
1672190348554 14 3099
1672190362737 14 3149
1672190377120 14 3199
1672190391306 14 3249
1672190399697 14 3254
1672190402943 15 3254
1672190416481 15 3299
1672190430946 15 3349
1672190445244 15 3399
1672190459728 15 3449
1672190472659 15 3471
1672190475806 16 3471
1672190484554 16 3499
1672190498986 16 3549
1672190513264 16 3599
1672190527544 16 3649
1672190546379 16 3688
1672190549557 17 3688
1672190553519 17 3699
1672190567931 17 3749
1672190582193 17 3799
1672190596587 17 3849
1672190610971 17 3899
1672190619488 17 3905
1672190622667 18 3905
1672190635863 18 3949
1672190650231 18 3999
1672190664423 18 4049
1672190678614 18 4099
1672190691959 18 4122
1672190695145 19 4122
1672190703565 19 4149
1672190717871 19 4199
1672190732204 19 4249
1672190746348 19 4299
1672190764258 19 4339
1672190767390 20 4339
1672190770911 20 4349
1672190785272 20 4399
1672190799472 20 4449
1672190813729 20 4499
1672190827945 20 4549
1672190836361 20 4556
1672190839490 21 4556
1672190852565 21 4599
1672190866934 21 4649
1672190881118 21 4699
1672190895434 21 4749
1672190908689 21 4773
1672190911847 22 4773
1672190920183 22 4799
1672190934414 22 4849
1672190948665 22 4899
1672190962898 22 4949
1672190980946 22 4990
1672190984127 23 4990
1672190987410 23 4999
1672191001912 23 5049
1672191016093 23 5099
1672191030290 23 5149
1672191044627 23 5199
1672191053209 23 5207
1672191056379 24 5207
1672191069044 24 5249
1672191083283 24 5299
1672191097736 24 5349
1672191112183 24 5399
1672191125567 24 5424
1672191128739 25 5424
1672191136581 25 5449
1672191150847 25 5499
1672191165368 25 5549
1672191179642 25 5599
1672191197908 25 5641
1672191201058 26 5641
1672191204210 26 5649
1672191218426 26 5699
1672191232648 26 5749
1672191247000 26 5799
1672191261203 26 5849
1672191270116 26 5858
1672191273334 27 5858
1672191285665 27 5899
1672191299852 27 5949
1672191314442 27 5999
1672191328625 27 6049
1672191342315 27 6075
1672191345510 28 6075
1672191353072 28 6099
1672191367277 28 6149
1672191381496 28 6199
1672191395851 28 6249
1672191414578 28 6292
1672191417810 29 6292
1672191420570 29 6299
1672191434801 29 6349
1672191449011 29 6399
1672191463409 29 6449
1672191477642 29 6499
1672191487363 29 6509
1672191490551 30 6509
1672191502680 30 6549
1672191516965 30 6599
1672191531507 30 6649
1672191545747 30 6699
1672191560222 30 6726
1672191563413 31 6726
1672191570674 31 6749
1672191584860 31 6799
1672191599162 31 6849
1672191613369 31 6899
1672191633839 31 6943
1672191637028 32 6943
1672191639439 32 6949
1672191653924 32 6999
1672191668289 32 7049
1672191682491 32 7099
1672191696735 32 7149
1672191707884 32 7160
1672191711019 33 7160
1672191722998 33 7199
1672191737367 33 7249
1672191751534 33 7299
1672191765866 33 7349
1672191780632 33 7377
1672191783838 34 7377
1672191790733 34 7399
1672191804934 34 7449
1672191819152 34 7499
1672191833387 34 7549
1672191852218 34 7594
1672191855378 35 7594
1672191857675 35 7599
1672191871992 35 7649
1672191886159 35 7699
1672191900414 35 7749
1672191914770 35 7799
1672191924399 35 7811
1672191927430 36 7811
1672191938922 36 7849
1672191953112 36 7899
1672191967369 36 7949
1672191981761 36 7999
1672191996134 36 8028
1672191999394 37 8028
1672192006114 37 8049
1672192020429 37 8099
1672192034929 37 8149
1672192049385 37 8199
1672192068370 37 8245
1672192071507 38 8245
1672192073388 38 8249
1672192087574 38 8299
1672192101803 38 8349
1672192116023 38 8399
1672192130247 38 8449
1672192139929 38 8462
1672192143133 39 8462
1672192154573 39 8499
1672192169041 39 8549
1672192183394 39 8599
1672192197627 39 8649
1672192212584 39 8679
1672192215841 40 8679
1672192222223 40 8699
1672192236415 40 8749
1672192250642 40 8799
1672192264849 40 8849
1672192284688 40 8896
1672192287810 41 8896
1672192289339 41 8899
1672192303793 41 8949
1672192318144 41 8999
1672192332330 41 9049
1672192346509 41 9099
1672192356850 41 9113
1672192360024 42 9113
1672192370955 42 9149
1672192385217 42 9199
1672192399553 42 9249
1672192413788 42 9299
1672192428915 42 9330
1672192432162 43 9330
1672192438472 43 9349
1672192452751 43 9399
1672192467339 43 9449
1672192481607 43 9499
1672192501738 43 9547
1672192504890 44 9547
1672192506193 44 9549
1672192520435 44 9599
1672192534735 44 9649
1672192549120 44 9699
1672192563565 44 9749
1672192574143 44 9764
1672192577314 45 9764
1672192588091 45 9799
1672192602456 45 9849
1672192616793 45 9899
1672192631391 45 9949
1672192646861 45 9981
1672192650092 46 9981
1672192655917 46 9999
1672192670317 46 10049
1672192684707 46 10099
1672192698967 46 10149
1672192719307 46 10198
1672192722551 47 10198
1672192723748 47 10199
1672192738091 47 10249
1672192752339 47 10299
1672192766501 47 10349
1672192780700 47 10399
1672192791681 47 10415
1672192794836 48 10415
1672192805179 48 10449
1672192819408 48 10499
1672192833782 48 10549
1672192847991 48 10599
1672192864044 48 10632
1672192867299 49 10632
1672192872819 49 10649
1672192887086 49 10699
1672192901393 49 10749
1672192915778 49 10799
1672192930053 49 10849
1672192936727 49 10849
1672192939886 50 10849
1672192954870 50 10899
1672192969070 50 10949
1672192983438 50 10999
1672192997705 50 11049
1672193009050 50 11066
1672193012300 51 11066
1672193022390 51 11099
1672193036678 51 11149
1672193050849 51 11199
1672193064994 51 11249
1672193081239 51 11283
1672193084453 52 11283
1672193089680 52 11299
1672193103908 52 11349
1672193118328 52 11399
1672193132568 52 11449
1672193146998 52 11499
1672193153839 52 11500
1672193156987 53 11500
1672193171807 53 11549
1672193186015 53 11599
1672193200422 53 11649
1672193214680 53 11699
1672193226377 53 11717
1672193229511 54 11717
1672193239338 54 11749
1672193253495 54 11799
1672193267776 54 11849
1672193282099 54 11899
1672193298787 54 11934
1672193301994 55 11934
1672193307195 55 11949
1672193321401 55 11999
1672193335620 55 12049
1672193350008 55 12099
1672193364267 55 12149
1672193371233 55 12151
1672193374431 56 12151
1672193388844 56 12199
1672193403260 56 12249
1672193417515 56 12299
1672193432083 56 12349
1672193443970 56 12368
1672193447244 57 12368
1672193456844 57 12399
1672193471279 57 12449
1672193485450 57 12499
1672193499655 57 12549
1672193516467 57 12585
1672193519681 58 12585
1672193524291 58 12599
1672193538539 58 12649
1672193552898 58 12699
1672193567273 58 12749
1672193581509 58 12799
1672193588912 58 12802
1672193592113 59 12802
1672193606233 59 12849
1672193620518 59 12899
1672193634787 59 12949
1672193649210 59 12999
1672193661232 59 13019
1672193664559 60 13019
1672193673717 60 13049
1672193688238 60 13099
1672193702512 60 13149
1672193716735 60 13199
1672193734039 60 13236
1672193737251 61 13236
1672193741639 61 13249
1672193755876 61 13299
1672193770083 61 13349
1672193784435 61 13399
1672193798668 61 13449
1672193806425 61 13453
1672193809671 62 13453
1672193823714 62 13499
1672193837901 62 13549
1672193852223 62 13599
1672193866388 62 13649
1672193878994 62 13670
1672193882209 63 13670
1672193891293 63 13699
1672193905562 63 13749
1672193919967 63 13799
1672193934342 63 13849
1672193951528 63 13887
1672193954698 64 13887
1672193958808 64 13899
1672193973207 64 13949
1672193987457 64 13999
1672194001885 64 14049
1672194016156 64 14099
1672194024059 64 14104
1672194027227 65 14104
1672194040762 65 14149
1672194055129 65 14199
1672194069577 65 14249
1672194083804 65 14299
1672194096493 65 14321
1672194099719 66 14321
1672194108364 66 14349
1672194122852 66 14399
1672194137053 66 14449
1672194151289 66 14499
1672194168825 66 14538
1672194172028 67 14538
1672194175880 67 14549
1672194190073 67 14599
1672194204425 67 14649
1672194218620 67 14699
1672194232800 67 14749
1672194241169 67 14755
1672194244466 68 14755
1672194257819 68 14799
1672194272243 68 14849
1672194286509 68 14899
1672194300753 68 14949
1672194313754 68 14972
1672194316895 69 14972
1672194325526 69 14999
1672194339680 69 15049
1672194353826 69 15099
1672194368303 69 15149
1672194386202 69 15189
1672194389400 70 15189
1672194392929 70 15199
1672194407181 70 15249
1672194421433 70 15299
1672194435722 70 15349
1672194450014 70 15399
1672194458437 70 15406
1672194461601 71 15406
1672194474523 71 15449
1672194488893 71 15499
1672194503260 71 15549
1672194517627 71 15599
1672194531058 71 15623
1672194534249 72 15623
1672194542272 72 15649
1672194556455 72 15699
1672194570641 72 15749
1672194584817 72 15799
1672194602821 72 15840
1672194605927 73 15840
1672194609195 73 15849
1672194623621 73 15899
1672194637971 73 15949
1672194652359 73 15999
1672194666756 73 16049
1672194675657 73 16057
1672194679119 74 16057
1672194691906 74 16099
1672194706076 74 16149
1672194720280 74 16199
1672194734451 74 16249
1672194748254 74 16274
1672194751478 75 16274
1672194759312 75 16299
1672194773566 75 16349
1672194787945 75 16399
1672194802269 75 16449
1672194820853 75 16491
1672194824040 76 16491
1672194827044 76 16499
1672194841199 76 16549
1672194855324 76 16599
1672194869467 76 16649
1672194883586 76 16699
1672194892828 76 16708
1672194896001 77 16708
1672194908531 77 16749
1672194922823 77 16799
1672194937176 77 16849
1672194951806 77 16899
1672194965513 77 16925
1672194968734 78 16925
1672194976279 78 16949
1672194990481 78 16999
1672195004670 78 17049
1672195018899 78 17099
1672195037803 78 17142
1672195040994 79 17142
1672195043825 79 17149
1672195058038 79 17199
1672195072245 79 17249
1672195086625 79 17299
1672195100955 79 17349
1672195110227 79 17359
1672195113371 80 17359
1672195125443 80 17399
1672195139740 80 17449
1672195154029 80 17499
1672195168619 80 17549
1672195182750 80 17576
1672195185928 81 17576
1672195193310 81 17599
1672195207497 81 17649
1672195221668 81 17699
1672195236026 81 17749
1672195254949 81 17793
1672195258147 82 17793
1672195260554 82 17799
1672195274806 82 17849
1672195289011 82 17899
1672195303426 82 17949
1672195317789 82 17999
1672195327472 82 18010
1672195330682 83 18010
1672195342476 83 18049
1672195356716 83 18099
1672195370923 83 18149
1672195385148 83 18199
1672195399679 83 18227
1672195402918 84 18227
1672195409830 84 18249
1672195424298 84 18299
1672195438432 84 18349
1672195452583 84 18399
1672195472044 84 18444
1672195475269 85 18444
1672195477382 85 18449
1672195491550 85 18499
1672195505726 85 18549
1672195519940 85 18599
1672195534095 85 18649
1672195544099 85 18661
1672195547213 86 18661
1672195559030 86 18699
1672195573430 86 18749
1672195587660 86 18799
1672195601875 86 18849
1672195616672 86 18878
1672195619868 87 18878
1672195626724 87 18899
1672195641475 87 18949
1672195655654 87 18999
1672195670004 87 19049
1672195689889 87 19095
1672195693171 88 19095
1672195695011 88 19099
1672195709222 88 19149
1672195723593 88 19199
1672195737777 88 19249
1672195752087 88 19299
1672195762323 88 19312
1672195765543 89 19312
1672195776741 89 19349
1672195790972 89 19399
1672195805333 89 19449
1672195819664 89 19499
1672195834706 89 19529
1672195837920 90 19529
1672195844331 90 19549
1672195858519 90 19599
1672195872800 90 19649
1672195887355 90 19699
1672195907219 90 19746
1672195910427 91 19746
1672195912134 91 19749
1672195926489 91 19799
1672195940848 91 19849
1672195955043 91 19899
1672195969237 91 19949
1672195979839 91 19963
1672195983080 92 19963
1672195993997 92 19999
1672196008195 92 20049
1672196022528 92 20099
1672196036703 92 20149
1672196052220 92 20180
1672196055458 93 20180
1672196061563 93 20199
1672196075782 93 20249
1672196090004 93 20299
1672196104385 93 20349
1672196124521 93 20397
1672196127696 94 20397
1672196128909 94 20399
1672196143059 94 20449
1672196157343 94 20499
1672196171628 94 20549
1672196185915 94 20599
1672196197231 94 20614
1672196200412 95 20614
1672196211067 95 20649
1672196225392 95 20699
1672196239547 95 20749
1672196253720 95 20799
1672196270115 95 20831
1672196273358 96 20831
1672196279223 96 20849
1672196293397 96 20899
1672196307710 96 20949
1672196322038 96 20999
1672196342639 96 21048
1672196345907 97 21048
1672196346883 97 21049
1672196361149 97 21099
1672196375690 97 21149
1672196389872 97 21199
1672196404245 97 21249
1672196415424 97 21265
1672196418753 98 21265
1672196429145 98 21299
1672196443576 98 21349
1672196458001 98 21399
1672196472275 98 21449
1672196488329 98 21482
1672196491515 99 21482
1672196497153 99 21499
1672196511393 99 21549
1672196525819 99 21599
1672196540210 99 21649
1672196554248 99 21699
1672196560772 99 21699
1672196564026 100 21699
1672196578934 100 21749
1672196593244 100 21799
1672196607403 100 21849
1672196621595 100 21899
1672196633126 100 21916
1672196636432 101 21916
1672196646724 101 21949
1672196661116 101 21999
1672196675335 101 22049
1672196689581 101 22099
1672196705668 101 22133
1672196708922 102 22133
1672196714208 102 22149
1672196728348 102 22199
1672196742848 102 22249
1672196757010 102 22299
1672196771329 102 22349
1672196778063 102 22350
1672196781238 103 22350
1672196795942 103 22399
1672196810182 103 22449
1672196824568 103 22499
1672196838812 103 22549
1672196850415 103 22567
1672196853675 104 22567
1672196863445 104 22599
1672196877814 104 22649
1672196892170 104 22699
1672196906377 104 22749
1672196922985 104 22784
1672196926264 105 22784
1672196931217 105 22799
1672196945619 105 22849
1672196959862 105 22899
1672196974177 105 22949
1672196988385 105 22999
1672196995331 105 23001
1672196998533 106 23001
1672197013077 106 23049
1672197027609 106 23099
1672197041841 106 23149
1672197056108 106 23199
1672197067898 106 23218
1672197071115 107 23218
1672197080610 107 23249
1672197094945 107 23299
1672197109164 107 23349
1672197123373 107 23399
1672197140218 107 23435
1672197143610 108 23435
1672197148267 108 23449
1672197162444 108 23499
1672197176792 108 23549
1672197190980 108 23599
1672197205170 108 23649
1672197212405 108 23652
1672197215591 109 23652
1672197229715 109 23699
1672197244001 109 23749
1672197258375 109 23799
1672197272918 109 23849
1672197285301 109 23869
1672197288568 110 23869
1672197297745 110 23899
1672197311968 110 23949
1672197326142 110 23999
1672197340301 110 24049
1672197357216 110 24086
1672197360457 111 24086
1672197364861 111 24099
1672197379072 111 24149
1672197393454 111 24199
1672197408047 111 24249
1672197422262 111 24299
1672197429747 111 24303
1672197432932 112 24303
1672197446776 112 24349
1672197461005 112 24399
1672197475230 112 24449
1672197489491 112 24499
1672197502003 112 24520
1672197505280 113 24520
1672197514263 113 24549
1672197528665 113 24599
1672197542884 113 24649
1672197557198 113 24699
1672197574795 113 24737
1672197578011 114 24737
1672197582149 114 24749
1672197596350 114 24799
1672197610593 114 24849
1672197624940 114 24899
1672197639181 114 24949
1672197647001 114 24954
1672197650266 115 24954
1672197663915 115 24999
1672197678263 115 25049
1672197692479 115 25099
1672197706696 115 25149
1672197719485 115 25171
1672197722839 116 25171
1672197731481 116 25199
1672197746032 116 25249
1672197760280 116 25299
1672197774503 116 25349
1672197792307 116 25388
1672197795484 117 25388
1672197799274 117 25399
1672197813510 117 25449
1672197827813 117 25499
1672197842072 117 25549
1672197856247 117 25599
1672197864396 117 25605
1672197867655 118 25605
1672197881163 118 25649
1672197895450 118 25699
1672197909960 118 25749
1672197924132 118 25799
1672197937174 118 25822
1672197940410 119 25822
1672197948790 119 25849
1672197963022 119 25899
1672197977262 119 25949
1672197991635 119 25999
1672198009431 119 26039
1672198012637 120 26039
1672198016341 120 26049
1672198030908 120 26099
1672198045179 120 26149
1672198059452 120 26199
1672198073719 120 26249
1672198082211 120 26256
1672198085449 121 26256
1672198098384 121 26299
1672198112601 121 26349
1672198127016 121 26399
1672198141257 121 26449
1672198155103 121 26473
1672198158409 122 26473
1672198166470 122 26499
1672198180687 122 26549
1672198195076 122 26599
1672198209288 122 26649
1672198227345 122 26690
1672198230592 123 26690
1672198233826 123 26699
1672198248061 123 26749
1672198262445 123 26799
1672198276649 123 26849
1672198291143 123 26899
1672198299729 123 26907
1672198302986 124 26907
1672198315753 124 26949
1672198330053 124 26999
1672198344262 124 27049
1672198358411 124 27099
1672198372066 124 27124
1672198375312 125 27124
1672198383048 125 27149
1672198397361 125 27199
1672198411548 125 27249
1672198426022 125 27299
1672198444603 125 27341
1672198447806 126 27341
1672198450971 126 27349
1672198465306 126 27399
1672198479546 126 27449
1672198493807 126 27499
1672198508044 126 27549
1672198517298 126 27558
1672198520500 127 27558
1672198533047 127 27599
1672198547327 127 27649
1672198561873 127 27699
1672198576114 127 27749
1672198590034 127 27775
1672198593297 128 27775
1672198600961 128 27799
1672198615365 128 27849
1672198629677 128 27899
1672198644143 128 27949
1672198663337 128 27992
1672198666629 129 27992
1672198669365 129 27999
1672198683966 129 28049
1672198698569 129 28099
1672198713168 129 28149
1672198727629 129 28199
1672198737097 129 28209
1672198740389 130 28209
1672198752597 130 28249
1672198766985 130 28299
1672198781428 130 28349
1672198795823 130 28399
1672198810165 130 28426
1672198813351 131 28426
1672198820699 131 28449
1672198835304 131 28499
1672198849870 131 28549
1672198864434 131 28599
1672198883791 131 28643
1672198887028 132 28643
1672198889473 132 28649
1672198903891 132 28699
1672198918398 132 28749
1672198932960 132 28799
1672198947397 132 28849
1672198957377 132 28860
1672198960646 133 28860
1672198972703 133 28899
1672198987028 133 28949
1672199001575 133 28999
1672199016039 133 29049
1672199030580 133 29077
1672199033896 134 29077
1672199040952 134 29099
1672199055376 134 29149
1672199069815 134 29199
1672199084255 134 29249
1672199103910 134 29294
1672199107190 135 29294
1672199109386 135 29299
1672199123965 135 29349
1672199138735 135 29399
1672199153161 135 29449
1672199167542 135 29499
1672199177574 135 29511
1672199180921 136 29511
1672199192586 136 29549
1672199206941 136 29599
1672199221485 136 29649
1672199235860 136 29699
1672199251022 136 29728
1672199254384 137 29728
1672199261344 137 29749
1672199275937 137 29799
1672199290339 137 29849
1672199304731 137 29899
1672199324498 137 29945
1672199327901 138 29945
1672199329839 138 29949
1672199344219 138 29999
1672199358785 138 30049
1672199373098 138 30099
1672199387558 138 30149
1672199397932 138 30162
1672199401350 139 30162
1672199412860 139 30199
1672199427208 139 30249
1672199441530 139 30299
1672199455858 139 30349
1672199471156 139 30379
1672199474397 140 30379
1672199481081 140 30399
1672199495511 140 30449
1672199509948 140 30499
1672199524553 140 30549
1672199545030 140 30596
1672199548245 141 30596
1672199549823 141 30599
1672199564258 141 30649
1672199578712 141 30699
1672199593115 141 30749
1672199607494 141 30799
1672199618257 141 30813
1672199621547 142 30813
1672199632712 142 30849
1672199647160 142 30899
1672199661813 142 30949
1672199676215 142 30999
1672199691856 142 31030
1672199695106 143 31030
1672199701447 143 31049
1672199715784 143 31099
1672199730143 143 31149
1672199744533 143 31199
1672199765030 143 31247
1672199768318 144 31247
1672199769641 144 31249
1672199784490 144 31299
1672199798971 144 31349
1672199813447 144 31399
1672199828092 144 31449
1672199838770 144 31464
1672199841980 145 31464
1672199852783 145 31499
1672199867428 145 31549
1672199881865 145 31599
1672199896275 145 31649
1672199912324 145 31681
1672199915675 146 31681
1672199921585 146 31699
1672199935954 146 31749
1672199950703 146 31799
1672199965059 146 31849
1672199985760 146 31898
1672199989003 147 31898
1672199990061 147 31899
1672200004539 147 31949
1672200019035 147 31999
1672200033657 147 32049
1672200048113 147 32099
1672200059433 147 32115
1672200062770 148 32115
1672200073318 148 32149
1672200087851 148 32199
1672200102322 148 32249
1672200116917 148 32299
1672200133035 148 32332
1672200136373 149 32332
1672200141979 149 32349
1672200156585 149 32399
1672200171065 149 32449
1672200185610 149 32499
1672200200071 149 32549
1672200206767 149 32549
1672200209949 150 32549
