1672189378444 0.6194846630096436 216
1672189450270 0.6344417333602905 433
1672189522496 0.6405329704284668 650
1672189594511 0.6429128646850586 867
1672189666197 0.6445146203041077 1084
1672189737978 0.636175811290741 1301
1672189809591 0.6294326782226562 1518
1672189882277 0.6221076846122742 1735
1672189961371 0.6324665546417236 1952
1672190036025 0.640323281288147 2169
1672190108644 0.636133074760437 2386
1672190182063 0.6464486718177795 2603
1672190256842 0.6417322158813477 2820
1672190330071 0.6426799893379211 3037
1672190402943 0.6404281258583069 3254
1672190475806 0.6505983471870422 3471
1672190549557 0.6400268077850342 3688
1672190622667 0.6479527354240417 3905
1672190695145 0.6544919610023499 4122
1672190767390 0.6596364378929138 4339
1672190839490 0.659883439540863 4556
1672190911847 0.6637656092643738 4773
1672190984127 0.6514072418212891 4990
1672191056379 0.6588352918624878 5207
1672191128739 0.6507999300956726 5424
1672191201058 0.6600383520126343 5641
1672191273334 0.6549490094184875 5858
1672191345510 0.654731035232544 6075
1672191417810 0.6700238585472107 6292
1672191490551 0.6592639088630676 6509
1672191563413 0.6672801375389099 6726
1672191637028 0.6538376808166504 6943
1672191711019 0.6661003232002258 7160
1672191783838 0.6596061587333679 7377
1672191855378 0.6585255265235901 7594
1672191927430 0.6585867404937744 7811
1672191999394 0.6582704186439514 8028
1672192071507 0.6621246337890625 8245
1672192143133 0.6553725600242615 8462
1672192215841 0.6607365608215332 8679
1672192287810 0.6534953713417053 8896
1672192360024 0.6466439962387085 9113
1672192432162 0.656901478767395 9330
1672192504890 0.6566498875617981 9547
1672192577314 0.6514908075332642 9764
1672192650092 0.6665615439414978 9981
1672192722551 0.6570717692375183 10198
1672192794836 0.6577386856079102 10415
1672192867299 0.6457782983779907 10632
1672192939886 0.66237872838974 10849
1672193012300 0.6576751470565796 11066
1672193084453 0.6478428244590759 11283
1672193156987 0.657537579536438 11500
1672193229511 0.6531041860580444 11717
1672193301994 0.6513940095901489 11934
1672193374431 0.6507939696311951 12151
1672193447244 0.6551276445388794 12368
1672193519681 0.6609898805618286 12585
1672193592113 0.6548382043838501 12802
1672193664559 0.646584689617157 13019
1672193737251 0.6681848168373108 13236
1672193809671 0.6557302474975586 13453
1672193882209 0.6643890142440796 13670
1672193954698 0.6528945565223694 13887
1672194027227 0.6539943218231201 14104
1672194099719 0.6571719646453857 14321
1672194172028 0.6651389598846436 14538
1672194244466 0.6495378017425537 14755
1672194316895 0.6631324887275696 14972
1672194389400 0.6518253684043884 15189
1672194461601 0.6589810848236084 15406
1672194534249 0.656981348991394 15623
1672194605927 0.6620117425918579 15840
1672194679119 0.6489121913909912 16057
1672194751478 0.6475807428359985 16274
1672194824040 0.6514956951141357 16491
1672194896001 0.657590389251709 16708
1672194968734 0.6611142754554749 16925
1672195040994 0.6539570689201355 17142
1672195113371 0.6610875129699707 17359
1672195185928 0.6594498753547668 17576
1672195258147 0.6465033292770386 17793
1672195330682 0.6644835472106934 18010
1672195402918 0.6611670851707458 18227
1672195475269 0.6663749814033508 18444
1672195547213 0.650029718875885 18661
1672195619868 0.6641883850097656 18878
1672195693171 0.66409832239151 19095
1672195765543 0.6605511903762817 19312
1672195837920 0.6583266258239746 19529
1672195910427 0.67988520860672 19746
1672195983080 0.6551448702812195 19963
1672196055458 0.6706396341323853 20180
1672196127696 0.6664954423904419 20397
1672196200412 0.6544297337532043 20614
1672196273358 0.6535990238189697 20831
1672196345907 0.6696447730064392 21048
1672196418753 0.6477753520011902 21265
1672196491515 0.6677193641662598 21482
1672196564026 0.6553724408149719 21699
1672196636432 0.6708016395568848 21916
1672196708922 0.6651917695999146 22133
1672196781238 0.6606849431991577 22350
1672196853675 0.6548414826393127 22567
1672196926264 0.6683816313743591 22784
1672196998533 0.6618605256080627 23001
1672197071115 0.670090913772583 23218
1672197143610 0.6596899628639221 23435
1672197215591 0.6611002683639526 23652
1672197288568 0.6767233610153198 23869
1672197360457 0.6658765077590942 24086
1672197432932 0.6548760533332825 24303
1672197505280 0.6701385378837585 24520
1672197578011 0.6572275757789612 24737
1672197650266 0.6678063869476318 24954
1672197722839 0.6601244807243347 25171
1672197795484 0.662932813167572 25388
1672197867655 0.66543048620224 25605
1672197940410 0.6604226231575012 25822
1672198012637 0.6668828129768372 26039
1672198085449 0.6558826565742493 26256
1672198158409 0.6660397052764893 26473
1672198230592 0.6595701575279236 26690
1672198302986 0.6689195036888123 26907
1672198375312 0.6700343489646912 27124
1672198447806 0.6555076837539673 27341
1672198520500 0.6527208089828491 27558
1672198593297 0.6618770956993103 27775
1672198666629 0.6673683524131775 27992
1672198740389 0.6531621217727661 28209
1672198813351 0.6632225513458252 28426
1672198887028 0.6644425392150879 28643
1672198960646 0.6621046662330627 28860
1672199033896 0.6685936450958252 29077
1672199107190 0.6619017720222473 29294
1672199180921 0.6613252758979797 29511
1672199254384 0.6666454672813416 29728
1672199327901 0.6707454323768616 29945
1672199401350 0.6700267791748047 30162
1672199474397 0.6554366946220398 30379
1672199548245 0.6653692722320557 30596
1672199621547 0.6595744490623474 30813
1672199695106 0.6558880805969238 31030
1672199768318 0.6592886447906494 31247
1672199841980 0.6747527718544006 31464
1672199915675 0.6650323867797852 31681
1672199989003 0.6644482016563416 31898
1672200062770 0.6556704640388489 32115
1672200136373 0.663274884223938 32332
1672200209949 0.6634722352027893 32549
