1672189378444 0.7658959627151489 216
1672189450270 0.7754335403442383 433
1672189522496 0.7777456641197205 650
1672189594511 0.7764450907707214 867
1672189666197 0.7755780220031738 1084
1672189737978 0.7776011824607849 1301
1672189809591 0.7764450907707214 1518
1672189882277 0.7742774486541748 1735
1672189961371 0.7758670449256897 1952
1672190036025 0.77601158618927 2169
1672190108644 0.7796242833137512 2386
1672190182063 0.780202329158783 2603
1672190256842 0.7830924987792969 2820
1672190330071 0.7849711179733276 3037
1672190402943 0.7823699712753296 3254
1672190475806 0.7927745580673218 3471
1672190549557 0.7904624342918396 3688
1672190622667 0.7959537506103516 3905
1672190695145 0.7952312231063843 4122
1672190767390 0.7991329431533813 4339
1672190839490 0.8014450669288635 4556
1672190911847 0.8010115623474121 4773
1672190984127 0.7982658743858337 4990
1672191056379 0.8011560440063477 5207
1672191128739 0.7985548973083496 5424
1672191201058 0.8028901815414429 5641
1672191273334 0.7989884614944458 5858
1672191345510 0.803901731967926 6075
1672191417810 0.8056358098983765 6292
1672191490551 0.8033236861228943 6509
1672191563413 0.8069364428520203 6726
1672191637028 0.8066474199295044 6943
1672191711019 0.8059248328208923 7160
1672191783838 0.8040462136268616 7377
1672191855378 0.801300585269928 7594
1672191927430 0.8099710941314697 7811
1672191999394 0.8044797778129578 8028
1672192071507 0.8059248328208923 8245
1672192143133 0.8076589703559875 8462
1672192215841 0.8096820712089539 8679
1672192287810 0.8037572503089905 8896
1672192360024 0.8099710941314697 9113
1672192432162 0.8073699474334717 9330
1672192504890 0.8056358098983765 9547
1672192577314 0.803901731967926 9764
1672192650092 0.8072254061698914 9981
1672192722551 0.8062138557434082 10198
1672192794836 0.8127167820930481 10415
1672192867299 0.8018786311149597 10632
1672192939886 0.8083814978599548 10849
1672193012300 0.8072254061698914 11066
1672193084453 0.8050578236579895 11283
1672193156987 0.8078034520149231 11500
1672193229511 0.81011563539505 11717
1672193301994 0.8059248328208923 11934
1672193374431 0.8053468465805054 12151
1672193447244 0.8089595437049866 12368
1672193519681 0.8092485666275024 12585
1672193592113 0.8072254061698914 12802
1672193664559 0.8079479932785034 13019
1672193737251 0.8096820712089539 13236
1672193809671 0.8057803511619568 13453
1672193882209 0.81011563539505 13670
1672193954698 0.8099710941314697 13887
1672194027227 0.8073699474334717 14104
1672194099719 0.8089595437049866 14321
1672194172028 0.8092485666275024 14538
1672194244466 0.8118497133255005 14755
1672194316895 0.8115606904029846 14972
1672194389400 0.808092474937439 15189
1672194461601 0.8105491399765015 15406
1672194534249 0.8117052316665649 15623
1672194605927 0.8121387362480164 15840
1672194679119 0.8102601170539856 16057
1672194751478 0.8088150024414062 16274
1672194824040 0.8073699474334717 16491
1672194896001 0.8131502866744995 16708
1672194968734 0.810693621635437 16925
1672195040994 0.8117052316665649 17142
1672195113371 0.8144508600234985 17359
1672195185928 0.8135837912559509 17576
1672195258147 0.8091040253639221 17793
1672195330682 0.8134393095970154 18010
1672195402918 0.8089595437049866 18227
1672195475269 0.8170520067214966 18444
1672195547213 0.8108381628990173 18661
1672195619868 0.8147398829460144 18878
1672195693171 0.8088150024414062 19095
1672195765543 0.8145954012870789 19312
1672195837920 0.8161849975585938 19529
1672195910427 0.816907525062561 19746
1672195983080 0.8082370162010193 19963
1672196055458 0.81488436460495 20180
1672196127696 0.8144508600234985 20397
1672196200412 0.8131502866744995 20614
1672196273358 0.8153179287910461 20831
1672196345907 0.8157514333724976 21048
1672196418753 0.8098266124725342 21265
1672196491515 0.8167629837989807 21482
1672196564026 0.8122832179069519 21699
1672196636432 0.8153179287910461 21916
1672196708922 0.8163294792175293 22133
1672196781238 0.8144508600234985 22350
1672196853675 0.8114162087440491 22567
1672196926264 0.814306378364563 22784
1672196998533 0.8186416029930115 23001
1672197071115 0.8127167820930481 23218
1672197143610 0.8158959746360779 23435
1672197215591 0.8147398829460144 23652
1672197288568 0.8176300525665283 23869
1672197360457 0.8122832179069519 24086
1672197432932 0.8121387362480164 24303
1672197505280 0.8186416029930115 24520
1672197578011 0.8151733875274658 24737
1672197650266 0.8189306259155273 24954
1672197722839 0.8132947683334351 25171
1672197795484 0.8166185021400452 25388
1672197867655 0.8170520067214966 25605
1672197940410 0.8114162087440491 25822
1672198012637 0.8189306259155273 26039
1672198085449 0.8124277591705322 26256
1672198158409 0.8164739608764648 26473
1672198230592 0.815606951713562 26690
1672198302986 0.8167629837989807 26907
1672198375312 0.8173410296440125 27124
1672198447806 0.8141618371009827 27341
1672198520500 0.8147398829460144 27558
1672198593297 0.8134393095970154 27775
1672198666629 0.8167629837989807 27992
1672198740389 0.8166185021400452 28209
1672198813351 0.816907525062561 28426
1672198887028 0.814306378364563 28643
1672198960646 0.8145954012870789 28860
1672199033896 0.8205202221870422 29077
1672199107190 0.8158959746360779 29294
1672199180921 0.8158959746360779 29511
1672199254384 0.8167629837989807 29728
1672199327901 0.8128612637519836 29945
1672199401350 0.8179190754890442 30162
1672199474397 0.815606951713562 30379
1672199548245 0.8184971213340759 30596
1672199621547 0.8138728141784668 30813
1672199695106 0.8167629837989807 31030
1672199768318 0.8163294792175293 31247
1672199841980 0.8200867176055908 31464
1672199915675 0.8173410296440125 31681
1672199989003 0.8150289058685303 31898
1672200062770 0.8180635571479797 32115
1672200136373 0.8192196488380432 32332
1672200209949 0.8195086717605591 32549
