1672189321564 0.6666666865348816 49
1672189335692 0.4583333432674408 99
1672189349961 0.512499988079071 149
1672189364228 0.6875 199
1672189388852 0.7083333134651184 249
1672189402922 0.5416666865348816 299
1672189417037 0.7500000596046448 349
1672189431162 0.375 399
1672189455454 0.6499999761581421 449
1672189469628 0.7291666865348816 499
1672189483816 0.5083333253860474 549
1672189498138 0.4375 599
1672189512597 0.5416666865348816 649
1672189537155 0.5625 699
1672189551356 0.7249999642372131 749
1672189565597 0.5625 799
1672189579791 0.375 849
1672189604249 0.5833333730697632 899
1672189618510 0.574999988079071 949
1672189632897 0.5416666865348816 999
1672189647016 0.625 1049
1672189671259 0.6458333134651184 1099
1672189685446 0.625 1149
1672189699632 0.6875 1199
1672189713812 0.5625 1249
1672189727994 0.625 1299
1672189752543 0.9375 1349
1672189766699 0.8541666865348816 1399
1672189780813 0.5249999761581421 1449
1672189794918 0.6458333134651184 1499
1672189819078 0.6875000596046448 1549
1672189833275 0.550000011920929 1599
1672189847460 0.7291666865348816 1649
1672189861830 0.2708333432674408 1699
1672189887047 0.5446428656578064 1749
1672189901172 0.5833333730697632 1799
1672189915329 0.7083333730697632 1849
1672189929445 0.6946429014205933 1899
1672189943766 0.75 1949
1672189975570 0.6666666865348816 1999
1672189989751 0.6875 2049
1672190004059 0.6666666865348816 2099
1672190018403 0.612500011920929 2149
1672190045218 0.7708333730697632 2199
1672190059435 0.5583333373069763 2249
1672190073555 0.4375 2299
1672190088043 0.6083333492279053 2349
1672190113065 0.4749999940395355 2399
1672190127311 0.875 2449
1672190141643 0.7916666865348816 2499
1672190156008 0.6041666865348816 2549
1672190170248 0.38333332538604736 2599
1672190195776 0.4166666865348816 2649
1672190210122 0.4333333373069763 2699
1672190224385 0.6041666269302368 2749
1672190238750 0.6000000238418579 2799
1672190265887 0.574999988079071 2849
1672190280137 0.2708333432674408 2899
1672190294610 0.5166666507720947 2949
1672190308802 0.6875 2999
1672190334191 0.6291667222976685 3049
1672190348554 0.5208333730697632 3099
1672190362737 0.6083333492279053 3149
1672190377120 0.6499999761581421 3199
1672190391306 0.6666666865348816 3249
1672190416481 0.625 3299
1672190430946 0.5583333373069763 3349
1672190445244 0.4833333492279053 3399
1672190459728 0.375 3449
1672190484554 0.8541666865348816 3499
1672190498986 1.0 3549
1672190513264 0.5458333492279053 3599
1672190527544 0.875 3649
1672190553519 0.1666666716337204 3699
1672190567931 0.6708333492279053 3749
1672190582193 0.8125 3799
1672190596587 0.36666667461395264 3849
1672190610971 0.6250000596046448 3899
1672190635863 0.4583333432674408 3949
1672190650231 0.7166666984558105 3999
1672190664423 0.5625 4049
1672190678614 0.4583333432674408 4099
1672190703565 0.49166667461395264 4149
1672190717871 0.5625 4199
1672190732204 0.6428571343421936 4249
1672190746348 0.6904761791229248 4299
1672190770911 0.6250000596046448 4349
1672190785272 1.0 4399
1672190799472 0.4541666507720947 4449
1672190813729 0.5583333373069763 4499
1672190827945 0.5625 4549
1672190852565 0.625 4599
1672190866934 0.699999988079071 4649
1672190881118 0.6041666865348816 4699
1672190895434 0.375 4749
1672190920183 0.5 4799
1672190934414 0.6166666746139526 4849
1672190948665 0.5333333611488342 4899
1672190962898 0.6875 4949
1672190987410 0.6458333134651184 4999
1672191001912 0.4791666865348816 5049
1672191016093 0.4791666865348816 5099
1672191030290 0.7916666865348816 5149
1672191044627 0.5035714507102966 5199
1672191069044 0.625 5249
1672191083283 0.8333333730697632 5299
1672191097736 0.6875 5349
1672191112183 0.5208333134651184 5399
1672191136581 0.4333333373069763 5449
1672191150847 0.875 5499
1672191165368 0.8166666626930237 5549
1672191179642 0.4958333373069763 5599
1672191204210 0.5 5649
1672191218426 0.625 5699
1672191232648 0.5291666388511658 5749
1672191247000 0.8166667222976685 5799
1672191261203 0.6666666865348816 5849
1672191285665 0.8166667222976685 5899
1672191299852 0.7916666865348816 5949
1672191314442 0.75 5999
1672191328625 0.4375 6049
1672191353072 0.3125 6099
1672191367277 0.4166666567325592 6149
1672191381496 0.2916666865348816 6199
1672191395851 0.6791666746139526 6249
1672191420570 0.7875000238418579 6299
1672191434801 0.5625 6349
1672191449011 0.5333333015441895 6399
1672191463409 0.3958333432674408 6449
1672191477642 0.737500011920929 6499
1672191502680 0.9166666865348816 6549
1672191516965 0.7916666865348816 6599
1672191531507 0.5249999761581421 6649
1672191545747 0.5375000238418579 6699
1672191570674 0.8166666626930237 6749
1672191584860 0.6499999761581421 6799
1672191599162 0.5625 6849
1672191613369 0.949999988079071 6899
1672191639439 0.75 6949
1672191653924 0.3541666865348816 6999
1672191668289 0.6666666865348816 7049
1672191682491 0.5 7099
1672191696735 0.8333333730697632 7149
1672191722998 0.6666666865348816 7199
1672191737367 0.6000000238418579 7249
1672191751534 0.625 7299
1672191765866 0.7875000238418579 7349
1672191790733 0.625 7399
1672191804934 0.5875000357627869 7449
1672191819152 0.3166666626930237 7499
1672191833387 0.550000011920929 7549
1672191857675 0.5208333730697632 7599
1672191871992 0.75 7649
1672191886159 0.612500011920929 7699
1672191900414 0.22499999403953552 7749
1672191914770 0.4749999940395355 7799
1672191938922 0.3333333432674408 7849
1672191953112 0.8374999761581421 7899
1672191967369 0.4625000059604645 7949
1672191981761 0.6000000238418579 7999
1672192006114 0.7208333015441895 8049
1672192020429 0.5416666865348816 8099
1672192034929 0.7541667222976685 8149
1672192049385 0.9166666865348816 8199
1672192073388 0.4583333432674408 8249
1672192087574 0.7083333134651184 8299
1672192101803 0.7916666865348816 8349
1672192116023 0.3958333432674408 8399
1672192130247 0.44999998807907104 8449
1672192154573 0.5833333730697632 8499
1672192169041 0.5666666626930237 8549
1672192183394 0.574999988079071 8599
1672192197627 0.7124999761581421 8649
1672192222223 0.75 8699
1672192236415 0.10000000149011612 8749
1672192250642 0.4791666865348816 8799
1672192264849 0.8541666865348816 8849
1672192289339 0.6916666626930237 8899
1672192303793 0.4375 8949
1672192318144 0.2666666805744171 8999
1672192332330 0.7333333492279053 9049
1672192346509 0.6041666865348816 9099
1672192370955 0.9166666865348816 9149
1672192385217 0.875 9199
1672192399553 0.7541667222976685 9249
1672192413788 0.38749998807907104 9299
1672192438472 0.824999988079071 9349
1672192452751 0.6875 9399
1672192467339 0.8333333730697632 9449
1672192481607 0.9375 9499
1672192506193 0.824999988079071 9549
1672192520435 0.625 9599
1672192534735 0.5874999761581421 9649
1672192549120 0.5833333730697632 9699
1672192563565 0.5416666865348816 9749
1672192588091 0.5416666865348816 9799
1672192602456 0.699999988079071 9849
1672192616793 0.887499988079071 9899
1672192631391 0.6875 9949
1672192655917 0.7083333730697632 9999
1672192670317 0.625 10049
1672192684707 0.8999999761581421 10099
1672192698967 0.6666666865348816 10149
1672192723748 0.7708333730697632 10199
1672192738091 0.625 10249
1672192752339 0.4833333492279053 10299
1672192766501 0.6041666865348816 10349
1672192780700 0.4166666865348816 10399
1672192805179 0.7083333730697632 10449
1672192819408 0.824999988079071 10499
1672192833782 0.5 10549
1672192847991 0.5625 10599
1672192872819 0.8125 10649
1672192887086 0.6619048118591309 10699
1672192901393 0.5666666626930237 10749
1672192915778 0.625 10799
1672192930053 0.5 10849
1672192954870 0.4583333730697632 10899
1672192969070 0.5416666865348816 10949
1672192983438 0.4166666865348816 10999
1672192997705 0.6708332896232605 11049
1672193022390 0.625 11099
1672193036678 0.4749999940395355 11149
1672193050849 0.6499999761581421 11199
1672193064994 0.6875 11249
1672193089680 0.6458333730697632 11299
1672193103908 0.5416666865348816 11349
1672193118328 0.5833333730697632 11399
1672193132568 0.6208333969116211 11449
1672193146998 0.6041666865348816 11499
1672193171807 0.75 11549
1672193186015 0.75 11599
1672193200422 0.4791666865348816 11649
1672193214680 0.7916666865348816 11699
1672193239338 0.5 11749
1672193253495 0.375 11799
1672193267776 0.6875 11849
1672193282099 0.6083333492279053 11899
1672193307195 0.5791666507720947 11949
1672193321401 0.6000000238418579 11999
1672193335620 0.6499999761581421 12049
1672193350008 0.7291666865348816 12099
1672193364267 0.6666666865348816 12149
1672193388844 0.6458333730697632 12199
1672193403260 0.5541666746139526 12249
1672193417515 0.6499999761581421 12299
1672193432083 0.375 12349
1672193456844 0.7678571343421936 12399
1672193471279 0.8333333730697632 12449
1672193485450 0.625 12499
1672193499655 0.4583333432674408 12549
1672193524291 0.6875 12599
1672193538539 0.6666666865348816 12649
1672193552898 0.75 12699
1672193567273 0.7916666865348816 12749
1672193581509 0.7083333730697632 12799
1672193606233 0.9166666865348816 12849
1672193620518 0.6875 12899
1672193634787 0.5 12949
1672193649210 0.25 12999
1672193673717 0.7916666865348816 13049
1672193688238 0.699999988079071 13099
1672193702512 0.6666666865348816 13149
1672193716735 0.8125 13199
1672193741639 0.7916666865348816 13249
1672193755876 0.4333333373069763 13299
1672193770083 0.4375 13349
1672193784435 0.5208333730697632 13399
1672193798668 0.25 13449
1672193823714 0.7678571343421936 13499
1672193837901 0.7333333492279053 13549
1672193852223 0.8125 13599
1672193866388 0.6916667222976685 13649
1672193891293 0.5833333730697632 13699
1672193905562 0.5874999761581421 13749
1672193919967 0.6666666865348816 13799
1672193934342 0.762499988079071 13849
1672193958808 0.9166666865348816 13899
1672193973207 0.4833333492279053 13949
1672193987457 0.6666666269302368 13999
1672194001885 0.4208333492279053 14049
1672194016156 0.3708333373069763 14099
1672194040762 0.5041667222976685 14149
1672194055129 0.6000000238418579 14199
1672194069577 0.375 14249
1672194083804 0.625 14299
1672194108364 0.625 14349
1672194122852 0.8374999761581421 14399
1672194137053 0.6499999761581421 14449
1672194151289 0.6499999761581421 14499
1672194175880 0.36250001192092896 14549
1672194190073 0.9375 14599
1672194204425 0.512499988079071 14649
1672194218620 0.6499999761581421 14699
1672194232800 1.0 14749
1672194257819 0.7749999761581421 14799
1672194272243 0.7083333730697632 14849
1672194286509 0.5416666865348816 14899
1672194300753 0.6875 14949
1672194325526 0.625 14999
1672194339680 0.6666666865348816 15049
1672194353826 0.6041666865348816 15099
1672194368303 0.699999988079071 15149
1672194392929 0.3916666507720947 15199
1672194407181 0.4375 15249
1672194421433 0.4166666865348816 15299
1672194435722 0.6166666746139526 15349
1672194450014 0.44583335518836975 15399
1672194474523 0.3958333432674408 15449
1672194488893 0.7708333730697632 15499
1672194503260 0.75 15549
1672194517627 0.762499988079071 15599
1672194542272 0.5833333730697632 15649
1672194556455 0.7666666507720947 15699
1672194570641 0.7541666626930237 15749
1672194584817 0.7916666865348816 15799
1672194609195 0.6666666865348816 15849
1672194623621 0.5416666865348816 15899
1672194637971 0.4333333373069763 15949
1672194652359 0.4333333373069763 15999
1672194666756 0.5714285373687744 16049
1672194691906 0.625 16099
1672194706076 0.4166666865348816 16149
1672194720280 0.75 16199
1672194734451 0.40833333134651184 16249
1672194759312 0.5 16299
1672194773566 0.3333333432674408 16349
1672194787945 0.75 16399
1672194802269 0.5809524059295654 16449
1672194827044 0.6666666865348816 16499
1672194841199 0.625 16549
1672194855324 0.875 16599
1672194869467 0.7083333730697632 16649
1672194883586 0.2916666865348816 16699
1672194908531 0.637499988079071 16749
1672194922823 0.5 16799
1672194937176 0.8500000238418579 16849
1672194951806 0.7333333492279053 16899
1672194976279 0.949999988079071 16949
1672194990481 0.5416666865348816 16999
1672195004670 0.5375000238418579 17049
1672195018899 0.75 17099
1672195043825 0.7333333492279053 17149
1672195058038 0.3499999940395355 17199
1672195072245 0.6875 17249
1672195086625 0.5625 17299
1672195100955 0.5333333611488342 17349
1672195125443 0.5625 17399
1672195139740 0.7083333730697632 17449
1672195154029 0.7333333492279053 17499
1672195168619 0.6666666865348816 17549
1672195193310 1.0 17599
1672195207497 0.574999988079071 17649
1672195221668 0.875 17699
1672195236026 0.8125 17749
1672195260554 0.824999988079071 17799
1672195274806 0.8374999761581421 17849
1672195289011 0.8125 17899
1672195303426 0.375 17949
1672195317789 0.5416666865348816 17999
1672195342476 0.5833333134651184 18049
1672195356716 0.9375 18099
1672195370923 0.8333333730697632 18149
1672195385148 0.8041666746139526 18199
1672195409830 0.5416666865348816 18249
1672195424298 0.7708333134651184 18299
1672195438432 0.5 18349
1672195452583 0.3958333432674408 18399
1672195477382 0.5416666865348816 18449
1672195491550 0.7500000596046448 18499
1672195505726 0.6666666865348816 18549
1672195519940 0.5625 18599
1672195534095 0.6875 18649
1672195559030 0.5666666626930237 18699
1672195573430 0.7250000238418579 18749
1672195587660 0.7500000596046448 18799
1672195601875 0.8041666746139526 18849
1672195626724 1.0 18899
1672195641475 0.574999988079071 18949
1672195655654 0.9017857313156128 18999
1672195670004 0.3928571343421936 19049
1672195695011 0.4583333730697632 19099
1672195709222 0.5625 19149
1672195723593 0.512499988079071 19199
1672195737777 0.8999999761581421 19249
1672195752087 0.3583333492279053 19299
1672195776741 0.7250000238418579 19349
1672195790972 0.6458333730697632 19399
1672195805333 0.949999988079071 19449
1672195819664 0.7333333492279053 19499
1672195844331 0.5416666865348816 19549
1672195858519 0.875 19599
1672195872800 0.625 19649
1672195887355 0.4791666865348816 19699
1672195912134 0.6499999761581421 19749
1672195926489 0.9375 19799
1672195940848 0.75 19849
1672195955043 0.7083333730697632 19899
1672195969237 0.699999988079071 19949
1672195993997 0.5666666626930237 19999
1672196008195 0.7708333730697632 20049
1672196022528 0.875 20099
1672196036703 0.4375000298023224 20149
1672196061563 0.6666666865348816 20199
1672196075782 0.5833333730697632 20249
1672196090004 0.8333333134651184 20299
1672196104385 0.875 20349
1672196128909 0.75 20399
1672196143059 0.7083333730697632 20449
1672196157343 0.4791666865348816 20499
1672196171628 0.4583333134651184 20549
1672196185915 0.5 20599
1672196211067 0.7083333730697632 20649
1672196225392 0.5458333492279053 20699
1672196239547 0.4166666865348816 20749
1672196253720 0.5416666865348816 20799
1672196279223 0.44999998807907104 20849
1672196293397 0.5416666865348816 20899
1672196307710 0.7291666865348816 20949
1672196322038 0.7458333373069763 20999
1672196346883 0.8541666865348816 21049
1672196361149 0.8541666865348816 21099
1672196375690 0.8125 21149
1672196389872 0.5833333730697632 21199
1672196404245 0.6666666865348816 21249
1672196429145 0.7749999761581421 21299
1672196443576 0.550000011920929 21349
1672196458001 0.4166666865348816 21399
1672196472275 0.4791666865348816 21449
1672196497153 0.5166667103767395 21499
1672196511393 0.5249999761581421 21549
1672196525819 0.5 21599
1672196540210 0.8125 21649
1672196554248 0.0 21699
1672196578934 0.6875 21749
1672196593244 0.6041666865348816 21799
1672196607403 0.875 21849
1672196621595 0.6000000238418579 21899
1672196646724 0.625 21949
1672196661116 0.4333333373069763 21999
1672196675335 0.6041666865348816 22049
1672196689581 0.7083333730697632 22099
1672196714208 0.6875 22149
1672196728348 0.5 22199
1672196742848 0.625 22249
1672196757010 0.5 22299
1672196771329 0.4166666865348816 22349
1672196795942 0.7916666865348816 22399
1672196810182 0.8125 22449
1672196824568 0.5166667103767395 22499
1672196838812 0.875 22549
1672196863445 0.625 22599
1672196877814 0.6666666865348816 22649
1672196892170 0.5416666865348816 22699
1672196906377 0.46666669845581055 22749
1672196931217 0.75 22799
1672196945619 0.5208333134651184 22849
1672196959862 0.4583333432674408 22899
1672196974177 0.5166666507720947 22949
1672196988385 0.8333333134651184 22999
1672197013077 0.699999988079071 23049
1672197027609 0.7250000238418579 23099
1672197041841 0.5833333730697632 23149
1672197056108 0.6875 23199
1672197080610 0.637499988079071 23249
1672197094945 0.125 23299
1672197109164 0.6000000238418579 23349
1672197123373 0.6666666865348816 23399
1672197148267 0.4583333432674408 23449
1672197162444 0.8333333134651184 23499
1672197176792 0.5416666865348816 23549
1672197190980 0.6041666865348816 23599
1672197205170 0.6666666865348816 23649
1672197229715 0.8374999761581421 23699
1672197244001 0.7416666746139526 23749
1672197258375 0.5333333015441895 23799
1672197272918 0.8541666865348816 23849
1672197297745 0.887499988079071 23899
1672197311968 0.75 23949
1672197326142 0.8125 23999
1672197340301 0.949999988079071 24049
1672197364861 0.7749999761581421 24099
1672197379072 1.0 24149
1672197393454 0.5416666865348816 24199
1672197408047 0.8333333730697632 24249
1672197422262 0.6666666865348816 24299
1672197446776 0.6041666865348816 24349
1672197461005 0.9166666865348816 24399
1672197475230 0.5416666865348816 24449
1672197489491 0.75 24499
1672197514263 0.625 24549
1672197528665 0.5416666865348816 24599
1672197542884 0.5375000238418579 24649
1672197557198 0.6041666865348816 24699
1672197582149 0.5833333730697632 24749
1672197596350 0.3375000059604645 24799
1672197610593 0.5333333611488342 24849
1672197624940 0.625 24899
1672197639181 0.7749999761581421 24949
1672197663915 0.6208333373069763 24999
1672197678263 0.6875 25049
1672197692479 0.7303571701049805 25099
1672197706696 0.3125 25149
1672197731481 0.4791666865348816 25199
1672197746032 0.625 25249
1672197760280 0.7083333730697632 25299
1672197774503 0.7749999761581421 25349
1672197799274 0.6875000596046448 25399
1672197813510 0.7124999761581421 25449
1672197827813 0.8333333134651184 25499
1672197842072 0.5833333134651184 25549
1672197856247 0.625 25599
1672197881163 0.9375 25649
1672197895450 0.8333333134651184 25699
1672197909960 0.5416666865348816 25749
1672197924132 0.4166666865348816 25799
1672197948790 0.625 25849
1672197963022 0.7708333730697632 25899
1672197977262 0.4583333432674408 25949
1672197991635 0.762499988079071 25999
1672198016341 0.7124999761581421 26049
1672198030908 0.4166666865348816 26099
1672198045179 0.5 26149
1672198059452 0.4000000059604645 26199
1672198073719 0.5 26249
1672198098384 0.625 26299
1672198112601 0.9166666865348816 26349
1672198127016 0.5875000357627869 26399
1672198141257 0.6875 26449
1672198166470 0.4375 26499
1672198180687 0.7916666865348816 26549
1672198195076 0.5625 26599
1672198209288 0.6000000238418579 26649
1672198233826 0.6666666865348816 26699
1672198248061 0.875 26749
1672198262445 0.574999988079071 26799
1672198276649 0.6875 26849
1672198291143 0.6708332896232605 26899
1672198315753 0.6666666865348816 26949
1672198330053 0.375 26999
1672198344262 0.4375 27049
1672198358411 0.75 27099
1672198383048 0.8999999761581421 27149
1672198397361 0.5833333730697632 27199
1672198411548 0.4375 27249
1672198426022 0.5208333134651184 27299
1672198450971 0.8125 27349
1672198465306 0.6000000238418579 27399
1672198479546 0.675000011920929 27449
1672198493807 0.7916666865348816 27499
1672198508044 0.6708332896232605 27549
1672198533047 0.5833333730697632 27599
1672198547327 0.4833333492279053 27649
1672198561873 0.6500000357627869 27699
1672198576114 0.3541666865348816 27749
1672198600961 0.7291666865348816 27799
1672198615365 0.4583333432674408 27849
1672198629677 0.75 27899
1672198644143 0.4333333373069763 27949
1672198669365 0.6666666865348816 27999
1672198683966 0.6833333969116211 28049
1672198698569 0.7083333134651184 28099
1672198713168 1.0 28149
1672198727629 0.6666666865348816 28199
1672198752597 0.5625 28249
1672198766985 0.375 28299
1672198781428 0.7916666865348816 28349
1672198795823 0.7749999761581421 28399
1672198820699 0.8666666746139526 28449
1672198835304 0.7916666865348816 28499
1672198849870 0.5416666865348816 28549
1672198864434 0.75 28599
1672198889473 0.8999999761581421 28649
1672198903891 0.7416666746139526 28699
1672198918398 0.6000000238418579 28749
1672198932960 0.25 28799
1672198947397 0.6875 28849
1672198972703 0.6875 28899
1672198987028 0.8333333730697632 28949
1672199001575 0.75 28999
1672199016039 0.9375 29049
1672199040952 0.2291666716337204 29099
1672199055376 0.44999998807907104 29149
1672199069815 0.5416666865348816 29199
1672199084255 0.6041666865348816 29249
1672199109386 0.625 29299
1672199123965 0.574999988079071 29349
1672199138735 0.9166666865348816 29399
1672199153161 0.699999988079071 29449
1672199167542 0.5416666865348816 29499
1672199192586 0.7250000238418579 29549
1672199206941 0.7291666865348816 29599
1672199221485 0.8374999761581421 29649
1672199235860 0.5874999761581421 29699
1672199261344 0.5208333134651184 29749
1672199275937 0.3125 29799
1672199290339 0.7708333134651184 29849
1672199304731 0.6041666865348816 29899
1672199329839 0.75 29949
1672199344219 0.46666669845581055 29999
1672199358785 0.887499988079071 30049
1672199373098 0.887499988079071 30099
1672199387558 0.7416666746139526 30149
1672199412860 0.4791666865348816 30199
1672199427208 0.3958333432674408 30249
1672199441530 0.8333333730697632 30299
1672199455858 0.5416666865348816 30349
1672199481081 0.7083333730697632 30399
1672199495511 0.875 30449
1672199509948 0.6666666865348816 30499
1672199524553 0.8125 30549
1672199549823 0.2916666865348816 30599
1672199564258 0.5249999761581421 30649
1672199578712 0.6041666865348816 30699
1672199593115 0.8125 30749
1672199607494 0.7916666865348816 30799
1672199632712 0.6041666865348816 30849
1672199647160 0.6666666865348816 30899
1672199661813 0.7749999761581421 30949
1672199676215 0.6875 30999
1672199701447 0.7083333730697632 31049
1672199715784 0.9166666865348816 31099
1672199730143 0.36250001192092896 31149
1672199744533 0.4124999940395355 31199
1672199769641 1.0 31249
1672199784490 0.7083333730697632 31299
1672199798971 0.4583333432674408 31349
1672199813447 0.5833333730697632 31399
1672199828092 0.2916666865348816 31449
1672199852783 0.4583333432674408 31499
1672199867428 0.5874999761581421 31549
1672199881865 0.5833333730697632 31599
1672199896275 0.9166666865348816 31649
1672199921585 1.0 31699
1672199935954 0.4791666865348816 31749
1672199950703 0.5 31799
1672199965059 0.6458333134651184 31849
1672199990061 0.7124999761581421 31899
1672200004539 0.3750000298023224 31949
1672200019035 0.8541666865348816 31999
1672200033657 0.5833333134651184 32049
1672200048113 0.8452380895614624 32099
1672200073318 0.6875 32149
1672200087851 0.75 32199
1672200102322 0.8125 32249
1672200116917 1.0 32299
1672200141979 0.5833333730697632 32349
1672200156585 0.5 32399
1672200171065 0.5833333730697632 32449
1672200185610 0.7291666865348816 32499
1672200200071 0.25 32549
