1672189378444 1.9069715764893909 216
1672189450270 1.8926619898658692 433
1672189522496 1.8909531950458978 650
1672189594511 1.8884838050426316 867
1672189666197 1.8812785722912302 1084
1672189737978 1.8784971230359089 1301
1672189809591 1.8700382156600375 1518
1672189882277 1.867131041128486 1735
1672189961371 1.8596744823578875 1952
1672190036025 1.8512466175296256 2169
1672190108644 1.8471996135606084 2386
1672190182063 1.849908676600519 2603
1672190256842 1.842638174653817 2820
1672190330071 1.8451323419851478 3037
1672190402943 1.8385462935302828 3254
1672190475806 1.8326662344433282 3471
1672190549557 1.8325907916834794 3688
1672190622667 1.8284978683554634 3905
1672190695145 1.823160386431549 4122
1672190767390 1.8210263245968419 4339
1672190839490 1.821813652412948 4556
1672190911847 1.8173830811922995 4773
1672190984127 1.8217564884403457 4990
1672191056379 1.8146505664706831 5207
1672191128739 1.8182312455699596 5424
1672191201058 1.808397299224182 5641
1672191273334 1.8094407832453365 5858
1672191345510 1.8109529726170992 6075
1672191417810 1.8060672854439317 6292
1672191490551 1.801865443580886 6509
1672191563413 1.8027475228624419 6726
1672191637028 1.800818378119993 6943
1672191711019 1.8001475725581748 7160
1672191783838 1.8013404595792557 7377
1672191855378 1.7950444763387492 7594
1672191927430 1.7896780831835613 7811
1672191999394 1.7948940248701046 8028
1672192071507 1.79164089872177 8245
1672192143133 1.7873816508976996 8462
1672192215841 1.7886438884645353 8679
1672192287810 1.7861333403880437 8896
1672192360024 1.783043652606246 9113
1672192432162 1.7817199460038573 9330
1672192504890 1.7826687708208644 9547
1672192577314 1.7859159731439656 9764
1672192650092 1.7763640393379598 9981
1672192722551 1.7798329374560606 10198
1672192794836 1.7770855772812206 10415
1672192867299 1.7766985961984978 10632
1672192939886 1.772239599242749 10849
1672193012300 1.769462732459542 11066
1672193084453 1.7743993099818527 11283
1672193156987 1.7714956448101664 11500
1672193229511 1.7676499206433272 11717
1672193301994 1.7688076599935385 11934
1672193374431 1.7689107739395349 12151
1672193447244 1.7715359759156117 12368
1672193519681 1.763742816761189 12585
1672193592113 1.7636486104824076 12802
1672193664559 1.7636392898719397 13019
1672193737251 1.7607288161737176 13236
1672193809671 1.764595671354716 13453
1672193882209 1.7605684816092049 13670
1672193954698 1.7608017097434447 13887
1672194027227 1.7623162116880833 14104
1672194099719 1.7574337452565272 14321
1672194172028 1.7592737041720239 14538
1672194244466 1.7518968732735114 14755
1672194316895 1.7546895575365127 14972
1672194389400 1.756700002827575 15189
1672194461601 1.757566514771883 15406
1672194534249 1.7543376331321285 15623
1672194605927 1.7579662213269758 15840
1672194679119 1.7544207048840863 16057
1672194751478 1.752704287147682 16274
1672194824040 1.7496589583867146 16491
1672194896001 1.7501152090581413 16708
1672194968734 1.747582579221839 16925
1672195040994 1.7483143818591156 17142
1672195113371 1.7506666797281034 17359
1672195185928 1.75103341987852 17576
1672195258147 1.7532458732866556 17793
1672195330682 1.7501689096055457 18010
1672195402918 1.7472102179993432 18227
1672195475269 1.7474846110467945 18444
1672195547213 1.7492173963358346 18661
1672195619868 1.7486363725391803 18878
1672195693171 1.746518434491971 19095
1672195765543 1.741149625071861 19312
1672195837920 1.7443196090610913 19529
1672195910427 1.7428480635579844 19746
1672195983080 1.745936723551305 19963
1672196055458 1.7481789263667635 20180
1672196127696 1.743334563465136 20397
1672196200412 1.7466110192979991 20614
1672196273358 1.7408561053587908 20831
1672196345907 1.7360199689011702 21048
1672196418753 1.7452444942282423 21265
1672196491515 1.736582372350606 21482
1672196564026 1.7398537787326527 21699
1672196636432 1.7392260866916578 21916
1672196708922 1.73948862293904 22133
1672196781238 1.7354959182335101 22350
1672196853675 1.7391645497189734 22567
1672196926264 1.7401338724868256 22784
1672196998533 1.7373178057289942 23001
1672197071115 1.740374374768359 23218
1672197143610 1.7355390743578132 23435
1672197215591 1.7354728179120715 23652
1672197288568 1.7351034565990406 23869
1672197360457 1.738321506643735 24086
1672197432932 1.7370158001715597 24303
1672197505280 1.7337186280603893 24520
1672197578011 1.7346869166847325 24737
1672197650266 1.731302497547126 24954
1672197722839 1.7359253204070568 25171
1672197795484 1.7325983409647492 25388
1672197867655 1.7340311414394143 25605
1672197940410 1.734773289498305 25822
1672198012637 1.7282581334849716 26039
1672198085449 1.732041385810158 26256
1672198158409 1.7260694067947573 26473
1672198230592 1.7286853781414584 26690
1672198302986 1.7286512600530126 26907
1672198375312 1.7278197949065794 27124
1672198447806 1.7266990248078091 27341
1672198520500 1.727346544458576 27558
1672198593297 1.728531409654775 27775
1672198666629 1.724336309205364 27992
1672198740389 1.7294297007454162 28209
1672198813351 1.7251310906523483 28426
1672198887028 1.7229300803158711 28643
1672198960646 1.7215585271341003 28860
1672199033896 1.720486457326812 29077
1672199107190 1.722651980508238 29294
1672199180921 1.7239742300356649 29511
1672199254384 1.727088853508893 29728
1672199327901 1.723520656208395 29945
1672199401350 1.7207943765647518 30162
1672199474397 1.7201929739313357 30379
1672199548245 1.7202456756380768 30596
1672199621547 1.7176234118483276 30813
1672199695106 1.7206500173635162 31030
1672199768318 1.720146414825362 31247
1672199841980 1.720231370183221 31464
1672199915675 1.7211075550871058 31681
1672199989003 1.7231793920256746 31898
1672200062770 1.7169016492100821 32115
1672200136373 1.716626843981396 32332
1672200209949 1.7192487330897512 32549
