1672189321564 0.7083333730697632 49
1672189335692 0.9166666865348816 99
1672189349961 0.75 149
1672189364228 0.625 199
1672189388852 0.8333333134651184 249
1672189402922 0.75 299
1672189417037 0.875 349
1672189431162 0.375 399
1672189455454 0.5625 449
1672189469628 0.9166666865348816 499
1672189483816 0.7916666865348816 549
1672189498138 0.75 599
1672189512597 0.7916666865348816 649
1672189537155 0.625 699
1672189551356 0.8125 749
1672189565597 0.6666666865348816 799
1672189579791 0.2916666865348816 849
1672189604249 0.8333333730697632 899
1672189618510 0.5874999761581421 949
1672189632897 0.6666666865348816 999
1672189647016 0.949999988079071 1049
1672189671259 0.8541666865348816 1099
1672189685446 0.6666666865348816 1149
1672189699632 0.6875 1199
1672189713812 0.6875 1249
1672189727994 0.75 1299
1672189752543 0.9375 1349
1672189766699 0.6041666865348816 1399
1672189780813 1.0 1449
1672189794918 0.6666666865348816 1499
1672189819078 0.9166666865348816 1549
1672189833275 0.9166666865348816 1599
1672189847460 0.7916666865348816 1649
1672189861830 0.2750000059604645 1699
1672189887047 0.5249999761581421 1749
1672189901172 0.8333333730697632 1799
1672189915329 0.9166666865348816 1849
1672189929445 0.9375 1899
1672189943766 0.8333333134651184 1949
1672189975570 0.8125 1999
1672189989751 0.8541666865348816 2049
1672190004059 0.6166666746139526 2099
1672190018403 1.0 2149
1672190045218 0.7333333492279053 2199
1672190059435 0.8333333730697632 2249
1672190073555 0.625 2299
1672190088043 0.9375 2349
1672190113065 0.7916666865348816 2399
1672190127311 0.9375 2449
1672190141643 0.949999988079071 2499
1672190156008 0.8333333730697632 2549
1672190170248 0.75 2599
1672190195776 0.5 2649
1672190210122 0.75 2699
1672190224385 0.8125 2749
1672190238750 0.75 2799
1672190265887 0.8333333730697632 2849
1672190280137 0.5 2899
1672190294610 0.75 2949
1672190308802 0.9166666865348816 2999
1672190334191 0.7916666865348816 3049
1672190348554 0.6875 3099
1672190362737 0.875 3149
1672190377120 0.75 3199
1672190391306 0.6666666865348816 3249
1672190416481 0.625 3299
1672190430946 0.9166666865348816 3349
1672190445244 0.6499999761581421 3399
1672190459728 0.25 3449
1672190484554 0.9375 3499
1672190498986 0.7916666865348816 3549
1672190513264 0.8125 3599
1672190527544 0.9166666865348816 3649
1672190553519 0.25 3699
1672190567931 0.6708333492279053 3749
1672190582193 1.0 3799
1672190596587 0.4166666865348816 3849
1672190610971 0.8333333730697632 3899
1672190635863 0.6875 3949
1672190650231 0.8999999761581421 3999
1672190664423 0.75 4049
1672190678614 0.6875 4099
1672190703565 0.9166666865348816 4149
1672190717871 0.7291666865348816 4199
1672190732204 1.0 4249
1672190746348 1.0 4299
1672190770911 1.0 4349
1672190785272 0.9166666865348816 4399
1672190799472 0.75 4449
1672190813729 0.875 4499
1672190827945 0.7916666865348816 4549
1672190852565 0.9166666865348816 4599
1672190866934 0.949999988079071 4649
1672190881118 0.9166666865348816 4699
1672190895434 0.75 4749
1672190920183 0.75 4799
1672190934414 0.574999988079071 4849
1672190948665 1.0 4899
1672190962898 0.6000000238418579 4949
1672190987410 0.7708333134651184 4999
1672191001912 0.75 5049
1672191016093 0.6666666865348816 5099
1672191030290 0.8333333730697632 5149
1672191044627 0.7083333730697632 5199
1672191069044 1.0 5249
1672191083283 0.7916666865348816 5299
1672191097736 0.8333333730697632 5349
1672191112183 0.5249999761581421 5399
1672191136581 0.6666666865348816 5449
1672191150847 0.7916666865348816 5499
1672191165368 1.0 5549
1672191179642 0.6666666865348816 5599
1672191204210 0.5208333730697632 5649
1672191218426 0.875 5699
1672191232648 1.0 5749
1672191247000 0.8541666865348816 5799
1672191261203 0.8333333134651184 5849
1672191285665 0.875 5899
1672191299852 1.0 5949
1672191314442 0.875 5999
1672191328625 0.6666666865348816 6049
1672191353072 0.3125 6099
1672191367277 0.5833333730697632 6149
1672191381496 0.5 6199
1672191395851 0.9375 6249
1672191420570 0.75 6299
1672191434801 0.625 6349
1672191449011 0.7291666865348816 6399
1672191463409 0.625 6449
1672191477642 0.875 6499
1672191502680 0.875 6549
1672191516965 0.824999988079071 6599
1672191531507 0.5833333134651184 6649
1672191545747 0.75 6699
1672191570674 0.949999988079071 6749
1672191584860 0.625 6799
1672191599162 0.875 6849
1672191613369 0.887499988079071 6899
1672191639439 0.75 6949
1672191653924 0.4583333730697632 6999
1672191668289 0.6666666865348816 7049
1672191682491 0.5 7099
1672191696735 1.0 7149
1672191722998 0.5416666865348816 7199
1672191737367 0.8999999761581421 7249
1672191751534 0.625 7299
1672191765866 0.8333333730697632 7349
1672191790733 0.9583333134651184 7399
1672191804934 0.8166666626930237 7449
1672191819152 0.4166666865348816 7499
1672191833387 0.49166667461395264 7549
1672191857675 0.5416666865348816 7599
1672191871992 0.9166666865348816 7649
1672191886159 0.875 7699
1672191900414 0.4166666865348816 7749
1672191914770 0.6666666865348816 7799
1672191938922 0.625 7849
1672191953112 0.7083333134651184 7899
1672191967369 0.75 7949
1672191981761 1.0 7999
1672192006114 0.9375 8049
1672192020429 0.6875 8099
1672192034929 0.7708333730697632 8149
1672192049385 0.8333333134651184 8199
1672192073388 0.5833333134651184 8249
1672192087574 0.9375 8299
1672192101803 0.9166666865348816 8349
1672192116023 0.5833333730697632 8399
1672192130247 0.574999988079071 8449
1672192154573 0.875 8499
1672192169041 0.6666666865348816 8549
1672192183394 1.0 8599
1672192197627 0.9375 8649
1672192222223 1.0 8699
1672192236415 0.25 8749
1672192250642 0.75 8799
1672192264849 0.9166666865348816 8849
1672192289339 0.8333333134651184 8899
1672192303793 0.5833333730697632 8949
1672192318144 0.375 8999
1672192332330 0.875 9049
1672192346509 0.875 9099
1672192370955 0.9375 9149
1672192385217 0.8999999761581421 9199
1672192399553 0.9166666865348816 9249
1672192413788 0.75 9299
1672192438472 0.699999988079071 9349
1672192452751 1.0 9399
1672192467339 0.625 9449
1672192481607 0.8541666865348816 9499
1672192506193 0.875 9549
1672192520435 0.875 9599
1672192534735 0.8125 9649
1672192549120 0.75 9699
1672192563565 0.75 9749
1672192588091 0.5 9799
1672192602456 0.875 9849
1672192616793 0.887499988079071 9899
1672192631391 0.9166666865348816 9949
1672192655917 0.9166666865348816 9999
1672192670317 0.625 10049
1672192684707 0.887499988079071 10099
1672192698967 0.875 10149
1672192723748 1.0 10199
1672192738091 0.5625 10249
1672192752339 0.6875 10299
1672192766501 0.6666666865348816 10349
1672192780700 0.4166666865348816 10399
1672192805179 0.8541666865348816 10449
1672192819408 0.875 10499
1672192833782 0.625 10549
1672192847991 0.5416666865348816 10599
1672192872819 0.75 10649
1672192887086 1.0 10699
1672192901393 0.875 10749
1672192915778 0.75 10799
1672192930053 0.5 10849
1672192954870 0.75 10899
1672192969070 0.5416666865348816 10949
1672192983438 0.4166666865348816 10999
1672192997705 0.75 11049
1672193022390 0.75 11099
1672193036678 0.9375 11149
1672193050849 1.0 11199
1672193064994 0.8541666865348816 11249
1672193089680 0.8999999761581421 11299
1672193103908 0.4166666865348816 11349
1672193118328 1.0 11399
1672193132568 0.875 11449
1672193146998 0.6666666865348816 11499
1672193171807 0.6666666865348816 11549
1672193186015 0.75 11599
1672193200422 0.6041666865348816 11649
1672193214680 0.9166666865348816 11699
1672193239338 0.5416666865348816 11749
1672193253495 0.5 11799
1672193267776 0.75 11849
1672193282099 0.7916666865348816 11899
1672193307195 0.8166666626930237 11949
1672193321401 0.5416666865348816 11999
1672193335620 0.8166667222976685 12049
1672193350008 0.9166666865348816 12099
1672193364267 0.5625 12149
1672193388844 0.875 12199
1672193403260 0.75 12249
1672193417515 0.6875 12299
1672193432083 0.5 12349
1672193456844 0.875 12399
1672193471279 1.0 12449
1672193485450 0.9166666865348816 12499
1672193499655 0.4375 12549
1672193524291 0.625 12599
1672193538539 0.6666666865348816 12649
1672193552898 1.0 12699
1672193567273 0.9375 12749
1672193581509 0.875 12799
1672193606233 1.0 12849
1672193620518 0.75 12899
1672193634787 0.6875 12949
1672193649210 0.375 12999
1672193673717 0.9166666865348816 13049
1672193688238 0.8166666626930237 13099
1672193702512 0.7083333730697632 13149
1672193716735 0.9166666865348816 13199
1672193741639 0.9166666865348816 13249
1672193755876 0.75 13299
1672193770083 0.625 13349
1672193784435 0.7916666865348816 13399
1672193798668 0.2916666865348816 13449
1672193823714 0.875 13499
1672193837901 0.8999999761581421 13549
1672193852223 0.9375 13599
1672193866388 0.9166666865348816 13649
1672193891293 0.8333333134651184 13699
1672193905562 0.9375 13749
1672193919967 0.5666666626930237 13799
1672193934342 0.9166666865348816 13849
1672193958808 0.7916666865348816 13899
1672193973207 0.5 13949
1672193987457 0.7916666865348816 13999
1672194001885 0.625 14049
1672194016156 0.625 14099
1672194040762 0.75 14149
1672194055129 0.75 14199
1672194069577 0.4000000059604645 14249
1672194083804 0.5416666865348816 14299
1672194108364 0.4583333432674408 14349
1672194122852 1.0 14399
1672194137053 0.75 14449
1672194151289 0.875 14499
1672194175880 0.5625 14549
1672194190073 0.6875 14599
1672194204425 1.0 14649
1672194218620 0.6875 14699
1672194232800 0.6916667222976685 14749
1672194257819 0.8125 14799
1672194272243 0.8333333730697632 14849
1672194286509 0.6666666865348816 14899
1672194300753 0.9166666865348816 14949
1672194325526 0.625 14999
1672194339680 0.875 15049
1672194353826 0.5 15099
1672194368303 0.699999988079071 15149
1672194392929 0.75 15199
1672194407181 0.6666666865348816 15249
1672194421433 0.5166667103767395 15299
1672194435722 0.824999988079071 15349
1672194450014 0.9375 15399
1672194474523 0.5833333730697632 15449
1672194488893 0.7500000596046448 15499
1672194503260 0.6666666865348816 15549
1672194517627 0.9583333134651184 15599
1672194542272 0.6458333730697632 15649
1672194556455 0.887499988079071 15699
1672194570641 0.875 15749
1672194584817 0.8041666746139526 15799
1672194609195 0.6666666865348816 15849
1672194623621 0.75 15899
1672194637971 0.75 15949
1672194652359 0.75 15999
1672194666756 0.5833333134651184 16049
1672194691906 0.699999988079071 16099
1672194706076 0.5 16149
1672194720280 0.7333333492279053 16199
1672194734451 0.6666666865348816 16249
1672194759312 0.5833333134651184 16299
1672194773566 0.625 16349
1672194787945 0.8666666746139526 16399
1672194802269 0.75 16449
1672194827044 0.6666666865348816 16499
1672194841199 0.625 16549
1672194855324 0.7333333492279053 16599
1672194869467 1.0 16649
1672194883586 0.3125 16699
1672194908531 0.75 16749
1672194922823 0.75 16799
1672194937176 0.875 16849
1672194951806 0.9166666865348816 16899
1672194976279 0.75 16949
1672194990481 1.0 16999
1672195004670 0.9166666865348816 17049
1672195018899 0.6458333730697632 17099
1672195043825 0.8541666865348816 17149
1672195058038 0.6666666865348816 17199
1672195072245 0.6666666865348816 17249
1672195086625 0.4375 17299
1672195100955 0.6166666746139526 17349
1672195125443 1.0 17399
1672195139740 0.875 17449
1672195154029 0.7708333730697632 17499
1672195168619 0.75 17549
1672195193310 0.9166666865348816 17599
1672195207497 0.625 17649
1672195221668 0.7083333134651184 17699
1672195236026 0.8333333730697632 17749
1672195260554 0.9375 17799
1672195274806 0.949999988079071 17849
1672195289011 1.0 17899
1672195303426 0.5 17949
1672195317789 0.5249999761581421 17999
1672195342476 0.625 18049
1672195356716 0.75 18099
1672195370923 0.8541666865348816 18149
1672195385148 1.0 18199
1672195409830 1.0 18249
1672195424298 0.6875 18299
1672195438432 0.5 18349
1672195452583 0.6875 18399
1672195477382 0.6666666865348816 18449
1672195491550 0.875 18499
1672195505726 1.0 18549
1672195519940 0.6666666865348816 18599
1672195534095 1.0 18649
1672195559030 0.7291666865348816 18699
1672195573430 1.0 18749
1672195587660 0.8500000238418579 18799
1672195601875 0.8666666746139526 18849
1672195626724 0.875 18899
1672195641475 0.4833333492279053 18949
1672195655654 0.8374999761581421 18999
1672195670004 0.4000000059604645 19049
1672195695011 0.75 19099
1672195709222 0.6666666865348816 19149
1672195723593 0.6666666865348816 19199
1672195737777 0.9166666865348816 19249
1672195752087 0.4583333432674408 19299
1672195776741 0.875 19349
1672195790972 1.0 19399
1672195805333 0.75 19449
1672195819664 0.8333333730697632 19499
1672195844331 0.7416666746139526 19549
1672195858519 0.875 19599
1672195872800 0.699999988079071 19649
1672195887355 0.6666666865348816 19699
1672195912134 0.699999988079071 19749
1672195926489 0.7916666865348816 19799
1672195940848 0.5 19849
1672195955043 0.699999988079071 19899
1672195969237 0.8999999761581421 19949
1672195993997 0.5833333730697632 19999
1672196008195 0.7916666865348816 20049
1672196022528 0.9166666865348816 20099
1672196036703 0.9375 20149
1672196061563 0.8541666865348816 20199
1672196075782 0.7250000238418579 20249
1672196090004 0.8125 20299
1672196104385 0.875 20349
1672196128909 0.5833333134651184 20399
1672196143059 0.875 20449
1672196157343 0.5625 20499
1672196171628 0.75 20549
1672196185915 0.75 20599
1672196211067 0.7916666865348816 20649
1672196225392 0.7083333730697632 20699
1672196239547 0.625 20749
1672196253720 0.4583333730697632 20799
1672196279223 0.5833333730697632 20849
1672196293397 0.5416666865348816 20899
1672196307710 0.75 20949
1672196322038 0.875 20999
1672196346883 0.875 21049
1672196361149 0.7083333730697632 21099
1672196375690 0.7291666865348816 21149
1672196389872 0.75 21199
1672196404245 0.4583333432674408 21249
1672196429145 0.8333333730697632 21299
1672196443576 0.75 21349
1672196458001 0.3750000298023224 21399
1672196472275 0.5416666865348816 21449
1672196497153 0.7083333730697632 21499
1672196511393 0.75 21549
1672196525819 0.7083333730697632 21599
1672196540210 1.0 21649
1672196554248 0.0 21699
1672196578934 1.0 21749
1672196593244 0.9375 21799
1672196607403 0.8125 21849
1672196621595 0.7083333730697632 21899
1672196646724 0.49166667461395264 21949
1672196661116 0.75 21999
1672196675335 0.6666666865348816 22049
1672196689581 0.7500000596046448 22099
1672196714208 0.7916666865348816 22149
1672196728348 0.75 22199
1672196742848 0.75 22249
1672196757010 0.875 22299
1672196771329 0.625 22349
1672196795942 0.6458333730697632 22399
1672196810182 0.9166666865348816 22449
1672196824568 0.699999988079071 22499
1672196838812 0.75 22549
1672196863445 0.7916666865348816 22599
1672196877814 1.0 22649
1672196892170 0.4583333432674408 22699
1672196906377 0.75 22749
1672196931217 0.5476190447807312 22799
1672196945619 0.7916666865348816 22849
1672196959862 0.5416666865348816 22899
1672196974177 0.8333333730697632 22949
1672196988385 0.7083333730697632 22999
1672197013077 0.875 23049
1672197027609 0.7916666865348816 23099
1672197041841 0.9166666865348816 23149
1672197056108 0.574999988079071 23199
1672197080610 0.6875 23249
1672197094945 0.1666666716337204 23299
1672197109164 0.875 23349
1672197123373 0.75 23399
1672197148267 0.75 23449
1672197162444 0.6041666865348816 23499
1672197176792 0.5416666865348816 23549
1672197190980 0.625 23599
1672197205170 0.8125 23649
1672197229715 0.875 23699
1672197244001 0.8666666746139526 23749
1672197258375 0.699999988079071 23799
1672197272918 0.8166666626930237 23849
1672197297745 1.0 23899
1672197311968 1.0 23949
1672197326142 1.0 23999
1672197340301 0.7250000238418579 24049
1672197364861 0.9375 24099
1672197379072 0.8333333730697632 24149
1672197393454 0.8333333134651184 24199
1672197408047 1.0 24249
1672197422262 0.875 24299
1672197446776 0.75 24349
1672197461005 0.8125 24399
1672197475230 0.75 24449
1672197489491 0.5 24499
1672197514263 1.0 24549
1672197528665 0.625 24599
1672197542884 0.875 24649
1672197557198 0.9285714626312256 24699
1672197582149 0.6666666865348816 24749
1672197596350 0.5 24799
1672197610593 0.6166666746139526 24849
1672197624940 0.6000000238418579 24899
1672197639181 1.0 24949
1672197663915 1.0 24999
1672197678263 0.75 25049
1672197692479 0.9375 25099
1672197706696 0.6666666865348816 25149
1672197731481 0.6499999761581421 25199
1672197746032 0.625 25249
1672197760280 0.7916666865348816 25299
1672197774503 0.9375 25349
1672197799274 1.0 25399
1672197813510 0.762499988079071 25449
1672197827813 0.7083333134651184 25499
1672197842072 0.6666666865348816 25549
1672197856247 0.625 25599
1672197881163 1.0 25649
1672197895450 0.9166666865348816 25699
1672197909960 0.875 25749
1672197924132 0.625 25799
1672197948790 0.75 25849
1672197963022 0.6916666626930237 25899
1672197977262 0.75 25949
1672197991635 0.875 25999
1672198016341 0.8125 26049
1672198030908 0.5833333730697632 26099
1672198045179 0.625 26149
1672198059452 0.4375 26199
1672198073719 0.6666666865348816 26249
1672198098384 0.5416666865348816 26299
1672198112601 0.8541666865348816 26349
1672198127016 0.8333333730697632 26399
1672198141257 0.875 26449
1672198166470 0.6666666865348816 26499
1672198180687 0.875 26549
1672198195076 0.5625 26599
1672198209288 0.8125 26649
1672198233826 0.8333333730697632 26699
1672198248061 0.8333333134651184 26749
1672198262445 0.625 26799
1672198276649 0.9166666865348816 26849
1672198291143 0.9375 26899
1672198315753 0.8666666746139526 26949
1672198330053 0.44999998807907104 26999
1672198344262 0.8333333134651184 27049
1672198358411 0.6666666865348816 27099
1672198383048 0.949999988079071 27149
1672198397361 0.5 27199
1672198411548 0.5 27249
1672198426022 0.75 27299
1672198450971 0.8541666865348816 27349
1672198465306 0.6666666865348816 27399
1672198479546 0.949999988079071 27449
1672198493807 1.0 27499
1672198508044 0.6499999761581421 27549
1672198533047 0.49166667461395264 27599
1672198547327 0.875 27649
1672198561873 1.0 27699
1672198576114 1.0 27749
1672198600961 0.75 27799
1672198615365 0.875 27849
1672198629677 0.7916666865348816 27899
1672198644143 0.75 27949
1672198669365 0.75 27999
1672198683966 0.8666666746139526 28049
1672198698569 1.0 28099
1672198713168 0.9375 28149
1672198727629 0.7916666865348816 28199
1672198752597 0.6875 28249
1672198766985 0.5 28299
1672198781428 0.8125 28349
1672198795823 0.9166666865348816 28399
1672198820699 0.8666666746139526 28449
1672198835304 0.8333333730697632 28499
1672198849870 0.5 28549
1672198864434 0.887499988079071 28599
1672198889473 0.9583333134651184 28649
1672198903891 1.0 28699
1672198918398 0.699999988079071 28749
1672198932960 0.4166666865348816 28799
1672198947397 0.7083333134651184 28849
1672198972703 0.75 28899
1672198987028 0.8125 28949
1672199001575 0.6666666865348816 28999
1672199016039 0.7916666865348816 29049
1672199040952 0.4166666865348816 29099
1672199055376 0.75 29149
1672199069815 0.75 29199
1672199084255 0.4833333492279053 29249
1672199109386 0.9166666865348816 29299
1672199123965 0.625 29349
1672199138735 0.9166666865348816 29399
1672199153161 0.824999988079071 29449
1672199167542 0.5 29499
1672199192586 0.6875 29549
1672199206941 0.9375 29599
1672199221485 0.7916666865348816 29649
1672199235860 0.75 29699
1672199261344 0.625 29749
1672199275937 0.75 29799
1672199290339 0.8125 29849
1672199304731 0.5625 29899
1672199329839 0.75 29949
1672199344219 0.6875 29999
1672199358785 1.0 30049
1672199373098 0.875 30099
1672199387558 0.7875000238418579 30149
1672199412860 0.7916666865348816 30199
1672199427208 0.5 30249
1672199441530 0.875 30299
1672199455858 0.875 30349
1672199481081 1.0 30399
1672199495511 0.7083333134651184 30449
1672199509948 0.875 30499
1672199524553 0.6875 30549
1672199549823 0.5 30599
1672199564258 0.9166666865348816 30649
1672199578712 0.75 30699
1672199593115 0.8166666626930237 30749
1672199607494 0.75 30799
1672199632712 0.5 30849
1672199647160 0.5666666626930237 30899
1672199661813 0.8125 30949
1672199676215 1.0 30999
1672199701447 1.0 31049
1672199715784 0.875 31099
1672199730143 0.5833333730697632 31149
1672199744533 0.6041666865348816 31199
1672199769641 0.875 31249
1672199784490 0.9166666865348816 31299
1672199798971 0.6875 31349
1672199813447 0.7916666865348816 31399
1672199828092 0.4166666865348816 31449
1672199852783 0.5625 31499
1672199867428 0.6875 31549
1672199881865 1.0 31599
1672199896275 0.9166666865348816 31649
1672199921585 0.7916666865348816 31699
1672199935954 0.6666666865348816 31749
1672199950703 0.375 31799
1672199965059 0.7083333730697632 31849
1672199990061 0.9375 31899
1672200004539 0.375 31949
1672200019035 1.0 31999
1672200033657 0.625 32049
1672200048113 0.8333333134651184 32099
1672200073318 0.7833333611488342 32149
1672200087851 0.9166666865348816 32199
1672200102322 0.875 32249
1672200116917 0.8374999761581421 32299
1672200141979 1.0 32349
1672200156585 0.6666666865348816 32399
1672200171065 0.5416666865348816 32449
1672200185610 0.7083333730697632 32499
1672200200071 0.25 32549
