1672189321564 0.78125 49
1672189335692 0.75 99
1672189349961 0.875 149
1672189364228 0.84375 199
1672189388852 0.8125 249
1672189402922 0.875 299
1672189417037 0.8125 349
1672189431162 0.65625 399
1672189455454 0.875 449
1672189469628 0.84375 499
1672189483816 0.71875 549
1672189498138 0.71875 599
1672189512597 0.78125 649
1672189537155 0.75 699
1672189551356 0.75 749
1672189565597 0.65625 799
1672189579791 0.71875 849
1672189604249 0.75 899
1672189618510 0.75 949
1672189632897 0.84375 999
1672189647016 0.75 1049
1672189671259 0.71875 1099
1672189685446 0.875 1149
1672189699632 0.90625 1199
1672189713812 0.8125 1249
1672189727994 0.90625 1299
1672189752543 0.9375 1349
1672189766699 0.78125 1399
1672189780813 0.75 1449
1672189794918 0.8125 1499
1672189819078 0.84375 1549
1672189833275 0.71875 1599
1672189847460 0.84375 1649
1672189861830 0.65625 1699
1672189887047 0.71875 1749
1672189901172 0.78125 1799
1672189915329 0.84375 1849
1672189929445 0.75 1899
1672189943766 0.84375 1949
1672189975570 0.78125 1999
1672189989751 0.8125 2049
1672190004059 0.84375 2099
1672190018403 0.8125 2149
1672190045218 0.78125 2199
1672190059435 0.6875 2249
1672190073555 0.78125 2299
1672190088043 0.78125 2349
1672190113065 0.65625 2399
1672190127311 0.90625 2449
1672190141643 0.84375 2499
1672190156008 0.78125 2549
1672190170248 0.65625 2599
1672190195776 0.90625 2649
1672190210122 0.78125 2699
1672190224385 0.78125 2749
1672190238750 0.75 2799
1672190265887 0.75 2849
1672190280137 0.65625 2899
1672190294610 0.8125 2949
1672190308802 0.84375 2999
1672190334191 0.71875 3049
1672190348554 0.8125 3099
1672190362737 0.8125 3149
1672190377120 0.84375 3199
1672190391306 0.8125 3249
1672190416481 0.75 3299
1672190430946 0.71875 3349
1672190445244 0.78125 3399
1672190459728 0.6875 3449
1672190484554 0.90625 3499
1672190498986 0.9375 3549
1672190513264 0.6875 3599
1672190527544 0.875 3649
1672190553519 0.8125 3699
1672190567931 0.6875 3749
1672190582193 0.90625 3799
1672190596587 0.78125 3849
1672190610971 0.8125 3899
1672190635863 0.59375 3949
1672190650231 0.78125 3999
1672190664423 0.8125 4049
1672190678614 0.8125 4099
1672190703565 0.75 4149
1672190717871 0.71875 4199
1672190732204 0.8125 4249
1672190746348 0.78125 4299
1672190770911 0.875 4349
1672190785272 0.96875 4399
1672190799472 0.75 4449
1672190813729 0.75 4499
1672190827945 0.78125 4549
1672190852565 0.8125 4599
1672190866934 0.84375 4649
1672190881118 0.78125 4699
1672190895434 0.8125 4749
1672190920183 0.8125 4799
1672190934414 0.78125 4849
1672190948665 0.75 4899
1672190962898 0.75 4949
1672190987410 0.75 4999
1672191001912 0.84375 5049
1672191016093 0.78125 5099
1672191030290 0.875 5149
1672191044627 0.625 5199
1672191069044 0.8125 5249
1672191083283 0.875 5299
1672191097736 0.78125 5349
1672191112183 0.6875 5399
1672191136581 0.6875 5449
1672191150847 0.875 5499
1672191165368 0.90625 5549
1672191179642 0.59375 5599
1672191204210 0.8125 5649
1672191218426 0.84375 5699
1672191232648 0.75 5749
1672191247000 0.84375 5799
1672191261203 0.8125 5849
1672191285665 0.84375 5899
1672191299852 0.9375 5949
1672191314442 0.78125 5999
1672191328625 0.78125 6049
1672191353072 0.6875 6099
1672191367277 0.65625 6149
1672191381496 0.75 6199
1672191395851 0.84375 6249
1672191420570 0.78125 6299
1672191434801 0.8125 6349
1672191449011 0.65625 6399
1672191463409 0.75 6449
1672191477642 0.78125 6499
1672191502680 0.9375 6549
1672191516965 0.875 6599
1672191531507 0.75 6649
1672191545747 0.75 6699
1672191570674 0.875 6749
1672191584860 0.8125 6799
1672191599162 0.8125 6849
1672191613369 0.90625 6899
1672191639439 0.875 6949
1672191653924 0.71875 6999
1672191668289 0.75 7049
1672191682491 0.875 7099
1672191696735 0.9375 7149
1672191722998 0.71875 7199
1672191737367 0.75 7249
1672191751534 0.875 7299
1672191765866 0.8125 7349
1672191790733 0.78125 7399
1672191804934 0.65625 7449
1672191819152 0.78125 7499
1672191833387 0.71875 7549
1672191857675 0.6875 7599
1672191871992 0.90625 7649
1672191886159 0.71875 7699
1672191900414 0.71875 7749
1672191914770 0.6875 7799
1672191938922 0.75 7849
1672191953112 0.75 7899
1672191967369 0.875 7949
1672191981761 0.75 7999
1672192006114 0.84375 8049
1672192020429 0.84375 8099
1672192034929 0.78125 8149
1672192049385 0.90625 8199
1672192073388 0.75 8249
1672192087574 0.8125 8299
1672192101803 0.90625 8349
1672192116023 0.6875 8399
1672192130247 0.75 8449
1672192154573 0.84375 8499
1672192169041 0.78125 8549
1672192183394 0.84375 8599
1672192197627 0.84375 8649
1672192222223 0.84375 8699
1672192236415 0.84375 8749
1672192250642 0.6875 8799
1672192264849 0.90625 8849
1672192289339 0.8125 8899
1672192303793 0.78125 8949
1672192318144 0.75 8999
1672192332330 0.8125 9049
1672192346509 0.75 9099
1672192370955 0.9375 9149
1672192385217 0.875 9199
1672192399553 0.84375 9249
1672192413788 0.75 9299
1672192438472 0.84375 9349
1672192452751 0.875 9399
1672192467339 0.8125 9449
1672192481607 0.90625 9499
1672192506193 0.90625 9549
1672192520435 0.875 9599
1672192534735 0.71875 9649
1672192549120 0.9375 9699
1672192563565 0.875 9749
1672192588091 0.8125 9799
1672192602456 0.875 9849
1672192616793 0.875 9899
1672192631391 0.84375 9949
1672192655917 0.84375 9999
1672192670317 0.75 10049
1672192684707 0.875 10099
1672192698967 0.8125 10149
1672192723748 0.90625 10199
1672192738091 0.71875 10249
1672192752339 0.78125 10299
1672192766501 0.8125 10349
1672192780700 0.8125 10399
1672192805179 0.8125 10449
1672192819408 0.90625 10499
1672192833782 0.75 10549
1672192847991 0.75 10599
1672192872819 0.875 10649
1672192887086 0.8125 10699
1672192901393 0.75 10749
1672192915778 0.75 10799
1672192930053 0.625 10849
1672192954870 0.78125 10899
1672192969070 0.71875 10949
1672192983438 0.78125 10999
1672192997705 0.71875 11049
1672193022390 0.84375 11099
1672193036678 0.71875 11149
1672193050849 0.8125 11199
1672193064994 0.8125 11249
1672193089680 0.8125 11299
1672193103908 0.75 11349
1672193118328 0.8125 11399
1672193132568 0.78125 11449
1672193146998 0.84375 11499
1672193171807 0.84375 11549
1672193186015 0.9375 11599
1672193200422 0.8125 11649
1672193214680 0.875 11699
1672193239338 0.71875 11749
1672193253495 0.78125 11799
1672193267776 0.90625 11849
1672193282099 0.75 11899
1672193307195 0.6875 11949
1672193321401 0.78125 11999
1672193335620 0.71875 12049
1672193350008 0.875 12099
1672193364267 0.78125 12149
1672193388844 0.78125 12199
1672193403260 0.84375 12249
1672193417515 0.71875 12299
1672193432083 0.6875 12349
1672193456844 0.84375 12399
1672193471279 0.9375 12449
1672193485450 0.8125 12499
1672193499655 0.75 12549
1672193524291 0.84375 12599
1672193538539 0.84375 12649
1672193552898 0.90625 12699
1672193567273 0.875 12749
1672193581509 0.875 12799
1672193606233 0.96875 12849
1672193620518 0.875 12899
1672193634787 0.84375 12949
1672193649210 0.75 12999
1672193673717 0.875 13049
1672193688238 0.78125 13099
1672193702512 0.75 13149
1672193716735 0.90625 13199
1672193741639 0.90625 13249
1672193755876 0.78125 13299
1672193770083 0.75 13349
1672193784435 0.71875 13399
1672193798668 0.65625 13449
1672193823714 0.84375 13499
1672193837901 0.8125 13549
1672193852223 0.875 13599
1672193866388 0.78125 13649
1672193891293 0.8125 13699
1672193905562 0.78125 13749
1672193919967 0.84375 13799
1672193934342 0.8125 13849
1672193958808 0.90625 13899
1672193973207 0.75 13949
1672193987457 0.71875 13999
1672194001885 0.65625 14049
1672194016156 0.75 14099
1672194040762 0.875 14149
1672194055129 0.875 14199
1672194069577 0.625 14249
1672194083804 0.75 14299
1672194108364 0.71875 14349
1672194122852 0.90625 14399
1672194137053 0.875 14449
1672194151289 0.8125 14499
1672194175880 0.6875 14549
1672194190073 0.84375 14599
1672194204425 0.6875 14649
1672194218620 0.8125 14699
1672194232800 0.84375 14749
1672194257819 0.84375 14799
1672194272243 0.8125 14849
1672194286509 0.71875 14899
1672194300753 0.84375 14949
1672194325526 0.9375 14999
1672194339680 0.84375 15049
1672194353826 0.71875 15099
1672194368303 0.90625 15149
1672194392929 0.65625 15199
1672194407181 0.6875 15249
1672194421433 0.65625 15299
1672194435722 0.8125 15349
1672194450014 0.71875 15399
1672194474523 0.71875 15449
1672194488893 0.8125 15499
1672194503260 0.875 15549
1672194517627 0.875 15599
1672194542272 0.6875 15649
1672194556455 0.8125 15699
1672194570641 0.8125 15749
1672194584817 0.84375 15799
1672194609195 0.9375 15849
1672194623621 0.78125 15899
1672194637971 0.8125 15949
1672194652359 0.78125 15999
1672194666756 0.71875 16049
1672194691906 0.875 16099
1672194706076 0.875 16149
1672194720280 0.78125 16199
1672194734451 0.78125 16249
1672194759312 0.78125 16299
1672194773566 0.78125 16349
1672194787945 0.84375 16399
1672194802269 0.8125 16449
1672194827044 0.78125 16499
1672194841199 0.90625 16549
1672194855324 0.8125 16599
1672194869467 0.875 16649
1672194883586 0.6875 16699
1672194908531 0.875 16749
1672194922823 0.90625 16799
1672194937176 0.875 16849
1672194951806 0.84375 16899
1672194976279 0.875 16949
1672194990481 0.84375 16999
1672195004670 0.6875 17049
1672195018899 0.78125 17099
1672195043825 0.8125 17149
1672195058038 0.78125 17199
1672195072245 0.875 17249
1672195086625 0.8125 17299
1672195100955 0.78125 17349
1672195125443 0.78125 17399
1672195139740 0.8125 17449
1672195154029 0.78125 17499
1672195168619 0.9375 17549
1672195193310 0.96875 17599
1672195207497 0.75 17649
1672195221668 0.875 17699
1672195236026 0.8125 17749
1672195260554 0.90625 17799
1672195274806 0.875 17849
1672195289011 0.90625 17899
1672195303426 0.8125 17949
1672195317789 0.84375 17999
1672195342476 0.8125 18049
1672195356716 0.84375 18099
1672195370923 0.84375 18149
1672195385148 0.875 18199
1672195409830 0.78125 18249
1672195424298 0.78125 18299
1672195438432 0.875 18349
1672195452583 0.78125 18399
1672195477382 0.8125 18449
1672195491550 0.84375 18499
1672195505726 0.875 18549
1672195519940 0.6875 18599
1672195534095 0.84375 18649
1672195559030 0.71875 18699
1672195573430 0.875 18749
1672195587660 0.8125 18799
1672195601875 0.84375 18849
1672195626724 0.96875 18899
1672195641475 0.8125 18949
1672195655654 0.84375 18999
1672195670004 0.625 19049
1672195695011 0.8125 19099
1672195709222 0.78125 19149
1672195723593 0.75 19199
1672195737777 0.875 19249
1672195752087 0.71875 19299
1672195776741 0.78125 19349
1672195790972 0.8125 19399
1672195805333 0.90625 19449
1672195819664 0.8125 19499
1672195844331 0.65625 19549
1672195858519 0.875 19599
1672195872800 0.84375 19649
1672195887355 0.78125 19699
1672195912134 0.78125 19749
1672195926489 0.875 19799
1672195940848 0.875 19849
1672195955043 0.75 19899
1672195969237 0.84375 19949
1672195993997 0.78125 19999
1672196008195 0.78125 20049
1672196022528 0.90625 20099
1672196036703 0.75 20149
1672196061563 0.78125 20199
1672196075782 0.75 20249
1672196090004 0.875 20299
1672196104385 0.9375 20349
1672196128909 0.75 20399
1672196143059 0.84375 20449
1672196157343 0.6875 20499
1672196171628 0.8125 20549
1672196185915 0.78125 20599
1672196211067 0.8125 20649
1672196225392 0.65625 20699
1672196239547 0.78125 20749
1672196253720 0.75 20799
1672196279223 0.71875 20849
1672196293397 0.75 20899
1672196307710 0.78125 20949
1672196322038 0.8125 20999
1672196346883 0.90625 21049
1672196361149 0.8125 21099
1672196375690 0.78125 21149
1672196389872 0.78125 21199
1672196404245 0.8125 21249
1672196429145 0.8125 21299
1672196443576 0.84375 21349
1672196458001 0.65625 21399
1672196472275 0.75 21449
1672196497153 0.65625 21499
1672196511393 0.875 21549
1672196525819 0.6875 21599
1672196540210 0.90625 21649
1672196554248 1.0 21699
1672196578934 0.875 21749
1672196593244 0.8125 21799
1672196607403 0.90625 21849
1672196621595 0.71875 21899
1672196646724 0.8125 21949
1672196661116 0.8125 21999
1672196675335 0.78125 22049
1672196689581 0.8125 22099
1672196714208 0.8125 22149
1672196728348 0.875 22199
1672196742848 0.9375 22249
1672196757010 0.78125 22299
1672196771329 0.75 22349
1672196795942 0.78125 22399
1672196810182 0.90625 22449
1672196824568 0.8125 22499
1672196838812 0.875 22549
1672196863445 0.75 22599
1672196877814 0.90625 22649
1672196892170 0.78125 22699
1672196906377 0.8125 22749
1672196931217 0.84375 22799
1672196945619 0.75 22849
1672196959862 0.75 22899
1672196974177 0.71875 22949
1672196988385 0.84375 22999
1672197013077 0.875 23049
1672197027609 0.8125 23099
1672197041841 0.8125 23149
1672197056108 0.84375 23199
1672197080610 0.84375 23249
1672197094945 0.625 23299
1672197109164 0.78125 23349
1672197123373 0.9375 23399
1672197148267 0.8125 23449
1672197162444 0.8125 23499
1672197176792 0.65625 23549
1672197190980 0.75 23599
1672197205170 0.8125 23649
1672197229715 0.84375 23699
1672197244001 0.84375 23749
1672197258375 0.71875 23799
1672197272918 0.84375 23849
1672197297745 0.9375 23899
1672197311968 0.875 23949
1672197326142 0.90625 23999
1672197340301 0.84375 24049
1672197364861 0.875 24099
1672197379072 0.90625 24149
1672197393454 0.78125 24199
1672197408047 0.9375 24249
1672197422262 0.84375 24299
1672197446776 0.875 24349
1672197461005 0.875 24399
1672197475230 0.84375 24449
1672197489491 0.78125 24499
1672197514263 0.8125 24549
1672197528665 0.875 24599
1672197542884 0.75 24649
1672197557198 0.78125 24699
1672197582149 0.78125 24749
1672197596350 0.875 24799
1672197610593 0.8125 24849
1672197624940 0.75 24899
1672197639181 0.90625 24949
1672197663915 0.8125 24999
1672197678263 0.96875 25049
1672197692479 0.78125 25099
1672197706696 0.6875 25149
1672197731481 0.625 25199
1672197746032 0.90625 25249
1672197760280 0.84375 25299
1672197774503 0.84375 25349
1672197799274 0.875 25399
1672197813510 0.75 25449
1672197827813 0.84375 25499
1672197842072 0.875 25549
1672197856247 0.875 25599
1672197881163 0.96875 25649
1672197895450 0.90625 25699
1672197909960 0.8125 25749
1672197924132 0.84375 25799
1672197948790 0.84375 25849
1672197963022 0.75 25899
1672197977262 0.71875 25949
1672197991635 0.875 25999
1672198016341 0.8125 26049
1672198030908 0.75 26099
1672198045179 0.84375 26149
1672198059452 0.75 26199
1672198073719 0.78125 26249
1672198098384 0.75 26299
1672198112601 0.90625 26349
1672198127016 0.75 26399
1672198141257 0.875 26449
1672198166470 0.78125 26499
1672198180687 0.90625 26549
1672198195076 0.8125 26599
1672198209288 0.78125 26649
1672198233826 0.8125 26699
1672198248061 0.90625 26749
1672198262445 0.8125 26799
1672198276649 0.84375 26849
1672198291143 0.8125 26899
1672198315753 0.75 26949
1672198330053 0.8125 26999
1672198344262 0.71875 27049
1672198358411 0.875 27099
1672198383048 0.90625 27149
1672198397361 0.8125 27199
1672198411548 0.84375 27249
1672198426022 0.71875 27299
1672198450971 0.875 27349
1672198465306 0.8125 27399
1672198479546 0.8125 27449
1672198493807 0.90625 27499
1672198508044 0.6875 27549
1672198533047 0.8125 27599
1672198547327 0.78125 27649
1672198561873 0.84375 27699
1672198576114 0.71875 27749
1672198600961 0.78125 27799
1672198615365 0.75 27849
1672198629677 0.84375 27899
1672198644143 0.71875 27949
1672198669365 0.96875 27999
1672198683966 0.75 28049
1672198698569 0.875 28099
1672198713168 0.96875 28149
1672198727629 0.84375 28199
1672198752597 0.8125 28249
1672198766985 0.8125 28299
1672198781428 0.875 28349
1672198795823 0.875 28399
1672198820699 0.875 28449
1672198835304 0.875 28499
1672198849870 0.8125 28549
1672198864434 0.84375 28599
1672198889473 0.90625 28649
1672198903891 0.90625 28699
1672198918398 0.78125 28749
1672198932960 0.71875 28799
1672198947397 0.8125 28849
1672198972703 0.84375 28899
1672198987028 0.875 28949
1672199001575 0.875 28999
1672199016039 0.875 29049
1672199040952 0.8125 29099
1672199055376 0.78125 29149
1672199069815 0.75 29199
1672199084255 0.65625 29249
1672199109386 0.84375 29299
1672199123965 0.78125 29349
1672199138735 0.9375 29399
1672199153161 0.84375 29449
1672199167542 0.84375 29499
1672199192586 0.75 29549
1672199206941 0.84375 29599
1672199221485 0.8125 29649
1672199235860 0.875 29699
1672199261344 0.78125 29749
1672199275937 0.71875 29799
1672199290339 0.84375 29849
1672199304731 0.78125 29899
1672199329839 0.875 29949
1672199344219 0.78125 29999
1672199358785 0.9375 30049
1672199373098 0.875 30099
1672199387558 0.75 30149
1672199412860 0.625 30199
1672199427208 0.71875 30249
1672199441530 0.90625 30299
1672199455858 0.78125 30349
1672199481081 0.875 30399
1672199495511 0.875 30449
1672199509948 0.75 30499
1672199524553 0.8125 30549
1672199549823 0.875 30599
1672199564258 0.71875 30649
1672199578712 0.9375 30699
1672199593115 0.8125 30749
1672199607494 0.84375 30799
1672199632712 0.78125 30849
1672199647160 0.78125 30899
1672199661813 0.8125 30949
1672199676215 0.875 30999
1672199701447 0.90625 31049
1672199715784 0.9375 31099
1672199730143 0.71875 31149
1672199744533 0.65625 31199
1672199769641 0.96875 31249
1672199784490 0.84375 31299
1672199798971 0.84375 31349
1672199813447 0.75 31399
1672199828092 0.65625 31449
1672199852783 0.71875 31499
1672199867428 0.6875 31549
1672199881865 0.78125 31599
1672199896275 0.9375 31649
1672199921585 0.9375 31699
1672199935954 0.6875 31749
1672199950703 0.875 31799
1672199965059 0.78125 31849
1672199990061 0.84375 31899
1672200004539 0.71875 31949
1672200019035 0.9375 31999
1672200033657 0.84375 32049
1672200048113 0.8125 32099
1672200073318 0.75 32149
1672200087851 0.84375 32199
1672200102322 0.90625 32249
1672200116917 0.90625 32299
1672200141979 0.875 32349
1672200156585 0.8125 32399
1672200171065 0.78125 32449
1672200185610 0.78125 32499
1672200200071 0.875 32549
