1672189378444 0.571074903011322 216
1672189450270 0.5854294896125793 433
1672189522496 0.5860831141471863 650
1672189594511 0.5977386832237244 867
1672189666197 0.5974869132041931 1084
1672189737978 0.585939884185791 1301
1672189809591 0.5797742605209351 1518
1672189882277 0.5753701329231262 1735
1672189961371 0.5885604619979858 1952
1672190036025 0.5941660404205322 2169
1672190108644 0.5881667733192444 2386
1672190182063 0.6028653383255005 2603
1672190256842 0.6023232340812683 2820
1672190330071 0.5995031595230103 3037
1672190402943 0.6002862453460693 3254
1672190475806 0.6093311309814453 3471
1672190549557 0.6033691167831421 3688
1672190622667 0.6089568138122559 3905
1672190695145 0.6193172931671143 4122
1672190767390 0.620484471321106 4339
1672190839490 0.6244370937347412 4556
1672190911847 0.6231709122657776 4773
1672190984127 0.6179383993148804 4990
1672191056379 0.6251693367958069 5207
1672191128739 0.616516649723053 5424
1672191201058 0.6237145066261292 5641
1672191273334 0.6215441823005676 5858
1672191345510 0.6263583898544312 6075
1672191417810 0.6347413063049316 6292
1672191490551 0.629713773727417 6509
1672191563413 0.6406756639480591 6726
1672191637028 0.6268510818481445 6943
1672191711019 0.637846052646637 7160
1672191783838 0.6268084645271301 7377
1672191855378 0.6263198256492615 7594
1672191927430 0.6323671936988831 7811
1672191999394 0.6324029564857483 8028
1672192071507 0.632191002368927 8245
1672192143133 0.6316803693771362 8462
1672192215841 0.6369157433509827 8679
1672192287810 0.6247866153717041 8896
1672192360024 0.6222047209739685 9113
1672192432162 0.6285989284515381 9330
1672192504890 0.6328227519989014 9547
1672192577314 0.6237488389015198 9764
1672192650092 0.6420561671257019 9981
1672192722551 0.63298100233078 10198
1672192794836 0.6371676325798035 10415
1672192867299 0.6213611960411072 10632
1672192939886 0.6348665952682495 10849
1672193012300 0.6334750652313232 11066
1672193084453 0.6245443820953369 11283
1672193156987 0.6388247013092041 11500
1672193229511 0.6278722286224365 11717
1672193301994 0.6287242770195007 11934
1672193374431 0.6241934895515442 12151
1672193447244 0.6320285797119141 12368
1672193519681 0.6399546265602112 12585
1672193592113 0.6304335594177246 12802
1672193664559 0.6248993873596191 13019
1672193737251 0.6460322141647339 13236
1672193809671 0.6305587887763977 13453
1672193882209 0.6411492228507996 13670
1672193954698 0.6326974630355835 13887
1672194027227 0.6361299157142639 14104
1672194099719 0.6347605586051941 14321
1672194172028 0.6441646218299866 14538
1672194244466 0.6261133551597595 14755
1672194316895 0.6396587491035461 14972
1672194389400 0.6326355338096619 15189
1672194461601 0.6380952000617981 15406
1672194534249 0.644007682800293 15623
1672194605927 0.6387076377868652 15840
1672194679119 0.628629207611084 16057
1672194751478 0.6294811964035034 16274
1672194824040 0.6292429566383362 16491
1672194896001 0.6360859870910645 16708
1672194968734 0.641723096370697 16925
1672195040994 0.6371152997016907 17142
1672195113371 0.6430732011795044 17359
1672195185928 0.6441136598587036 17576
1672195258147 0.6287558078765869 17793
1672195330682 0.6444426774978638 18010
1672195402918 0.6401624083518982 18227
1672195475269 0.641021192073822 18444
1672195547213 0.6358464956283569 18661
1672195619868 0.6478007435798645 18878
1672195693171 0.6377099752426147 19095
1672195765543 0.6386182308197021 19312
1672195837920 0.6398265957832336 19529
1672195910427 0.6631212830543518 19746
1672195983080 0.637096107006073 19963
1672196055458 0.6530387997627258 20180
1672196127696 0.647405743598938 20397
1672196200412 0.6303771138191223 20614
1672196273358 0.6331530213356018 20831
1672196345907 0.6539154052734375 21048
1672196418753 0.6330030560493469 21265
1672196491515 0.6555793881416321 21482
1672196564026 0.6326562166213989 21699
1672196636432 0.6586733460426331 21916
1672196708922 0.6435782313346863 22133
1672196781238 0.6397647261619568 22350
1672196853675 0.6397577524185181 22567
1672196926264 0.6520960927009583 22784
1672196998533 0.6452242732048035 23001
1672197071115 0.6502946019172668 23218
1672197143610 0.6419763565063477 23435
1672197215591 0.6511698365211487 23652
1672197288568 0.6542911529541016 23869
1672197360457 0.6495375633239746 24086
1672197432932 0.6324965357780457 24303
1672197505280 0.6581557989120483 24520
1672197578011 0.6410157084465027 24737
1672197650266 0.6482948064804077 24954
1672197722839 0.6387889385223389 25171
1672197795484 0.6447591781616211 25388
1672197867655 0.6494880318641663 25605
1672197940410 0.642759382724762 25822
1672198012637 0.6465373039245605 26039
1672198085449 0.6407789587974548 26256
1672198158409 0.6540819406509399 26473
1672198230592 0.6430855393409729 26690
1672198302986 0.6569006443023682 26907
1672198375312 0.6482053399085999 27124
1672198447806 0.6375819444656372 27341
1672198520500 0.6347054243087769 27558
1672198593297 0.6426382660865784 27775
1672198666629 0.6496243476867676 27992
1672198740389 0.6380732655525208 28209
1672198813351 0.6433497667312622 28426
1672198887028 0.6475998163223267 28643
1672198960646 0.6429961323738098 28860
1672199033896 0.6530002355575562 29077
1672199107190 0.6450591683387756 29294
1672199180921 0.6470161080360413 29511
1672199254384 0.6505793929100037 29728
1672199327901 0.6540186405181885 29945
1672199401350 0.6555395126342773 30162
1672199474397 0.6380829811096191 30379
1672199548245 0.6495210528373718 30596
1672199621547 0.6427608728408813 30813
1672199695106 0.6364684700965881 31030
1672199768318 0.6460059881210327 31247
1672199841980 0.6578901410102844 31464
1672199915675 0.64668869972229 31681
1672199989003 0.6502256393432617 31898
1672200062770 0.6379109025001526 32115
1672200136373 0.650178849697113 32332
1672200209949 0.6466432809829712 32549
