1672189321564 1.9404032527191637 49
1672189335692 1.9512574156976723 99
1672189349961 1.7404480246853011 149
1672189364228 1.5514090868287214 199
1672189388852 1.6575049551887377 249
1672189402922 1.57775351323759 299
1672189417037 2.39592312097923 349
1672189431162 1.7505583509681684 399
1672189455454 1.7438390871171443 449
1672189469628 1.8250297466223784 499
1672189483816 1.7018035469279371 549
1672189498138 1.6567311911264766 599
1672189512597 1.9417714233735406 649
1672189537155 1.6519745849022283 699
1672189551356 1.7822754880330844 749
1672189565597 1.9969902699250217 799
1672189579791 1.635300039224013 849
1672189604249 2.0416365466992445 899
1672189618510 2.01284016541401 949
1672189632897 1.7353197478192726 999
1672189647016 2.13511494523547 1049
1672189671259 2.0193363534508664 1099
1672189685446 1.3865661008374262 1149
1672189699632 2.1340190821920118 1199
1672189713812 1.8025880922045507 1249
1672189727994 1.5109928310997651 1299
1672189752543 1.4980387091443308 1349
1672189766699 2.1572402378244795 1399
1672189780813 2.303800114368154 1449
1672189794918 2.0429331217897064 1499
1672189819078 1.7639470372085304 1549
1672189833275 2.2476749822896847 1599
1672189847460 1.9944853866504098 1649
1672189861830 1.766668270834523 1699
1672189887047 2.0454359584114385 1749
1672189901172 2.0675086671432306 1799
1672189915329 1.40198898941235 1849
1672189929445 2.2793569307938775 1899
1672189943766 2.000477558968382 1949
1672189975570 1.921088285569426 1999
1672189989751 1.5487290228244825 2049
1672190004059 1.6621155719301757 2099
1672190018403 1.888922346927362 2149
1672190045218 1.6993622802913884 2199
1672190059435 2.164620805523362 2249
1672190073555 1.816985066831122 2299
1672190088043 1.8422344866650666 2349
1672190113065 2.2098338262327712 2399
1672190127311 2.2400066477855756 2449
1672190141643 1.9190008095122102 2499
1672190156008 1.5206002594592098 2549
1672190170248 1.7418721253303773 2599
1672190195776 1.5231680971869213 2649
1672190210122 1.6034603434462356 2699
1672190224385 1.5775167525731213 2749
1672190238750 2.1016399836623654 2799
1672190265887 1.9434901561034108 2849
1672190280137 2.0131342058245774 2899
1672190294610 1.6628909512058736 2949
1672190308802 2.3607997499845172 2999
1672190334191 2.2031485600920644 3049
1672190348554 1.9698772635520512 3099
1672190362737 1.6905581354431238 3149
1672190377120 1.9837561685852296 3199
1672190391306 1.4673758663836098 3249
1672190416481 1.5505796195548416 3299
1672190430946 2.279496370429549 3349
1672190445244 1.6253504758248347 3399
1672190459728 1.673677036826635 3449
1672190484554 1.6086418415693446 3499
1672190498986 1.8341396833615051 3549
1672190513264 2.0384587366148046 3599
1672190527544 1.7328293507916603 3649
1672190553519 1.4114737489261195 3699
1672190567931 2.002194954352633 3749
1672190582193 2.0552607601360124 3799
1672190596587 1.565580521834371 3849
1672190610971 1.939636602795298 3899
1672190635863 2.1095839006596475 3949
1672190650231 1.7030474715158106 3999
1672190664423 1.9131291439504006 4049
1672190678614 2.192150516566041 4099
1672190703565 1.8806016875150462 4149
1672190717871 1.9126545074450152 4199
1672190732204 2.0905523492608724 4249
1672190746348 1.982945840723266 4299
1672190770911 1.7984954181091815 4349
1672190785272 1.8515271032858014 4399
1672190799472 2.1368067841951417 4449
1672190813729 1.8473523597449124 4499
1672190827945 2.1774865284890916 4549
1672190852565 1.5317911677260403 4599
1672190866934 1.9801663941190304 4649
1672190881118 2.341132767672686 4699
1672190895434 1.5647968651536337 4749
1672190920183 1.7343453948848118 4799
1672190934414 1.6160515289059227 4849
1672190948665 2.0898090637534374 4899
1672190962898 2.286303182210568 4949
1672190987410 1.9016758743154771 4999
1672191001912 1.495018614043465 5049
1672191016093 1.7349643418523573 5099
1672191030290 2.0385030450781776 5149
1672191044627 2.034176902090251 5199
1672191069044 1.7184921097501575 5249
1672191083283 1.8510998991697336 5299
1672191097736 2.221354248826946 5349
1672191112183 1.816182094095852 5399
1672191136581 1.7474418126947562 5449
1672191150847 1.5794664733353256 5499
1672191165368 1.5007729611927625 5549
1672191179642 1.9196787232213808 5599
1672191204210 1.8510079661083918 5649
1672191218426 1.6604735199752982 5699
1672191232648 1.8334314518706274 5749
1672191247000 1.8116321141778862 5799
1672191261203 1.7709784059047138 5849
1672191285665 1.7579285327703043 5899
1672191299852 1.557590586724992 5949
1672191314442 2.278757734695612 5999
1672191328625 1.8735257885494372 6049
1672191353072 1.6914719505560285 6099
1672191367277 1.890337805050983 6149
1672191381496 1.4310373343813056 6199
1672191395851 1.6179657938037348 6249
1672191420570 2.097328777376404 6299
1672191434801 1.6871223385207628 6349
1672191449011 2.1900180274595353 6399
1672191463409 1.7986309173823987 6449
1672191477642 2.0304531260879473 6499
1672191502680 2.1228608606687467 6549
1672191516965 1.6438276431558443 6599
1672191531507 1.518649720735842 6649
1672191545747 2.0411587768056227 6699
1672191570674 1.7651849691282513 6749
1672191584860 1.9026732797820096 6799
1672191599162 1.7664401306891113 6849
1672191613369 2.008398288761745 6899
1672191639439 1.6702515195040737 6949
1672191653924 1.7573761554300211 6999
1672191668289 2.2628229504612705 7049
1672191682491 1.3938992901122664 7099
1672191696735 1.3743099952218478 7149
1672191722998 1.68618965707 7199
1672191737367 2.0125637384325956 7249
1672191751534 1.7410154192953606 7299
1672191765866 1.8210185193226618 7349
1672191790733 1.9814489484570772 7399
1672191804934 2.3211021599366495 7449
1672191819152 1.7567075481557826 7499
1672191833387 1.7386475351291217 7549
1672191857675 1.8796536297211155 7599
1672191871992 1.696150866365804 7649
1672191886159 1.9214058272165562 7699
1672191900414 1.7204998128072764 7749
1672191914770 1.839184615618142 7799
1672191938922 1.6518524825451748 7849
1672191953112 1.9378109567662605 7899
1672191967369 1.5894886689253445 7949
1672191981761 1.742661363590838 7999
1672192006114 1.6727099870029067 8049
1672192020429 1.392724480385748 8099
1672192034929 2.074392266588837 8149
1672192049385 1.5459571039007656 8199
1672192073388 1.87246187108545 8249
1672192087574 1.7668812756026107 8299
1672192101803 1.6571318573398786 8349
1672192116023 2.0106464052928343 8399
1672192130247 1.9064194595972523 8449
1672192154573 1.3971109217557303 8499
1672192169041 1.5338491148863285 8549
1672192183394 1.63424690116349 8599
1672192197627 1.9986451847337539 8649
1672192222223 1.6796077733281343 8699
1672192236415 1.3360820149212855 8749
1672192250642 1.8139043070719865 8799
1672192264849 1.5501330641060787 8849
1672192289339 1.8608730799298194 8899
1672192303793 1.9901829741306118 8949
1672192318144 1.6684555240937118 8999
1672192332330 2.158525326751432 9049
1672192346509 1.8392215561090532 9099
1672192370955 1.9360469105541953 9149
1672192385217 1.8372892456657044 9199
1672192399553 1.902571383324104 9249
1672192413788 1.3392876765111885 9299
1672192438472 2.0430663138897804 9349
1672192452751 1.7964235796499062 9399
1672192467339 1.5964749291541482 9449
1672192481607 1.657520394156009 9499
1672192506193 1.7762495140431183 9549
1672192520435 2.079975198657129 9599
1672192534735 2.123594623060725 9649
1672192549120 1.4000356682965345 9699
1672192563565 1.3978988381693074 9749
1672192588091 1.6687087360422104 9799
1672192602456 1.912949955198696 9849
1672192616793 1.8046004963600555 9899
1672192631391 1.5114309906820016 9949
1672192655917 1.824849988632795 9999
1672192670317 2.051840817962903 10049
1672192684707 1.72481364546288 10099
1672192698967 1.8123068176661712 10149
1672192723748 1.8052050645569897 10199
1672192738091 1.8806062783153972 10249
1672192752339 1.6062008824807588 10299
1672192766501 1.6512161012915048 10349
1672192780700 1.5207084784617686 10399
1672192805179 2.047830594212292 10449
1672192819408 1.8245011065929022 10499
1672192833782 1.6942947536197792 10549
1672192847991 1.8666271508073145 10599
1672192872819 1.4394889576792451 10649
1672192887086 1.7723016467006847 10699
1672192901393 2.154364685561074 10749
1672192915778 2.081370128620894 10799
1672192930053 2.207353883905619 10849
1672192954870 1.8321515972532392 10899
1672192969070 1.751930921430681 10949
1672192983438 1.562353072373698 10999
1672192997705 1.8406694636811696 11049
1672193022390 2.128609230452665 11099
1672193036678 1.5822191250964885 11149
1672193050849 1.9343423053130404 11199
1672193064994 2.1178511051434232 11249
1672193089680 1.9646441289525876 11299
1672193103908 1.9037896931837823 11349
1672193118328 2.0110530262293738 11399
1672193132568 1.7294875283485398 11449
1672193146998 1.7406005701376852 11499
1672193171807 1.6910249691641706 11549
1672193186015 1.6262735705997307 11599
1672193200422 1.3529146467579947 11649
1672193214680 1.963724236871716 11699
1672193239338 1.2930482543383475 11749
1672193253495 1.4370156996145524 11799
1672193267776 1.697874265383097 11849
1672193282099 1.709988428442136 11899
1672193307195 2.2925500962192102 11949
1672193321401 1.8049139404854917 11999
1672193335620 1.9068874873897814 12049
1672193350008 2.088199375566755 12099
1672193364267 2.1174944901197286 12149
1672193388844 1.9398295595063382 12199
1672193403260 1.97883603083736 12249
1672193417515 1.8044458119840314 12299
1672193432083 2.0247933500595705 12349
1672193456844 1.9203948929773196 12399
1672193471279 1.5321165749977563 12449
1672193485450 1.5983020818920157 12499
1672193499655 1.4118081143896688 12549
1672193524291 1.5067461065848438 12599
1672193538539 1.7541796633316435 12649
1672193552898 1.5916430270561004 12699
1672193567273 2.2098466967610984 12749
1672193581509 1.9324449258751495 12799
1672193606233 1.5410324203307753 12849
1672193620518 1.8052476046283006 12899
1672193634787 1.7754459497504216 12949
1672193649210 1.6878929355365235 12999
1672193673717 1.8516134444052486 13049
1672193688238 2.0584378271802932 13099
1672193702512 2.303963874388864 13149
1672193716735 1.5138685360093789 13199
1672193741639 1.4553687384215068 13249
1672193755876 1.5432932797441175 13299
1672193770083 1.5902621281363623 13349
1672193784435 1.7905068899332393 13399
1672193798668 1.6226027508947942 13449
1672193823714 2.321335864477767 13499
1672193837901 1.579074266281546 13549
1672193852223 1.722177648229761 13599
1672193866388 1.7750061543917144 13649
1672193891293 1.8034665777091594 13699
1672193905562 1.741832187823424 13749
1672193919967 1.638717250693415 13799
1672193934342 2.1707417784284444 13849
1672193958808 1.2811453295862298 13899
1672193973207 1.5061720262287703 13949
1672193987457 1.9788054352237265 13999
1672194001885 1.8592608412064862 14049
1672194016156 1.6889543443739208 14099
1672194040762 1.6021976615507152 14149
1672194055129 1.483517615124112 14199
1672194069577 1.9735514883742513 14249
1672194083804 1.7127552617085704 14299
1672194108364 1.6519177061344388 14349
1672194122852 1.9245772260318947 14399
1672194137053 1.7372642818220707 14449
1672194151289 1.6925640322585531 14499
1672194175880 1.9581572735126058 14549
1672194190073 2.132630421905326 14599
1672194204425 2.1122826357540645 14649
1672194218620 1.7080613653276449 14699
1672194232800 1.5466613339890571 14749
1672194257819 1.874575114687897 14799
1672194272243 2.039354238765995 14849
1672194286509 1.9386833133335772 14899
1672194300753 1.3869578381373548 14949
1672194325526 1.9895265768541386 14999
1672194339680 1.5548335937545987 15049
1672194353826 1.415992921065536 15099
1672194368303 1.7777231684985448 15149
1672194392929 2.1141620360177837 15199
1672194407181 1.6637574400005024 15249
1672194421433 1.594092330576639 15299
1672194435722 2.055655351429401 15349
1672194450014 1.847227275780958 15399
1672194474523 2.048308074548371 15449
1672194488893 1.6489124306684404 15499
1672194503260 1.6440058071587278 15549
1672194517627 1.8710463569342242 15599
1672194542272 2.3279286038757974 15649
1672194556455 1.9862967529388693 15699
1672194570641 1.7143830900378703 15749
1672194584817 1.8749437640170385 15799
1672194609195 1.2852192149651118 15849
1672194623621 1.6710956867326088 15899
1672194637971 1.5787587783756987 15949
1672194652359 1.745974756113844 15999
1672194666756 1.7672519455242646 16049
1672194691906 2.0977695657081163 16099
1672194706076 1.3934398492184603 16149
1672194720280 1.6447748992536289 16199
1672194734451 1.6631718255161079 16249
1672194759312 1.6241961108744416 16299
1672194773566 1.797827343716958 16349
1672194787945 1.9610945850185164 16399
1672194802269 2.268072022262762 16449
1672194827044 1.7766865567804142 16499
1672194841199 1.6332698347580115 16549
1672194855324 1.9556653550865821 16599
1672194869467 1.5298231821763844 16649
1672194883586 1.8853600458890496 16699
1672194908531 1.8576732800442737 16749
1672194922823 1.4347306220096971 16799
1672194937176 1.7514275008253901 16849
1672194951806 1.8121156111107215 16899
1672194976279 1.3742571321287587 16949
1672194990481 1.74264643916815 16999
1672195004670 2.2076350104667064 17049
1672195018899 1.604363098663962 17099
1672195043825 1.8550147593721085 17149
1672195058038 1.796422781343096 17199
1672195072245 1.4554538821877785 17249
1672195086625 1.6359035750353885 17299
1672195100955 2.1320467762094797 17349
1672195125443 1.6405221520708255 17399
1672195139740 2.1415359984178814 17449
1672195154029 1.5714927651925379 17499
1672195168619 1.7123510228343126 17549
1672195193310 1.8401722819311765 17599
1672195207497 1.7083306837916719 17649
1672195221668 1.560724376523357 17699
1672195236026 2.098334765277607 17749
1672195260554 1.8549347301610135 17799
1672195274806 1.8191752740444662 17849
1672195289011 1.7778101979275989 17899
1672195303426 1.626467372195726 17949
1672195317789 1.6959432070802898 17999
1672195342476 1.685017234624557 18049
1672195356716 1.4237464091348 18099
1672195370923 2.071183351281322 18149
1672195385148 2.1174618700106196 18199
1672195409830 1.7960894888531485 18249
1672195424298 2.062023281072967 18299
1672195438432 1.5170278874432255 18349
1672195452583 1.8226314895980038 18399
1672195477382 2.049017217744915 18449
1672195491550 1.6081360555311233 18499
1672195505726 1.3208987985481342 18549
1672195519940 1.9984527341299376 18599
1672195534095 2.028192735864451 18649
1672195559030 1.9995886130202907 18699
1672195573430 1.3530822866037728 18749
1672195587660 1.5639225127034777 18799
1672195601875 2.150845640034042 18849
1672195626724 1.8359186168756365 18899
1672195641475 1.5787298521257247 18949
1672195655654 2.2166891360431142 18999
1672195670004 2.0212903915919016 19049
1672195695011 1.544827169590554 19099
1672195709222 2.021230351084481 19149
1672195723593 1.5532918893142984 19199
1672195737777 2.5059377204621525 19249
1672195752087 1.8027488139516379 19299
1672195776741 2.059623660108792 19349
1672195790972 1.7576901765702557 19399
1672195805333 1.2268282572060634 19449
1672195819664 1.5968063064792934 19499
1672195844331 2.1673029500993657 19549
1672195858519 1.5784557529237235 19599
1672195872800 1.6005380321798186 19649
1672195887355 1.6859087863240811 19699
1672195912134 2.257502368572845 19749
1672195926489 1.7902340676223156 19799
1672195940848 1.7085706893958292 19849
1672195955043 1.750404753055193 19899
1672195969237 1.583525990442273 19949
1672195993997 1.6223427148450085 19999
1672196008195 1.760413364229029 20049
1672196022528 1.6619721259723592 20099
1672196036703 1.5969839112816955 20149
1672196061563 1.7792863738297562 20199
1672196075782 1.8795674795631356 20249
1672196090004 1.7516020997465052 20299
1672196104385 1.4190773323662875 20349
1672196128909 1.4876920004915175 20399
1672196143059 1.7276686334328728 20449
1672196157343 1.8384669210537758 20499
1672196171628 1.7566886307340261 20549
1672196185915 2.0190345605809816 20599
1672196211067 2.0296770638192694 20649
1672196225392 2.0330772721431583 20699
1672196239547 1.4365129744753 20749
1672196253720 1.7166629945600291 20799
1672196279223 1.663016655304657 20849
1672196293397 1.7492983653714291 20899
1672196307710 1.9206700861487547 20949
1672196322038 1.962468650370064 20999
1672196346883 1.9005656823771007 21049
1672196361149 1.933589964891106 21099
1672196375690 1.6597433958269912 21149
1672196389872 1.9283705357098662 21199
1672196404245 1.6265911760431402 21249
1672196429145 1.7776443700140838 21299
1672196443576 1.4616850641303685 21349
1672196458001 1.8626047826519785 21399
1672196472275 1.9027072731444992 21449
1672196497153 1.7264068511996995 21499
1672196511393 1.6221514710948943 21549
1672196525819 1.7930422931211498 21599
1672196540210 1.3515353035726099 21649
1672196554248 0.7109967752690529 21699
1672196578934 1.5202318116511684 21749
1672196593244 1.727880024455724 21799
1672196607403 1.7817563076916758 21849
1672196621595 1.8708243992015356 21899
1672196646724 1.8470730450708683 21949
1672196661116 1.6271486611082824 21999
1672196675335 1.739298082225906 22049
1672196689581 1.7367588353182952 22099
1672196714208 1.6141494235083067 22149
1672196728348 1.4866851755674486 22199
1672196742848 1.1649468857666063 22249
1672196757010 1.8761748371249594 22299
1672196771329 1.7538596482064124 22349
1672196795942 2.1682478039799675 22399
1672196810182 1.7568807941166513 22449
1672196824568 1.274122609353996 22499
1672196838812 1.4894344177227905 22549
1672196863445 1.9629299143927779 22599
1672196877814 1.8357130613896788 22649
1672196892170 1.739876415004455 22699
1672196906377 1.698603130234624 22749
1672196931217 1.4454354824228401 22799
1672196945619 1.7818263594097625 22849
1672196959862 1.401292345928948 22899
1672196974177 1.6858247733506413 22949
1672196988385 1.5709971540853205 22999
1672197013077 1.9179378882823395 23049
1672197027609 1.7739612380504846 23099
1672197041841 1.7129700170808564 23149
1672197056108 1.5894978575614662 23199
1672197080610 1.9888857014509795 23249
1672197094945 1.897967538751547 23299
1672197109164 1.7713812935837612 23349
1672197123373 1.7069912179348283 23399
1672197148267 1.4348847621007357 23449
1672197162444 1.4868627052787144 23499
1672197176792 2.0065581567771305 23549
1672197190980 1.69213177153821 23599
1672197205170 1.781177689046958 23649
1672197229715 1.850253216956624 23699
1672197244001 1.9195241953563746 23749
1672197258375 1.7377770195670643 23799
1672197272918 1.6430778985527708 23849
1672197297745 1.4725701866432448 23899
1672197311968 1.7889575758759402 23949
1672197326142 1.8998776936656936 23999
1672197340301 1.8270572584373677 24049
1672197364861 2.392534280871674 24099
1672197379072 1.8467145684025148 24149
1672197393454 1.6535423389429935 24199
1672197408047 1.2650062319295698 24249
1672197422262 1.299217716204044 24299
1672197446776 1.5200437261688005 24349
1672197461005 1.6590088414761026 24399
1672197475230 1.4971643144557991 24449
1672197489491 1.725289002597369 24499
1672197514263 1.9453469180117255 24549
1672197528665 1.5517712574122628 24599
1672197542884 1.8565326841562921 24649
1672197557198 1.5552092285374193 24699
1672197582149 1.578392227284814 24749
1672197596350 1.5088928859152952 24799
1672197610593 1.956038067100281 24849
1672197624940 2.0829638579437146 24899
1672197639181 1.7431289823224014 24949
1672197663915 1.8102986912042691 24999
1672197678263 1.564159025510699 25049
1672197692479 2.0027694855950915 25099
1672197706696 1.833984228591586 25149
1672197731481 1.9790136886439238 25199
1672197746032 1.4873221630269655 25249
1672197760280 1.5180240647471028 25299
1672197774503 1.8357358721781876 25349
1672197799274 1.8206561578324063 25399
1672197813510 1.872612027839172 25449
1672197827813 1.455282667780711 25499
1672197842072 1.8111850380648487 25549
1672197856247 1.841767243487079 25599
1672197881163 1.580921760767229 25649
1672197895450 1.2531600420533868 25699
1672197909960 1.9819379091223852 25749
1672197924132 1.5138770001522341 25799
1672197948790 1.508874201379186 25849
1672197963022 1.5804689814436041 25899
1672197977262 2.07892122668173 25949
1672197991635 1.4935674859816515 25999
1672198016341 1.6643715551678417 26049
1672198030908 1.6234711257501147 26099
1672198045179 1.5854835693394262 26149
1672198059452 1.5290829082160242 26199
1672198073719 1.654509024521369 26249
1672198098384 1.8442892825126143 26299
1672198112601 1.9119408068367778 26349
1672198127016 1.9437329838329227 26399
1672198141257 1.580535266016331 26449
1672198166470 1.6380823429910003 26499
1672198180687 1.2617184118164395 26549
1672198195076 1.8471671729480676 26599
1672198209288 1.7804882748841222 26649
1672198233826 1.8618484306811802 26699
1672198248061 1.6086577932529222 26749
1672198262445 1.7199592288536367 26799
1672198276649 1.8361431761130143 26849
1672198291143 1.9007733143559897 26899
1672198315753 1.749866347754911 26949
1672198330053 1.8410785345388918 26999
1672198344262 1.9143990361314729 27049
1672198358411 1.8383147053386366 27099
1672198383048 1.9366622512426659 27149
1672198397361 1.6355566372565642 27199
1672198411548 1.264181416562993 27249
1672198426022 2.0220378846464584 27299
1672198450971 1.8179786479550262 27349
1672198465306 1.6248965452198745 27399
1672198479546 1.9763109264951628 27449
1672198493807 1.6911630877011823 27499
1672198508044 1.8282723523455084 27549
1672198533047 1.6012436432536585 27599
1672198547327 1.3175302949237284 27649
1672198561873 1.7100501417510614 27699
1672198576114 2.0267384315652652 27749
1672198600961 1.7399356322287443 27799
1672198615365 1.5227256443422734 27849
1672198629677 2.3038292198086383 27899
1672198644143 1.5740891469980531 27949
1672198669365 1.422390936892389 27999
1672198683966 1.8023545247183919 28049
1672198698569 1.9572254745979425 28099
1672198713168 2.0663988228800196 28149
1672198727629 1.857104333374434 28199
1672198752597 1.448289129745373 28249
1672198766985 1.6590825164641299 28299
1672198781428 1.4346440299368939 28349
1672198795823 1.6593494863357419 28399
1672198820699 1.6188642129919963 28449
1672198835304 1.3941164208911194 28499
1672198849870 1.539087640628859 28549
1672198864434 1.4789302587687985 28599
1672198889473 2.3271743741765887 28649
1672198903891 1.8710106177477897 28699
1672198918398 1.7685347028336589 28749
1672198932960 1.4817499183368683 28799
1672198947397 1.6569716569334807 28849
1672198972703 1.6135719391816363 28899
1672198987028 1.5252664417113224 28949
1672199001575 1.4967155180217226 28999
1672199016039 1.8872307423832835 29049
1672199040952 1.4992600201360398 29099
1672199055376 1.7513701860792485 29149
1672199069815 1.8122043675111152 29199
1672199084255 1.7721971776374783 29249
1672199109386 1.3958502705210947 29299
1672199123965 1.6801429184196093 29349
1672199138735 1.278344836435592 29399
1672199153161 1.5610394440635922 29449
1672199167542 1.4143384275113795 29499
1672199192586 1.8801826198405722 29549
1672199206941 1.6746453523709357 29599
1672199221485 2.1887463003292216 29649
1672199235860 1.9391988713297823 29699
1672199261344 1.7157815572102293 29749
1672199275937 1.9696229727235086 29799
1672199290339 1.7277921768709334 29849
1672199304731 1.7219329507644157 29899
1672199329839 1.303282133203247 29949
1672199344219 1.4753374856561614 29999
1672199358785 1.2534484497538019 30049
1672199373098 1.7187088203020373 30099
1672199387558 2.011808155998607 30149
1672199412860 2.4619689610002076 30199
1672199427208 1.654671913329591 30249
1672199441530 1.7334069549828026 30299
1672199455858 1.793976364193886 30349
1672199481081 1.8268066862146193 30399
1672199495511 1.20187880397325 30449
1672199509948 1.8768313038680038 30499
1672199524553 1.9474049696934879 30549
1672199549823 1.2298506096322923 30599
1672199564258 1.9485018412709454 30649
1672199578712 2.002529483341358 30699
1672199593115 2.0060933841486523 30749
1672199607494 1.512288500651322 30799
1672199632712 1.4887477957488575 30849
1672199647160 1.8220511281885696 30899
1672199661813 1.5514972561414944 30949
1672199676215 1.530923035343621 30999
1672199701447 1.5737039547806373 31049
1672199715784 1.8897802044489531 31099
1672199730143 1.6929716592652473 31149
1672199744533 1.7703966282222912 31199
1672199769641 1.1367558408863487 31249
1672199784490 1.6880683947765447 31299
1672199798971 1.5048912216071282 31349
1672199813447 1.9268429004913823 31399
1672199828092 1.5822000042408548 31449
1672199852783 1.6094083089283089 31499
1672199867428 2.1348344881647052 31549
1672199881865 2.0190478771662956 31599
1672199896275 1.3997422600549738 31649
1672199921585 1.6472704293624263 31699
1672199935954 1.7829740456967145 31749
1672199950703 1.280700859431352 31799
1672199965059 2.328824067171511 31849
1672199990061 1.6885063358052013 31899
1672200004539 1.7395686983870906 31949
1672200019035 1.4802109250611493 31999
1672200033657 1.7940887345162653 32049
1672200048113 2.1099050121345915 32099
1672200073318 2.0802064072502002 32149
1672200087851 1.892245619250844 32199
1672200102322 1.619268855124876 32249
1672200116917 1.3681352228173802 32299
1672200141979 1.52259872784869 32349
1672200156585 2.059711866745891 32399
1672200171065 1.8564572095762184 32449
1672200185610 1.657320030190138 32499
1672200200071 1.4088233997190884 32549
