1672189378444 0.7569062113761902 216
1672189450270 0.7761849761009216 433
1672189522496 0.7817809581756592 650
1672189594511 0.775799572467804 867
1672189666197 0.7801157236099243 1084
1672189737978 0.7727746367454529 1301
1672189809591 0.7641619443893433 1518
1672189882277 0.7530636191368103 1735
1672189961371 0.771384596824646 1952
1672190036025 0.7746821641921997 2169
1672190108644 0.770085334777832 2386
1672190182063 0.7802891135215759 2603
1672190256842 0.7677815556526184 2820
1672190330071 0.7734875082969666 3037
1672190402943 0.7604212164878845 3254
1672190475806 0.7750757932662964 3471
1672190549557 0.7579576969146729 3688
1672190622667 0.7658478021621704 3905
1672190695145 0.7669447064399719 4122
1672190767390 0.7785301804542542 4339
1672190839490 0.7743160724639893 4556
1672190911847 0.7867438793182373 4773
1672190984127 0.7591384649276733 4990
1672191056379 0.7734972834587097 5207
1672191128739 0.7638234496116638 5424
1672191201058 0.7740077972412109 5641
1672191273334 0.7709606885910034 5858
1672191345510 0.7597825527191162 6075
1672191417810 0.7775889039039612 6292
1672191490551 0.763352632522583 6509
1672191563413 0.7729865908622742 6726
1672191637028 0.7522295713424683 6943
1672191711019 0.7731214761734009 7160
1672191783838 0.7702010273933411 7377
1672191855378 0.7707323431968689 7594
1672191927430 0.7583430409431458 7811
1672191999394 0.7613102197647095 8028
1672192071507 0.7669750452041626 8245
1672192143133 0.7508065700531006 8462
1672192215841 0.7655739784240723 8679
1672192287810 0.7550662159919739 8896
1672192360024 0.7454996109008789 9113
1672192432162 0.7572255730628967 9330
1672192504890 0.7556372284889221 9547
1672192577314 0.7505574226379395 9764
1672192650092 0.7694151997566223 9981
1672192722551 0.7575998902320862 10198
1672192794836 0.748802661895752 10415
1672192867299 0.7454335689544678 10632
1672192939886 0.763889491558075 10849
1672193012300 0.7515993118286133 11066
1672193084453 0.7438205480575562 11283
1672193156987 0.7542775273323059 11500
1672193229511 0.7470424175262451 11717
1672193301994 0.7506372928619385 11934
1672193374431 0.7527745962142944 12151
1672193447244 0.7485742568969727 12368
1672193519681 0.7530787587165833 12585
1672193592113 0.7497302889823914 12802
1672193664559 0.7409717440605164 13019
1672193737251 0.7672061920166016 13236
1672193809671 0.7550070285797119 13453
1672193882209 0.7625791430473328 13670
1672193954698 0.7471703886985779 13887
1672194027227 0.7474648356437683 14104
1672194099719 0.7513102293014526 14321
1672194172028 0.757522702217102 14538
1672194244466 0.7453469634056091 14755
1672194316895 0.759671151638031 14972
1672194389400 0.7478035092353821 15189
1672194461601 0.7574264407157898 15406
1672194534249 0.7431599497795105 15623
1672194605927 0.7550619840621948 15840
1672194679119 0.7440159916877747 16057
1672194751478 0.7395349144935608 16274
1672194824040 0.7441771030426025 16491
1672194896001 0.7522833347320557 16708
1672194968734 0.7511162757873535 16925
1672195040994 0.7458903789520264 17142
1672195113371 0.7464905381202698 17359
1672195185928 0.7486898303031921 17576
1672195258147 0.7373603582382202 17793
1672195330682 0.7578531503677368 18010
1672195402918 0.753022313117981 18227
1672195475269 0.7577649354934692 18444
1672195547213 0.7429865598678589 18661
1672195619868 0.7551087737083435 18878
1672195693171 0.7632205486297607 19095
1672195765543 0.7484365701675415 19312
1672195837920 0.7398101091384888 19529
1672195910427 0.7722130417823792 19746
1672195983080 0.7469172477722168 19963
1672196055458 0.759053111076355 20180
1672196127696 0.7561451196670532 20397
1672196200412 0.7498624324798584 20614
1672196273358 0.7425352334976196 20831
1672196345907 0.7555878758430481 21048
1672196418753 0.7274373769760132 21265
1672196491515 0.7515992522239685 21482
1672196564026 0.7424828410148621 21699
1672196636432 0.7572778463363647 21916
1672196708922 0.75809246301651 22133
1672196781238 0.7541027665138245 22350
1672196853675 0.7465648055076599 22567
1672196926264 0.7586870789527893 22784
1672196998533 0.7506468892097473 23001
1672197071115 0.7593806982040405 23218
1672197143610 0.7442775368690491 23435
1672197215591 0.742630124092102 23652
1672197288568 0.767244815826416 23869
1672197360457 0.7520095109939575 24086
1672197432932 0.7431874871253967 24303
1672197505280 0.7549875974655151 24520
1672197578011 0.7450936436653137 24737
1672197650266 0.7542527318000793 24954
1672197722839 0.7533718943595886 25171
1672197795484 0.7493379712104797 25388
1672197867655 0.7550908327102661 25605
1672197940410 0.7501060366630554 25822
1672198012637 0.755857527256012 26039
1672198085449 0.7437242269515991 26256
1672198158409 0.7495734095573425 26473
1672198230592 0.7446821928024292 26690
1672198302986 0.7572241425514221 26907
1672198375312 0.7587476968765259 27124
1672198447806 0.7431764602661133 27341
1672198520500 0.7424278259277344 27558
1672198593297 0.7556043267250061 27775
1672198666629 0.7509248852729797 27992
1672198740389 0.7359346151351929 28209
1672198813351 0.7527745962142944 28426
1672198887028 0.751984715461731 28643
1672198960646 0.75251305103302 28860
1672199033896 0.7544509172439575 29077
1672199107190 0.7513955235481262 29294
1672199180921 0.7497439980506897 29511
1672199254384 0.7540243268013 29728
1672199327901 0.7609249353408813 29945
1672199401350 0.760543704032898 30162
1672199474397 0.744778573513031 30379
1672199548245 0.7525819540023804 30596
1672199621547 0.7469942569732666 30813
1672199695106 0.7404348850250244 31030
1672199768318 0.744874894618988 31247
1672199841980 0.7611230611801147 31464
1672199915675 0.7557032704353333 31681
1672199989003 0.7497743368148804 31898
1672200062770 0.7413749694824219 32115
1672200136373 0.7459923624992371 32332
1672200209949 0.7506220936775208 32549
