1672189321564 0.6833333373069763 49
1672189335692 0.5833333730697632 99
1672189349961 0.60317462682724 149
1672189364228 0.6309524178504944 199
1672189388852 0.75 249
1672189402922 0.6166666746139526 299
1672189417037 0.7416666746139526 349
1672189431162 0.375 399
1672189455454 0.5833333730697632 449
1672189469628 0.797619104385376 499
1672189483816 0.6138889193534851 549
1672189498138 0.5166666507720947 599
1672189512597 0.6166666746139526 649
1672189537155 0.5476190447807312 699
1672189551356 0.763888955116272 749
1672189565597 0.550000011920929 799
1672189579791 0.32499998807907104 849
1672189604249 0.6666666865348816 899
1672189618510 0.5763888955116272 949
1672189632897 0.5833333730697632 999
1672189647016 0.699999988079071 1049
1672189671259 0.7152777910232544 1099
1672189685446 0.6166666746139526 1149
1672189699632 0.6785714626312256 1199
1672189713812 0.6041666865348816 1249
1672189727994 0.6666666865348816 1299
1672189752543 0.9375 1349
1672189766699 0.6970238089561462 1399
1672189780813 0.6375000476837158 1449
1672189794918 0.6415584683418274 1499
1672189819078 0.7559524178504944 1549
1672189833275 0.6746032238006592 1599
1672189847460 0.7392857074737549 1649
1672189861830 0.2666666805744171 1699
1672189887047 0.4833333492279053 1749
1672189901172 0.6583333611488342 1799
1672189915329 0.7678571343421936 1849
1672189929445 0.7749999761581421 1899
1672189943766 0.7833333015441895 1949
1672189975570 0.7059524059295654 1999
1672189989751 0.7470238208770752 2049
1672190004059 0.6388888955116272 2099
1672190018403 0.7559523582458496 2149
1672190045218 0.6916666626930237 2199
1672190059435 0.6428571939468384 2249
1672190073555 0.511904776096344 2299
1672190088043 0.7083333730697632 2349
1672190113065 0.5892857313156128 2399
1672190127311 0.8809524178504944 2449
1672190141643 0.8388888835906982 2499
1672190156008 0.6333333849906921 2549
1672190170248 0.49642854928970337 2599
1672190195776 0.44999998807907104 2649
1672190210122 0.5178571343421936 2699
1672190224385 0.6625000238418579 2749
1672190238750 0.6597222089767456 2799
1672190265887 0.6578283309936523 2849
1672190280137 0.3392857313156128 2899
1672190294610 0.6097222566604614 2949
1672190308802 0.773809552192688 2999
1672190334191 0.6934524178504944 3049
1672190348554 0.5874999761581421 3099
1672190362737 0.7124999761581421 3149
1672190377120 0.6875 3199
1672190391306 0.625 3249
1672190416481 0.5892857313156128 3299
1672190430946 0.6761904954910278 3349
1672190445244 0.5249999761581421 3399
1672190459728 0.2916666865348816 3449
1672190484554 0.8785714507102966 3499
1672190498986 0.8666666746139526 3549
1672190513264 0.6416666507720947 3599
1672190527544 0.8785714507102966 3649
1672190553519 0.20000000298023224 3699
1672190567931 0.6666666865348816 3749
1672190582193 0.8928571939468384 3799
1672190596587 0.3888888955116272 3849
1672190610971 0.7000000476837158 3899
1672190635863 0.5357142686843872 3949
1672190650231 0.7208333015441895 3999
1672190664423 0.6000000238418579 4049
1672190678614 0.5267857313156128 4099
1672190703565 0.615079402923584 4149
1672190717871 0.6208333373069763 4199
1672190732204 0.7651515603065491 4249
1672190746348 0.7939394116401672 4299
1672190770911 0.7666666507720947 4349
1672190785272 0.949999988079071 4399
1672190799472 0.5571428537368774 4449
1672190813729 0.6763889789581299 4499
1672190827945 0.6476190686225891 4549
1672190852565 0.7000000476837158 4599
1672190866934 0.769444465637207 4649
1672190881118 0.7142857313156128 4699
1672190895434 0.5 4749
1672190920183 0.6000000238418579 4799
1672190934414 0.5928571224212646 4849
1672190948665 0.6857143044471741 4899
1672190962898 0.6388888955116272 4949
1672190987410 0.6875 4999
1672191001912 0.5809524059295654 5049
1672191016093 0.5476190447807312 5099
1672191030290 0.7833333611488342 5149
1672191044627 0.5833333730697632 5199
1672191069044 0.7666666507720947 5249
1672191083283 0.7416666746139526 5299
1672191097736 0.7510822415351868 5349
1672191112183 0.5166667103767395 5399
1672191136581 0.5095238089561462 5449
1672191150847 0.7833333611488342 5499
1672191165368 0.887499988079071 5549
1672191179642 0.5 5599
1672191204210 0.49761903285980225 5649
1672191218426 0.6666666865348816 5699
1672191232648 0.6650793552398682 5749
1672191247000 0.8017857074737549 5799
1672191261203 0.7285714149475098 5849
1672191285665 0.8041666746139526 5899
1672191299852 0.8666666746139526 5949
1672191314442 0.773809552192688 5999
1672191328625 0.523809552192688 6049
1672191353072 0.3125 6099
1672191367277 0.4791666865348816 6149
1672191381496 0.36666667461395264 6199
1672191395851 0.7763888835906982 6249
1672191420570 0.7420635223388672 6299
1672191434801 0.5892857313156128 6349
1672191449011 0.5821428894996643 6399
1672191463409 0.4583333432674408 6449
1672191477642 0.7916666865348816 6499
1672191502680 0.8666666746139526 6549
1672191516965 0.7555555701255798 6599
1672191531507 0.5375000238418579 6649
1672191545747 0.6071428656578064 6699
1672191570674 0.8597221970558167 6749
1672191584860 0.6309523582458496 6799
1672191599162 0.6416666507720947 6849
1672191613369 0.908730149269104 6899
1672191639439 0.7083333730697632 6949
1672191653924 0.3928571343421936 6999
1672191668289 0.6595238447189331 7049
1672191682491 0.5 7099
1672191696735 0.875 7149
1672191722998 0.5833333730697632 7199
1672191737367 0.6553571224212646 7249
1672191751534 0.625 7299
1672191765866 0.7892857193946838 7349
1672191790733 0.7189393639564514 7399
1672191804934 0.6458333730697632 7449
1672191819152 0.3541666865348816 7499
1672191833387 0.49166667461395264 7549
1672191857675 0.5142857432365417 7599
1672191871992 0.7833333611488342 7649
1672191886159 0.6726190447807312 7699
1672191900414 0.2916666865348816 7749
1672191914770 0.5357142686843872 7799
1672191938922 0.4333333373069763 7849
1672191953112 0.7022727727890015 7899
1672191967369 0.5684524178504944 7949
1672191981761 0.6666666269302368 7999
1672192006114 0.7847222089767456 8049
1672192020429 0.5809524059295654 8099
1672192034929 0.7416666746139526 8149
1672192049385 0.824999988079071 8199
1672192073388 0.5083333253860474 8249
1672192087574 0.7559524178504944 8299
1672192101803 0.8166666626930237 8349
1672192116023 0.4642857313156128 8399
1672192130247 0.5040404200553894 8449
1672192154573 0.6833333373069763 8499
1672192169041 0.6041666865348816 8549
1672192183394 0.7222222685813904 8599
1672192197627 0.7916666865348816 8649
1672192222223 0.8333333730697632 8699
1672192236415 0.1428571492433548 8749
1672192250642 0.5345238447189331 8799
1672192264849 0.8809524178504944 8849
1672192289339 0.737500011920929 8899
1672192303793 0.49761903285980225 8949
1672192318144 0.2857142686843872 8999
1672192332330 0.7410714626312256 9049
1672192346509 0.6701298952102661 9099
1672192370955 0.9142857193946838 9149
1672192385217 0.8660714626312256 9199
1672192399553 0.8184523582458496 9249
1672192413788 0.4888888895511627 9299
1672192438472 0.7416666746139526 9349
1672192452751 0.7976190447807312 9399
1672192467339 0.7000000476837158 9449
1672192481607 0.8785714507102966 9499
1672192506193 0.8055555820465088 9549
1672192520435 0.7083333730697632 9599
1672192534735 0.6517857313156128 9649
1672192549120 0.6499999761581421 9699
1672192563565 0.6166666746139526 9749
1672192588091 0.49166667461395264 9799
1672192602456 0.7638888955116272 9849
1672192616793 0.8875000476837158 9899
1672192631391 0.7559524178504944 9949
1672192655917 0.7833333611488342 9999
1672192670317 0.5833333730697632 10049
1672192684707 0.888888955116272 10099
1672192698967 0.6916666626930237 10149
1672192723748 0.8642857074737549 10199
1672192738091 0.5892857313156128 10249
1672192752339 0.5416666865348816 10299
1672192766501 0.6142857074737549 10349
1672192780700 0.4166666865348816 10399
1672192805179 0.7684524059295654 10449
1672192819408 0.8472222089767456 10499
1672192833782 0.550000011920929 10549
1672192847991 0.5333333015441895 10599
1672192872819 0.7559523582458496 10649
1672192887086 0.7708333730697632 10699
1672192901393 0.6814394593238831 10749
1672192915778 0.6666666865348816 10799
1672192930053 0.5 10849
1672192954870 0.5666666626930237 10899
1672192969070 0.5095238089561462 10949
1672192983438 0.4166666865348816 10999
1672192997705 0.6458333730697632 11049
1672193022390 0.6666666865348816 11099
1672193036678 0.5970238447189331 11149
1672193050849 0.7708333730697632 11199
1672193064994 0.7291666865348816 11249
1672193089680 0.7333333492279053 11299
1672193103908 0.4583333730697632 11349
1672193118328 0.7083333730697632 11399
1672193132568 0.7071428298950195 11449
1672193146998 0.6309524178504944 11499
1672193171807 0.699999988079071 11549
1672193186015 0.75 11599
1672193200422 0.4809523820877075 11649
1672193214680 0.8439394235610962 11699
1672193239338 0.4583333730697632 11749
1672193253495 0.4166666865348816 11799
1672193267776 0.7142857313156128 11849
1672193282099 0.6541666984558105 11899
1672193307195 0.6583333611488342 11949
1672193321401 0.5359848737716675 11999
1672193335620 0.7095238566398621 12049
1672193350008 0.797619104385376 12099
1672193364267 0.6071428656578064 12149
1672193388844 0.7142857313156128 12199
1672193403260 0.6365079283714294 12249
1672193417515 0.6309524178504944 12299
1672193432083 0.4226190447807312 12349
1672193456844 0.7651515603065491 12399
1672193471279 0.8999999761581421 12449
1672193485450 0.6916666626930237 12499
1672193499655 0.4333333373069763 12549
1672193524291 0.6309524178504944 12599
1672193538539 0.6666666865348816 12649
1672193552898 0.8333333730697632 12699
1672193567273 0.8517857193946838 12749
1672193581509 0.7666667103767395 12799
1672193606233 0.949999988079071 12849
1672193620518 0.7142857313156128 12899
1672193634787 0.5392857193946838 12949
1672193649210 0.2916666865348816 12999
1672193673717 0.8333333730697632 13049
1672193688238 0.7192460894584656 13099
1672193702512 0.6642857193946838 13149
1672193716735 0.8309524059295654 13199
1672193741639 0.8333333730697632 13249
1672193755876 0.5178571343421936 13299
1672193770083 0.5059523582458496 13349
1672193784435 0.6166666746139526 13399
1672193798668 0.2678571343421936 13449
1672193823714 0.8068181872367859 13499
1672193837901 0.75 13549
1672193852223 0.8452380895614624 13599
1672193866388 0.7803571224212646 13649
1672193891293 0.6666666865348816 13699
1672193905562 0.699999988079071 13749
1672193919967 0.6041666865348816 13799
1672193934342 0.8031746745109558 13849
1672193958808 0.8333333730697632 13899
1672193973207 0.4809523820877075 13949
1672193987457 0.6904762387275696 13999
1672194001885 0.49810606241226196 14049
1672194016156 0.4571428596973419 14099
1672194040762 0.6017857193946838 14149
1672194055129 0.6428571343421936 14199
1672194069577 0.380952388048172 14249
1672194083804 0.5333333611488342 14299
1672194108364 0.5 14349
1672194122852 0.908730149269104 14399
1672194137053 0.6875 14449
1672194151289 0.7397727370262146 14499
1672194175880 0.3958333134651184 14549
1672194190073 0.761904776096344 14599
1672194204425 0.6666666865348816 14649
1672194218620 0.6666666865348816 14699
1672194232800 0.8041666746139526 14749
1672194257819 0.7916666865348816 14799
1672194272243 0.75 14849
1672194286509 0.5833333730697632 14899
1672194300753 0.7392857074737549 14949
1672194325526 0.625 14999
1672194339680 0.7250000238418579 15049
1672194353826 0.48750001192092896 15099
1672194368303 0.7000000476837158 15149
1672194392929 0.4642857015132904 15199
1672194407181 0.4928571283817291 15249
1672194421433 0.4166666865348816 15299
1672194435722 0.6916667222976685 15349
1672194450014 0.5625 15399
1672194474523 0.4333333373069763 15449
1672194488893 0.747619092464447 15499
1672194503260 0.699999988079071 15549
1672194517627 0.8304473757743835 15599
1672194542272 0.512499988079071 15649
1672194556455 0.8166667222976685 15699
1672194570641 0.8041666746139526 15749
1672194584817 0.7698413133621216 15799
1672194609195 0.6666666865348816 15849
1672194623621 0.6166666746139526 15899
1672194637971 0.5178571343421936 15949
1672194652359 0.5178571343421936 15999
1672194666756 0.4861111044883728 16049
1672194691906 0.638888955116272 16099
1672194706076 0.44999998807907104 16149
1672194720280 0.6970238089561462 16199
1672194734451 0.4900793731212616 16249
1672194759312 0.5357142686843872 16299
1672194773566 0.4166666865348816 16349
1672194787945 0.7817460298538208 16399
1672194802269 0.6529914736747742 16449
1672194827044 0.6499999761581421 16499
1672194841199 0.625 16549
1672194855324 0.7803571224212646 16599
1672194869467 0.8035714626312256 16649
1672194883586 0.2928571403026581 16699
1672194908531 0.6865079402923584 16749
1672194922823 0.574999988079071 16799
1672194937176 0.8095238208770752 16849
1672194951806 0.762499988079071 16899
1672194976279 0.8055555820465088 16949
1672194990481 0.6666666865348816 16999
1672195004670 0.6095238327980042 17049
1672195018899 0.6499999761581421 17099
1672195043825 0.7833333611488342 17149
1672195058038 0.4583333730697632 17199
1672195072245 0.6642857193946838 17249
1672195086625 0.4791666865348816 17299
1672195100955 0.5249999761581421 17349
1672195125443 0.6952381134033203 17399
1672195139740 0.75 17449
1672195154029 0.7333333492279053 17499
1672195168619 0.699999988079071 17549
1672195193310 0.949999988079071 17599
1672195207497 0.5555555820465088 17649
1672195221668 0.75 17699
1672195236026 0.8071428537368774 17749
1672195260554 0.85317462682724 17799
1672195274806 0.8740079402923584 17849
1672195289011 0.8809524178504944 17899
1672195303426 0.4166666865348816 17949
1672195317789 0.512499988079071 17999
1672195342476 0.6000000238418579 18049
1672195356716 0.7785714268684387 18099
1672195370923 0.7892857193946838 18149
1672195385148 0.8865079283714294 18199
1672195409830 0.6666666865348816 18249
1672195424298 0.7041667103767395 18299
1672195438432 0.5 18349
1672195452583 0.4791666865348816 18399
1672195477382 0.5928571224212646 18449
1672195491550 0.7416666746139526 18499
1672195505726 0.75 18549
1672195519940 0.6059523820877075 18599
1672195534095 0.7666667103767395 18649
1672195559030 0.6345238089561462 18699
1672195573430 0.8095238208770752 18749
1672195587660 0.7749999761581421 18799
1672195601875 0.8309524059295654 18849
1672195626724 0.9166666865348816 18899
1672195641475 0.5222222805023193 18949
1672195655654 0.8557692170143127 18999
1672195670004 0.3693181872367859 19049
1672195695011 0.5666666626930237 19099
1672195709222 0.5809524059295654 19149
1672195723593 0.5222222805023193 19199
1672195737777 0.894444465637207 19249
1672195752087 0.38749998807907104 19299
1672195776741 0.7678571343421936 19349
1672195790972 0.7559524178504944 19399
1672195805333 0.8055555820465088 19449
1672195819664 0.7541666626930237 19499
1672195844331 0.6047619581222534 19549
1672195858519 0.8660714626312256 19599
1672195872800 0.638888955116272 19649
1672195887355 0.5166667103767395 19699
1672195912134 0.6722222566604614 19749
1672195926489 0.8517857193946838 19799
1672195940848 0.5833333730697632 19849
1672195955043 0.6984848976135254 19899
1672195969237 0.7555555701255798 19949
1672195993997 0.5541666746139526 19999
1672196008195 0.7420635223388672 20049
1672196022528 0.8666666746139526 20099
1672196036703 0.5625 20149
1672196061563 0.7351190447807312 20199
1672196075782 0.5595238208770752 20249
1672196090004 0.8142857551574707 20299
1672196104385 0.875 20349
1672196128909 0.625 20399
1672196143059 0.7666667103767395 20449
1672196157343 0.512499988079071 20499
1672196171628 0.560606062412262 20549
1672196185915 0.5833333730697632 20599
1672196211067 0.7095238566398621 20649
1672196225392 0.6101190447807312 20699
1672196239547 0.46785712242126465 20749
1672196253720 0.49166667461395264 20799
1672196279223 0.4913420081138611 20849
1672196293397 0.5416666865348816 20899
1672196307710 0.7000000476837158 20949
1672196322038 0.7510822415351868 20999
1672196346883 0.8309524059295654 21049
1672196361149 0.7684524059295654 21099
1672196375690 0.762499988079071 21149
1672196389872 0.6499999761581421 21199
1672196404245 0.5178571343421936 21249
1672196429145 0.7803571224212646 21299
1672196443576 0.615079402923584 21349
1672196458001 0.38333335518836975 21399
1672196472275 0.5 21449
1672196497153 0.5833333730697632 21499
1672196511393 0.6041666865348816 21549
1672196525819 0.5761904716491699 21599
1672196540210 0.8928571343421936 21649
1672196554248 0.0 21699
1672196578934 0.797619104385376 21749
1672196593244 0.6809523701667786 21799
1672196607403 0.8392857313156128 21849
1672196621595 0.6095238327980042 21899
1672196646724 0.5472222566604614 21949
1672196661116 0.5178571343421936 21999
1672196675335 0.6309524178504944 22049
1672196689581 0.7000000476837158 22099
1672196714208 0.7142857313156128 22149
1672196728348 0.5833333730697632 22199
1672196742848 0.6666666865348816 22249
1672196757010 0.6189393997192383 22299
1672196771329 0.49166667461395264 22349
1672196795942 0.6915584802627563 22399
1672196810182 0.8309524059295654 22449
1672196824568 0.565079391002655 22499
1672196838812 0.800000011920929 22549
1672196863445 0.6833333373069763 22599
1672196877814 0.7833333611488342 22649
1672196892170 0.4928571283817291 22699
1672196906377 0.5333333015441895 22749
1672196931217 0.6057692170143127 22799
1672196945619 0.6071428656578064 22849
1672196959862 0.44999998807907104 22899
1672196974177 0.6250000596046448 22949
1672196988385 0.7250000238418579 22999
1672197013077 0.763888955116272 23049
1672197027609 0.75 23099
1672197041841 0.7095237970352173 23149
1672197056108 0.60317462682724 23199
1672197080610 0.6597222089767456 23249
1672197094945 0.1428571343421936 23299
1672197109164 0.6928571462631226 23349
1672197123373 0.699999988079071 23399
1672197148267 0.5666666626930237 23449
1672197162444 0.6809523701667786 23499
1672197176792 0.5416666865348816 23549
1672197190980 0.5809524059295654 23599
1672197205170 0.7059524059295654 23649
1672197229715 0.8392857313156128 23699
1672197244001 0.7777777910232544 23749
1672197258375 0.5916666984558105 23799
1672197272918 0.8166666626930237 23849
1672197297745 0.9365079402923584 23899
1672197311968 0.8333333730697632 23949
1672197326142 0.8809524178504944 23999
1672197340301 0.8041667342185974 24049
1672197364861 0.8184524178504944 24099
1672197379072 0.8999999761581421 24149
1672197393454 0.625 24199
1672197408047 0.8999999761581421 24249
1672197422262 0.6666666865348816 24299
1672197446776 0.6642857193946838 24349
1672197461005 0.800000011920929 24399
1672197475230 0.6166666746139526 24449
1672197489491 0.5939394235610962 24499
1672197514263 0.7416666746139526 24549
1672197528665 0.5333333611488342 24599
1672197542884 0.6178571581840515 24649
1672197557198 0.6726190447807312 24699
1672197582149 0.6166666746139526 24749
1672197596350 0.4017857313156128 24799
1672197610593 0.5666667222976685 24849
1672197624940 0.5714285969734192 24899
1672197639181 0.8541666865348816 24949
1672197663915 0.7321428656578064 24999
1672197678263 0.7142857313156128 25049
1672197692479 0.7978896498680115 25099
1672197706696 0.40952378511428833 25149
1672197731481 0.5166666507720947 25199
1672197746032 0.625 25249
1672197760280 0.7166666984558105 25299
1672197774503 0.8452381491661072 25349
1672197799274 0.7892857193946838 25399
1672197813510 0.7222222089767456 25449
1672197827813 0.7439393997192383 25499
1672197842072 0.574999988079071 25549
1672197856247 0.5952380895614624 25599
1672197881163 0.9642857313156128 25649
1672197895450 0.824999988079071 25699
1672197909960 0.6583333611488342 25749
1672197924132 0.4749999940395355 25799
1672197948790 0.6666666865348816 25849
1672197963022 0.711309552192688 25899
1672197977262 0.5392857193946838 25949
1672197991635 0.7698413133621216 25999
1672198016341 0.7142857313156128 26049
1672198030908 0.4833333492279053 26099
1672198045179 0.5416666865348816 26149
1672198059452 0.4017857313156128 26199
1672198073719 0.5142857432365417 26249
1672198098384 0.5595238208770752 26299
1672198112601 0.8642857074737549 26349
1672198127016 0.685119092464447 26399
1672198141257 0.7559524178504944 26449
1672198166470 0.523809552192688 26499
1672198180687 0.824999988079071 26549
1672198195076 0.5625 26599
1672198209288 0.648809552192688 26649
1672198233826 0.6916666626930237 26699
1672198248061 0.8106061220169067 26749
1672198262445 0.5555555820465088 26799
1672198276649 0.773809552192688 26849
1672198291143 0.7410714626312256 26899
1672198315753 0.7532467842102051 26949
1672198330053 0.3888888955116272 26999
1672198344262 0.5476190447807312 27049
1672198358411 0.699999988079071 27099
1672198383048 0.9097222089767456 27149
1672198397361 0.5166666507720947 27199
1672198411548 0.4642857313156128 27249
1672198426022 0.6059523820877075 27299
1672198450971 0.8041666746139526 27349
1672198465306 0.625 27399
1672198479546 0.7539682984352112 27449
1672198493807 0.8785714507102966 27499
1672198508044 0.637499988079071 27549
1672198533047 0.5222222805023193 27599
1672198547327 0.6041666865348816 27649
1672198561873 0.7874999642372131 27699
1672198576114 0.5166666507720947 27749
1672198600961 0.699999988079071 27799
1672198615365 0.5833333730697632 27849
1672198629677 0.7689394354820251 27899
1672198644143 0.5428571701049805 27949
1672198669365 0.699999988079071 27999
1672198683966 0.7568181753158569 28049
1672198698569 0.8035714626312256 28099
1672198713168 0.9642857313156128 28149
1672198727629 0.6916666626930237 28199
1672198752597 0.5642856955528259 28249
1672198766985 0.4166666865348816 28299
1672198781428 0.7892857193946838 28349
1672198795823 0.8041666746139526 28399
1672198820699 0.8500000238418579 28449
1672198835304 0.7833333611488342 28499
1672198849870 0.49166667461395264 28549
1672198864434 0.7615079283714294 28599
1672198889473 0.9147727489471436 28649
1672198903891 0.8388888835906982 28699
1672198918398 0.6375000476837158 28749
1672198932960 0.3095238208770752 28799
1672198947397 0.6476190686225891 28849
1672198972703 0.7142857313156128 28899
1672198987028 0.7559524178504944 28949
1672199001575 0.699999988079071 28999
1672199016039 0.8517857193946838 29049
1672199040952 0.2666666805744171 29099
1672199055376 0.5357142686843872 29149
1672199069815 0.5583333373069763 29199
1672199084255 0.5333333611488342 29249
1672199109386 0.7083333730697632 29299
1672199123965 0.5972222089767456 29349
1672199138735 0.8999999761581421 29399
1672199153161 0.7416666746139526 29449
1672199167542 0.49166667461395264 29499
1672199192586 0.648809552192688 29549
1672199206941 0.7952381372451782 29599
1672199221485 0.7952380776405334 29649
1672199235860 0.6517857313156128 29699
1672199261344 0.5642857551574707 29749
1672199275937 0.4333333373069763 29799
1672199290339 0.7291666865348816 29849
1672199304731 0.5714285373687744 29899
1672199329839 0.6666666865348816 29949
1672199344219 0.49761903285980225 29999
1672199358785 0.9365079402923584 30049
1672199373098 0.85317462682724 30099
1672199387558 0.7541666626930237 30149
1672199412860 0.5523809194564819 30199
1672199427208 0.4392857253551483 30249
1672199441530 0.8500000238418579 30299
1672199455858 0.639285683631897 30349
1672199481081 0.7916666865348816 30399
1672199495511 0.7083333730697632 30449
1672199509948 0.7416666746139526 30499
1672199524553 0.7410714626312256 30549
1672199549823 0.36666667461395264 30599
1672199564258 0.6458333730697632 30649
1672199578712 0.6642857193946838 30699
1672199593115 0.7952380776405334 30749
1672199607494 0.7261905074119568 30799
1672199632712 0.5059523582458496 30849
1672199647160 0.6041666865348816 30899
1672199661813 0.7041666507720947 30949
1672199676215 0.7892857193946838 30999
1672199701447 0.8166666626930237 31049
1672199715784 0.8666666746139526 31099
1672199730143 0.3976190686225891 31149
1672199744533 0.4791666865348816 31199
1672199769641 0.9166666865348816 31249
1672199784490 0.7666667103767395 31299
1672199798971 0.5059524178504944 31349
1672199813447 0.6527777910232544 31399
1672199828092 0.3333333432674408 31449
1672199852783 0.3916666805744171 31499
1672199867428 0.6238095760345459 31549
1672199881865 0.7142857313156128 31599
1672199896275 0.9166666865348816 31649
1672199921585 0.8666666746139526 31699
1672199935954 0.5476190447807312 31749
1672199950703 0.4166666865348816 31799
1672199965059 0.6642857789993286 31849
1672199990061 0.797619104385376 31899
1672200004539 0.3678571283817291 31949
1672200019035 0.9142857193946838 31999
1672200033657 0.6022727489471436 32049
1672200048113 0.8351647853851318 32099
1672200073318 0.7222222089767456 32149
1672200087851 0.7833333611488342 32199
1672200102322 0.8392857313156128 32249
1672200116917 0.9017857313156128 32299
1672200141979 0.7083333730697632 32349
1672200156585 0.5142857432365417 32399
1672200171065 0.5333333611488342 32449
1672200185610 0.6333333253860474 32499
1672200200071 0.25 32549
