1671604757315 0 22
1671604760190 1 22
1671604770722 1 45
1671604773893 2 45
1671604775558 2 49
1671604784357 2 68
1671604787401 3 68
1671604798116 3 91
1671604801173 4 91
1671604804114 4 99
1671604811869 4 114
1671604815001 5 114
1671604825569 5 137
1671604828705 6 137
1671604832772 6 149
1671604839442 6 160
1671604842573 7 160
1671604853370 7 183
1671604856710 8 183
1671604861935 8 199
1671604867372 8 206
1671604870443 9 206
1671604881032 9 229
1671604884283 10 229
1671604890548 10 249
1671604895126 10 252
1671604898193 11 252
1671604908741 11 275
1671604911857 12 275
1671604922432 12 298
1671604925568 13 298
1671604926472 13 299
1671604936172 13 321
1671604939281 14 321
1671604949851 14 344
1671604952973 15 344
1671604955038 15 349
1671604963800 15 367
1671604966879 16 367
1671604977600 16 390
1671604980815 17 390
1671604983986 17 399
1671604991529 17 413
1671604994608 18 413
1671605005452 18 436
1671605008551 19 436
1671605012895 19 449
1671605019376 19 459
1671605022520 20 459
1671605033418 20 482
1671605036814 21 482
1671605042228 21 499
1671605047536 21 505
1671605050657 22 505
1671605061114 22 528
1671605064150 23 528
1671605070747 23 549
1671605074880 23 551
1671605078049 24 551
1671605088472 24 574
1671605091600 25 574
1671605102184 25 597
1671605105263 26 597
1671605106565 26 599
1671605115964 26 620
1671605119022 27 620
1671605129612 27 643
1671605132713 28 643
1671605135007 28 649
1671605143438 28 666
1671605146549 29 666
1671605157209 29 689
1671605160354 30 689
1671605163950 30 699
1671605171113 30 712
1671605174141 31 712
1671605184813 31 735
1671605187941 32 735
1671605192556 32 749
1671605198653 32 758
1671605201679 33 758
1671605212282 33 781
1671605215473 34 781
1671605221274 34 799
1671605226237 34 804
1671605229306 35 804
1671605240095 35 827
1671605243184 36 827
1671605250093 36 849
1671605253988 36 850
1671605257023 37 850
1671605267663 37 873
1671605270767 38 873
1671605281327 38 896
1671605284487 39 896
1671605286026 39 899
1671605295217 39 919
1671605298303 40 919
1671605309016 40 942
1671605312304 41 942
1671605314912 41 949
1671605322995 41 965
1671605326117 42 965
1671605336787 42 988
1671605339947 43 988
1671605343841 43 999
1671605350804 43 1011
1671605353840 44 1011
1671605364641 44 1034
1671605367770 45 1034
1671605372755 45 1049
1671605378605 45 1057
1671605381589 46 1057
1671605392113 46 1080
1671605395145 47 1080
1671605401152 47 1099
1671605405804 47 1103
1671605408936 48 1103
1671605419571 48 1126
1671605422681 49 1126
1671605429586 49 1149
1671605433453 49 1149
1671605436562 50 1149
1671605447210 50 1172
1671605450287 51 1172
1671605460924 51 1195
1671605464077 52 1195
1671605465834 52 1199
1671605474652 52 1218
1671605477814 53 1218
1671605488372 53 1241
1671605491433 54 1241
1671605494440 54 1249
1671605502252 54 1264
1671605505318 55 1264
1671605516000 55 1287
1671605519036 56 1287
1671605523214 56 1299
1671605529759 56 1310
1671605532854 57 1310
1671605543553 57 1333
1671605546616 58 1333
1671605551764 58 1349
1671605557179 58 1356
1671605560315 59 1356
1671605571036 59 1379
1671605574118 60 1379
1671605580450 60 1399
1671605584869 60 1402
1671605587909 61 1402
1671605598482 61 1425
1671605601539 62 1425
1671605612241 62 1448
1671605615480 63 1448
1671605616425 63 1449
1671605626177 63 1471
1671605629341 64 1471
1671605639942 64 1494
1671605643107 65 1494
1671605645158 65 1499
1671605653924 65 1517
1671605657097 66 1517
1671605668130 66 1540
1671605671219 67 1540
1671605674468 67 1549
1671605682056 67 1563
1671605685266 68 1563
1671605695924 68 1586
1671605698982 69 1586
1671605703338 69 1599
1671605709973 69 1609
1671605713137 70 1609
1671605723818 70 1632
1671605726968 71 1632
1671605732540 71 1649
1671605737788 71 1655
1671605741165 72 1655
1671605751869 72 1678
1671605755031 73 1678
1671605761672 73 1699
1671605765766 73 1701
1671605768831 74 1701
1671605779480 74 1724
1671605782604 75 1724
1671605793331 75 1747
1671605796368 76 1747
1671605797591 76 1749
1671605807044 76 1770
1671605810221 77 1770
1671605821158 77 1793
1671605824212 78 1793
1671605826545 78 1799
1671605834836 78 1816
1671605838014 79 1816
1671605848670 79 1839
1671605851826 80 1839
1671605855342 80 1849
1671605862603 80 1862
1671605865783 81 1862
1671605876458 81 1885
1671605879615 82 1885
1671605884257 82 1899
1671605890213 82 1908
1671605893318 83 1908
1671605904008 83 1931
1671605907139 84 1931
1671605912904 84 1949
1671605917929 84 1954
1671605921066 85 1954
1671605931878 85 1977
1671605934966 86 1977
1671605941797 86 1999
1671605945735 86 2000
1671605948842 87 2000
1671605959411 87 2023
1671605962565 88 2023
1671605973397 88 2046
1671605976512 89 2046
1671605978066 89 2049
1671605987212 89 2069
1671605990400 90 2069
1671606001382 90 2092
1671606004476 91 2092
1671606007077 91 2099
1671606015003 91 2115
1671606018167 92 2115
1671606028832 92 2138
1671606031966 93 2138
1671606035754 93 2149
1671606042703 93 2161
1671606045744 94 2161
1671606056502 94 2184
1671606059617 95 2184
1671606064509 95 2199
1671606070232 95 2207
1671606073354 96 2207
1671606083975 96 2230
1671606087210 97 2230
1671606093243 97 2249
1671606097995 97 2253
1671606101265 98 2253
1671606111801 98 2276
1671606114995 99 2276
1671606121968 99 2299
1671606125654 99 2299
1671606128818 100 2299
1671606139443 100 2322
1671606142668 101 2322
1671606153528 101 2345
1671606156638 102 2345
1671606158364 102 2349
1671606167323 102 2368
1671606170430 103 2368
1671606180971 103 2391
1671606184124 104 2391
1671606187095 104 2399
1671606194773 104 2414
1671606197867 105 2414
1671606208713 105 2437
1671606211903 106 2437
1671606216037 106 2449
1671606222541 106 2460
1671606225599 107 2460
1671606236189 107 2483
1671606239246 108 2483
1671606244426 108 2499
1671606250026 108 2506
1671606253077 109 2506
1671606263671 109 2529
1671606266760 110 2529
1671606273038 110 2549
1671606277428 110 2552
1671606280513 111 2552
1671606291144 111 2575
1671606294321 112 2575
1671606304956 112 2598
1671606308101 113 2598
1671606308973 113 2599
1671606318929 113 2621
1671606322103 114 2621
1671606332795 114 2644
1671606335900 115 2644
1671606337945 115 2649
1671606346683 115 2667
1671606349827 116 2667
1671606360435 116 2690
1671606363538 117 2690
1671606366754 117 2699
1671606374394 117 2713
1671606377555 118 2713
1671606388033 118 2736
1671606391142 119 2736
1671606395601 119 2749
1671606401991 119 2759
1671606405043 120 2759
1671606415634 120 2782
1671606418782 121 2782
1671606424258 121 2799
1671606429402 121 2805
1671606432690 122 2805
1671606443497 122 2828
1671606446710 123 2828
1671606453397 123 2849
1671606457505 123 2851
1671606460720 124 2851
1671606471314 124 2874
1671606474424 125 2874
1671606485260 125 2897
1671606488328 126 2897
1671606489548 126 2899
1671606499169 126 2920
1671606502291 127 2920
1671606513020 127 2943
1671606516153 128 2943
1671606518479 128 2949
1671606526722 128 2966
1671606529804 129 2966
1671606540587 129 2989
1671606543707 130 2989
1671606547181 130 2999
1671606554315 130 3012
1671606557557 131 3012
1671606568194 131 3035
1671606571292 132 3035
1671606576023 132 3049
1671606582024 132 3058
1671606585136 133 3058
1671606595752 133 3081
1671606598825 134 3081
1671606604589 134 3099
1671606609486 134 3104
1671606612524 135 3104
1671606623153 135 3127
1671606626252 136 3127
1671606633153 136 3149
1671606636921 136 3150
1671606640027 137 3150
1671606650884 137 3173
1671606653986 138 3173
1671606664618 138 3196
1671606667773 139 3196
1671606669213 139 3199
1671606678381 139 3219
1671606681545 140 3219
1671606692256 140 3242
1671606695350 141 3242
1671606698317 141 3249
1671606706291 141 3265
1671606709395 142 3265
1671606720124 142 3288
1671606723250 143 3288
1671606727065 143 3299
1671606733961 143 3311
1671606737073 144 3311
1671606747998 144 3334
1671606751184 145 3334
1671606756116 145 3349
1671606761907 145 3357
1671606765037 146 3357
1671606775715 146 3380
1671606778883 147 3380
1671606784958 147 3399
1671606789663 147 3403
1671606792726 148 3403
1671606803360 148 3426
1671606806468 149 3426
1671606813531 149 3449
1671606817161 149 3449
1671606820080 150 3449
