1671604775558 0.84375 49
1671604804114 0.78125 99
1671604832772 0.8125 149
1671604861935 0.78125 199
1671604890548 0.8125 249
1671604926472 0.6875 299
1671604955038 0.875 349
1671604983986 0.75 399
1671605012895 0.875 449
1671605042228 0.875 499
1671605070747 0.78125 549
1671605106565 0.8125 599
1671605135007 0.8125 649
1671605163950 0.78125 699
1671605192556 0.84375 749
1671605221274 0.75 799
1671605250093 0.71875 849
1671605286026 0.84375 899
1671605314912 0.84375 949
1671605343841 0.75 999
1671605372755 0.75 1049
1671605401152 0.75 1099
1671605429586 0.75 1149
1671605465834 0.8125 1199
1671605494440 0.84375 1249
1671605523214 0.84375 1299
1671605551764 0.8125 1349
1671605580450 0.90625 1399
1671605616425 0.78125 1449
1671605645158 0.8125 1499
1671605674468 0.84375 1549
1671605703338 0.75 1599
1671605732540 0.78125 1649
1671605761672 0.875 1699
1671605797591 0.78125 1749
1671605826545 0.6875 1799
1671605855342 0.84375 1849
1671605884257 0.9375 1899
1671605912904 0.8125 1949
1671605941797 0.875 1999
1671605978066 0.78125 2049
1671606007077 0.875 2099
1671606035754 0.75 2149
1671606064509 0.90625 2199
1671606093243 0.71875 2249
1671606121968 0.75 2299
1671606158364 0.78125 2349
1671606187095 0.75 2399
1671606216037 0.71875 2449
1671606244426 0.78125 2499
1671606273038 0.75 2549
1671606308973 0.75 2599
1671606337945 0.84375 2649
1671606366754 0.65625 2699
1671606395601 0.84375 2749
1671606424258 0.84375 2799
1671606453397 0.875 2849
1671606489548 0.75 2899
1671606518479 0.8125 2949
1671606547181 0.8125 2999
1671606576023 1.0 3049
1671606604589 0.84375 3099
1671606633153 0.75 3149
1671606669213 0.90625 3199
1671606698317 0.90625 3249
1671606727065 0.8125 3299
1671606756116 0.78125 3349
1671606784958 0.84375 3399
1671606813531 0.75 3449
