1671604775558 2.0818740077371314 49
1671604804114 2.4042790112861225 99
1671604832772 2.1167352186890436 149
1671604861935 2.1988110907301177 199
1671604890548 2.564284423191491 249
1671604926472 2.1165460041002935 299
1671604955038 1.9866841567225577 349
1671604983986 2.3895819024069755 399
1671605012895 2.4270136470534873 449
1671605042228 1.6627012860654595 499
1671605070747 2.0966567945554626 549
1671605106565 2.120040857154288 599
1671605135007 2.797153694095589 649
1671605163950 2.491487808668097 699
1671605192556 1.9391691647879175 749
1671605221274 2.3542028389834004 799
1671605250093 2.1456506687666295 849
1671605286026 2.0914805766403837 899
1671605314912 1.9208068473991267 949
1671605343841 2.089197893729997 999
1671605372755 2.138184839230284 1049
1671605401152 2.3192791336120107 1099
1671605429586 1.9635614920938238 1149
1671605465834 2.1424032785359253 1199
1671605494440 2.23522446888707 1249
1671605523214 2.324516347903227 1299
1671605551764 1.9017387429049972 1349
1671605580450 2.01655033032946 1399
1671605616425 2.1385971572467786 1449
1671605645158 2.315667887344102 1499
1671605674468 2.576874943835234 1549
1671605703338 2.4354058352754704 1599
1671605732540 2.3889148943345866 1649
1671605761672 2.240756288096741 1699
1671605797591 2.2136822794021276 1749
1671605826545 1.8308152472410435 1799
1671605855342 2.0299031670464824 1849
1671605884257 2.034463084160662 1899
1671605912904 2.2600965242460678 1949
1671605941797 2.3327625978926165 1999
1671605978066 2.0561914285266885 2049
1671606007077 1.9737767182953048 2099
1671606035754 2.1797348594371826 2149
1671606064509 2.066298672624593 2199
1671606093243 2.45781854651719 2249
1671606121968 1.44101346412675 2299
1671606158364 2.515146460991738 2349
1671606187095 2.0537342721574467 2399
1671606216037 2.3567914772368614 2449
1671606244426 2.355349302697441 2499
1671606273038 2.1672315248542375 2549
1671606308973 1.8957736037293396 2599
1671606337945 1.9033691172027938 2649
1671606366754 2.33262109900014 2699
1671606395601 2.2101823975377237 2749
1671606424258 2.1814064072292925 2799
1671606453397 2.1326436009000114 2849
1671606489548 2.328274092977191 2899
1671606518479 2.4052399278594794 2949
1671606547181 2.201351611551595 2999
1671606576023 1.9701523107442538 3049
1671606604589 2.082785092300091 3099
1671606633153 2.1567499290638055 3149
1671606669213 2.239632499106282 3199
1671606698317 2.1931805069714487 3249
1671606727065 2.3649888276931423 3299
1671606756116 2.2662075741582375 3349
1671606784958 2.3101315439439487 3399
1671606813531 1.4989512094948148 3449
