1671604760190 0.7193973064422607 22
1671604773893 0.6581920981407166 45
1671604787401 0.6991525292396545 68
1671604801173 0.6977401375770569 91
1671604815001 0.7043314576148987 114
1671604828705 0.7250470519065857 137
1671604842573 0.7241054773330688 160
1671604856710 0.7382296919822693 183
1671604870443 0.7175140976905823 206
1671604884283 0.7288135886192322 229
1671604898193 0.7664783596992493 252
1671604911857 0.8258004188537598 275
1671604925568 0.7645951509475708 298
1671604939281 0.7165724635124207 321
1671604952973 0.7697740197181702 344
1671604966879 0.7278720140457153 367
1671604980815 0.6694915294647217 390
1671604994608 0.7222222089767456 413
1671605008551 0.7033898234367371 436
1671605022520 0.737758994102478 459
1671605036814 0.7641242742538452 482
1671605050657 0.7283427715301514 505
1671605064150 0.6897363066673279 528
1671605078049 0.6704331636428833 551
1671605091600 0.7236347198486328 574
1671605105263 0.7452919483184814 597
1671605119022 0.709039568901062 620
1671605132713 0.7165725231170654 643
1671605146549 0.7758945226669312 666
1671605160354 0.7095103859901428 689
1671605174141 0.7598869800567627 712
1671605187941 0.7339925169944763 735
1671605201679 0.6704331636428833 758
1671605215473 0.7113936543464661 781
1671605229306 0.7109228372573853 804
1671605243184 0.7212806344032288 827
1671605257023 0.6822034120559692 850
1671605270767 0.6789076924324036 873
1671605284487 0.6760829091072083 896
1671605298303 0.7179849147796631 919
1671605312304 0.7019773721694946 942
1671605326117 0.7193974256515503 965
1671605339947 0.6939736604690552 988
1671605353840 0.6958569288253784 1011
1671605367770 0.7212806344032288 1034
1671605381589 0.7231638431549072 1057
1671605395145 0.7452919483184814 1080
1671605408936 0.6332391500473022 1103
1671605422681 0.7245762944221497 1126
1671605436562 0.7349341511726379 1149
1671605450287 0.6822034120559692 1172
1671605464077 0.6817325949668884 1195
1671605477814 0.7132768630981445 1218
1671605491433 0.7077212333679199 1241
1671605505318 0.7113936543464661 1264
1671605519036 0.7322034239768982 1287
1671605532854 0.7405837774276733 1310
1671605546616 0.7608286738395691 1333
1671605560315 0.720809817314148 1356
1671605574118 0.7429378628730774 1379
1671605587909 0.7589454650878906 1402
1671605601539 0.7335216403007507 1425
1671605615480 0.700564980506897 1448
1671605629341 0.712805986404419 1471
1671605643107 0.7104519605636597 1494
1671605657097 0.7024482488632202 1517
1671605671219 0.7076271176338196 1540
1671605685266 0.7391713261604309 1563
1671605698982 0.6770244836807251 1586
1671605713137 0.7608285546302795 1609
1671605726968 0.6699623465538025 1632
1671605741165 0.7137476205825806 1655
1671605755031 0.7156308889389038 1678
1671605768831 0.7419962286949158 1701
1671605782604 0.702919065952301 1724
1671605796368 0.743408739566803 1747
1671605810221 0.694915235042572 1770
1671605824212 0.7645951509475708 1793
1671605838014 0.7250470519065857 1816
1671605851826 0.7297552227973938 1839
1671605865783 0.6709039807319641 1862
1671605879615 0.6996233463287354 1885
1671605893318 0.6421846151351929 1908
1671605907139 0.6803202033042908 1931
1671605921066 0.743408739566803 1954
1671605934966 0.6719397306442261 1977
1671605948842 0.7325800657272339 2000
1671605962565 0.7015066146850586 2023
1671605976512 0.712805986404419 2046
1671605990400 0.755649745464325 2069
1671606004476 0.7269303202629089 2092
1671606018167 0.6939737200737 2115
1671606031966 0.7250470519065857 2138
1671606045744 0.7419962882995605 2161
1671606059617 0.729284405708313 2184
1671606073354 0.6770244240760803 2207
1671606087210 0.7688323855400085 2230
1671606101265 0.7514124512672424 2253
1671606114995 0.7132768630981445 2276
1671606128818 0.6817325949668884 2299
1671606142668 0.7721281051635742 2322
1671606156638 0.735404908657074 2345
1671606170430 0.7052730917930603 2368
1671606184124 0.7290018200874329 2391
1671606197867 0.7184557318687439 2414
1671606211903 0.7278720140457153 2437
1671606225599 0.6986817717552185 2460
1671606239246 0.721280574798584 2483
1671606253077 0.7311676144599915 2506
1671606266760 0.7193973660469055 2529
1671606280513 0.7448211312294006 2552
1671606294321 0.6647834777832031 2575
1671606308101 0.7363464832305908 2598
1671606322103 0.6661958694458008 2621
1671606335900 0.7693032026290894 2644
1671606349827 0.6996233463287354 2667
1671606363538 0.7099811434745789 2690
1671606377555 0.6812617182731628 2713
1671606391142 0.749529242515564 2736
1671606405043 0.7645951509475708 2759
1671606418782 0.7062146663665771 2782
1671606432690 0.7405837774276733 2805
1671606446710 0.6723163723945618 2828
1671606460720 0.6647834777832031 2851
1671606474424 0.6693032383918762 2874
1671606488328 0.6902071237564087 2897
1671606502291 0.7730697393417358 2920
1671606516153 0.7311676144599915 2943
1671606529804 0.7532956600189209 2966
1671606543707 0.743879497051239 2989
1671606557557 0.7449153065681458 3012
1671606571292 0.7278720140457153 3035
1671606585136 0.7241054773330688 3058
1671606598825 0.7336158752441406 3081
1671606612524 0.7561205625534058 3104
1671606626252 0.7419962286949158 3127
1671606640027 0.700564980506897 3150
1671606653986 0.7542372941970825 3173
1671606667773 0.7250471115112305 3196
1671606681545 0.6836158037185669 3219
1671606695350 0.7278718948364258 3242
1671606709395 0.6549906134605408 3265
1671606723250 0.7143126130104065 3288
1671606737073 0.7161017060279846 3311
1671606751184 0.715160071849823 3334
1671606765037 0.7368173599243164 3357
1671606778883 0.7236346006393433 3380
1671606792726 0.7528248429298401 3403
1671606806468 0.694915235042572 3426
1671606820080 0.6854990720748901 3449
