1671604760190 0.4382297992706299 22
1671604773893 0.427871972322464 45
1671604787401 0.4379473030567169 68
1671604801173 0.4424804747104645 91
1671604815001 0.4282486140727997 114
1671604828705 0.43101966381073 137
1671604842573 0.44468653202056885 160
1671604856710 0.4354049265384674 183
1671604870443 0.4369114935398102 206
1671604884283 0.4581920802593231 229
1671604898193 0.4468926787376404 252
1671604911857 0.4602636694908142 275
1671604925568 0.4427495300769806 298
1671604939281 0.44934090971946716 321
1671604952973 0.472222238779068 344
1671604966879 0.41817328333854675 367
1671604980815 0.4137476682662964 390
1671604994608 0.4540489614009857 413
1671605008551 0.4393058717250824 436
1671605022520 0.4362523555755615 459
1671605036814 0.4460451900959015 482
1671605050657 0.4162900149822235 505
1671605064150 0.42062148451805115 528
1671605078049 0.4274953305721283 551
1671605091600 0.42331182956695557 574
1671605105263 0.4597390294075012 597
1671605119022 0.44256120920181274 620
1671605132713 0.4220338761806488 643
1671605146549 0.46911492943763733 666
1671605160354 0.45037660002708435 689
1671605174141 0.451977401971817 712
1671605187941 0.43022599816322327 735
1671605201679 0.4153887629508972 758
1671605215473 0.45489639043807983 781
1671605229306 0.4216572940349579 804
1671605243184 0.42278721928596497 827
1671605257023 0.4311676025390625 850
1671605270767 0.4271186888217926 873
1671605284487 0.4440677762031555 896
1671605298303 0.4179849624633789 919
1671605312304 0.42608287930488586 942
1671605326117 0.43282219767570496 965
1671605339947 0.41318267583847046 988
1671605353840 0.4146892726421356 1011
1671605367770 0.43072372674942017 1034
1671605381589 0.4505784213542938 1057
1671605395145 0.4646892547607422 1080
1671605408936 0.4087570607662201 1103
1671605422681 0.45885127782821655 1126
1671605436562 0.44717514514923096 1149
1671605450287 0.40894538164138794 1172
1671605464077 0.40847456455230713 1195
1671605477814 0.43512243032455444 1218
1671605491433 0.42598867416381836 1241
1671605505318 0.42514124512672424 1264
1671605519036 0.4333333671092987 1287
1671605532854 0.4456685483455658 1310
1671605546616 0.4534839689731598 1333
1671605560315 0.418173223733902 1356
1671605574118 0.44745761156082153 1379
1671605587909 0.4378530979156494 1402
1671605601539 0.4669088125228882 1425
1671605615480 0.43107345700263977 1448
1671605629341 0.4344632923603058 1471
1671605643107 0.4366289973258972 1494
1671605657097 0.41318267583847046 1517
1671605671219 0.4441888630390167 1540
1671605685266 0.42768359184265137 1563
1671605698982 0.4026365578174591 1586
1671605713137 0.46911492943763733 1609
1671605726968 0.39985203742980957 1632
1671605741165 0.42391708493232727 1655
1671605755031 0.4403013288974762 1678
1671605768831 0.4372343122959137 1701
1671605782604 0.4336158335208893 1724
1671605796368 0.4464218318462372 1747
1671605810221 0.4344632923603058 1770
1671605824212 0.4630885124206543 1793
1671605838014 0.45216572284698486 1816
1671605851826 0.4531073570251465 1839
1671605865783 0.43022599816322327 1862
1671605879615 0.45969870686531067 1885
1671605893318 0.4209039509296417 1908
1671605907139 0.45239442586898804 1931
1671605921066 0.4428436756134033 1954
1671605934966 0.4233521819114685 1977
1671605948842 0.44387951493263245 2000
1671605962565 0.41393595933914185 2023
1671605976512 0.4544256031513214 2046
1671605990400 0.42984938621520996 2069
1671606004476 0.4299435317516327 2092
1671606018167 0.44425609707832336 2115
1671606031966 0.43314504623413086 2138
1671606045744 0.44218453764915466 2161
1671606059617 0.4338041841983795 2184
1671606073354 0.4580037593841553 2207
1671606087210 0.46789076924324036 2230
1671606101265 0.4386063814163208 2253
1671606114995 0.4352569580078125 2276
1671606128818 0.4436911344528198 2299
1671606142668 0.4348399341106415 2322
1671606156638 0.4589454233646393 2345
1671606170430 0.4265536665916443 2368
1671606184124 0.4350282549858093 2391
1671606197867 0.42975518107414246 2414
1671606211903 0.4229755401611328 2437
1671606225599 0.4241054654121399 2460
1671606239246 0.448587566614151 2483
1671606253077 0.44924667477607727 2506
1671606266760 0.432956725358963 2529
1671606280513 0.4606403112411499 2552
1671606294321 0.4337099492549896 2575
1671606308101 0.4613936245441437 2598
1671606322103 0.42645949125289917 2621
1671606335900 0.4785310626029968 2644
1671606349827 0.44882968068122864 2667
1671606363538 0.4557439088821411 2690
1671606377555 0.42231637239456177 2713
1671606391142 0.44952917098999023 2736
1671606405043 0.46214690804481506 2759
1671606418782 0.4630885124206543 2782
1671606432690 0.416666716337204 2805
1671606446710 0.42768365144729614 2828
1671606460720 0.43040087819099426 2851
1671606474424 0.42316386103630066 2874
1671606488328 0.4050847589969635 2897
1671606502291 0.4564971923828125 2920
1671606516153 0.454708069562912 2943
1671606529804 0.45743879675865173 2966
1671606543707 0.44708096981048584 2989
1671606557557 0.4611111283302307 3012
1671606571292 0.43672314286231995 3035
1671606585136 0.46214690804481506 3058
1671606598825 0.4825262725353241 3081
1671606612524 0.45461389422416687 3104
1671606626252 0.46704334020614624 3127
1671606640027 0.4779661297798157 3150
1671606653986 0.4630347192287445 3173
1671606667773 0.4265536367893219 3196
1671606681545 0.44667741656303406 3219
1671606695350 0.4303739666938782 3242
1671606709395 0.43596985936164856 3265
1671606723250 0.42937853932380676 3288
1671606737073 0.4449152648448944 3311
1671606751184 0.433992475271225 3334
1671606765037 0.43173256516456604 3357
1671606778883 0.4334813058376312 3380
1671606792726 0.419114887714386 3403
1671606806468 0.4220339357852936 3426
1671606820080 0.42867904901504517 3449
