1671604760190 0.8036723136901855 22
1671604773893 0.8036723136901855 45
1671604787401 0.8036723136901855 68
1671604801173 0.8036723136901855 91
1671604815001 0.8036723136901855 114
1671604828705 0.8036723136901855 137
1671604842573 0.8036723136901855 160
1671604856710 0.8036723136901855 183
1671604870443 0.8036723136901855 206
1671604884283 0.8036723136901855 229
1671604898193 0.8036723136901855 252
1671604911857 0.8022598624229431 275
1671604925568 0.8036723136901855 298
1671604939281 0.8022598624229431 321
1671604952973 0.8036723136901855 344
1671604966879 0.8036723136901855 367
1671604980815 0.8022598624229431 390
1671604994608 0.8036723136901855 413
1671605008551 0.8036723136901855 436
1671605022520 0.8036723136901855 459
1671605036814 0.8036723136901855 482
1671605050657 0.8036723136901855 505
1671605064150 0.8036723136901855 528
1671605078049 0.8022598624229431 551
1671605091600 0.8036723136901855 574
1671605105263 0.8036723136901855 597
1671605119022 0.8036723136901855 620
1671605132713 0.8036723136901855 643
1671605146549 0.8036723136901855 666
1671605160354 0.8036723136901855 689
1671605174141 0.8036723136901855 712
1671605187941 0.8036723136901855 735
1671605201679 0.8022598624229431 758
1671605215473 0.8036723136901855 781
1671605229306 0.8036723136901855 804
1671605243184 0.8036723136901855 827
1671605257023 0.8022598624229431 850
1671605270767 0.8036723136901855 873
1671605284487 0.8036723136901855 896
1671605298303 0.8036723136901855 919
1671605312304 0.8036723136901855 942
1671605326117 0.8036723136901855 965
1671605339947 0.8036723136901855 988
1671605353840 0.8022598624229431 1011
1671605367770 0.8036723136901855 1034
1671605381589 0.8036723136901855 1057
1671605395145 0.8036723136901855 1080
1671605408936 0.8022598624229431 1103
1671605422681 0.8036723136901855 1126
1671605436562 0.8036723136901855 1149
1671605450287 0.8036723136901855 1172
1671605464077 0.8036723136901855 1195
1671605477814 0.8022598624229431 1218
1671605491433 0.8036723136901855 1241
1671605505318 0.8022598624229431 1264
1671605519036 0.8036723136901855 1287
1671605532854 0.8036723136901855 1310
1671605546616 0.8036723136901855 1333
1671605560315 0.8036723136901855 1356
1671605574118 0.8036723136901855 1379
1671605587909 0.8036723136901855 1402
1671605601539 0.8036723136901855 1425
1671605615480 0.805084764957428 1448
1671605629341 0.8036723136901855 1471
1671605643107 0.8022598624229431 1494
1671605657097 0.8036723136901855 1517
1671605671219 0.8036723136901855 1540
1671605685266 0.805084764957428 1563
1671605698982 0.8036723136901855 1586
1671605713137 0.8036723136901855 1609
1671605726968 0.8022598624229431 1632
1671605741165 0.8036723136901855 1655
1671605755031 0.8036723136901855 1678
1671605768831 0.8036723136901855 1701
1671605782604 0.8036723136901855 1724
1671605796368 0.8022598624229431 1747
1671605810221 0.8036723136901855 1770
1671605824212 0.8036723136901855 1793
1671605838014 0.8036723136901855 1816
1671605851826 0.8036723136901855 1839
1671605865783 0.8036723136901855 1862
1671605879615 0.805084764957428 1885
1671605893318 0.8036723136901855 1908
1671605907139 0.8036723136901855 1931
1671605921066 0.8036723136901855 1954
1671605934966 0.805084764957428 1977
1671605948842 0.8036723136901855 2000
1671605962565 0.8036723136901855 2023
1671605976512 0.8036723136901855 2046
1671605990400 0.8036723136901855 2069
1671606004476 0.8036723136901855 2092
1671606018167 0.8036723136901855 2115
1671606031966 0.8036723136901855 2138
1671606045744 0.8036723136901855 2161
1671606059617 0.805084764957428 2184
1671606073354 0.8036723136901855 2207
1671606087210 0.8036723136901855 2230
1671606101265 0.805084764957428 2253
1671606114995 0.805084764957428 2276
1671606128818 0.8036723136901855 2299
1671606142668 0.8036723136901855 2322
1671606156638 0.8036723136901855 2345
1671606170430 0.8036723136901855 2368
1671606184124 0.8036723136901855 2391
1671606197867 0.8036723136901855 2414
1671606211903 0.8036723136901855 2437
1671606225599 0.8022598624229431 2460
1671606239246 0.8036723136901855 2483
1671606253077 0.805084764957428 2506
1671606266760 0.8036723136901855 2529
1671606280513 0.8036723136901855 2552
1671606294321 0.8036723136901855 2575
1671606308101 0.8022598624229431 2598
1671606322103 0.805084764957428 2621
1671606335900 0.8036723136901855 2644
1671606349827 0.8064971566200256 2667
1671606363538 0.8022598624229431 2690
1671606377555 0.805084764957428 2713
1671606391142 0.8064971566200256 2736
1671606405043 0.805084764957428 2759
1671606418782 0.8022598624229431 2782
1671606432690 0.8022598624229431 2805
1671606446710 0.805084764957428 2828
1671606460720 0.805084764957428 2851
1671606474424 0.8036723136901855 2874
1671606488328 0.805084764957428 2897
1671606502291 0.805084764957428 2920
1671606516153 0.8022598624229431 2943
1671606529804 0.8036723136901855 2966
1671606543707 0.805084764957428 2989
1671606557557 0.8064971566200256 3012
1671606571292 0.8036723136901855 3035
1671606585136 0.805084764957428 3058
1671606598825 0.8079096078872681 3081
1671606612524 0.8064971566200256 3104
1671606626252 0.805084764957428 3127
1671606640027 0.805084764957428 3150
1671606653986 0.805084764957428 3173
1671606667773 0.8064971566200256 3196
1671606681545 0.805084764957428 3219
1671606695350 0.805084764957428 3242
1671606709395 0.805084764957428 3265
1671606723250 0.805084764957428 3288
1671606737073 0.805084764957428 3311
1671606751184 0.805084764957428 3334
1671606765037 0.8036723136901855 3357
1671606778883 0.805084764957428 3380
1671606792726 0.8022598624229431 3403
1671606806468 0.805084764957428 3426
1671606820080 0.805084764957428 3449
