1671604775558 0.5833333730697632 49
1671604804114 0.3083333373069763 99
1671604832772 0.5 149
1671604861935 0.1875 199
1671604890548 0.5208333730697632 249
1671604926472 0.25 299
1671604955038 0.4583333432674408 349
1671604983986 0.4166666865348816 399
1671605012895 0.3125 449
1671605042228 0.375 499
1671605070747 0.3375000059604645 549
1671605106565 0.2083333432674408 599
1671605135007 0.5666667222976685 649
1671605163950 0.4375000298023224 699
1671605192556 0.25 749
1671605221274 0.1458333432674408 799
1671605250093 0.2708333432674408 849
1671605286026 0.375 899
1671605314912 0.6041666865348816 949
1671605343841 0.1875 999
1671605372755 0.3333333432674408 1049
1671605401152 0.3958333432674408 1099
1671605429586 0.25 1149
1671605465834 0.4166666865348816 1199
1671605494440 0.3958333432674408 1249
1671605523214 0.2916666865348816 1299
1671605551764 0.2916666865348816 1349
1671605580450 0.4375 1399
1671605616425 0.4416666626930237 1449
1671605645158 0.2083333432674408 1499
1671605674468 0.2916666865348816 1549
1671605703338 0.5874999761581421 1599
1671605732540 0.3166666626930237 1649
1671605761672 0.6666666865348816 1699
1671605797591 0.3958333432674408 1749
1671605826545 0.2291666716337204 1799
1671605855342 0.4583333432674408 1849
1671605884257 0.5 1899
1671605912904 0.2916666865348816 1949
1671605941797 0.5416666865348816 1999
1671605978066 0.3958333432674408 2049
1671606007077 0.3333333432674408 2099
1671606035754 0.4791666865348816 2149
1671606064509 0.5625 2199
1671606093243 0.4583333432674408 2249
1671606121968 0.0 2299
1671606158364 0.5416666865348816 2349
1671606187095 0.4749999940395355 2399
1671606216037 0.2291666865348816 2449
1671606244426 0.25 2499
1671606273038 0.3958333432674408 2549
1671606308973 0.375 2599
1671606337945 0.3125 2649
1671606366754 0.1875 2699
1671606395601 0.625 2749
1671606424258 0.6666666865348816 2799
1671606453397 0.7916666865348816 2849
1671606489548 0.5 2899
1671606518479 0.4166666865348816 2949
1671606547181 0.6000000238418579 2999
1671606576023 0.5 3049
1671606604589 0.5 3099
1671606633153 0.3499999940395355 3149
1671606669213 0.6000000238418579 3199
1671606698317 0.375 3249
1671606727065 0.4166666865348816 3299
1671606756116 0.5249999761581421 3349
1671606784958 0.6041666865348816 3399
1671606813531 0.0 3449
