1671604775558 0.6499999761581421 49
1671604804114 0.3928571343421936 99
1671604832772 0.6583333611488342 149
1671604861935 0.2666666805744171 199
1671604890548 0.6666666865348816 249
1671604926472 0.3630952537059784 299
1671604955038 0.5416666865348816 349
1671604983986 0.44999998807907104 399
1671605012895 0.3499999940395355 449
1671605042228 0.5 499
1671605070747 0.4017857313156128 549
1671605106565 0.2916666865348816 599
1671605135007 0.6041666865348816 649
1671605163950 0.5892857313156128 699
1671605192556 0.25 749
1671605221274 0.22499999403953552 799
1671605250093 0.3392857313156128 849
1671605286026 0.5 899
1671605314912 0.7166666984558105 949
1671605343841 0.2666666805744171 999
1671605372755 0.4166666865348816 1049
1671605401152 0.5 1099
1671605429586 0.25 1149
1671605465834 0.5333333611488342 1199
1671605494440 0.5059524178504944 1249
1671605523214 0.36666667461395264 1299
1671605551764 0.36666667461395264 1349
1671605580450 0.4642857313156128 1399
1671605616425 0.5541666746139526 1449
1671605645158 0.2916666865348816 1499
1671605674468 0.36666667461395264 1549
1671605703338 0.6904761791229248 1599
1671605732540 0.38749998807907104 1649
1671605761672 0.7416666746139526 1699
1671605797591 0.5583333373069763 1749
1671605826545 0.30000001192092896 1799
1671605855342 0.5535714626312256 1849
1671605884257 0.5 1899
1671605912904 0.36666667461395264 1949
1671605941797 0.6166666746139526 1999
1671605978066 0.4749999940395355 2049
1671606007077 0.4000000059604645 2099
1671606035754 0.574999988079071 2149
1671606064509 0.6309523582458496 2199
1671606093243 0.5833333730697632 2249
1671606121968 0.0 2299
1671606158364 0.5249999761581421 2349
1671606187095 0.4761905074119568 2399
1671606216037 0.3499999940395355 2449
1671606244426 0.3142857253551483 2499
1671606273038 0.5583333373069763 2549
1671606308973 0.44999998807907104 2599
1671606337945 0.380952388048172 2649
1671606366754 0.2380952388048172 2699
1671606395601 0.7500000596046448 2749
1671606424258 0.7833333611488342 2799
1671606453397 0.8428571224212646 2849
1671606489548 0.6499999761581421 2899
1671606518479 0.5333333611488342 2949
1671606547181 0.7178571224212646 2999
1671606576023 0.5 3049
1671606604589 0.574999988079071 3099
1671606633153 0.3928571343421936 3149
1671606669213 0.6428571343421936 3199
1671606698317 0.4166666865348816 3249
1671606727065 0.49166667461395264 3299
1671606756116 0.6041666865348816 3349
1671606784958 0.7166666984558105 3399
1671606813531 0.0 3449
