1671604760190 0.5244641900062561 22
1671604773893 0.49591073393821716 45
1671604787401 0.5120661854743958 68
1671604801173 0.5156667828559875 91
1671604815001 0.5083131790161133 114
1671604828705 0.5166352987289429 137
1671604842573 0.5231760740280151 160
1671604856710 0.5216572284698486 183
1671604870443 0.51642906665802 206
1671604884283 0.5349206328392029 229
1671604898193 0.5383104681968689 252
1671604911857 0.5635458827018738 275
1671604925568 0.5365976691246033 298
1671604939281 0.5251367688179016 321
1671604952973 0.5604743957519531 344
1671604966879 0.5087012052536011 367
1671604980815 0.49215319752693176 390
1671604994608 0.5313514471054077 413
1671605008551 0.5153887271881104 436
1671605022520 0.5238230228424072 459
1671605036814 0.5375567674636841 482
1671605050657 0.5074657201766968 505
1671605064150 0.4963635504245758 528
1671605078049 0.5004573464393616 551
1671605091600 0.5107690691947937 574
1671605105263 0.5365303754806519 597
1671605119022 0.5187517404556274 620
1671605132713 0.5061787962913513 643
1671605146549 0.5585777163505554 666
1671605160354 0.5224061012268066 689
1671605174141 0.5390368700027466 712
1671605187941 0.516765296459198 735
1671605201679 0.49079903960227966 758
1671605215473 0.5235580205917358 781
1671605229306 0.5068783760070801 804
1671605243184 0.5146444439888 827
1671605257023 0.504560112953186 850
1671605270767 0.5048156976699829 873
1671605284487 0.5070845484733582 896
1671605298303 0.5073312520980835 919
1671605312304 0.5068020820617676 942
1671605326117 0.5193288922309875 965
1671605339947 0.4986010193824768 988
1671605353840 0.500869870185852 1011
1671605367770 0.5114249587059021 1034
1671605381589 0.5310465693473816 1057
1671605395145 0.5467985272407532 1080
1671605408936 0.4750022292137146 1103
1671605422681 0.5368711948394775 1126
1671605436562 0.5270783305168152 1149
1671605450287 0.4914402365684509 1172
1671605464077 0.48983052372932434 1195
1671605477814 0.5204421281814575 1218
1671605491433 0.5069500803947449 1241
1671605505318 0.5109722018241882 1264
1671605519036 0.5193256735801697 1287
1671605532854 0.532427191734314 1310
1671605546616 0.5405972599983215 1333
1671605560315 0.5096448659896851 1356
1671605574118 0.5316205024719238 1379
1671605587909 0.532024085521698 1402
1671605601539 0.5370590686798096 1425
1671605615480 0.5139898061752319 1448
1671605629341 0.5242668986320496 1471
1671605643107 0.5189535021781921 1494
1671605657097 0.5047081112861633 1517
1671605671219 0.5222488045692444 1540
1671605685266 0.522602915763855 1563
1671605698982 0.48354414105415344 1586
1671605713137 0.5515111088752747 1609
1671605726968 0.48100173473358154 1632
1671605741165 0.5110662579536438 1655
1671605755031 0.5188055634498596 1678
1671605768831 0.5273966789245605 1701
1671605782604 0.5117922425270081 1724
1671605796368 0.5342615246772766 1747
1671605810221 0.5069500803947449 1770
1671605824212 0.5434759259223938 1793
1671605838014 0.5341763496398926 1816
1671605851826 0.5311272740364075 1839
1671605865783 0.5034790635108948 1862
1671605879615 0.5337907075881958 1885
1671605893318 0.4809882938861847 1908
1671605907139 0.5233656167984009 1931
1671605921066 0.5287104249000549 1954
1671605934966 0.49462825059890747 1977
1671605948842 0.5315666794776917 2000
1671605962565 0.49744415283203125 2023
1671605976512 0.5264281630516052 2046
1671605990400 0.5221281051635742 2069
1671606004476 0.5187647342681885 2092
1671606018167 0.5148865580558777 2115
1671606031966 0.5140794515609741 2138
1671606045744 0.5287866592407227 2161
1671606059617 0.5229889750480652 2184
1671606073354 0.5201237797737122 2207
1671606087210 0.5505111813545227 2230
1671606101265 0.527289092540741 2253
1671606114995 0.5192787647247314 2276
1671606128818 0.5174424052238464 2299
1671606142668 0.5329208970069885 2322
1671606156638 0.5354807376861572 2345
1671606170430 0.5073479413986206 2368
1671606184124 0.5201237797737122 2391
1671606197867 0.5140973925590515 2414
1671606211903 0.5110304355621338 2437
1671606225599 0.5051027536392212 2460
1671606239246 0.5266075134277344 2483
1671606253077 0.5226392149925232 2506
1671606266760 0.5182763934135437 2529
1671606280513 0.5416375994682312 2552
1671606294321 0.5038741230964661 2575
1671606308101 0.5453412532806396 2598
1671606322103 0.4960765838623047 2621
1671606335900 0.5616088509559631 2644
1671606349827 0.5224269032478333 2667
1671606363538 0.5266523361206055 2690
1671606377555 0.5021926164627075 2713
1671606391142 0.5408932566642761 2736
1671606405043 0.5482109189033508 2759
1671606418782 0.5353779792785645 2782
1671606432690 0.5116088390350342 2805
1671606446710 0.5028427839279175 2828
1671606460720 0.503892719745636 2851
1671606474424 0.4941391050815582 2874
1671606488328 0.49497804045677185 2897
1671606502291 0.5483453869819641 2920
1671606516153 0.531974732875824 2943
1671606529804 0.5436104536056519 2966
1671606543707 0.5339341759681702 2989
1671606557557 0.5435969829559326 3012
1671606571292 0.5238723158836365 3035
1671606585136 0.5377006530761719 3058
1671606598825 0.5530759692192078 3081
1671606612524 0.546318769454956 3104
1671606626252 0.5447086095809937 3127
1671606640027 0.5491077303886414 3150
1671606653986 0.5424087643623352 3173
1671606667773 0.516961395740509 3196
1671606681545 0.5158281922340393 3219
1671606695350 0.5085764527320862 3242
1671606709395 0.4989687502384186 3265
1671606723250 0.515209436416626 3288
1671606737073 0.5212133526802063 3311
1671606751184 0.5149717330932617 3334
1671606765037 0.5179938673973083 3357
1671606778883 0.5193154215812683 3380
1671606792726 0.5183257460594177 3403
1671606806468 0.5040086507797241 3426
1671606820080 0.5042988657951355 3449
