1671604760190 2.578299011376524 22
1671604773893 2.1934809431766538 45
1671604787401 2.1925896724325256 68
1671604801173 2.1928804452792936 91
1671604815001 2.203033443958992 114
1671604828705 2.194475924209939 137
1671604842573 2.198089782401898 160
1671604856710 2.195555722211248 183
1671604870443 2.19124208801345 206
1671604884283 2.1930076795863065 229
1671604898193 2.1940184561034037 252
1671604911857 2.2013845141951145 275
1671604925568 2.1958190742047123 298
1671604939281 2.1915328454524934 321
1671604952973 2.1899039471070063 344
1671604966879 2.198917776169084 367
1671604980815 2.1942747227762283 390
1671604994608 2.189891594929829 413
1671605008551 2.1876854540985295 436
1671605022520 2.1914147755169346 459
1671605036814 2.1897606050128346 482
1671605050657 2.189541915069509 505
1671605064150 2.195998807217588 528
1671605078049 2.1939092817779944 551
1671605091600 2.1907253193357956 574
1671605105263 2.1907165217548017 597
1671605119022 2.188474732610637 620
1671605132713 2.1895096105891025 643
1671605146549 2.189316475258459 666
1671605160354 2.190734270004568 689
1671605174141 2.19046652606986 712
1671605187941 2.1897216940399646 735
1671605201679 2.1853204119210456 758
1671605215473 2.1912695091699406 781
1671605229306 2.188650785997897 804
1671605243184 2.182873888407385 827
1671605257023 2.190030211441015 850
1671605270767 2.1878854025780776 873
1671605284487 2.192098841583479 896
1671605298303 2.1843702679914796 919
1671605312304 2.1893788001744854 942
1671605326117 2.1869149245279846 965
1671605339947 2.184811985126754 988
1671605353840 2.1863462488125025 1011
1671605367770 2.18975974348991 1034
1671605381589 2.1844840905338936 1057
1671605395145 2.1928619428526885 1080
1671605408936 2.1946973168082384 1103
1671605422681 2.1824188499479527 1126
1671605436562 2.1841905763041853 1149
1671605450287 2.1877927083184274 1172
1671605464077 2.1872119125118052 1195
1671605477814 2.185775484886896 1218
1671605491433 2.1851169580752487 1241
1671605505318 2.1891092806788537 1264
1671605519036 2.1794687269294584 1287
1671605532854 2.185872437545555 1310
1671605546616 2.1812502296426604 1333
1671605560315 2.18374959534092 1356
1671605574118 2.184090918529372 1379
1671605587909 2.1881047810456704 1402
1671605601539 2.1870235869567476 1425
1671605615480 2.183763811063906 1448
1671605629341 2.1825372695978627 1471
1671605643107 2.1822135428699307 1494
1671605657097 2.185717746674894 1517
1671605671219 2.1865960832567355 1540
1671605685266 2.186557714003557 1563
1671605698982 2.1817190611710653 1586
1671605713137 2.1799691408630095 1609
1671605726968 2.1812991383490052 1632
1671605741165 2.1860236015914944 1655
1671605755031 2.1779600691803065 1678
1671605768831 2.1860952995486396 1701
1671605782604 2.180010834110718 1724
1671605796368 2.1797784829354625 1747
1671605810221 2.1864433147098334 1770
1671605824212 2.1831814204175966 1793
1671605838014 2.181398869018013 1816
1671605851826 2.1817938336790377 1839
1671605865783 2.1813641953171192 1862
1671605879615 2.1767530464979727 1885
1671605893318 2.1807386673838036 1908
1671605907139 2.1795776856305307 1931
1671605921066 2.177583483572486 1954
1671605934966 2.1836398410400584 1977
1671605948842 2.1802497165059624 2000
1671605962565 2.1751861536180175 2023
1671605976512 2.1786096495327 2046
1671605990400 2.178886363886467 2069
1671606004476 2.175658555155426 2092
1671606018167 2.180200221133132 2115
1671606031966 2.185521165076167 2138
1671606045744 2.1766712436365574 2161
1671606059617 2.1807095282555866 2184
1671606073354 2.1863263589775603 2207
1671606087210 2.186546819958156 2230
1671606101265 2.177902103010266 2253
1671606114995 2.1777139116433473 2276
1671606128818 2.1883417024680876 2299
1671606142668 2.175428422615305 2322
1671606156638 2.178298346848322 2345
1671606170430 2.1781898463834035 2368
1671606184124 2.1765004740886744 2391
1671606197867 2.176296135793715 2414
1671606211903 2.1744099386212277 2437
1671606225599 2.1840797933232814 2460
1671606239246 2.1835606139821033 2483
1671606253077 2.1773084369753652 2506
1671606266760 2.17183574263596 2529
1671606280513 2.178814772215629 2552
1671606294321 2.1768606982411653 2575
1671606308101 2.1751825329208243 2598
1671606322103 2.173247088847625 2621
1671606335900 2.173455591280675 2644
1671606349827 2.178004019642259 2667
1671606363538 2.172395889927397 2690
1671606377555 2.1738488830467064 2713
1671606391142 2.1808704988686376 2736
1671606405043 2.176828601431415 2759
1671606418782 2.182047313354056 2782
1671606432690 2.176847833422485 2805
1671606446710 2.181213122351383 2828
1671606460720 2.17563708939021 2851
1671606474424 2.1713854913301707 2874
1671606488328 2.176788019696679 2897
1671606502291 2.174043407739842 2920
1671606516153 2.1840396073318917 2943
1671606529804 2.177211220669621 2966
1671606543707 2.175114812669968 2989
1671606557557 2.1692326073660984 3012
1671606571292 2.175573068398965 3035
1671606585136 2.1756430491538823 3058
1671606598825 2.1812525128818114 3081
1671606612524 2.1743413220127437 3104
1671606626252 2.17369936107417 3127
1671606640027 2.1787927745459696 3150
1671606653986 2.17498595776837 3173
1671606667773 2.1755831292120136 3196
1671606681545 2.168893112893288 3219
1671606695350 2.170070770332962 3242
1671606709395 2.175672007832406 3265
1671606723250 2.1711403682444876 3288
1671606737073 2.169938712561629 3311
1671606751184 2.168967270786683 3334
1671606765037 2.169011522706377 3357
1671606778883 2.176533550159887 3380
1671606792726 2.175023292810356 3403
1671606806468 2.1695031464153223 3426
1671606820080 2.170997291668657 3449
