1672132894310 22.0 22
1672132908019 22.0 45
1672132921880 22.0 68
1672132935639 22.0 91
1672132949370 22.0 114
1672132963307 22.0 137
1672132977323 22.0 160
1672132991513 22.0 183
1672133005482 22.0 206
1672133019512 22.0 229
1672133033367 22.0 252
1672133047248 22.0 275
1672133061228 22.0 298
1672133075170 22.0 321
1672133089253 22.0 344
1672133103220 22.0 367
1672133117082 22.0 390
1672133130983 22.0 413
1672133144935 22.0 436
1672133159010 22.0 459
1672133173175 22.0 482
1672133187161 22.0 505
