1672132897294 0.3163841664791107 22
1672132911157 0.316290020942688 45
1672132924995 0.3226930499076843 68
1672132938730 0.3274953067302704 91
1672132952507 0.3009415864944458 114
1672132966438 0.3142588138580322 137
1672132980451 0.3295937478542328 160
1672132994716 0.330885112285614 183
1672133008649 0.30414313077926636 206
1672133022690 0.32937854528427124 229
1672133036499 0.3380414545536041 252
1672133050401 0.33851227164268494 275
1672133064320 0.3282485902309418 298
1672133078360 0.3192090690135956 321
1672133092386 0.3535781800746918 344
1672133106419 0.312900185585022 367
1672133120199 0.308474600315094 390
1672133134114 0.34387949109077454 413
1672133148015 0.32009685039520264 436
1672133162152 0.33145010471343994 459
1672133176279 0.3168550133705139 482
1672133190272 0.31657248735427856 505
