1672132897294 2.68952121255173 22
1672132911157 2.663669307086656 45
1672132924995 2.6629865007409816 68
1672132938730 2.6590414379086242 91
1672132952507 2.6646918999969618 114
1672132966438 2.661798560801852 137
1672132980451 2.666254148167848 160
1672132994716 2.666607188348023 183
1672133008649 2.668115212093574 206
1672133022690 2.6602447025482068 229
1672133036499 2.658743848306615 252
1672133050401 2.672166455900746 275
1672133064320 2.6600120222702652 298
1672133078360 2.6586248994662753 321
1672133092386 2.6619664627912925 344
1672133106419 2.6587384183227067 367
1672133120199 2.6586791999253294 390
1672133134114 2.6620293637604755 413
1672133148015 2.6566299197480974 436
1672133162152 2.659091918255809 459
1672133176279 2.6606468610896754 482
1672133190272 2.6592192357397577 505
