1672132897294 0.3091382086277008 22
1672132911157 0.2982378304004669 45
1672132924995 0.3126784563064575 68
1672132938730 0.29937225580215454 91
1672132952507 0.29696887731552124 114
1672132966438 0.29795536398887634 137
1672132980451 0.2990763485431671 160
1672132994716 0.31217828392982483 183
1672133008649 0.30757778882980347 206
1672133022690 0.32005202770233154 229
1672133036499 0.32631155848503113 252
1672133050401 0.3203793466091156 275
1672133064320 0.3130302131175995 298
1672133078360 0.30419692397117615 321
1672133092386 0.3187316954135895 344
1672133106419 0.3129160702228546 367
1672133120199 0.2908936142921448 390
1672133134114 0.32354047894477844 413
1672133148015 0.2972322106361389 436
1672133162152 0.3258093595504761 459
1672133176279 0.30212414264678955 482
1672133190272 0.3198816478252411 505
