1672132897294 0.5889830589294434 22
1672132911157 0.5875706076622009 45
1672132924995 0.5875706076622009 68
1672132938730 0.5889830589294434 91
1672132952507 0.5889830589294434 114
1672132966438 0.5889830589294434 137
1672132980451 0.5875706076622009 160
1672132994716 0.5889830589294434 183
1672133008649 0.5889830589294434 206
1672133022690 0.5875706076622009 229
1672133036499 0.5875706076622009 252
1672133050401 0.5875706076622009 275
1672133064320 0.5875706076622009 298
1672133078360 0.5875706076622009 321
1672133092386 0.5889830589294434 344
1672133106419 0.5875706076622009 367
1672133120199 0.5875706076622009 390
1672133134114 0.5889830589294434 413
1672133148015 0.5889830589294434 436
1672133162152 0.5875706076622009 459
1672133176279 0.5889830589294434 482
1672133190272 0.5889830589294434 505
