1672132897294 0.33841806650161743 22
1672132911157 0.34190207719802856 45
1672132924995 0.37504705786705017 68
1672132938730 0.32146894931793213 91
1672132952507 0.3387947380542755 114
1672132966438 0.34425613284111023 137
1672132980451 0.3736346364021301 160
1672132994716 0.3711864650249481 183
1672133008649 0.37664783000946045 206
1672133022690 0.391337126493454 229
1672133036499 0.3943502902984619 252
1672133050401 0.3618644177913666 275
1672133064320 0.35630884766578674 298
1672133078360 0.34764593839645386 321
1672133092386 0.3466101586818695 344
1672133106419 0.37137478590011597 367
1672133120199 0.3399246633052826 390
1672133134114 0.3785310685634613 413
1672133148015 0.34412163496017456 436
1672133162152 0.3917137086391449 459
1672133176279 0.34510359168052673 482
1672133190272 0.39453861117362976 505
