1671698843671 22.0 22
1671698858134 22.0 45
1671698872461 22.0 68
1671698887031 22.0 91
1671698901526 22.0 114
1671698916160 22.0 137
1671698930637 22.0 160
1671698945436 22.0 183
1671698960014 22.0 206
1671698974367 22.0 229
1671698988848 22.0 252
1671699003113 22.0 275
1671699017521 22.0 298
1671699032236 22.0 321
1671699046756 22.0 344
1671699061317 22.0 367
1671699075610 22.0 390
1671699090078 22.0 413
1671699104590 22.0 436
1671699119223 22.0 459
1671699133851 22.0 482
1671699148736 22.0 505
1671699163111 22.0 528
1671699177602 22.0 551
1671699191975 22.0 574
1671699206536 22.0 597
1671699221069 22.0 620
1671699235419 22.0 643
1671699249840 22.0 666
1671699263963 22.0 689
1671699278615 22.0 712
1671699293274 22.0 735
1671699307727 22.0 758
1671699322170 22.0 781
1671699336777 22.0 804
1671699351378 22.0 827
1671699366012 22.0 850
1671699380536 22.0 873
1671699395091 22.0 896
1671699409703 22.0 919
1671699424386 22.0 942
1671699439223 22.0 965
1671699453819 22.0 988
1671699468369 22.0 1011
1671699483004 22.0 1034
1671699497385 22.0 1057
1671699512090 22.0 1080
1671699526799 22.0 1103
1671699541355 22.0 1126
1671699556002 22.0 1149
1671699570550 22.0 1172
1671699585288 22.0 1195
1671699599817 22.0 1218
1671699614335 22.0 1241
1671699628996 22.0 1264
1671699643841 22.0 1287
1671699658778 22.0 1310
1671699673511 22.0 1333
1671699688460 22.0 1356
1671699703236 22.0 1379
1671699717805 22.0 1402
1671699732540 22.0 1425
1671699747605 22.0 1448
1671699762528 22.0 1471
1671699777404 22.0 1494
1671699792235 22.0 1517
1671699807336 22.0 1540
1671699822415 22.0 1563
1671699837271 22.0 1586
1671699852052 22.0 1609
1671699866755 22.0 1632
1671699881379 22.0 1655
1671699896187 22.0 1678
1671699911032 22.0 1701
1671699925829 22.0 1724
1671699940925 22.0 1747
1671699955904 22.0 1770
1671699970767 22.0 1793
1671699985473 22.0 1816
1671700000545 22.0 1839
1671700015465 22.0 1862
1671700030259 22.0 1885
1671700045063 22.0 1908
1671700059689 22.0 1931
1671700074655 22.0 1954
1671700089384 22.0 1977
1671700104221 22.0 2000
1671700119290 22.0 2023
1671700134114 22.0 2046
1671700148697 22.0 2069
1671700163468 22.0 2092
1671700178627 22.0 2115
1671700193463 22.0 2138
1671700208179 22.0 2161
1671700222788 22.0 2184
1671700237564 22.0 2207
1671700252570 22.0 2230
1671700267307 22.0 2253
1671700282083 22.0 2276
1671700296964 22.0 2299
1671700312027 22.0 2322
1671700326987 22.0 2345
1671700341812 22.0 2368
1671700356732 22.0 2391
1671700372107 22.0 2414
1671700387058 22.0 2437
1671700401841 22.0 2460
1671700416646 22.0 2483
1671700431414 22.0 2506
1671700446162 22.0 2529
1671700460963 22.0 2552
1671700476042 22.0 2575
1671700490947 22.0 2598
1671700505656 22.0 2621
1671700520814 22.0 2644
1671700535490 22.0 2667
1671700550289 22.0 2690
1671700564891 21.75 2713
1671700579550 22.0 2736
1671700594247 22.0 2759
1671700608980 22.0 2782
1671700623855 22.0 2805
1671700639078 22.0 2828
1671700653822 22.0 2851
1671700668687 22.0 2874
1671700683787 22.0 2897
1671700698608 22.0 2920
1671700713780 22.0 2943
1671700728486 22.0 2966
1671700743355 22.0 2989
1671700758075 22.0 3012
1671700772923 22.0 3035
1671700787727 22.0 3058
1671700802713 22.0 3081
1671700817621 22.0 3104
1671700832473 22.0 3127
1671700847210 22.0 3150
1671700862114 22.0 3173
1671700877201 22.0 3196
1671700892079 22.0 3219
1671700906864 22.0 3242
1671700921813 22.0 3265
1671700936734 22.0 3288
1671700951537 22.0 3311
1671700966416 22.0 3334
1671700981432 22.0 3357
1671700996368 22.0 3380
1671701011081 22.0 3403
1671701025819 22.0 3426
1671701040578 22.0 3449
