1671698843671 0 22
1671698846818 1 22
1671698858134 1 45
1671698861438 2 45
1671698863308 2 49
1671698872461 2 68
1671698875770 3 68
1671698887031 3 91
1671698890308 4 91
1671698893367 4 99
1671698901526 4 114
1671698904908 5 114
1671698916160 5 137
1671698919458 6 137
1671698923649 6 149
1671698930637 6 160
1671698933928 7 160
1671698945436 7 183
1671698948784 8 183
1671698954109 8 199
1671698960014 8 206
1671698963187 9 206
1671698974367 9 229
1671698977706 10 229
1671698984156 10 249
1671698988848 10 252
1671698992056 11 252
1671699003113 11 275
1671699006339 12 275
1671699017521 12 298
1671699020820 13 298
1671699021844 13 299
1671699032236 13 321
1671699035469 14 321
1671699046756 14 344
1671699050081 15 344
1671699052316 15 349
1671699061317 15 367
1671699064604 16 367
1671699075610 16 390
1671699078930 17 390
1671699082242 17 399
1671699090078 17 413
1671699093314 18 413
1671699104590 18 436
1671699107762 19 436
1671699112223 19 449
1671699119223 19 459
1671699122574 20 459
1671699133851 20 482
1671699137419 21 482
1671699143094 21 499
1671699148736 21 505
1671699152053 22 505
1671699163111 22 528
1671699166425 23 528
1671699173168 23 549
1671699177602 23 551
1671699180865 24 551
1671699191975 24 574
1671699195222 25 574
1671699206536 25 597
1671699209829 26 597
1671699211132 26 599
1671699221069 26 620
1671699224351 27 620
1671699235419 27 643
1671699238685 28 643
1671699241139 28 649
1671699249840 28 666
1671699253106 29 666
1671699263963 29 689
1671699267281 30 689
1671699271040 30 699
1671699278615 30 712
1671699281945 31 712
1671699293274 31 735
1671699296576 32 735
1671699301349 32 749
1671699307727 32 758
1671699311013 33 758
1671699322170 33 781
1671699325516 34 781
1671699331512 34 799
1671699336777 34 804
1671699340090 35 804
1671699351378 35 827
1671699354759 36 827
1671699361820 36 849
1671699366012 36 850
1671699369289 37 850
1671699380536 37 873
1671699383794 38 873
1671699395091 38 896
1671699398581 39 896
1671699400170 39 899
1671699409703 39 919
1671699413043 40 919
1671699424386 40 942
1671699427731 41 942
1671699430468 41 949
1671699439223 41 965
1671699442514 42 965
1671699453819 42 988
1671699457098 43 988
1671699461034 43 999
1671699468369 43 1011
1671699471570 44 1011
1671699483004 44 1034
1671699486289 45 1034
1671699491345 45 1049
1671699497385 45 1057
1671699500727 46 1057
1671699512090 46 1080
1671699515463 47 1080
1671699521660 47 1099
1671699526799 47 1103
1671699530124 48 1103
1671699541355 48 1126
1671699544573 49 1126
1671699551745 49 1149
1671699556002 49 1149
1671699559285 50 1149
1671699570550 50 1172
1671699573949 51 1172
1671699585288 51 1195
1671699588569 52 1195
1671699590372 52 1199
1671699599817 52 1218
1671699603144 53 1218
1671699614335 53 1241
1671699617565 54 1241
1671699620581 54 1249
1671699628996 54 1264
1671699632321 55 1264
1671699643841 55 1287
1671699647271 56 1287
1671699651577 56 1299
1671699658778 56 1310
1671699662052 57 1310
1671699673511 57 1333
1671699676938 58 1333
1671699682332 58 1349
1671699688460 58 1356
1671699691955 59 1356
1671699703236 59 1379
1671699706619 60 1379
1671699713066 60 1399
1671699717805 60 1402
1671699721206 61 1402
1671699732540 61 1425
1671699735981 62 1425
1671699747605 62 1448
1671699751050 63 1448
1671699752061 63 1449
1671699762528 63 1471
1671699765913 64 1471
1671699777404 64 1494
1671699780850 65 1494
1671699783059 65 1499
1671699792235 65 1517
1671699795806 66 1517
1671699807336 66 1540
1671699810837 67 1540
1671699814299 67 1549
1671699822415 67 1563
1671699825888 68 1563
1671699837271 68 1586
1671699840673 69 1586
1671699845181 69 1599
1671699852052 69 1609
1671699855429 70 1609
1671699866755 70 1632
1671699870090 71 1632
1671699875707 71 1649
1671699881379 71 1655
1671699884851 72 1655
1671699896187 72 1678
1671699899644 73 1678
1671699906409 73 1699
1671699911032 73 1701
1671699914444 74 1701
1671699925829 74 1724
1671699929346 75 1724
1671699940925 75 1747
1671699944462 76 1747
1671699945771 76 1749
1671699955904 76 1770
1671699959419 77 1770
1671699970767 77 1793
1671699974159 78 1793
1671699976669 78 1799
1671699985473 78 1816
1671699988790 79 1816
1671700000545 79 1839
1671700003963 80 1839
1671700007545 80 1849
1671700015465 80 1862
1671700018957 81 1862
1671700030259 81 1885
1671700033698 82 1885
1671700038464 82 1899
1671700045063 82 1908
1671700048482 83 1908
1671700059689 83 1931
1671700063177 84 1931
1671700069132 84 1949
1671700074655 84 1954
1671700078168 85 1954
1671700089384 85 1977
1671700092893 86 1977
1671700099923 86 1999
1671700104221 86 2000
1671700107640 87 2000
1671700119290 87 2023
1671700122718 88 2023
1671700134114 88 2046
1671700137481 89 2046
1671700139076 89 2049
1671700148697 89 2069
1671700152170 90 2069
1671700163468 90 2092
1671700166845 91 2092
1671700169612 91 2099
1671700178627 91 2115
1671700182074 92 2115
1671700193463 92 2138
1671700196894 93 2138
1671700200694 93 2149
1671700208179 93 2161
1671700211670 94 2161
1671700222788 94 2184
1671700226231 95 2184
1671700231329 95 2199
1671700237564 95 2207
1671700241044 96 2207
1671700252570 96 2230
1671700255992 97 2230
1671700262192 97 2249
1671700267307 97 2253
1671700270708 98 2253
1671700282083 98 2276
1671700285474 99 2276
1671700292690 99 2299
1671700296964 99 2299
1671700300502 100 2299
1671700312027 100 2322
1671700315440 101 2322
1671700326987 101 2345
1671700330465 102 2345
1671700332342 102 2349
1671700341812 102 2368
1671700345143 103 2368
1671700356732 103 2391
1671700360315 104 2391
1671700363481 104 2399
1671700372107 104 2414
1671700375565 105 2414
1671700387058 105 2437
1671700390460 106 2437
1671700394658 106 2449
1671700401841 106 2460
1671700405303 107 2460
1671700416646 107 2483
1671700420034 108 2483
1671700425356 108 2499
1671700431414 108 2506
1671700434778 109 2506
1671700446162 109 2529
1671700449619 110 2529
1671700456118 110 2549
1671700460963 110 2552
1671700464440 111 2552
1671700476042 111 2575
1671700479508 112 2575
1671700490947 112 2598
1671700494320 113 2598
1671700495320 113 2599
1671700505656 113 2621
1671700509181 114 2621
1671700520814 114 2644
1671700524154 115 2644
1671700526257 115 2649
1671700535490 115 2667
1671700538909 116 2667
1671700550289 116 2690
1671700553646 117 2690
1671700556947 117 2699
1671700564891 117 2713
1671700568255 118 2713
1671700579550 118 2736
1671700582893 119 2736
1671700587342 119 2749
1671700594247 119 2759
1671700597702 120 2759
1671700608980 120 2782
1671700612473 121 2782
1671700618061 121 2799
1671700623855 121 2805
1671700627374 122 2805
1671700639078 122 2828
1671700642511 123 2828
1671700649283 123 2849
1671700653822 123 2851
1671700657404 124 2851
1671700668687 124 2874
1671700672128 125 2874
1671700683787 125 2897
1671700687258 126 2897
1671700688489 126 2899
1671700698608 126 2920
1671700702143 127 2920
1671700713780 127 2943
1671700717133 128 2943
1671700719611 128 2949
1671700728486 128 2966
1671700731933 129 2966
1671700743355 129 2989
1671700746815 130 2989
1671700750432 130 2999
1671700758075 130 3012
1671700761557 131 3012
1671700772923 131 3035
1671700776297 132 3035
1671700781077 132 3049
1671700787727 132 3058
1671700791230 133 3058
1671700802713 133 3081
1671700806146 134 3081
1671700812250 134 3099
1671700817621 134 3104
1671700821135 135 3104
1671700832473 135 3127
1671700835853 136 3127
1671700842973 136 3149
1671700847210 136 3150
1671700850659 137 3150
1671700862114 137 3173
1671700865547 138 3173
1671700877201 138 3196
1671700880627 139 3196
1671700882201 139 3199
1671700892079 139 3219
1671700895570 140 3219
1671700906864 140 3242
1671700910344 141 3242
1671700913139 141 3249
1671700921813 141 3265
1671700925295 142 3265
1671700936734 142 3288
1671700940098 143 3288
1671700944105 143 3299
1671700951537 143 3311
1671700954992 144 3311
1671700966416 144 3334
1671700969909 145 3334
1671700975026 145 3349
1671700981432 145 3357
1671700984908 146 3357
1671700996368 146 3380
1671700999798 147 3380
1671701005917 147 3399
1671701011081 147 3403
1671701014491 148 3403
1671701025819 148 3426
1671701029204 149 3426
1671701036360 149 3449
1671701040578 149 3449
1671701043739 150 3449
