1671698843671 0.0 22
1671698858134 0.0 45
1671698872461 0.0 68
1671698887031 0.0 91
1671698901526 0.0 114
1671698916160 0.0 137
1671698930637 0.0 160
1671698945436 0.0 183
1671698960014 0.0 206
1671698974367 0.0 229
1671698988848 0.0 252
1671699003113 0.0 275
1671699017521 0.0 298
1671699032236 0.0 321
1671699046756 0.0 344
1671699061317 0.0 367
1671699075610 0.0 390
1671699090078 0.0 413
1671699104590 0.0 436
1671699119223 0.0 459
1671699133851 0.0 482
1671699148736 0.0 505
1671699163111 0.0 528
1671699177602 0.0 551
1671699191975 0.0 574
1671699206536 0.0 597
1671699221069 0.0 620
1671699235419 0.0 643
1671699249840 0.0 666
1671699263963 0.0 689
1671699278615 0.0 712
1671699293274 0.0 735
1671699307727 0.0 758
1671699322170 0.0 781
1671699336777 0.0 804
1671699351378 0.0 827
1671699366012 0.0 850
1671699380536 0.0 873
1671699395091 0.0 896
1671699409703 0.0 919
1671699424386 0.0 942
1671699439223 0.0 965
1671699453819 0.0 988
1671699468369 0.0 1011
1671699483004 0.0 1034
1671699497385 0.0 1057
1671699512090 0.0 1080
1671699526799 0.0 1103
1671699541355 0.0 1126
1671699556002 0.0 1149
1671699570550 0.0 1172
1671699585288 0.0 1195
1671699599817 0.0 1218
1671699614335 0.0 1241
1671699628996 0.0 1264
1671699643841 0.0 1287
1671699658778 0.0 1310
1671699673511 0.0 1333
1671699688460 0.0 1356
1671699703236 0.0 1379
1671699717805 0.0 1402
1671699732540 0.0 1425
1671699747605 0.0 1448
1671699762528 0.0 1471
1671699777404 0.0 1494
1671699792235 0.0 1517
1671699807336 0.0 1540
1671699822415 0.0 1563
1671699837271 0.0 1586
1671699852052 0.0 1609
1671699866755 0.0 1632
1671699881379 0.0 1655
1671699896187 0.0 1678
1671699911032 0.0 1701
1671699925829 0.0 1724
1671699940925 0.0 1747
1671699955904 0.0 1770
1671699970767 0.0 1793
1671699985473 0.0 1816
1671700000545 0.0 1839
1671700015465 0.0 1862
1671700030259 0.0 1885
1671700045063 0.0 1908
1671700059689 0.0 1931
1671700074655 0.0 1954
1671700089384 0.0 1977
1671700104221 0.0 2000
1671700119290 0.0 2023
1671700134114 0.0 2046
1671700148697 0.0 2069
1671700163468 0.0 2092
1671700178627 0.0 2115
1671700193463 0.0 2138
1671700208179 0.0 2161
1671700222788 0.0 2184
1671700237564 0.0 2207
1671700252570 0.0 2230
1671700267307 0.0 2253
1671700282083 0.0 2276
1671700296964 0.0 2299
1671700312027 0.0 2322
1671700326987 0.0 2345
1671700341812 0.0 2368
1671700356732 0.0 2391
1671700372107 0.0 2414
1671700387058 0.0 2437
1671700401841 0.0 2460
1671700416646 0.0 2483
1671700431414 0.0 2506
1671700446162 0.0 2529
1671700460963 0.0 2552
1671700476042 0.0 2575
1671700490947 0.0 2598
1671700505656 0.0 2621
1671700520814 0.0 2644
1671700535490 0.0 2667
1671700550289 0.0 2690
1671700564891 0.0 2713
1671700579550 0.0 2736
1671700594247 0.0 2759
1671700608980 0.0 2782
1671700623855 0.0 2805
1671700639078 0.0 2828
1671700653822 0.0 2851
1671700668687 0.0 2874
1671700683787 0.0 2897
1671700698608 0.0 2920
1671700713780 0.0 2943
1671700728486 0.0 2966
1671700743355 0.0 2989
1671700758075 0.0 3012
1671700772923 0.0 3035
1671700787727 0.0 3058
1671700802713 0.0 3081
1671700817621 0.0 3104
1671700832473 0.0 3127
1671700847210 0.0 3150
1671700862114 0.0 3173
1671700877201 0.0 3196
1671700892079 0.0 3219
1671700906864 0.0 3242
1671700921813 0.0 3265
1671700936734 0.0 3288
1671700951537 0.0 3311
1671700966416 0.0 3334
1671700981432 0.0 3357
1671700996368 0.0 3380
1671701011081 0.0 3403
1671701025819 0.0 3426
1671701040578 0.0 3449
