1671698863308 1.0 49
1671698893367 0.75 99
1671698923649 1.0 149
1671698954109 1.0 199
1671698984156 1.0 249
1671699021844 1.0 299
1671699052316 1.0 349
1671699082242 1.0 399
1671699112223 0.75 449
1671699143094 0.75 499
1671699173168 1.0 549
1671699211132 1.0 599
1671699241139 1.0 649
1671699271040 1.0 699
1671699301349 1.0 749
1671699331512 1.0 799
1671699361820 0.75 849
1671699400170 1.0 899
1671699430468 1.0 949
1671699461034 0.75 999
1671699491345 1.0 1049
1671699521660 1.0 1099
1671699551745 0.5 1149
1671699590372 1.0 1199
1671699620581 1.0 1249
1671699651577 1.0 1299
1671699682332 0.75 1349
1671699713066 1.0 1399
1671699752061 1.0 1449
1671699783059 1.0 1499
1671699814299 1.0 1549
1671699845181 1.0 1599
1671699875707 1.0 1649
1671699906409 1.0 1699
1671699945771 1.0 1749
1671699976669 1.0 1799
1671700007545 1.0 1849
1671700038464 0.75 1899
1671700069132 1.0 1949
1671700099923 1.0 1999
1671700139076 1.0 2049
1671700169612 1.0 2099
1671700200694 1.0 2149
1671700231329 1.0 2199
1671700262192 1.0 2249
1671700292690 0.25 2299
1671700332342 1.0 2349
1671700363481 1.0 2399
1671700394658 1.0 2449
1671700425356 1.0 2499
1671700456118 1.0 2549
1671700495320 1.0 2599
1671700526257 1.0 2649
1671700556947 1.0 2699
1671700587342 1.0 2749
1671700618061 1.0 2799
1671700649283 1.0 2849
1671700688489 1.0 2899
1671700719611 1.0 2949
1671700750432 1.0 2999
1671700781077 0.5 3049
1671700812250 1.0 3099
1671700842973 1.0 3149
1671700882201 0.75 3199
1671700913139 0.75 3249
1671700944105 1.0 3299
1671700975026 1.0 3349
1671701005917 1.0 3399
1671701036360 0.25 3449
