1671698863308 1.8059034744985176 49
1671698893367 1.1786088479576393 99
1671698923649 1.9240437714483707 149
1671698954109 1.6743946249489436 199
1671698984156 1.9466913898391907 249
1671699021844 1.8801672666176885 299
1671699052316 1.3912093988799772 349
1671699082242 1.854554098920147 399
1671699112223 1.2365190181641748 449
1671699143094 1.117256334783604 499
1671699173168 1.6005835599738036 549
1671699211132 2.3960254588446253 599
1671699241139 1.9973853518786482 649
1671699271040 1.5840142184341497 699
1671699301349 1.838107029248595 749
1671699331512 1.5804964441611464 799
1671699361820 1.5280693210159535 849
1671699400170 1.451035721905686 899
1671699430468 2.119013161705703 949
1671699461034 1.2444998681007586 999
1671699491345 1.5266240667582147 1049
1671699521660 2.0861544334232502 1099
1671699551745 0.7441944429684157 1149
1671699590372 0.836855323756307 1199
1671699620581 1.9058869003715646 1249
1671699651577 1.8091923373528442 1299
1671699682332 2.0519789314440637 1349
1671699713066 2.5361885624487392 1399
1671699752061 1.7805050020239614 1449
1671699783059 1.2823429752227349 1499
1671699814299 2.3002042957213558 1549
1671699845181 1.3963390673311808 1599
1671699875707 1.4686717079107654 1649
1671699906409 1.8626832648373362 1699
1671699945771 1.0721223945119616 1749
1671699976669 1.7521177375784043 1799
1671700007545 1.8488149557451181 1849
1671700038464 1.6599874159299515 1899
1671700069132 2.1969892252760728 1949
1671700099923 1.5289774881722427 1999
1671700139076 2.3031499054674134 2049
1671700169612 1.8251749789679717 2099
1671700200694 1.8332785708641393 2149
1671700231329 1.6888256785171167 2199
1671700262192 1.639911142975478 2249
1671700292690 1.4707843887226533 2299
1671700332342 2.551640533511595 2349
1671700363481 2.058125350703914 2399
1671700394658 1.3518632755411062 2449
1671700425356 1.6657644785842964 2499
1671700456118 1.5614902646069522 2549
1671700495320 2.206745933518927 2599
1671700526257 1.5788930154624365 2649
1671700556947 1.4810696057329005 2699
1671700587342 2.170101095844491 2749
1671700618061 1.1224668050336948 2799
1671700649283 1.4076561948909574 2849
1671700688489 1.408930747506378 2899
1671700719611 1.5866980514086533 2949
1671700750432 1.6420731331878518 2999
1671700781077 1.7443665638104804 3049
1671700812250 2.258058394745854 3099
1671700842973 1.1961639240722668 3149
1671700882201 2.008174651778934 3199
1671700913139 1.8725730858215321 3249
1671700944105 1.336439651170719 3299
1671700975026 2.0144396387655576 3349
1671701005917 1.5457411334146185 3399
1671701036360 0.9696629686903413 3449
