1671698846818 1.915468379370922 22
1671698861438 1.7614095169739064 45
1671698875770 1.7537176668063872 68
1671698890308 1.7609287450659363 91
1671698904908 1.7599665966317677 114
1671698919458 1.7699692895649481 137
1671698933928 1.7561033744651413 160
1671698948784 1.7707791447727366 183
1671698963187 1.7692646101504919 206
1671698977706 1.7656042517608812 229
1671698992056 1.7556928131886904 252
1671699006339 1.7545317086049124 275
1671699020820 1.7587324826511295 298
1671699035469 1.7532905468285602 321
1671699050081 1.7533280648408378 344
1671699064604 1.7550153753005948 367
1671699078930 1.7662010988258972 390
1671699093314 1.751039902821318 413
1671699107762 1.756869997012391 436
1671699122574 1.758680309909518 459
1671699137419 1.7685986883903542 482
1671699152053 1.762846603205892 505
1671699166425 1.7605750466369208 528
1671699180865 1.7572127344885342 551
1671699195222 1.7514639186182024 574
1671699209829 1.7554896589187186 597
1671699224351 1.7512066415896235 620
1671699238685 1.7546294516182885 643
1671699253106 1.7669823165571397 666
1671699267281 1.7522756480823953 689
1671699281945 1.759490499975081 712
1671699296576 1.7497765410330042 735
1671699311013 1.7544145955028225 758
1671699325516 1.7548130412499494 781
1671699340090 1.7515546405193207 804
1671699354759 1.7531351084179065 827
1671699369289 1.7523486332371028 850
1671699383794 1.7549209871846636 873
1671699398581 1.7493898798931184 896
1671699413043 1.7486274759693698 919
1671699427731 1.754414019942981 942
1671699442514 1.7490083424146396 965
1671699457098 1.7549942597788317 988
1671699471570 1.7533739642617068 1011
1671699486289 1.7473818471745497 1034
1671699500727 1.7488189176695146 1057
1671699515463 1.7539419733968404 1080
1671699530124 1.7568748509651013 1103
1671699544573 1.747062978027708 1126
1671699559285 1.7503241595703296 1149
1671699573949 1.751968510376561 1172
1671699588569 1.7493969256115132 1195
1671699603144 1.7506635008452915 1218
1671699617565 1.745051324913344 1241
1671699632321 1.7554922124610364 1264
1671699647271 1.7451455180240703 1287
1671699662052 1.748558916292282 1310
1671699676938 1.751671006906712 1333
1671699691955 1.757559680314204 1356
1671699706619 1.7497202108600436 1379
1671699721206 1.748171631872916 1402
1671699735981 1.7498512203043104 1425
1671699751050 1.7560135220898596 1448
1671699765913 1.7580099344797873 1471
1671699780850 1.744988719191832 1494
1671699795806 1.7513746364889369 1517
1671699810837 1.7487001511689058 1540
1671699825888 1.7546298552912534 1563
1671699840673 1.750231826513372 1586
1671699855429 1.7501797325023032 1609
1671699870090 1.7438380966729616 1632
1671699884851 1.7452886522456637 1655
1671699899644 1.7447339136530269 1678
1671699914444 1.7425869626508188 1701
1671699929346 1.7417232986664286 1724
1671699944462 1.7420563001846896 1747
1671699959419 1.745663501342261 1770
1671699974159 1.7463987325619663 1793
1671699988790 1.7475718232303699 1816
1671700003963 1.742554508399067 1839
1671700018957 1.7424334965288328 1862
1671700033698 1.73918631518783 1885
1671700048482 1.7417544703399583 1908
1671700063177 1.7495524885963627 1931
1671700078168 1.746844622620467 1954
1671700092893 1.7560868281467101 1977
1671700107640 1.756720749602317 2000
1671700122718 1.7488110722689827 2023
1671700137481 1.7441472075159399 2046
1671700152170 1.7411203717891415 2069
1671700166845 1.7502078912789791 2092
1671700182074 1.7543409616808323 2115
1671700196894 1.7499331848642183 2138
1671700211670 1.7405088739376084 2161
1671700226231 1.744253275370262 2184
1671700241044 1.750525769191823 2207
1671700255992 1.7805643312891462 2230
1671700270708 1.754800870438025 2253
1671700285474 1.7600604897448855 2276
1671700300502 1.7417750620470842 2299
1671700315440 1.7455949421075037 2322
1671700330465 1.7451966650303652 2345
1671700345143 1.7448276122577693 2368
1671700360315 1.7362737321197976 2391
1671700375565 1.7389114358910611 2414
1671700390460 1.7460668973537736 2437
1671700405303 1.7406782672084697 2460
1671700420034 1.749224032232508 2483
1671700434778 1.7366864414550292 2506
1671700449619 1.74111380064544 2529
1671700464440 1.734888996594037 2552
1671700479508 1.7346294163930862 2575
1671700494320 1.7386798944197155 2598
1671700509181 1.7442200141442208 2621
1671700524154 1.746438869503666 2644
1671700538909 1.7363663064504335 2667
1671700553646 1.735443585927923 2690
1671700568255 1.7465765129057855 2713
1671700582893 1.7391805657072312 2736
1671700597702 1.7344612027174584 2759
1671700612473 1.742646171447878 2782
1671700627374 1.731504550736167 2805
1671700642511 1.7332992929093538 2828
1671700657404 1.7406413577149538 2851
1671700672128 1.7335391576062902 2874
1671700687258 1.779499286730185 2897
1671700702143 1.7472726108195464 2920
1671700717133 1.7392993692131262 2943
1671700731933 1.7338711923522714 2966
1671700746815 1.73591661741676 2989
1671700761557 1.733242812237204 3012
1671700776297 1.7296261844137035 3035
1671700791230 1.7626608420915988 3058
1671700806146 1.7385679996651293 3081
1671700821135 1.738495135249804 3104
1671700835853 1.7347733214694774 3127
1671700850659 1.728726562138556 3150
1671700865547 1.7278306742634177 3173
1671700880627 1.7310000066924631 3196
1671700895570 1.7507019633114889 3219
1671700910344 1.7355970770927664 3242
1671700925295 1.7280011575385785 3265
1671700940098 1.7386036122114732 3288
1671700954992 1.73216874951869 3311
1671700969909 1.756419163040818 3334
1671700984908 1.735847460037082 3357
1671700999798 1.730865485896346 3380
1671701014491 1.7308340372065163 3403
1671701029204 1.7355900867624912 3426
1671701043739 1.7334683186239375 3449
