1671698846818 0.8248587846755981 22
1671698861438 1.0 45
1671698875770 1.0 68
1671698890308 1.0 91
1671698904908 1.0 114
1671698919458 1.0 137
1671698933928 1.0 160
1671698948784 1.0 183
1671698963187 1.0 206
1671698977706 1.0 229
1671698992056 1.0 252
1671699006339 1.0 275
1671699020820 1.0 298
1671699035469 1.0 321
1671699050081 1.0 344
1671699064604 1.0 367
1671699078930 1.0 390
1671699093314 1.0 413
1671699107762 1.0 436
1671699122574 1.0 459
1671699137419 1.0 482
1671699152053 1.0 505
1671699166425 1.0 528
1671699180865 1.0 551
1671699195222 1.0 574
1671699209829 1.0 597
1671699224351 1.0 620
1671699238685 1.0 643
1671699253106 1.0 666
1671699267281 1.0 689
1671699281945 1.0 712
1671699296576 1.0 735
1671699311013 1.0 758
1671699325516 1.0 781
1671699340090 1.0 804
1671699354759 1.0 827
1671699369289 1.0 850
1671699383794 1.0 873
1671699398581 1.0 896
1671699413043 1.0 919
1671699427731 1.0 942
1671699442514 1.0 965
1671699457098 1.0 988
1671699471570 1.0 1011
1671699486289 1.0 1034
1671699500727 1.0 1057
1671699515463 1.0 1080
1671699530124 1.0 1103
1671699544573 1.0 1126
1671699559285 1.0 1149
1671699573949 1.0 1172
1671699588569 1.0 1195
1671699603144 1.0 1218
1671699617565 1.0 1241
1671699632321 1.0 1264
1671699647271 1.0 1287
1671699662052 1.0 1310
1671699676938 1.0 1333
1671699691955 1.0 1356
1671699706619 0.9985875487327576 1379
1671699721206 1.0 1402
1671699735981 0.9985875487327576 1425
1671699751050 0.9985875487327576 1448
1671699765913 1.0 1471
1671699780850 1.0 1494
1671699795806 1.0 1517
1671699810837 1.0 1540
1671699825888 1.0 1563
1671699840673 1.0 1586
1671699855429 1.0 1609
1671699870090 1.0 1632
1671699884851 1.0 1655
1671699899644 1.0 1678
1671699914444 1.0 1701
1671699929346 1.0 1724
1671699944462 1.0 1747
1671699959419 0.9971751570701599 1770
1671699974159 1.0 1793
1671699988790 1.0 1816
1671700003963 1.0 1839
1671700018957 0.9985875487327576 1862
1671700033698 0.9985875487327576 1885
1671700048482 0.9985875487327576 1908
1671700063177 1.0 1931
1671700078168 0.9971751570701599 1954
1671700092893 0.9985875487327576 1977
1671700107640 1.0 2000
1671700122718 1.0 2023
1671700137481 0.9985875487327576 2046
1671700152170 0.9985875487327576 2069
1671700166845 0.9971751570701599 2092
1671700182074 0.9985875487327576 2115
1671700196894 0.9985875487327576 2138
1671700211670 0.9985875487327576 2161
1671700226231 1.0 2184
1671700241044 0.9985875487327576 2207
1671700255992 0.9971751570701599 2230
1671700270708 0.9985875487327576 2253
1671700285474 0.9985875487327576 2276
1671700300502 0.9985875487327576 2299
1671700315440 0.9971751570701599 2322
1671700330465 0.9971751570701599 2345
1671700345143 0.9957627058029175 2368
1671700360315 0.9971751570701599 2391
1671700375565 0.9971751570701599 2414
1671700390460 0.9971751570701599 2437
1671700405303 0.9971751570701599 2460
1671700420034 0.9971751570701599 2483
1671700434778 0.9985875487327576 2506
1671700449619 0.9985875487327576 2529
1671700464440 0.9971751570701599 2552
1671700479508 0.9971751570701599 2575
1671700494320 0.9971751570701599 2598
1671700509181 0.9971751570701599 2621
1671700524154 0.9971751570701599 2644
1671700538909 0.9971751570701599 2667
1671700553646 0.9971751570701599 2690
1671700568255 0.9971751570701599 2713
1671700582893 0.9957627058029175 2736
1671700597702 0.9985875487327576 2759
1671700612473 1.0 2782
1671700627374 0.9985875487327576 2805
1671700642511 0.9985875487327576 2828
1671700657404 0.9971751570701599 2851
1671700672128 1.0 2874
1671700687258 0.9929378628730774 2897
1671700702143 1.0 2920
1671700717133 0.9971751570701599 2943
1671700731933 0.9985875487327576 2966
1671700746815 0.9985875487327576 2989
1671700761557 0.9971751570701599 3012
1671700776297 0.9971751570701599 3035
1671700791230 0.9971751570701599 3058
1671700806146 0.9971751570701599 3081
1671700821135 0.9985875487327576 3104
1671700835853 0.9971751570701599 3127
1671700850659 0.9971751570701599 3150
1671700865547 0.9971751570701599 3173
1671700880627 0.9971751570701599 3196
1671700895570 0.9957627058029175 3219
1671700910344 0.9971751570701599 3242
1671700925295 0.9971751570701599 3265
1671700940098 0.9971751570701599 3288
1671700954992 0.9971751570701599 3311
1671700969909 0.9971751570701599 3334
1671700984908 0.9985875487327576 3357
1671700999798 0.9971751570701599 3380
1671701014491 0.9971751570701599 3403
1671701029204 0.9971751570701599 3426
1671701043739 0.9971751570701599 3449
