1671698846818 0.6919021010398865 22
1671698861438 0.9646892547607422 45
1671698875770 0.950564980506897 68
1671698890308 0.9392655491828918 91
1671698904908 0.9519773721694946 114
1671698919458 0.9491525292396545 137
1671698933928 0.9717513918876648 160
1671698948784 0.9830508232116699 183
1671698963187 0.9971751570701599 206
1671698977706 0.9618644118309021 229
1671698992056 0.950564980506897 252
1671699006339 0.9872881174087524 275
1671699020820 0.950564980506897 298
1671699035469 0.9731638431549072 321
1671699050081 0.9731638431549072 344
1671699064604 0.9378530979156494 367
1671699078930 0.9632768630981445 390
1671699093314 0.9830508232116699 413
1671699107762 0.9618644118309021 436
1671699122574 0.950564980506897 459
1671699137419 0.9844632744789124 482
1671699152053 0.9519773721694946 505
1671699166425 0.9519773721694946 528
1671699180865 0.9519773721694946 551
1671699195222 0.950564980506897 574
1671699209829 0.9745762944221497 597
1671699224351 0.9731638431549072 620
1671699238685 0.9491525292396545 643
1671699253106 0.9618644118309021 666
1671699267281 0.950564980506897 689
1671699281945 0.9533898234367371 712
1671699296576 0.9971751570701599 735
1671699311013 0.9858757257461548 758
1671699325516 0.9745762944221497 781
1671699340090 0.9632768630981445 804
1671699354759 0.9392655491828918 827
1671699369289 0.9632768630981445 850
1671699383794 0.9293785095214844 873
1671699398581 0.9844632744789124 896
1671699413043 0.9632768630981445 919
1671699427731 0.9519773721694946 942
1671699442514 0.950564980506897 965
1671699457098 0.9774011373519897 988
1671699471570 0.9519773721694946 1011
1671699486289 0.9632768630981445 1034
1671699500727 0.9632768630981445 1057
1671699515463 0.9759886860847473 1080
1671699530124 0.9632768630981445 1103
1671699544573 0.9844632744789124 1126
1671699559285 0.9632768630981445 1149
1671699573949 0.9307909607887268 1172
1671699588569 0.9491525292396545 1195
1671699603144 0.9632768630981445 1218
1671699617565 0.9618644118309021 1241
1671699632321 0.9519773721694946 1264
1671699647271 0.9491525292396545 1287
1671699662052 0.9844632744789124 1310
1671699676938 0.9830508232116699 1333
1671699691955 0.9392655491828918 1356
1671699706619 0.9519773721694946 1379
1671699721206 0.9392655491828918 1402
1671699735981 0.962429404258728 1425
1671699751050 0.9830508232116699 1448
1671699765913 0.9533898234367371 1471
1671699780850 0.9533898234367371 1494
1671699795806 0.9717513918876648 1517
1671699810837 0.9745762944221497 1540
1671699825888 0.9830508232116699 1563
1671699840673 0.9519773721694946 1586
1671699855429 0.9618644118309021 1609
1671699870090 0.9519773721694946 1632
1671699884851 0.9830508232116699 1655
1671699899644 0.9491525292396545 1678
1671699914444 0.9731638431549072 1701
1671699929346 0.950564980506897 1724
1671699944462 0.9872881174087524 1747
1671699959419 0.9279661178588867 1770
1671699974159 0.9844632744789124 1793
1671699988790 0.9830508232116699 1816
1671700003963 0.9858757257461548 1839
1671700018957 0.9745762944221497 1862
1671700033698 0.9618644118309021 1885
1671700048482 0.9632768630981445 1908
1671700063177 0.9971751570701599 1931
1671700078168 0.9632768630981445 1954
1671700092893 0.9378530979156494 1977
1671700107640 0.9717513918876648 2000
1671700122718 0.9392655491828918 2023
1671700137481 0.9844632744789124 2046
1671700152170 0.9392655491828918 2069
1671700166845 0.9519773721694946 2092
1671700182074 0.9307909607887268 2115
1671700196894 0.9166666865348816 2138
1671700211670 0.9604519605636597 2161
1671700226231 0.9632768630981445 2184
1671700241044 0.9858757257461548 2207
1671700255992 0.950564980506897 2230
1671700270708 0.9279661178588867 2253
1671700285474 0.9618644118309021 2276
1671700300502 0.950564980506897 2299
1671700315440 0.9533898234367371 2322
1671700330465 0.9858757257461548 2345
1671700345143 0.9496234059333801 2368
1671700360315 0.9632768630981445 2391
1671700375565 0.9745762944221497 2414
1671700390460 0.9604519605636597 2437
1671700405303 0.9604519605636597 2460
1671700420034 0.9618644118309021 2483
1671700434778 0.9745762944221497 2506
1671700449619 0.9731638431549072 2529
1671700464440 0.9279661178588867 2552
1671700479508 0.9858757257461548 2575
1671700494320 0.9858757257461548 2598
1671700509181 0.9406779408454895 2621
1671700524154 0.9957627058029175 2644
1671700538909 0.9844632744789124 2667
1671700553646 0.9618644118309021 2690
1671700568255 0.9406779408454895 2713
1671700582893 0.9406779408454895 2736
1671700597702 0.9957627058029175 2759
1671700612473 0.9618644118309021 2782
1671700627374 0.9406779408454895 2805
1671700642511 0.9717513918876648 2828
1671700657404 0.9717513918876648 2851
1671700672128 0.9731638431549072 2874
1671700687258 0.9241997003555298 2897
1671700702143 0.9731638431549072 2920
1671700717133 0.9548022747039795 2943
1671700731933 0.9618644118309021 2966
1671700746815 0.9491525292396545 2989
1671700761557 0.9844632744789124 3012
1671700776297 0.9420903921127319 3035
1671700791230 0.950564980506897 3058
1671700806146 0.9618644118309021 3081
1671700821135 0.9745762944221497 3104
1671700835853 0.9830508232116699 3127
1671700850659 0.9618644118309021 3150
1671700865547 0.9731638431549072 3173
1671700880627 0.9618644118309021 3196
1671700895570 0.9364407062530518 3219
1671700910344 0.9519773721694946 3242
1671700925295 0.9604519605636597 3265
1671700940098 0.9519773721694946 3288
1671700954992 0.9731638431549072 3311
1671700969909 0.9618644118309021 3334
1671700984908 0.9731638431549072 3357
1671700999798 0.9731638431549072 3380
1671701014491 0.9632768630981445 3403
1671701029204 0.9406779408454895 3426
1671701043739 0.9392655491828918 3449
