1672112129763 0.0 216
1672112202772 0.0 433
1672112276650 0.0 650
1672112349884 0.0 867
1672112423416 0.0 1084
1672112497652 0.0 1301
1672112572104 0.0 1518
1672112646323 0.0 1735
1672112720666 0.0 1952
1672112794554 1.75 2169
1672112869365 8.5 2386
1672112943660 26.75 2603
1672113017784 22.75 2820
1672113092468 1.5 3037
1672113166926 22.0 3254
1672113241576 2.75 3471
1672113315709 20.0 3688
1672113389897 19.75 3905
1672113464213 25.75 4122
1672113538614 23.25 4339
1672113613162 26.25 4556
1672113687088 26.5 4773
1672113761649 25.0 4990
1672113835734 33.5 5207
1672113910168 15.0 5424
1672113984502 31.25 5641
1672114058777 26.75 5858
1672114132934 23.0 6075
1672114207328 20.75 6292
1672114281768 26.0 6509
1672114356341 18.5 6726
1672114430569 25.0 6943
1672114505047 13.5 7160
1672114579657 20.75 7377
1672114653739 24.0 7594
1672114728395 26.75 7811
1672114802667 18.5 8028
1672114877336 21.75 8245
1672114951718 22.75 8462
1672115025906 23.0 8679
1672115100097 26.5 8896
1672115174786 23.5 9113
1672115249335 22.75 9330
1672115324004 23.5 9547
1672115398449 25.75 9764
1672115472868 24.5 9981
1672115546695 23.75 10198
1672115620944 22.25 10415
1672115695438 24.25 10632
1672115769907 22.5 10849
1672115844269 23.0 11066
1672115918897 24.5 11283
1672115993752 23.0 11500
1672116068049 24.25 11717
1672116142480 25.0 11934
1672116216651 25.25 12151
1672116291252 24.0 12368
1672116365500 23.5 12585
1672116440080 24.0 12802
1672116514249 22.5 13019
1672116588920 24.25 13236
1672116663522 23.75 13453
1672116738047 25.5 13670
1672116812496 25.25 13887
1672116886810 23.75 14104
1672116960910 25.25 14321
1672117035566 23.5 14538
1672117109796 22.25 14755
1672117183763 23.75 14972
1672117257954 26.75 15189
1672117332552 25.0 15406
1672117406652 22.0 15623
1672117481119 23.75 15840
1672117555308 23.75 16057
1672117629630 23.75 16274
1672117703738 23.5 16491
1672117778364 24.25 16708
1672117852772 23.75 16925
1672117926929 23.5 17142
1672118001282 23.75 17359
1672118075819 23.5 17576
1672118150171 23.5 17793
1672118224143 23.75 18010
1672118299185 24.5 18227
1672118373186 23.5 18444
1672118447409 24.5 18661
1672118521355 23.5 18878
1672118595415 24.25 19095
1672118670024 23.75 19312
1672118744340 23.5 19529
1672118818903 23.75 19746
1672118893388 24.25 19963
1672118967670 23.5 20180
1672119042095 24.0 20397
1672119116642 23.75 20614
1672119190613 23.25 20831
1672119265057 23.75 21048
1672119339222 24.0 21265
1672119413795 23.0 21482
1672119488032 23.75 21699
1672119562322 23.75 21916
1672119637162 23.75 22133
1672119711306 23.5 22350
1672119785551 23.75 22567
1672119859675 23.75 22784
1672119933933 23.5 23001
1672120008566 23.5 23218
1672120083115 23.75 23435
1672120157757 23.5 23652
1672120232246 23.5 23869
1672120306566 23.5 24086
1672120380791 23.75 24303
1672120455361 23.75 24520
1672120529332 20.25 24737
1672120603610 17.5 24954
1672120677880 23.5 25171
1672120752232 23.5 25388
1672120826822 17.75 25605
1672120900990 23.75 25822
1672120975364 23.25 26039
1672121049325 23.75 26256
1672121123790 23.75 26473
1672121197481 24.0 26690
1672121272152 24.0 26907
1672121346539 23.75 27124
1672121420627 23.75 27341
1672121494800 23.75 27558
1672121569155 23.75 27775
1672121644248 23.75 27992
1672121718654 22.0 28209
1672121792920 24.0 28426
1672121867238 24.25 28643
1672121941408 23.75 28860
1672122015978 24.0 29077
1672122090181 23.5 29294
1672122164755 24.0 29511
1672122239014 20.75 29728
1672122313203 24.25 29945
1672122387117 23.75 30162
1672122461560 24.25 30379
1672122536181 23.5 30596
1672122610391 24.0 30813
1672122685285 23.75 31030
1672122759370 23.75 31247
1672122834372 23.75 31464
1672122908602 23.75 31681
1672122983114 23.5 31898
1672123057076 24.0 32115
1672123131497 23.75 32332
1672123205210 23.25 32549
