1672112129763 217.0 216
1672112202772 217.0 433
1672112276650 217.0 650
1672112349884 216.25 867
1672112423416 217.0 1084
1672112497652 216.25 1301
1672112572104 211.25 1518
1672112646323 216.0 1735
1672112720666 214.5 1952
1672112794554 215.25 2169
1672112869365 202.25 2386
1672112943660 188.0 2603
1672113017784 192.5 2820
1672113092468 215.0 3037
1672113166926 194.5 3254
1672113241576 213.75 3471
1672113315709 194.75 3688
1672113389897 196.75 3905
1672113464213 190.75 4122
1672113538614 190.5 4339
1672113613162 189.75 4556
1672113687088 188.75 4773
1672113761649 190.5 4990
1672113835734 181.75 5207
1672113910168 198.75 5424
1672113984502 183.5 5641
1672114058777 188.0 5858
1672114132934 192.5 6075
1672114207328 194.25 6292
1672114281768 189.5 6509
1672114356341 196.5 6726
1672114430569 189.75 6943
1672114505047 201.75 7160
1672114579657 194.5 7377
1672114653739 191.0 7594
1672114728395 186.75 7811
1672114802667 196.5 8028
1672114877336 193.5 8245
1672114951718 190.75 8462
1672115025906 189.0 8679
1672115100097 185.25 8896
1672115174786 191.5 9113
1672115249335 192.25 9330
1672115324004 186.5 9547
1672115398449 189.25 9764
1672115472868 188.75 9981
1672115546695 191.0 10198
1672115620944 191.75 10415
1672115695438 188.75 10632
1672115769907 189.25 10849
1672115844269 179.0 11066
1672115918897 190.25 11283
1672115993752 188.5 11500
1672116068049 179.5 11717
1672116142480 188.5 11934
1672116216651 188.0 12151
1672116291252 188.75 12368
1672116365500 187.5 12585
1672116440080 183.0 12802
1672116514249 177.5 13019
1672116588920 186.5 13236
1672116663522 189.0 13453
1672116738047 187.25 13670
1672116812496 186.5 13887
1672116886810 186.5 14104
1672116960910 181.0 14321
1672117035566 187.75 14538
1672117109796 188.0 14755
1672117183763 183.75 14972
1672117257954 186.5 15189
1672117332552 187.25 15406
1672117406652 188.25 15623
1672117481119 185.75 15840
1672117555308 186.25 16057
1672117629630 181.5 16274
1672117703738 186.25 16491
1672117778364 186.0 16708
1672117852772 186.5 16925
1672117926929 186.0 17142
1672118001282 185.0 17359
1672118075819 187.75 17576
1672118150171 185.25 17793
1672118224143 187.75 18010
1672118299185 185.0 18227
1672118373186 182.75 18444
1672118447409 182.5 18661
1672118521355 183.5 18878
1672118595415 187.0 19095
1672118670024 185.25 19312
1672118744340 188.25 19529
1672118818903 185.5 19746
1672118893388 184.5 19963
1672118967670 184.5 20180
1672119042095 170.0 20397
1672119116642 181.25 20614
1672119190613 187.75 20831
1672119265057 188.75 21048
1672119339222 187.75 21265
1672119413795 189.0 21482
1672119488032 178.0 21699
1672119562322 184.25 21916
1672119637162 185.0 22133
1672119711306 182.0 22350
1672119785551 183.25 22567
1672119859675 185.25 22784
1672119933933 185.0 23001
1672120008566 188.25 23218
1672120083115 182.5 23435
1672120157757 186.25 23652
1672120232246 187.75 23869
1672120306566 181.75 24086
1672120380791 188.0 24303
1672120455361 185.0 24520
1672120529332 189.75 24737
1672120603610 181.0 24954
1672120677880 174.75 25171
1672120752232 185.0 25388
1672120826822 188.5 25605
1672120900990 183.75 25822
1672120975364 186.5 26039
1672121049325 185.75 26256
1672121123790 185.75 26473
1672121197481 187.5 26690
1672121272152 185.5 26907
1672121346539 185.75 27124
1672121420627 178.75 27341
1672121494800 177.75 27558
1672121569155 183.75 27775
1672121644248 189.0 27992
1672121718654 187.5 28209
1672121792920 176.75 28426
1672121867238 185.5 28643
1672121941408 185.5 28860
1672122015978 186.0 29077
1672122090181 180.75 29294
1672122164755 183.75 29511
1672122239014 187.25 29728
1672122313203 187.5 29945
1672122387117 181.75 30162
1672122461560 182.75 30379
1672122536181 186.0 30596
1672122610391 181.75 30813
1672122685285 184.5 31030
1672122759370 186.25 31247
1672122834372 184.5 31464
1672122908602 182.25 31681
1672122983114 183.25 31898
1672123057076 183.5 32115
1672123131497 186.5 32332
1672123205210 184.5 32549
