1672112074087 0 49
1672112088593 0 99
1672112103409 0 149
1672112118043 0 199
1672112129763 0 216
1672112132808 1 216
1672112143087 1 249
1672112157563 1 299
1672112172030 1 349
1672112186505 1 399
1672112202772 1 433
1672112206060 2 433
1672112211384 2 449
1672112226136 2 499
1672112240562 2 549
1672112255142 2 599
1672112269570 2 649
1672112276650 2 650
1672112279939 3 650
1672112294843 3 699
1672112309255 3 749
1672112323684 3 799
1672112338105 3 849
1672112349884 3 867
1672112353090 4 867
1672112363076 4 899
1672112377882 4 949
1672112392342 4 999
1672112406815 4 1049
1672112423416 4 1084
1672112426716 5 1084
1672112431830 5 1099
1672112446518 5 1149
1672112461249 5 1199
1672112475848 5 1249
1672112490386 5 1299
1672112497652 5 1301
1672112500937 6 1301
1672112515801 6 1349
1672112530522 6 1399
1672112545080 6 1449
1672112559631 6 1499
1672112572104 6 1518
1672112575754 7 1518
1672112585426 7 1549
1672112599963 7 1599
1672112614505 7 1649
1672112629071 7 1699
1672112646323 7 1735
1672112649718 8 1735
1672112654491 8 1749
1672112669350 8 1799
1672112683887 8 1849
1672112698409 8 1899
1672112713116 8 1949
1672112720666 8 1952
1672112723981 9 1952
1672112738297 9 1999
1672112752864 9 2049
1672112767446 9 2099
1672112782150 9 2149
1672112794554 9 2169
1672112797810 10 2169
1672112807611 10 2199
1672112822248 10 2249
1672112836847 10 2299
1672112851671 10 2349
1672112869365 10 2386
1672112872566 11 2386
1672112877131 11 2399
1672112891879 11 2449
1672112906405 11 2499
1672112920931 11 2549
1672112935607 11 2599
1672112943660 11 2603
1672112946941 12 2603
1672112961072 12 2649
1672112975774 12 2699
1672112990489 12 2749
1672113005079 12 2799
1672113017784 12 2820
1672113021109 13 2820
1672113030210 13 2849
1672113044964 13 2899
1672113059540 13 2949
1672113074394 13 2999
1672113092468 13 3037
1672113095828 14 3037
1672113100042 14 3049
1672113114749 14 3099
1672113129432 14 3149
1672113143983 14 3199
1672113158494 14 3249
1672113166926 14 3254
1672113170278 15 3254
1672113184129 15 3299
1672113198786 15 3349
1672113213707 15 3399
1672113228305 15 3449
1672113241576 15 3471
1672113244891 16 3471
1672113253720 16 3499
1672113268495 16 3549
1672113283069 16 3599
1672113297601 16 3649
1672113315709 16 3688
1672113319032 17 3688
1672113322935 17 3699
1672113337532 17 3749
1672113352435 17 3799
1672113367054 17 3849
1672113381616 17 3899
1672113389897 17 3905
1672113393178 18 3905
1672113406678 18 3949
1672113421446 18 3999
1672113436055 18 4049
1672113450682 18 4099
1672113464213 18 4122
1672113467534 19 4122
1672113476148 19 4149
1672113490868 19 4199
1672113505505 19 4249
1672113520167 19 4299
1672113538614 19 4339
1672113541845 20 4339
1672113545524 20 4349
1672113560208 20 4399
1672113574781 20 4449
1672113589691 20 4499
1672113604396 20 4549
1672113613162 20 4556
1672113616366 21 4556
1672113629686 21 4599
1672113644188 21 4649
1672113658740 21 4699
1672113673307 21 4749
1672113687088 21 4773
1672113690411 22 4773
1672113698703 22 4799
1672113713532 22 4849
1672113728260 22 4899
1672113743020 22 4949
1672113761649 22 4990
1672113764940 23 4990
1672113768267 23 4999
1672113782976 23 5049
1672113797580 23 5099
1672113812142 23 5149
1672113826841 23 5199
1672113835734 23 5207
1672113839037 24 5207
1672113852132 24 5249
1672113866874 24 5299
1672113881405 24 5349
1672113896105 24 5399
1672113910168 24 5424
1672113913577 25 5424
1672113921633 25 5449
1672113936226 25 5499
1672113950944 25 5549
1672113965511 25 5599
1672113984502 25 5641
1672113987738 26 5641
1672113990811 26 5649
1672114005547 26 5699
1672114020161 26 5749
1672114034736 26 5799
1672114049465 26 5849
1672114058777 26 5858
1672114062037 27 5858
1672114074860 27 5899
1672114089486 27 5949
1672114104082 27 5999
1672114118679 27 6049
1672114132934 27 6075
1672114136293 28 6075
1672114144175 28 6099
1672114158693 28 6149
1672114173222 28 6199
1672114187786 28 6249
1672114207328 28 6292
1672114210619 29 6292
1672114213393 29 6299
1672114227993 29 6349
1672114242582 29 6399
1672114257173 29 6449
1672114272146 29 6499
1672114281768 29 6509
1672114285085 30 6509
1672114297488 30 6549
1672114312094 30 6599
1672114326931 30 6649
1672114341700 30 6699
1672114356341 30 6726
1672114359565 31 6726
1672114366983 31 6749
1672114381768 31 6799
1672114396570 31 6849
1672114411189 31 6899
1672114430569 31 6943
1672114433904 32 6943
1672114436424 32 6949
1672114451011 32 6999
1672114465988 32 7049
1672114480628 32 7099
1672114495280 32 7149
1672114505047 32 7160
1672114508286 33 7160
1672114520352 33 7199
1672114535157 33 7249
1672114549954 33 7299
1672114564590 33 7349
1672114579657 33 7377
1672114582954 34 7377
1672114590178 34 7399
1672114604750 34 7449
1672114619365 34 7499
1672114633943 34 7549
1672114653739 34 7594
1672114656980 35 7594
1672114659207 35 7599
1672114674060 35 7649
1672114688636 35 7699
1672114703331 35 7749
1672114718109 35 7799
1672114728395 35 7811
1672114731695 36 7811
1672114743465 36 7849
1672114758084 36 7899
1672114772646 36 7949
1672114787235 36 7999
1672114802667 36 8028
1672114805966 37 8028
1672114812902 37 8049
1672114827642 37 8099
1672114842367 37 8149
1672114857123 37 8199
1672114877336 37 8245
1672114880681 38 8245
1672114882596 38 8249
1672114897162 38 8299
1672114911755 38 8349
1672114926314 38 8399
1672114941229 38 8449
1672114951718 38 8462
1672114955015 39 8462
1672114966486 39 8499
1672114980995 39 8549
1672114995829 39 8599
1672115010356 39 8649
1672115025906 39 8679
1672115029247 40 8679
1672115035800 40 8699
1672115050380 40 8749
1672115065143 40 8799
1672115079706 40 8849
1672115100097 40 8896
1672115103418 41 8896
1672115105055 41 8899
1672115119971 41 8949
1672115134754 41 8999
1672115149378 41 9049
1672115164012 41 9099
1672115174786 41 9113
1672115178154 42 9113
1672115189393 42 9149
1672115203935 42 9199
1672115218627 42 9249
1672115233367 42 9299
1672115249335 42 9330
1672115252657 43 9330
1672115258900 43 9349
1672115273526 43 9399
1672115288174 43 9449
1672115303108 43 9499
1672115324004 43 9547
1672115327490 44 9547
1672115328802 44 9549
1672115343358 44 9599
1672115358003 44 9649
1672115372782 44 9699
1672115387512 44 9749
1672115398449 44 9764
1672115401771 45 9764
1672115412717 45 9799
1672115427601 45 9849
1672115442188 45 9899
1672115456930 45 9949
1672115472868 45 9981
1672115476194 46 9981
1672115482090 46 9999
1672115496766 46 10049
1672115511427 46 10099
1672115525938 46 10149
1672115546695 46 10198
1672115549958 47 10198
1672115550964 47 10199
1672115565551 47 10249
1672115580429 47 10299
1672115594979 47 10349
1672115609530 47 10399
1672115620944 47 10415
1672115624211 48 10415
1672115634999 48 10449
1672115649720 48 10499
1672115664278 48 10549
1672115678967 48 10599
1672115695438 48 10632
1672115698779 49 10632
1672115704458 49 10649
1672115719070 49 10699
1672115733700 49 10749
1672115748489 49 10799
1672115762878 49 10849
1672115769907 49 10849
1672115773280 50 10849
1672115788461 50 10899
1672115803225 50 10949
1672115817738 50 10999
1672115832443 50 11049
1672115844269 50 11066
1672115847510 51 11066
1672115857818 51 11099
1672115872493 51 11149
1672115887217 51 11199
1672115902036 51 11249
1672115918897 51 11283
1672115922238 52 11283
1672115927670 52 11299
1672115942242 52 11349
1672115957202 52 11399
1672115972053 52 11449
1672115986684 52 11499
1672115993752 52 11500
1672115997072 53 11500
1672116012090 53 11549
1672116026837 53 11599
1672116041408 53 11649
1672116055984 53 11699
1672116068049 53 11717
1672116071334 54 11717
1672116081358 54 11749
1672116096158 54 11799
1672116110782 54 11849
1672116125569 54 11899
1672116142480 54 11934
1672116145838 55 11934
1672116150980 55 11949
1672116165595 55 11999
1672116180202 55 12049
1672116194787 55 12099
1672116209427 55 12149
1672116216651 55 12151
1672116220065 56 12151
1672116235002 56 12199
1672116249610 56 12249
1672116264355 56 12299
1672116278959 56 12349
1672116291252 56 12368
1672116294596 57 12368
1672116304418 57 12399
1672116319054 57 12449
1672116333674 57 12499
1672116348303 57 12549
1672116365500 57 12585
1672116368859 58 12585
1672116373646 58 12599
1672116388422 58 12649
1672116403120 58 12699
1672116417769 58 12749
1672116432460 58 12799
1672116440080 58 12802
1672116443403 59 12802
1672116457980 59 12849
1672116472544 59 12899
1672116487088 59 12949
1672116501793 59 12999
1672116514249 59 13019
1672116517560 60 13019
1672116527155 60 13049
1672116541955 60 13099
1672116556622 60 13149
1672116571476 60 13199
1672116588920 60 13236
1672116592291 61 13236
1672116596802 61 13249
1672116611393 61 13299
1672116626010 61 13349
1672116640888 61 13399
1672116655507 61 13449
1672116663522 61 13453
1672116666906 62 13453
1672116681050 62 13499
1672116695679 62 13549
1672116710294 62 13599
1672116725092 62 13649
1672116738047 62 13670
1672116741521 63 13670
1672116751042 63 13699
1672116765559 63 13749
1672116780120 63 13799
1672116794676 63 13849
1672116812496 63 13887
1672116815875 64 13887
1672116820240 64 13899
1672116834746 64 13949
1672116849436 64 13999
1672116863973 64 14049
1672116878654 64 14099
1672116886810 64 14104
1672116890118 65 14104
1672116904097 65 14149
1672116918631 65 14199
1672116933192 65 14249
1672116947734 65 14299
1672116960910 65 14321
1672116964180 66 14321
1672116973081 66 14349
1672116987714 66 14399
1672117002609 66 14449
1672117017192 66 14499
1672117035566 66 14538
1672117038988 67 14538
1672117042921 67 14549
1672117057491 67 14599
1672117072038 67 14649
1672117086811 67 14699
1672117101349 67 14749
1672117109796 67 14755
1672117113111 68 14755
1672117126747 68 14799
1672117141203 68 14849
1672117155725 68 14899
1672117170166 68 14949
1672117183763 68 14972
1672117187137 69 14972
1672117195736 69 14999
1672117210334 69 15049
1672117225101 69 15099
1672117239687 69 15149
1672117257954 69 15189
1672117261353 70 15189
1672117264955 70 15199
1672117279676 70 15249
1672117294681 70 15299
1672117309274 70 15349
1672117323875 70 15399
1672117332552 70 15406
1672117335954 71 15406
1672117349142 71 15449
1672117363849 71 15499
1672117378415 71 15549
1672117392922 71 15599
1672117406652 71 15623
1672117409989 72 15623
1672117418469 72 15649
1672117433003 72 15699
1672117447876 72 15749
1672117462436 72 15799
1672117481119 72 15840
1672117484555 73 15840
1672117488040 73 15849
1672117502578 73 15899
1672117517107 73 15949
1672117531642 73 15999
1672117546325 73 16049
1672117555308 73 16057
1672117558685 74 16057
1672117571751 74 16099
1672117586504 74 16149
1672117601047 74 16199
1672117615767 74 16249
1672117629630 74 16274
1672117633075 75 16274
1672117641061 75 16299
1672117655599 75 16349
1672117670146 75 16399
1672117684862 75 16449
1672117703738 75 16491
1672117707160 76 16491
1672117710241 76 16499
1672117724913 76 16549
1672117739822 76 16599
1672117754605 76 16649
1672117769153 76 16699
1672117778364 76 16708
1672117781776 77 16708
1672117794433 77 16749
1672117809024 77 16799
1672117823758 77 16849
1672117838326 77 16899
1672117852772 77 16925
1672117856127 78 16925
1672117863822 78 16949
1672117878388 78 16999
1672117893319 78 17049
1672117907884 78 17099
1672117926929 78 17142
1672117930290 79 17142
1672117933104 79 17149
1672117947683 79 17199
1672117962561 79 17249
1672117977329 79 17299
1672117991839 79 17349
1672118001282 79 17359
1672118004694 80 17359
1672118017259 80 17399
1672118032030 80 17449
1672118046646 80 17499
1672118061263 80 17549
1672118075819 80 17576
1672118079134 81 17576
1672118086534 81 17599
1672118101374 81 17649
1672118115886 81 17699
1672118130380 81 17749
1672118150171 81 17793
1672118153539 82 17793
1672118156030 82 17799
1672118170545 82 17849
1672118185056 82 17899
1672118199593 82 17949
1672118214104 82 17999
1672118224143 82 18010
1672118227512 83 18010
1672118239760 83 18049
1672118254544 83 18099
1672118269472 83 18149
1672118284112 83 18199
1672118299185 83 18227
1672118302514 84 18227
1672118309657 84 18249
1672118324214 84 18299
1672118338735 84 18349
1672118353222 84 18399
1672118373186 84 18444
1672118376565 85 18444
1672118378762 85 18449
1672118393622 85 18499
1672118408217 85 18549
1672118422745 85 18599
1672118437306 85 18649
1672118447409 85 18661
1672118450890 86 18661
1672118462604 86 18699
1672118477097 86 18749
1672118491612 86 18799
1672118506476 86 18849
1672118521355 86 18878
1672118524709 87 18878
1672118531684 87 18899
1672118546407 87 18949
1672118560907 87 18999
1672118575411 87 19049
1672118595415 87 19095
1672118598803 88 19095
1672118600669 88 19099
1672118615270 88 19149
1672118629803 88 19199
1672118644404 88 19249
1672118659140 88 19299
1672118670024 88 19312
1672118673274 89 19312
1672118684994 89 19349
1672118699660 89 19399
1672118714324 89 19449
1672118728970 89 19499
1672118744340 89 19529
1672118747607 90 19529
1672118754137 90 19549
1672118768714 90 19599
1672118783303 90 19649
1672118798219 90 19699
1672118818903 90 19746
1672118822321 91 19746
1672118823902 91 19749
1672118838480 91 19799
1672118853219 91 19849
1672118867798 91 19899
1672118882350 91 19949
1672118893388 91 19963
1672118896694 92 19963
1672118907890 92 19999
1672118922603 92 20049
1672118937318 92 20099
1672118951886 92 20149
1672118967670 92 20180
1672118970970 93 20180
1672118977266 93 20199
1672118991921 93 20249
1672119006498 93 20299
1672119021110 93 20349
1672119042095 93 20397
1672119045461 94 20397
1672119046761 94 20399
1672119061301 94 20449
1672119076045 94 20499
1672119090777 94 20549
1672119105505 94 20599
1672119116642 94 20614
1672119119971 95 20614
1672119130820 95 20649
1672119145354 95 20699
1672119159876 95 20749
1672119174629 95 20799
1672119190613 95 20831
1672119194112 96 20831
1672119200236 96 20849
1672119214784 96 20899
1672119229483 96 20949
1672119243982 96 20999
1672119265057 96 21048
1672119268528 97 21048
1672119269534 97 21049
1672119284052 97 21099
1672119298778 97 21149
1672119313336 97 21199
1672119327881 97 21249
1672119339222 97 21265
1672119342766 98 21265
1672119353523 98 21299
1672119368030 98 21349
1672119382607 98 21399
1672119397310 98 21449
1672119413795 98 21482
1672119417215 99 21482
1672119422911 99 21499
1672119437427 99 21549
1672119452066 99 21599
1672119466549 99 21649
1672119481219 99 21699
1672119488032 99 21699
1672119491375 100 21699
1672119506765 100 21749
1672119521376 100 21799
1672119536145 100 21849
1672119550716 100 21899
1672119562322 100 21916
1672119565711 101 21916
1672119576161 101 21949
1672119590858 101 21999
1672119605582 101 22049
1672119620300 101 22099
1672119637162 101 22133
1672119640576 102 22133
1672119645971 102 22149
1672119660480 102 22199
1672119674992 102 22249
1672119689743 102 22299
1672119704405 102 22349
1672119711306 102 22350
1672119714655 103 22350
1672119729740 103 22399
1672119744252 103 22449
1672119758796 103 22499
1672119773475 103 22549
1672119785551 103 22567
1672119788882 104 22567
1672119798919 104 22599
1672119813450 104 22649
1672119828177 104 22699
1672119842723 104 22749
1672119859675 104 22784
1672119863098 105 22784
1672119868179 105 22799
1672119882761 105 22849
1672119897498 105 22899
1672119912095 105 22949
1672119926661 105 22999
1672119933933 105 23001
1672119937322 106 23001
1672119952006 106 23049
1672119966892 106 23099
1672119981447 106 23149
1672119996039 106 23199
1672120008566 106 23218
1672120011952 107 23218
1672120021722 107 23249
1672120036483 107 23299
1672120051280 107 23349
1672120065839 107 23399
1672120083115 107 23435
1672120086487 108 23435
1672120091337 108 23449
1672120105891 108 23499
1672120120558 108 23549
1672120135599 108 23599
1672120150161 108 23649
1672120157757 108 23652
1672120161138 109 23652
1672120175553 109 23699
1672120190356 109 23749
1672120204946 109 23799
1672120219551 109 23849
1672120232246 109 23869
1672120235563 110 23869
1672120244988 110 23899
1672120259749 110 23949
1672120274373 110 23999
1672120289120 110 24049
1672120306566 110 24086
1672120309971 111 24086
1672120314475 111 24099
1672120329183 111 24149
1672120343792 111 24199
1672120358369 111 24249
1672120373114 111 24299
1672120380791 111 24303
1672120384204 112 24303
1672120398379 112 24349
1672120413317 112 24399
1672120427931 112 24449
1672120442747 112 24499
1672120455361 112 24520
1672120458623 113 24520
1672120467759 113 24549
1672120482442 113 24599
1672120496966 113 24649
1672120511539 113 24699
1672120529332 113 24737
1672120532670 114 24737
1672120536877 114 24749
1672120551429 114 24799
1672120566188 114 24849
1672120580761 114 24899
1672120595498 114 24949
1672120603610 114 24954
1672120606937 115 24954
1672120620817 115 24999
1672120635405 115 25049
1672120650184 115 25099
1672120664779 115 25149
1672120677880 115 25171
1672120681264 116 25171
1672120690332 116 25199
1672120704911 116 25249
1672120719495 116 25299
1672120734128 116 25349
1672120752232 116 25388
1672120755631 117 25388
1672120759534 117 25399
1672120774158 117 25449
1672120788787 117 25499
1672120803776 117 25549
1672120818390 117 25599
1672120826822 117 25605
1672120830259 118 25605
1672120843779 118 25649
1672120858333 118 25699
1672120872868 118 25749
1672120887428 118 25799
1672120900990 118 25822
1672120904387 119 25822
1672120913035 119 25849
1672120927715 119 25899
1672120942249 119 25949
1672120957079 119 25999
1672120975364 119 26039
1672120978692 120 26039
1672120982322 120 26049
1672120996856 120 26099
1672121011484 120 26149
1672121026032 120 26199
1672121040600 120 26249
1672121049325 120 26256
1672121052732 121 26256
1672121066106 121 26299
1672121080866 121 26349
1672121095486 121 26399
1672121110292 121 26449
1672121123790 121 26473
1672121127179 122 26473
1672121135413 122 26499
1672121149920 122 26549
1672121164415 122 26599
1672121178931 122 26649
1672121197481 122 26690
1672121200902 123 26690
1672121204271 123 26699
1672121219155 123 26749
1672121233874 123 26799
1672121248578 123 26849
1672121263120 123 26899
1672121272152 123 26907
1672121275485 124 26907
1672121288435 124 26949
1672121303023 124 26999
1672121317622 124 27049
1672121332388 124 27099
1672121346539 124 27124
1672121349899 125 27124
1672121358062 125 27149
1672121372751 125 27199
1672121387258 125 27249
1672121401781 125 27299
1672121420627 125 27341
1672121423909 126 27341
1672121426964 126 27349
1672121441536 126 27399
1672121456327 126 27449
1672121471082 126 27499
1672121485636 126 27549
1672121494800 126 27558
1672121498133 127 27558
1672121511190 127 27599
1672121525799 127 27649
1672121540456 127 27699
1672121555049 127 27749
1672121569155 127 27775
1672121572501 128 27775
1672121580250 128 27799
1672121595062 128 27849
1672121609897 128 27899
1672121624558 128 27949
1672121644248 128 27992
1672121647637 129 27992
1672121650413 129 27999
1672121665177 129 28049
1672121679735 129 28099
1672121694357 129 28149
1672121709117 129 28199
1672121718654 129 28209
1672121721994 130 28209
1672121734336 130 28249
1672121748872 130 28299
1672121763744 130 28349
1672121778252 130 28399
1672121792920 130 28426
1672121796318 131 28426
1672121803713 131 28449
1672121818325 131 28499
1672121832916 131 28549
1672121847546 131 28599
1672121867238 131 28643
1672121870608 132 28643
1672121873060 132 28649
1672121887773 132 28699
1672121902309 132 28749
1672121916869 132 28799
1672121931573 132 28849
1672121941408 132 28860
1672121944701 133 28860
1672121956849 133 28899
1672121971508 133 28949
1672121986454 133 28999
1672122001025 133 29049
1672122015978 133 29077
1672122019264 134 29077
1672122026380 134 29099
1672122041129 134 29149
1672122055695 134 29199
1672122070293 134 29249
1672122090181 134 29294
1672122093455 135 29294
1672122095609 135 29299
1672122110185 135 29349
1672122124953 135 29399
1672122139711 135 29449
1672122154310 135 29499
1672122164755 135 29511
1672122168055 136 29511
1672122179879 136 29549
1672122194480 136 29599
1672122209079 136 29649
1672122223853 136 29699
1672122239014 136 29728
1672122242370 137 29728
1672122249187 137 29749
1672122263786 137 29799
1672122278675 137 29849
1672122293198 137 29899
1672122313203 137 29945
1672122316599 138 29945
1672122318513 138 29949
1672122333005 138 29999
1672122347509 138 30049
1672122361997 138 30099
1672122376772 138 30149
1672122387117 138 30162
1672122390416 139 30162
1672122401887 139 30199
1672122416715 139 30249
1672122431491 139 30299
1672122446077 139 30349
1672122461560 139 30379
1672122464982 140 30379
1672122471526 140 30399
1672122486283 140 30449
1672122500886 140 30499
1672122515642 140 30549
1672122536181 140 30596
1672122539534 141 30596
1672122541126 141 30599
1672122555991 141 30649
1672122570533 141 30699
1672122585055 141 30749
1672122599678 141 30799
1672122610391 141 30813
1672122613788 142 30813
1672122625014 142 30849
1672122639772 142 30899
1672122654535 142 30949
1672122669261 142 30999
1672122685285 142 31030
1672122688633 143 31030
1672122695039 143 31049
1672122709660 143 31099
1672122724260 143 31149
1672122738895 143 31199
1672122759370 143 31247
1672122762737 144 31247
1672122764124 144 31249
1672122778768 144 31299
1672122793568 144 31349
1672122808309 144 31399
1672122823036 144 31449
1672122834372 144 31464
1672122837694 145 31464
1672122848579 145 31499
1672122863229 145 31549
1672122877961 145 31599
1672122892518 145 31649
1672122908602 145 31681
1672122911991 146 31681
1672122917929 146 31699
1672122932485 146 31749
1672122947033 146 31799
1672122961954 146 31849
1672122983114 146 31898
1672122986481 147 31898
1672122987519 147 31899
1672123002037 147 31949
1672123016666 147 31999
1672123031134 147 32049
1672123045592 147 32099
1672123057076 147 32115
1672123060458 148 32115
1672123071094 148 32149
1672123085740 148 32199
1672123100480 148 32249
1672123115224 148 32299
1672123131497 148 32332
1672123134835 149 32332
1672123140463 149 32349
1672123155075 149 32399
1672123169523 149 32449
1672123183966 149 32499
1672123198495 149 32549
1672123205210 149 32549
1672123208452 150 32549
