1672112129763 0.0 216
1672112202772 0.0 433
1672112276650 0.0 650
1672112349884 0.75 867
1672112423416 0.0 1084
1672112497652 0.75 1301
1672112572104 5.75 1518
1672112646323 1.0 1735
1672112720666 2.5 1952
1672112794554 0.0 2169
1672112869365 6.25 2386
1672112943660 2.25 2603
1672113017784 1.75 2820
1672113092468 0.5 3037
1672113166926 0.5 3254
1672113241576 0.5 3471
1672113315709 2.25 3688
1672113389897 0.5 3905
1672113464213 0.5 4122
1672113538614 3.25 4339
1672113613162 1.0 4556
1672113687088 1.75 4773
1672113761649 1.5 4990
1672113835734 1.75 5207
1672113910168 3.25 5424
1672113984502 2.25 5641
1672114058777 2.25 5858
1672114132934 1.5 6075
1672114207328 2.0 6292
1672114281768 1.5 6509
1672114356341 2.0 6726
1672114430569 2.25 6943
1672114505047 1.75 7160
1672114579657 1.75 7377
1672114653739 2.0 7594
1672114728395 3.5 7811
1672114802667 2.0 8028
1672114877336 1.75 8245
1672114951718 3.5 8462
1672115025906 5.0 8679
1672115100097 5.25 8896
1672115174786 2.0 9113
1672115249335 2.0 9330
1672115324004 7.0 9547
1672115398449 2.0 9764
1672115472868 3.75 9981
1672115546695 2.25 10198
1672115620944 3.0 10415
1672115695438 4.0 10632
1672115769907 5.25 10849
1672115844269 15.0 11066
1672115918897 2.25 11283
1672115993752 5.5 11500
1672116068049 13.25 11717
1672116142480 3.5 11934
1672116216651 3.75 12151
1672116291252 4.25 12368
1672116365500 6.0 12585
1672116440080 10.0 12802
1672116514249 17.0 13019
1672116588920 6.25 13236
1672116663522 4.25 13453
1672116738047 4.25 13670
1672116812496 5.25 13887
1672116886810 6.75 14104
1672116960910 10.75 14321
1672117035566 5.75 14538
1672117109796 6.75 14755
1672117183763 9.5 14972
1672117257954 3.75 15189
1672117332552 4.75 15406
1672117406652 6.75 15623
1672117481119 7.5 15840
1672117555308 7.0 16057
1672117629630 11.75 16274
1672117703738 7.25 16491
1672117778364 6.75 16708
1672117852772 6.75 16925
1672117926929 7.5 17142
1672118001282 8.25 17359
1672118075819 5.75 17576
1672118150171 8.25 17793
1672118224143 5.5 18010
1672118299185 7.5 18227
1672118373186 10.75 18444
1672118447409 10.0 18661
1672118521355 10.0 18878
1672118595415 5.75 19095
1672118670024 8.0 19312
1672118744340 5.25 19529
1672118818903 7.75 19746
1672118893388 8.25 19963
1672118967670 9.0 20180
1672119042095 23.0 20397
1672119116642 12.0 20614
1672119190613 6.0 20831
1672119265057 4.5 21048
1672119339222 5.25 21265
1672119413795 5.0 21482
1672119488032 15.25 21699
1672119562322 9.0 21916
1672119637162 8.25 22133
1672119711306 11.5 22350
1672119785551 10.0 22567
1672119859675 8.0 22784
1672119933933 8.5 23001
1672120008566 5.25 23218
1672120083115 10.75 23435
1672120157757 7.25 23652
1672120232246 5.75 23869
1672120306566 11.75 24086
1672120380791 5.25 24303
1672120455361 8.25 24520
1672120529332 7.0 24737
1672120603610 18.5 24954
1672120677880 18.75 25171
1672120752232 8.5 25388
1672120826822 10.75 25605
1672120900990 9.5 25822
1672120975364 7.25 26039
1672121049325 7.5 26256
1672121123790 7.5 26473
1672121197481 5.5 26690
1672121272152 7.5 26907
1672121346539 7.5 27124
1672121420627 14.5 27341
1672121494800 15.5 27558
1672121569155 9.5 27775
1672121644248 4.25 27992
1672121718654 7.5 28209
1672121792920 16.25 28426
1672121867238 7.25 28643
1672121941408 7.75 28860
1672122015978 7.0 29077
1672122090181 12.75 29294
1672122164755 9.25 29511
1672122239014 9.0 29728
1672122313203 5.25 29945
1672122387117 11.5 30162
1672122461560 10.0 30379
1672122536181 7.5 30596
1672122610391 11.25 30813
1672122685285 8.75 31030
1672122759370 7.0 31247
1672122834372 8.75 31464
1672122908602 11.0 31681
1672122983114 10.25 31898
1672123057076 9.5 32115
1672123131497 6.75 32332
1672123205210 9.25 32549
