1672112074087 0.6833333373069763 49
1672112088593 0.5833333730697632 99
1672112103409 0.60317462682724 149
1672112118043 0.7142857313156128 199
1672112143087 0.75 249
1672112157563 0.6166666746139526 299
1672112172030 0.7416666746139526 349
1672112186505 0.6166666746139526 399
1672112211384 0.5833333730697632 449
1672112226136 0.797619104385376 499
1672112240562 0.6138889193534851 549
1672112255142 0.5166666507720947 599
1672112269570 0.6166666746139526 649
1672112294843 0.5476190447807312 699
1672112309255 0.763888955116272 749
1672112323684 0.550000011920929 799
1672112338105 0.32499998807907104 849
1672112363076 0.6666666865348816 899
1672112377882 0.5763888955116272 949
1672112392342 0.5833333730697632 999
1672112406815 0.699999988079071 1049
1672112431830 0.7152777910232544 1099
1672112446518 0.6166666746139526 1149
1672112461249 0.6785714626312256 1199
1672112475848 0.6041666865348816 1249
1672112490386 0.6666666865348816 1299
1672112515801 0.9375 1349
1672112530522 0.6970238089561462 1399
1672112545080 0.6375000476837158 1449
1672112559631 0.6415584683418274 1499
1672112585426 0.7559524178504944 1549
1672112599963 0.6746032238006592 1599
1672112614505 0.7392857074737549 1649
1672112629071 0.2666666805744171 1699
1672112654491 0.4833333492279053 1749
1672112669350 0.6583333611488342 1799
1672112683887 0.8125 1849
1672112698409 0.7749999761581421 1899
1672112713116 0.8583333492279053 1949
1672112738297 0.7059524059295654 1999
1672112752864 0.7470238208770752 2049
1672112767446 0.6388888955116272 2099
1672112782150 0.7559523582458496 2149
1672112807611 0.6916666626930237 2199
1672112822248 0.6428571939468384 2249
1672112836847 0.511904776096344 2299
1672112851671 0.7083333730697632 2349
1672112877131 0.5892857313156128 2399
1672112891879 0.8809524178504944 2449
1672112906405 0.8388888835906982 2499
1672112920931 0.6333333849906921 2549
1672112935607 0.49642854928970337 2599
1672112961072 0.44999998807907104 2649
1672112975774 0.5178571343421936 2699
1672112990489 0.6625000238418579 2749
1672113005079 0.6597222089767456 2799
1672113030210 0.6578283309936523 2849
1672113044964 0.3392857313156128 2899
1672113059540 0.6097222566604614 2949
1672113074394 0.773809552192688 2999
1672113100042 0.7351190447807312 3049
1672113114749 0.5874999761581421 3099
1672113129432 0.7124999761581421 3149
1672113143983 0.6875 3199
1672113158494 0.625 3249
1672113184129 0.5892857313156128 3299
1672113198786 0.6761904954910278 3349
1672113213707 0.5249999761581421 3399
1672113228305 0.2916666865348816 3449
1672113253720 0.8785714507102966 3499
1672113268495 0.9166666865348816 3549
1672113283069 0.6416666507720947 3599
1672113297601 0.8785714507102966 3649
1672113322935 0.20000000298023224 3699
1672113337532 0.6666666865348816 3749
1672113352435 0.8928571939468384 3799
1672113367054 0.3888888955116272 3849
1672113381616 0.7000000476837158 3899
1672113406678 0.5357142686843872 3949
1672113421446 0.7208333015441895 3999
1672113436055 0.6000000238418579 4049
1672113450682 0.5267857313156128 4099
1672113476148 0.615079402923584 4149
1672113490868 0.735119104385376 4199
1672113505505 0.7651515603065491 4249
1672113520167 0.7939394116401672 4299
1672113545524 0.7666666507720947 4349
1672113560208 0.949999988079071 4399
1672113574781 0.5571428537368774 4449
1672113589691 0.7430556416511536 4499
1672113604396 0.6476190686225891 4549
1672113629686 0.7000000476837158 4599
1672113644188 0.7972222566604614 4649
1672113658740 0.7142857313156128 4699
1672113673307 0.5 4749
1672113698703 0.6000000238418579 4799
1672113713532 0.5928571224212646 4849
1672113728260 0.6857143044471741 4899
1672113743020 0.6388888955116272 4949
1672113768267 0.6875 4999
1672113782976 0.5809524059295654 5049
1672113797580 0.5476190447807312 5099
1672113812142 0.7833333611488342 5149
1672113826841 0.5833333730697632 5199
1672113852132 0.7666666507720947 5249
1672113866874 0.7416666746139526 5299
1672113881405 0.7510822415351868 5349
1672113896105 0.5166667103767395 5399
1672113921633 0.48571428656578064 5449
1672113936226 0.7833333611488342 5499
1672113950944 0.887499988079071 5549
1672113965511 0.5 5599
1672113990811 0.49761903285980225 5649
1672114005547 0.6666666865348816 5699
1672114020161 0.6650793552398682 5749
1672114034736 0.8017857074737549 5799
1672114049465 0.7285714149475098 5849
1672114074860 0.8041666746139526 5899
1672114089486 0.824999988079071 5949
1672114104082 0.773809552192688 5999
1672114118679 0.523809552192688 6049
1672114144175 0.2874999940395355 6099
1672114158693 0.5267857313156128 6149
1672114173222 0.36666667461395264 6199
1672114187786 0.7430555820465088 6249
1672114213393 0.7420635223388672 6299
1672114227993 0.5892857313156128 6349
1672114242582 0.5821428894996643 6399
1672114257173 0.4583333432674408 6449
1672114272146 0.7916666865348816 6499
1672114297488 0.8666666746139526 6549
1672114312094 0.8333333730697632 6599
1672114326931 0.5375000238418579 6649
1672114341700 0.6071428656578064 6699
1672114366983 0.8597221970558167 6749
1672114381768 0.6309523582458496 6799
1672114396570 0.6416666507720947 6849
1672114411189 0.908730149269104 6899
1672114436424 0.7083333730697632 6949
1672114451011 0.4375 6999
1672114465988 0.6595238447189331 7049
1672114480628 0.5 7099
1672114495280 0.8500000238418579 7149
1672114520352 0.7261905074119568 7199
1672114535157 0.690079391002655 7249
1672114549954 0.625 7299
1672114564590 0.8392857313156128 7349
1672114590178 0.7416666746139526 7399
1672114604750 0.6791666746139526 7449
1672114619365 0.3541666865348816 7499
1672114633943 0.5750000476837158 7549
1672114659207 0.5976190567016602 7599
1672114674060 0.7833333611488342 7649
1672114688636 0.6726190447807312 7699
1672114703331 0.2916666865348816 7749
1672114718109 0.5357142686843872 7799
1672114743465 0.4333333373069763 7849
1672114758084 0.7022727727890015 7899
1672114772646 0.5684524178504944 7949
1672114787235 0.6666666269302368 7999
1672114812902 0.8041666746139526 8049
1672114827642 0.5809524059295654 8099
1672114842367 0.7749999761581421 8149
1672114857123 0.824999988079071 8199
1672114882596 0.5083333253860474 8249
1672114897162 0.7559524178504944 8299
1672114911755 0.8166666626930237 8349
1672114926314 0.4642857313156128 8399
1672114941229 0.5305556058883667 8449
1672114966486 0.6833333373069763 8499
1672114980995 0.6041666865348816 8549
1672114995829 0.7222222685813904 8599
1672115010356 0.826388955116272 8649
1672115035800 0.8095238208770752 8699
1672115050380 0.1428571492433548 8749
1672115065143 0.5791667103767395 8799
1672115079706 0.9285714626312256 8849
1672115105055 0.737500011920929 8899
1672115119971 0.49761903285980225 8949
1672115134754 0.2857142686843872 8999
1672115149378 0.7410714626312256 9049
1672115164012 0.6701298952102661 9099
1672115189393 0.9142857193946838 9149
1672115203935 0.8660714626312256 9199
1672115218627 0.8184523582458496 9249
1672115233367 0.4888888895511627 9299
1672115258900 0.7416666746139526 9349
1672115273526 0.7976190447807312 9399
1672115288174 0.7000000476837158 9449
1672115303108 0.8785714507102966 9499
1672115328802 0.8888888955116272 9549
1672115343358 0.7083333730697632 9599
1672115358003 0.6517857313156128 9649
1672115372782 0.6499999761581421 9699
1672115387512 0.6166666746139526 9749
1672115412717 0.49166667461395264 9799
1672115427601 0.7222222089767456 9849
1672115442188 0.8875000476837158 9899
1672115456930 0.7559524178504944 9949
1672115482090 0.7833333611488342 9999
1672115496766 0.5833333730697632 10049
1672115511427 0.888888955116272 10099
1672115525938 0.6916666626930237 10149
1672115550964 0.8642857074737549 10199
1672115565551 0.6642857193946838 10249
1672115580429 0.5416666865348816 10299
1672115594979 0.6142857074737549 10349
1672115609530 0.4166666865348816 10399
1672115634999 0.8452381491661072 10449
1672115649720 0.8472222089767456 10499
1672115664278 0.550000011920929 10549
1672115678967 0.5333333015441895 10599
1672115704458 0.8392857313156128 10649
1672115719070 0.7708333730697632 10699
1672115733700 0.6814394593238831 10749
1672115748489 0.6666666865348816 10799
1672115762878 0.5 10849
1672115788461 0.5666666626930237 10899
1672115803225 0.6970238089561462 10949
1672115817738 0.4166666865348816 10999
1672115832443 0.6458333730697632 11049
1672115857818 0.6666666865348816 11099
1672115872493 0.5761905312538147 11149
1672115887217 0.7708333730697632 11199
1672115902036 0.7767857313156128 11249
1672115927670 0.7333333492279053 11299
1672115942242 0.4583333730697632 11349
1672115957202 0.7083333730697632 11399
1672115972053 0.7071428298950195 11449
1672115986684 0.797619104385376 11499
1672116012090 0.699999988079071 11549
1672116026837 0.699999988079071 11599
1672116041408 0.4809523820877075 11649
1672116055984 0.8439394235610962 11699
1672116081358 0.5059524178504944 11749
1672116096158 0.44999998807907104 11799
1672116110782 0.7142857313156128 11849
1672116125569 0.6541666984558105 11899
1672116150980 0.6583333611488342 11949
1672116165595 0.5359848737716675 11999
1672116180202 0.7095238566398621 12049
1672116194787 0.797619104385376 12099
1672116209427 0.6071428656578064 12149
1672116235002 0.7490079402923584 12199
1672116249610 0.6365079283714294 12249
1672116264355 0.6309524178504944 12299
1672116278959 0.3976190686225891 12349
1672116304418 0.7651515603065491 12399
1672116319054 0.8999999761581421 12449
1672116333674 0.6916666626930237 12499
1672116348303 0.4333333373069763 12549
1672116373646 0.6309524178504944 12599
1672116388422 0.6666666865348816 12649
1672116403120 0.8333333730697632 12699
1672116417769 0.8517857193946838 12749
1672116432460 0.8333333730697632 12799
1672116457980 0.8928571343421936 12849
1672116472544 0.7142857313156128 12899
1672116487088 0.5392857193946838 12949
1672116501793 0.2916666865348816 12999
1672116527155 0.8333333730697632 13049
1672116541955 0.7192460894584656 13099
1672116556622 0.6642857193946838 13149
1672116571476 0.8309524059295654 13199
1672116596802 0.8333333730697632 13249
1672116611393 0.5178571343421936 13299
1672116626010 0.5059523582458496 13349
1672116640888 0.5928571820259094 13399
1672116655507 0.2678571343421936 13449
1672116681050 0.8068181872367859 13499
1672116695679 0.7916666865348816 13549
1672116710294 0.8452380895614624 13599
1672116725092 0.7803571224212646 13649
1672116751042 0.6666666865348816 13699
1672116765559 0.699999988079071 13749
1672116780120 0.6041666865348816 13799
1672116794676 0.8031746745109558 13849
1672116820240 0.8333333730697632 13899
1672116834746 0.5166666507720947 13949
1672116849436 0.6904762387275696 13999
1672116863973 0.5147727131843567 14049
1672116878654 0.4571428596973419 14099
1672116904097 0.6017857193946838 14149
1672116918631 0.6428571343421936 14199
1672116933192 0.4642857313156128 14249
1672116947734 0.5333333611488342 14299
1672116973081 0.5 14349
1672116987714 0.908730149269104 14399
1672117002609 0.6875 14449
1672117017192 0.7397727370262146 14499
1672117042921 0.3958333134651184 14549
1672117057491 0.797619104385376 14599
1672117072038 0.6666666865348816 14649
1672117086811 0.6666666865348816 14699
1672117101349 0.8041666746139526 14749
1672117126747 0.7916666865348816 14799
1672117141203 0.75 14849
1672117155725 0.5833333730697632 14899
1672117170166 0.7392857074737549 14949
1672117195736 0.625 14999
1672117210334 0.7250000238418579 15049
1672117225101 0.4791666865348816 15099
1672117239687 0.7000000476837158 15149
1672117264955 0.4642857015132904 15199
1672117279676 0.4928571283817291 15249
1672117294681 0.4583333730697632 15299
1672117309274 0.6916667222976685 15349
1672117323875 0.5625 15399
1672117349142 0.4333333373069763 15449
1672117363849 0.747619092464447 15499
1672117378415 0.8666666746139526 15549
1672117392922 0.8304473757743835 15599
1672117418469 0.48749998211860657 15649
1672117433003 0.8500000238418579 15699
1672117447876 0.8388888835906982 15749
1672117462436 0.7430555820465088 15799
1672117488040 0.5416666865348816 15849
1672117502578 0.6166666746139526 15899
1672117517107 0.5178571343421936 15949
1672117531642 0.5178571343421936 15999
1672117546325 0.4861111044883728 16049
1672117571751 0.638888955116272 16099
1672117586504 0.44999998807907104 16149
1672117601047 0.7817460298538208 16199
1672117615767 0.4900793731212616 16249
1672117641061 0.5357142686843872 16299
1672117655599 0.4166666865348816 16349
1672117670146 0.7817460298538208 16399
1672117684862 0.6529914736747742 16449
1672117710241 0.6499999761581421 16499
1672117724913 0.5416666865348816 16549
1672117739822 0.7803571224212646 16599
1672117754605 0.8452380895614624 16649
1672117769153 0.2928571403026581 16699
1672117794433 0.60317462682724 16749
1672117809024 0.574999988079071 16799
1672117823758 0.8095238208770752 16849
1672117838326 0.8125 16899
1672117863822 0.8531745672225952 16949
1672117878388 0.6666666865348816 16999
1672117893319 0.6095238327980042 17049
1672117907884 0.7595238089561462 17099
1672117933104 0.7833333611488342 17149
1672117947683 0.4583333730697632 17199
1672117962561 0.6642857193946838 17249
1672117977329 0.4791666865348816 17299
1672117991839 0.5522727370262146 17349
1672118017259 0.7202381491661072 17399
1672118032030 0.75 17449
1672118046646 0.7333333492279053 17499
1672118061263 0.699999988079071 17549
1672118086534 0.949999988079071 17599
1672118101374 0.5555555820465088 17649
1672118115886 0.824999988079071 17699
1672118130380 0.8071428537368774 17749
1672118156030 0.85317462682724 17799
1672118170545 0.8740079402923584 17849
1672118185056 0.8809524178504944 17899
1672118199593 0.4166666865348816 17949
1672118214104 0.48750001192092896 17999
1672118239760 0.6000000238418579 18049
1672118254544 0.7785714268684387 18099
1672118269472 0.824999988079071 18149
1672118284112 0.8865079283714294 18199
1672118309657 0.7083333730697632 18249
1672118324214 0.7041667103767395 18299
1672118338735 0.5 18349
1672118353222 0.512499988079071 18399
1672118378762 0.5928571224212646 18449
1672118393622 0.7416666746139526 18499
1672118408217 0.75 18549
1672118422745 0.6059523820877075 18599
1672118437306 0.7388888597488403 18649
1672118462604 0.6345238089561462 18699
1672118477097 0.8095238208770752 18749
1672118491612 0.7749999761581421 18799
1672118506476 0.8309524059295654 18849
1672118531684 0.9166666865348816 18899
1672118546407 0.5222222805023193 18949
1672118560907 0.8557692170143127 18999
1672118575411 0.3693181872367859 19049
1672118600669 0.5666666626930237 19099
1672118615270 0.7059524059295654 19149
1672118629803 0.5222222805023193 19199
1672118644404 0.9217171669006348 19249
1672118659140 0.41428571939468384 19299
1672118684994 0.7678571343421936 19349
1672118699660 0.773809552192688 19399
1672118714324 0.8055555820465088 19449
1672118728970 0.7541666626930237 19499
1672118754137 0.6916666626930237 19549
1672118768714 0.9007936716079712 19599
1672118783303 0.638888955116272 19649
1672118798219 0.5166667103767395 19699
1672118823902 0.6722222566604614 19749
1672118838480 0.8017857074737549 19799
1672118853219 0.6666666865348816 19849
1672118867798 0.7651515603065491 19899
1672118882350 0.7828283309936523 19949
1672118907890 0.6041666865348816 19999
1672118922603 0.7420635223388672 20049
1672118937318 0.9166666865348816 20099
1672118951886 0.5625 20149
1672118977266 0.7351190447807312 20199
1672118991921 0.5595238208770752 20249
1672119006498 0.8142857551574707 20299
1672119021110 0.875 20349
1672119046761 0.6416666507720947 20399
1672119061301 0.7666667103767395 20449
1672119076045 0.512499988079071 20499
1672119090777 0.560606062412262 20549
1672119105505 0.5833333730697632 20599
1672119130820 0.6916666626930237 20649
1672119145354 0.6101190447807312 20699
1672119159876 0.46785712242126465 20749
1672119174629 0.46666669845581055 20799
1672119200236 0.4913420081138611 20849
1672119214784 0.5416666865348816 20899
1672119229483 0.7000000476837158 20949
1672119243982 0.7510822415351868 20999
1672119269534 0.8309524059295654 21049
1672119284052 0.7446428537368774 21099
1672119298778 0.6791666746139526 21149
1672119313336 0.6499999761581421 21199
1672119327881 0.5928571224212646 21249
1672119353523 0.8071428537368774 21299
1672119368030 0.615079402923584 21349
1672119382607 0.38333335518836975 21399
1672119397310 0.5 21449
1672119422911 0.6011905074119568 21499
1672119437427 0.6041666865348816 21549
1672119452066 0.6428571939468384 21599
1672119466549 0.8928571343421936 21649
1672119481219 0.0 21699
1672119506765 0.7708333730697632 21749
1672119521376 0.6809523701667786 21799
1672119536145 0.8392857313156128 21849
1672119550716 0.6095238327980042 21899
1672119576161 0.6222222447395325 21949
1672119590858 0.5178571343421936 21999
1672119605582 0.6309524178504944 22049
1672119620300 0.7000000476837158 22099
1672119645971 0.6916666626930237 22149
1672119660480 0.5833333730697632 22199
1672119674992 0.6666666865348816 22249
1672119689743 0.4939393997192383 22299
1672119704405 0.49166667461395264 22349
1672119729740 0.6915584802627563 22399
1672119744252 0.8309524059295654 22449
1672119758796 0.5317460298538208 22499
1672119773475 0.7722222805023193 22549
1672119798919 0.6833333373069763 22599
1672119813450 0.7833333611488342 22649
1672119828177 0.4928571283817291 22699
1672119842723 0.5333333015441895 22749
1672119868179 0.6057692170143127 22799
1672119882761 0.6071428656578064 22849
1672119897498 0.44999998807907104 22899
1672119912095 0.6250000596046448 22949
1672119926661 0.7250000238418579 22999
1672119952006 0.763888955116272 23049
1672119966892 0.75 23099
1672119981447 0.7095237970352173 23149
1672119996039 0.6865079402923584 23199
1672120021722 0.6597222089767456 23249
1672120036483 0.1428571343421936 23299
1672120051280 0.7166666984558105 23349
1672120065839 0.75 23399
1672120091337 0.5666666626930237 23449
1672120105891 0.6809523701667786 23499
1672120120558 0.5416666865348816 23549
1672120135599 0.5809524059295654 23599
1672120150161 0.7059524059295654 23649
1672120175553 0.8392857313156128 23699
1672120190356 0.8055555820465088 23749
1672120204946 0.5916666984558105 23799
1672120219551 0.8166666626930237 23849
1672120244988 0.9365079402923584 23899
1672120259749 0.8333333730697632 23949
1672120274373 0.8809524178504944 23999
1672120289120 0.8041667342185974 24049
1672120314475 0.8184524178504944 24099
1672120329183 0.8999999761581421 24149
1672120343792 0.625 24199
1672120358369 0.8999999761581421 24249
1672120373114 0.6666666865348816 24299
1672120398379 0.6642857193946838 24349
1672120413317 0.8666666746139526 24399
1672120427931 0.574999988079071 24449
1672120442747 0.5939394235610962 24499
1672120467759 0.6583333611488342 24549
1672120482442 0.5809524059295654 24599
1672120496966 0.5345238447189331 24649
1672120511539 0.6726190447807312 24699
1672120536877 0.7166666984558105 24749
1672120551429 0.4285714328289032 24799
1672120566188 0.5666667222976685 24849
1672120580761 0.5714285969734192 24899
1672120595498 0.8541666865348816 24949
1672120620817 0.7321428656578064 24999
1672120635405 0.7142857313156128 25049
1672120650184 0.7978896498680115 25099
1672120664779 0.40952378511428833 25149
1672120690332 0.5166666507720947 25199
1672120704911 0.625 25249
1672120719495 0.7166666984558105 25299
1672120734128 0.8452381491661072 25349
1672120759534 0.7892857193946838 25399
1672120774158 0.7222222089767456 25449
1672120788787 0.7689393758773804 25499
1672120803776 0.574999988079071 25549
1672120818390 0.5952380895614624 25599
1672120843779 0.9375 25649
1672120858333 0.824999988079071 25699
1672120872868 0.6583333611488342 25749
1672120887428 0.4749999940395355 25799
1672120913035 0.6666666865348816 25849
1672120927715 0.7589285969734192 25899
1672120942249 0.5392857193946838 25949
1672120957079 0.72817462682724 25999
1672120982322 0.7142857313156128 26049
1672120996856 0.4833333492279053 26099
1672121011484 0.5416666865348816 26149
1672121026032 0.4642857313156128 26199
1672121040600 0.5142857432365417 26249
1672121066106 0.5595238208770752 26299
1672121080866 0.8642857074737549 26349
1672121095486 0.6583333611488342 26399
1672121110292 0.7291666865348816 26449
1672121135413 0.4571428596973419 26499
1672121149920 0.824999988079071 26549
1672121164415 0.5625 26599
1672121178931 0.6309523582458496 26649
1672121204271 0.6916666626930237 26699
1672121219155 0.8106061220169067 26749
1672121233874 0.5555555820465088 26799
1672121248578 0.773809552192688 26849
1672121263120 0.7410714626312256 26899
1672121288435 0.7532467842102051 26949
1672121303023 0.3888888955116272 26999
1672121317622 0.5476190447807312 27049
1672121332388 0.75 27099
1672121358062 0.9097222089767456 27149
1672121372751 0.5642857551574707 27199
1672121387258 0.4642857313156128 27249
1672121401781 0.6309523582458496 27299
1672121426964 0.8041666746139526 27349
1672121441536 0.6428571343421936 27399
1672121456327 0.7539682984352112 27449
1672121471082 0.8785714507102966 27499
1672121485636 0.637499988079071 27549
1672121511190 0.5222222805023193 27599
1672121525799 0.6458333730697632 27649
1672121540456 0.7874999642372131 27699
1672121555049 0.5166666507720947 27749
1672121580250 0.7476190328598022 27799
1672121595062 0.6583333611488342 27849
1672121609897 0.7689394354820251 27899
1672121624558 0.5428571701049805 27949
1672121650413 0.6499999761581421 27999
1672121665177 0.7984848618507385 28049
1672121679735 0.8035714626312256 28099
1672121694357 0.9642857313156128 28149
1672121709117 0.6916666626930237 28199
1672121734336 0.5642856955528259 28249
1672121748872 0.4166666865348816 28299
1672121763744 0.7892857193946838 28349
1672121778252 0.8041666746139526 28399
1672121803713 0.8500000238418579 28449
1672121818325 0.8809524178504944 28499
1672121832916 0.49166667461395264 28549
1672121847546 0.7392857074737549 28599
1672121873060 0.9375 28649
1672121887773 0.8388888835906982 28699
1672121902309 0.6375000476837158 28749
1672121916869 0.3541666865348816 28799
1672121931573 0.6476190686225891 28849
1672121956849 0.7142857313156128 28899
1672121971508 0.7559524178504944 28949
1672121986454 0.699999988079071 28999
1672122001025 0.8517857193946838 29049
1672122026380 0.2666666805744171 29099
1672122041129 0.5595238208770752 29149
1672122055695 0.5583333373069763 29199
1672122070293 0.6916666626930237 29249
1672122095609 0.7559524178504944 29299
1672122110185 0.5972222089767456 29349
1672122124953 0.8499999642372131 29399
1672122139711 0.7416666746139526 29449
1672122154310 0.46666666865348816 29499
1672122179879 0.6964285969734192 29549
1672122194480 0.7952381372451782 29599
1672122209079 0.7952380776405334 29649
1672122223853 0.6517857313156128 29699
1672122249187 0.5642857551574707 29749
1672122263786 0.4333333373069763 29799
1672122278675 0.7291666865348816 29849
1672122293198 0.5714285373687744 29899
1672122318513 0.6666666865348816 29949
1672122333005 0.7476190328598022 29999
1672122347509 0.9365079402923584 30049
1672122361997 0.85317462682724 30099
1672122376772 0.7541666626930237 30149
1672122401887 0.5523809194564819 30199
1672122416715 0.4392857253551483 30249
1672122431491 0.8500000238418579 30299
1672122446077 0.6892856955528259 30349
1672122471526 0.7749999761581421 30399
1672122486283 0.7083333730697632 30449
1672122500886 0.7083333730697632 30499
1672122515642 0.7410714626312256 30549
1672122541126 0.36666667461395264 30599
1672122555991 0.6791666746139526 30649
1672122570533 0.6642857193946838 30699
1672122585055 0.8160714507102966 30749
1672122599678 0.7261905074119568 30799
1672122625014 0.5059523582458496 30849
1672122639772 0.5166667103767395 30899
1672122654535 0.7041666507720947 30949
1672122669261 0.7892857193946838 30999
1672122695039 0.8166666626930237 31049
1672122709660 0.8666666746139526 31099
1672122724260 0.41428571939468384 31149
1672122738895 0.4791666865348816 31199
1672122764124 0.9166666865348816 31249
1672122778768 0.7666667103767395 31299
1672122793568 0.5059524178504944 31349
1672122808309 0.6527777910232544 31399
1672122823036 0.3333333432674408 31449
1672122848579 0.3916666805744171 31499
1672122863229 0.6238095760345459 31549
1672122877961 0.7365080118179321 31599
1672122892518 0.8666666746139526 31649
1672122917929 0.9166666865348816 31699
1672122932485 0.5476190447807312 31749
1672122947033 0.4166666865348816 31799
1672122961954 0.6642857789993286 31849
1672122987519 0.797619104385376 31899
1672123002037 0.3678571283817291 31949
1672123016666 0.9142857193946838 31999
1672123031134 0.6022727489471436 32049
1672123045592 0.8351647853851318 32099
1672123071094 0.7222222089767456 32149
1672123085740 0.8095238208770752 32199
1672123100480 0.8392857313156128 32249
1672123115224 0.9017857313156128 32299
1672123140463 0.6726190447807312 32349
1672123155075 0.5142857432365417 32399
1672123169523 0.5333333611488342 32449
1672123183966 0.6333333253860474 32499
1672123198495 0.25 32549
