1672112074087 0.78125 49
1672112088593 0.75 99
1672112103409 0.875 149
1672112118043 0.875 199
1672112143087 0.8125 249
1672112157563 0.875 299
1672112172030 0.8125 349
1672112186505 0.75 399
1672112211384 0.875 449
1672112226136 0.84375 499
1672112240562 0.71875 549
1672112255142 0.71875 599
1672112269570 0.78125 649
1672112294843 0.75 699
1672112309255 0.75 749
1672112323684 0.65625 799
1672112338105 0.71875 849
1672112363076 0.75 899
1672112377882 0.75 949
1672112392342 0.84375 999
1672112406815 0.75 1049
1672112431830 0.71875 1099
1672112446518 0.875 1149
1672112461249 0.90625 1199
1672112475848 0.8125 1249
1672112490386 0.90625 1299
1672112515801 0.9375 1349
1672112530522 0.78125 1399
1672112545080 0.75 1449
1672112559631 0.8125 1499
1672112585426 0.84375 1549
1672112599963 0.71875 1599
1672112614505 0.84375 1649
1672112629071 0.65625 1699
1672112654491 0.71875 1749
1672112669350 0.78125 1799
1672112683887 0.875 1849
1672112698409 0.75 1899
1672112713116 0.875 1949
1672112738297 0.78125 1999
1672112752864 0.8125 2049
1672112767446 0.84375 2099
1672112782150 0.8125 2149
1672112807611 0.78125 2199
1672112822248 0.6875 2249
1672112836847 0.78125 2299
1672112851671 0.78125 2349
1672112877131 0.65625 2399
1672112891879 0.90625 2449
1672112906405 0.84375 2499
1672112920931 0.78125 2549
1672112935607 0.65625 2599
1672112961072 0.90625 2649
1672112975774 0.78125 2699
1672112990489 0.78125 2749
1672113005079 0.75 2799
1672113030210 0.75 2849
1672113044964 0.65625 2899
1672113059540 0.8125 2949
1672113074394 0.84375 2999
1672113100042 0.75 3049
1672113114749 0.8125 3099
1672113129432 0.8125 3149
1672113143983 0.84375 3199
1672113158494 0.8125 3249
1672113184129 0.75 3299
1672113198786 0.71875 3349
1672113213707 0.78125 3399
1672113228305 0.6875 3449
1672113253720 0.90625 3499
1672113268495 0.96875 3549
1672113283069 0.6875 3599
1672113297601 0.875 3649
1672113322935 0.8125 3699
1672113337532 0.6875 3749
1672113352435 0.90625 3799
1672113367054 0.75 3849
1672113381616 0.8125 3899
1672113406678 0.59375 3949
1672113421446 0.78125 3999
1672113436055 0.8125 4049
1672113450682 0.8125 4099
1672113476148 0.75 4149
1672113490868 0.78125 4199
1672113505505 0.8125 4249
1672113520167 0.78125 4299
1672113545524 0.875 4349
1672113560208 0.96875 4399
1672113574781 0.75 4449
1672113589691 0.78125 4499
1672113604396 0.78125 4549
1672113629686 0.8125 4599
1672113644188 0.875 4649
1672113658740 0.78125 4699
1672113673307 0.8125 4749
1672113698703 0.8125 4799
1672113713532 0.78125 4849
1672113728260 0.75 4899
1672113743020 0.75 4949
1672113768267 0.75 4999
1672113782976 0.84375 5049
1672113797580 0.78125 5099
1672113812142 0.875 5149
1672113826841 0.625 5199
1672113852132 0.8125 5249
1672113866874 0.875 5299
1672113881405 0.78125 5349
1672113896105 0.6875 5399
1672113921633 0.65625 5449
1672113936226 0.875 5499
1672113950944 0.90625 5549
1672113965511 0.59375 5599
1672113990811 0.8125 5649
1672114005547 0.84375 5699
1672114020161 0.75 5749
1672114034736 0.84375 5799
1672114049465 0.8125 5849
1672114074860 0.84375 5899
1672114089486 0.90625 5949
1672114104082 0.78125 5999
1672114118679 0.78125 6049
1672114144175 0.65625 6099
1672114158693 0.6875 6149
1672114173222 0.75 6199
1672114187786 0.8125 6249
1672114213393 0.78125 6299
1672114227993 0.8125 6349
1672114242582 0.65625 6399
1672114257173 0.75 6449
1672114272146 0.78125 6499
1672114297488 0.9375 6549
1672114312094 0.9375 6599
1672114326931 0.75 6649
1672114341700 0.71875 6699
1672114366983 0.875 6749
1672114381768 0.8125 6799
1672114396570 0.8125 6849
1672114411189 0.90625 6899
1672114436424 0.875 6949
1672114451011 0.75 6999
1672114465988 0.75 7049
1672114480628 0.875 7099
1672114495280 0.90625 7149
1672114520352 0.78125 7199
1672114535157 0.78125 7249
1672114549954 0.875 7299
1672114564590 0.84375 7349
1672114590178 0.8125 7399
1672114604750 0.6875 7449
1672114619365 0.78125 7499
1672114633943 0.78125 7549
1672114659207 0.71875 7599
1672114674060 0.90625 7649
1672114688636 0.71875 7699
1672114703331 0.71875 7749
1672114718109 0.6875 7799
1672114743465 0.75 7849
1672114758084 0.75 7899
1672114772646 0.875 7949
1672114787235 0.75 7999
1672114812902 0.84375 8049
1672114827642 0.84375 8099
1672114842367 0.8125 8149
1672114857123 0.90625 8199
1672114882596 0.75 8249
1672114897162 0.8125 8299
1672114911755 0.90625 8349
1672114926314 0.6875 8399
1672114941229 0.78125 8449
1672114966486 0.84375 8499
1672114980995 0.78125 8549
1672114995829 0.84375 8599
1672115010356 0.875 8649
1672115035800 0.8125 8699
1672115050380 0.84375 8749
1672115065143 0.71875 8799
1672115079706 0.9375 8849
1672115105055 0.8125 8899
1672115119971 0.78125 8949
1672115134754 0.75 8999
1672115149378 0.8125 9049
1672115164012 0.75 9099
1672115189393 0.9375 9149
1672115203935 0.875 9199
1672115218627 0.84375 9249
1672115233367 0.75 9299
1672115258900 0.84375 9349
1672115273526 0.875 9399
1672115288174 0.8125 9449
1672115303108 0.90625 9499
1672115328802 0.9375 9549
1672115343358 0.875 9599
1672115358003 0.71875 9649
1672115372782 0.9375 9699
1672115387512 0.875 9749
1672115412717 0.8125 9799
1672115427601 0.84375 9849
1672115442188 0.875 9899
1672115456930 0.84375 9949
1672115482090 0.84375 9999
1672115496766 0.75 10049
1672115511427 0.875 10099
1672115525938 0.8125 10149
1672115550964 0.90625 10199
1672115565551 0.75 10249
1672115580429 0.78125 10299
1672115594979 0.8125 10349
1672115609530 0.8125 10399
1672115634999 0.875 10449
1672115649720 0.90625 10499
1672115664278 0.75 10549
1672115678967 0.75 10599
1672115704458 0.90625 10649
1672115719070 0.8125 10699
1672115733700 0.75 10749
1672115748489 0.75 10799
1672115762878 0.625 10849
1672115788461 0.78125 10899
1672115803225 0.78125 10949
1672115817738 0.78125 10999
1672115832443 0.71875 11049
1672115857818 0.84375 11099
1672115872493 0.6875 11149
1672115887217 0.8125 11199
1672115902036 0.84375 11249
1672115927670 0.8125 11299
1672115942242 0.75 11349
1672115957202 0.8125 11399
1672115972053 0.78125 11449
1672115986684 0.875 11499
1672116012090 0.84375 11549
1672116026837 0.90625 11599
1672116041408 0.8125 11649
1672116055984 0.875 11699
1672116081358 0.71875 11749
1672116096158 0.84375 11799
1672116110782 0.90625 11849
1672116125569 0.75 11899
1672116150980 0.6875 11949
1672116165595 0.78125 11999
1672116180202 0.71875 12049
1672116194787 0.875 12099
1672116209427 0.78125 12149
1672116235002 0.8125 12199
1672116249610 0.84375 12249
1672116264355 0.71875 12299
1672116278959 0.65625 12349
1672116304418 0.84375 12399
1672116319054 0.9375 12449
1672116333674 0.8125 12499
1672116348303 0.75 12549
1672116373646 0.84375 12599
1672116388422 0.84375 12649
1672116403120 0.90625 12699
1672116417769 0.875 12749
1672116432460 0.90625 12799
1672116457980 0.90625 12849
1672116472544 0.875 12899
1672116487088 0.84375 12949
1672116501793 0.75 12999
1672116527155 0.875 13049
1672116541955 0.78125 13099
1672116556622 0.75 13149
1672116571476 0.90625 13199
1672116596802 0.90625 13249
1672116611393 0.78125 13299
1672116626010 0.78125 13349
1672116640888 0.6875 13399
1672116655507 0.65625 13449
1672116681050 0.84375 13499
1672116695679 0.84375 13549
1672116710294 0.875 13599
1672116725092 0.78125 13649
1672116751042 0.8125 13699
1672116765559 0.78125 13749
1672116780120 0.84375 13799
1672116794676 0.8125 13849
1672116820240 0.90625 13899
1672116834746 0.78125 13949
1672116849436 0.71875 13999
1672116863973 0.6875 14049
1672116878654 0.75 14099
1672116904097 0.875 14149
1672116918631 0.875 14199
1672116933192 0.65625 14249
1672116947734 0.75 14299
1672116973081 0.71875 14349
1672116987714 0.90625 14399
1672117002609 0.875 14449
1672117017192 0.8125 14499
1672117042921 0.71875 14549
1672117057491 0.875 14599
1672117072038 0.6875 14649
1672117086811 0.8125 14699
1672117101349 0.84375 14749
1672117126747 0.84375 14799
1672117141203 0.8125 14849
1672117155725 0.71875 14899
1672117170166 0.84375 14949
1672117195736 0.9375 14999
1672117210334 0.84375 15049
1672117225101 0.71875 15099
1672117239687 0.90625 15149
1672117264955 0.65625 15199
1672117279676 0.6875 15249
1672117294681 0.6875 15299
1672117309274 0.8125 15349
1672117323875 0.71875 15399
1672117349142 0.71875 15449
1672117363849 0.8125 15499
1672117378415 0.90625 15549
1672117392922 0.875 15599
1672117418469 0.65625 15649
1672117433003 0.84375 15699
1672117447876 0.84375 15749
1672117462436 0.8125 15799
1672117488040 0.875 15849
1672117502578 0.78125 15899
1672117517107 0.8125 15949
1672117531642 0.78125 15999
1672117546325 0.71875 16049
1672117571751 0.875 16099
1672117586504 0.875 16149
1672117601047 0.84375 16199
1672117615767 0.78125 16249
1672117641061 0.78125 16299
1672117655599 0.78125 16349
1672117670146 0.84375 16399
1672117684862 0.8125 16449
1672117710241 0.8125 16499
1672117724913 0.875 16549
1672117739822 0.8125 16599
1672117754605 0.90625 16649
1672117769153 0.6875 16699
1672117794433 0.84375 16749
1672117809024 0.90625 16799
1672117823758 0.875 16849
1672117838326 0.875 16899
1672117863822 0.90625 16949
1672117878388 0.84375 16999
1672117893319 0.6875 17049
1672117907884 0.84375 17099
1672117933104 0.8125 17149
1672117947683 0.78125 17199
1672117962561 0.875 17249
1672117977329 0.8125 17299
1672117991839 0.8125 17349
1672118017259 0.8125 17399
1672118032030 0.8125 17449
1672118046646 0.78125 17499
1672118061263 0.9375 17549
1672118086534 0.96875 17599
1672118101374 0.75 17649
1672118115886 0.90625 17699
1672118130380 0.8125 17749
1672118156030 0.90625 17799
1672118170545 0.875 17849
1672118185056 0.90625 17899
1672118199593 0.78125 17949
1672118214104 0.8125 17999
1672118239760 0.8125 18049
1672118254544 0.84375 18099
1672118269472 0.875 18149
1672118284112 0.875 18199
1672118309657 0.8125 18249
1672118324214 0.78125 18299
1672118338735 0.875 18349
1672118353222 0.8125 18399
1672118378762 0.8125 18449
1672118393622 0.84375 18499
1672118408217 0.875 18549
1672118422745 0.6875 18599
1672118437306 0.8125 18649
1672118462604 0.71875 18699
1672118477097 0.875 18749
1672118491612 0.8125 18799
1672118506476 0.84375 18849
1672118531684 0.96875 18899
1672118546407 0.8125 18949
1672118560907 0.84375 18999
1672118575411 0.625 19049
1672118600669 0.8125 19099
1672118615270 0.8125 19149
1672118629803 0.78125 19199
1672118644404 0.90625 19249
1672118659140 0.75 19299
1672118684994 0.78125 19349
1672118699660 0.84375 19399
1672118714324 0.90625 19449
1672118728970 0.8125 19499
1672118754137 0.71875 19549
1672118768714 0.90625 19599
1672118783303 0.84375 19649
1672118798219 0.75 19699
1672118823902 0.78125 19749
1672118838480 0.84375 19799
1672118853219 0.90625 19849
1672118867798 0.78125 19899
1672118882350 0.875 19949
1672118907890 0.8125 19999
1672118922603 0.78125 20049
1672118937318 0.9375 20099
1672118951886 0.75 20149
1672118977266 0.78125 20199
1672118991921 0.75 20249
1672119006498 0.875 20299
1672119021110 0.9375 20349
1672119046761 0.78125 20399
1672119061301 0.84375 20449
1672119076045 0.6875 20499
1672119090777 0.8125 20549
1672119105505 0.78125 20599
1672119130820 0.78125 20649
1672119145354 0.65625 20699
1672119159876 0.8125 20749
1672119174629 0.71875 20799
1672119200236 0.71875 20849
1672119214784 0.75 20899
1672119229483 0.78125 20949
1672119243982 0.8125 20999
1672119269534 0.90625 21049
1672119284052 0.78125 21099
1672119298778 0.75 21149
1672119313336 0.78125 21199
1672119327881 0.84375 21249
1672119353523 0.84375 21299
1672119368030 0.84375 21349
1672119382607 0.65625 21399
1672119397310 0.75 21449
1672119422911 0.6875 21499
1672119437427 0.875 21549
1672119452066 0.71875 21599
1672119466549 0.90625 21649
1672119481219 1.0 21699
1672119506765 0.84375 21749
1672119521376 0.8125 21799
1672119536145 0.90625 21849
1672119550716 0.71875 21899
1672119576161 0.84375 21949
1672119590858 0.8125 21999
1672119605582 0.78125 22049
1672119620300 0.8125 22099
1672119645971 0.8125 22149
1672119660480 0.875 22199
1672119674992 0.9375 22249
1672119689743 0.75 22299
1672119704405 0.75 22349
1672119729740 0.78125 22399
1672119744252 0.90625 22449
1672119758796 0.78125 22499
1672119773475 0.84375 22549
1672119798919 0.75 22599
1672119813450 0.90625 22649
1672119828177 0.78125 22699
1672119842723 0.8125 22749
1672119868179 0.84375 22799
1672119882761 0.75 22849
1672119897498 0.75 22899
1672119912095 0.71875 22949
1672119926661 0.84375 22999
1672119952006 0.875 23049
1672119966892 0.8125 23099
1672119981447 0.8125 23149
1672119996039 0.90625 23199
1672120021722 0.84375 23249
1672120036483 0.625 23299
1672120051280 0.8125 23349
1672120065839 0.96875 23399
1672120091337 0.8125 23449
1672120105891 0.8125 23499
1672120120558 0.65625 23549
1672120135599 0.75 23599
1672120150161 0.8125 23649
1672120175553 0.84375 23699
1672120190356 0.875 23749
1672120204946 0.71875 23799
1672120219551 0.84375 23849
1672120244988 0.9375 23899
1672120259749 0.875 23949
1672120274373 0.90625 23999
1672120289120 0.84375 24049
1672120314475 0.875 24099
1672120329183 0.90625 24149
1672120343792 0.78125 24199
1672120358369 0.9375 24249
1672120373114 0.84375 24299
1672120398379 0.875 24349
1672120413317 0.90625 24399
1672120427931 0.8125 24449
1672120442747 0.78125 24499
1672120467759 0.78125 24549
1672120482442 0.90625 24599
1672120496966 0.71875 24649
1672120511539 0.78125 24699
1672120536877 0.8125 24749
1672120551429 0.90625 24799
1672120566188 0.8125 24849
1672120580761 0.75 24899
1672120595498 0.90625 24949
1672120620817 0.8125 24999
1672120635405 0.96875 25049
1672120650184 0.78125 25099
1672120664779 0.6875 25149
1672120690332 0.625 25199
1672120704911 0.90625 25249
1672120719495 0.84375 25299
1672120734128 0.84375 25349
1672120759534 0.875 25399
1672120774158 0.75 25449
1672120788787 0.875 25499
1672120803776 0.875 25549
1672120818390 0.875 25599
1672120843779 0.9375 25649
1672120858333 0.90625 25699
1672120872868 0.8125 25749
1672120887428 0.84375 25799
1672120913035 0.84375 25849
1672120927715 0.78125 25899
1672120942249 0.71875 25949
1672120957079 0.84375 25999
1672120982322 0.8125 26049
1672120996856 0.75 26099
1672121011484 0.84375 26149
1672121026032 0.8125 26199
1672121040600 0.8125 26249
1672121066106 0.75 26299
1672121080866 0.90625 26349
1672121095486 0.71875 26399
1672121110292 0.84375 26449
1672121135413 0.75 26499
1672121149920 0.90625 26549
1672121164415 0.8125 26599
1672121178931 0.78125 26649
1672121204271 0.8125 26699
1672121219155 0.90625 26749
1672121233874 0.8125 26799
1672121248578 0.84375 26849
1672121263120 0.8125 26899
1672121288435 0.75 26949
1672121303023 0.8125 26999
1672121317622 0.71875 27049
1672121332388 0.90625 27099
1672121358062 0.90625 27149
1672121372751 0.84375 27199
1672121387258 0.84375 27249
1672121401781 0.75 27299
1672121426964 0.875 27349
1672121441536 0.84375 27399
1672121456327 0.8125 27449
1672121471082 0.90625 27499
1672121485636 0.6875 27549
1672121511190 0.8125 27599
1672121525799 0.8125 27649
1672121540456 0.84375 27699
1672121555049 0.71875 27749
1672121580250 0.8125 27799
1672121595062 0.8125 27849
1672121609897 0.84375 27899
1672121624558 0.71875 27949
1672121650413 0.90625 27999
1672121665177 0.78125 28049
1672121679735 0.875 28099
1672121694357 0.96875 28149
1672121709117 0.84375 28199
1672121734336 0.8125 28249
1672121748872 0.8125 28299
1672121763744 0.875 28349
1672121778252 0.875 28399
1672121803713 0.875 28449
1672121818325 0.9375 28499
1672121832916 0.8125 28549
1672121847546 0.8125 28599
1672121873060 0.9375 28649
1672121887773 0.90625 28699
1672121902309 0.78125 28749
1672121916869 0.75 28799
1672121931573 0.8125 28849
1672121956849 0.84375 28899
1672121971508 0.875 28949
1672121986454 0.875 28999
1672122001025 0.875 29049
1672122026380 0.8125 29099
1672122041129 0.8125 29149
1672122055695 0.75 29199
1672122070293 0.75 29249
1672122095609 0.875 29299
1672122110185 0.8125 29349
1672122124953 0.90625 29399
1672122139711 0.84375 29449
1672122154310 0.8125 29499
1672122179879 0.78125 29549
1672122194480 0.84375 29599
1672122209079 0.8125 29649
1672122223853 0.875 29699
1672122249187 0.78125 29749
1672122263786 0.71875 29799
1672122278675 0.84375 29849
1672122293198 0.78125 29899
1672122318513 0.875 29949
1672122333005 0.8125 29999
1672122347509 0.9375 30049
1672122361997 0.875 30099
1672122376772 0.75 30149
1672122401887 0.625 30199
1672122416715 0.71875 30249
1672122431491 0.90625 30299
1672122446077 0.8125 30349
1672122471526 0.875 30399
1672122486283 0.875 30449
1672122500886 0.71875 30499
1672122515642 0.8125 30549
1672122541126 0.875 30599
1672122555991 0.75 30649
1672122570533 0.9375 30699
1672122585055 0.84375 30749
1672122599678 0.84375 30799
1672122625014 0.78125 30849
1672122639772 0.71875 30899
1672122654535 0.8125 30949
1672122669261 0.875 30999
1672122695039 0.90625 31049
1672122709660 0.9375 31099
1672122724260 0.75 31149
1672122738895 0.65625 31199
1672122764124 0.96875 31249
1672122778768 0.84375 31299
1672122793568 0.84375 31349
1672122808309 0.75 31399
1672122823036 0.65625 31449
1672122848579 0.71875 31499
1672122863229 0.6875 31549
1672122877961 0.8125 31599
1672122892518 0.90625 31649
1672122917929 0.96875 31699
1672122932485 0.6875 31749
1672122947033 0.875 31799
1672122961954 0.78125 31849
1672122987519 0.84375 31899
1672123002037 0.71875 31949
1672123016666 0.9375 31999
1672123031134 0.84375 32049
1672123045592 0.8125 32099
1672123071094 0.75 32149
1672123085740 0.84375 32199
1672123100480 0.90625 32249
1672123115224 0.90625 32299
1672123140463 0.84375 32349
1672123155075 0.8125 32399
1672123169523 0.78125 32449
1672123183966 0.78125 32499
1672123198495 0.875 32549
