1672112074087 0.6666666865348816 49
1672112088593 0.4583333432674408 99
1672112103409 0.512499988079071 149
1672112118043 0.6875 199
1672112143087 0.7083333134651184 249
1672112157563 0.5416666865348816 299
1672112172030 0.7500000596046448 349
1672112186505 0.5666667222976685 399
1672112211384 0.6499999761581421 449
1672112226136 0.7291666865348816 499
1672112240562 0.5083333253860474 549
1672112255142 0.4375 599
1672112269570 0.5416666865348816 649
1672112294843 0.5625 699
1672112309255 0.7249999642372131 749
1672112323684 0.5625 799
1672112338105 0.375 849
1672112363076 0.5833333730697632 899
1672112377882 0.574999988079071 949
1672112392342 0.5416666865348816 999
1672112406815 0.625 1049
1672112431830 0.6458333134651184 1099
1672112446518 0.625 1149
1672112461249 0.6875 1199
1672112475848 0.5625 1249
1672112490386 0.625 1299
1672112515801 0.9375 1349
1672112530522 0.8541666865348816 1399
1672112545080 0.5249999761581421 1449
1672112559631 0.6458333134651184 1499
1672112585426 0.6875000596046448 1549
1672112599963 0.550000011920929 1599
1672112614505 0.7291666865348816 1649
1672112629071 0.2708333432674408 1699
1672112654491 0.5446428656578064 1749
1672112669350 0.5833333730697632 1799
1672112683887 0.7333333492279053 1849
1672112698409 0.6946429014205933 1899
1672112713116 0.7916666865348816 1949
1672112738297 0.6666666865348816 1999
1672112752864 0.6875 2049
1672112767446 0.6666666865348816 2099
1672112782150 0.612500011920929 2149
1672112807611 0.7708333730697632 2199
1672112822248 0.5583333373069763 2249
1672112836847 0.4375 2299
1672112851671 0.6083333492279053 2349
1672112877131 0.4749999940395355 2399
1672112891879 0.875 2449
1672112906405 0.7916666865348816 2499
1672112920931 0.6041666865348816 2549
1672112935607 0.38333332538604736 2599
1672112961072 0.4166666865348816 2649
1672112975774 0.4333333373069763 2699
1672112990489 0.6041666269302368 2749
1672113005079 0.6000000238418579 2799
1672113030210 0.574999988079071 2849
1672113044964 0.2708333432674408 2899
1672113059540 0.5166666507720947 2949
1672113074394 0.6875 2999
1672113100042 0.6541666984558105 3049
1672113114749 0.5208333730697632 3099
1672113129432 0.6083333492279053 3149
1672113143983 0.6499999761581421 3199
1672113158494 0.6666666865348816 3249
1672113184129 0.625 3299
1672113198786 0.5583333373069763 3349
1672113213707 0.4833333492279053 3399
1672113228305 0.375 3449
1672113253720 0.8541666865348816 3499
1672113268495 1.0 3549
1672113283069 0.5458333492279053 3599
1672113297601 0.875 3649
1672113322935 0.1666666716337204 3699
1672113337532 0.6708333492279053 3749
1672113352435 0.8125 3799
1672113367054 0.36666667461395264 3849
1672113381616 0.6250000596046448 3899
1672113406678 0.4583333432674408 3949
1672113421446 0.7166666984558105 3999
1672113436055 0.5625 4049
1672113450682 0.4583333432674408 4099
1672113476148 0.49166667461395264 4149
1672113490868 0.625 4199
1672113505505 0.6428571343421936 4249
1672113520167 0.6904761791229248 4299
1672113545524 0.6250000596046448 4349
1672113560208 1.0 4399
1672113574781 0.4541666507720947 4449
1672113589691 0.6000000238418579 4499
1672113604396 0.5625 4549
1672113629686 0.625 4599
1672113644188 0.699999988079071 4649
1672113658740 0.6041666865348816 4699
1672113673307 0.375 4749
1672113698703 0.5 4799
1672113713532 0.6166666746139526 4849
1672113728260 0.5333333611488342 4899
1672113743020 0.6875 4949
1672113768267 0.6458333134651184 4999
1672113782976 0.4791666865348816 5049
1672113797580 0.4791666865348816 5099
1672113812142 0.7916666865348816 5149
1672113826841 0.5035714507102966 5199
1672113852132 0.625 5249
1672113866874 0.8333333730697632 5299
1672113881405 0.6875 5349
1672113896105 0.5208333134651184 5399
1672113921633 0.3916666805744171 5449
1672113936226 0.875 5499
1672113950944 0.8166666626930237 5549
1672113965511 0.4958333373069763 5599
1672113990811 0.5 5649
1672114005547 0.625 5699
1672114020161 0.5291666388511658 5749
1672114034736 0.8166667222976685 5799
1672114049465 0.6666666865348816 5849
1672114074860 0.8166667222976685 5899
1672114089486 0.75 5949
1672114104082 0.75 5999
1672114118679 0.4375 6049
1672114144175 0.2708333432674408 6099
1672114158693 0.4375 6149
1672114173222 0.2916666865348816 6199
1672114187786 0.637499988079071 6249
1672114213393 0.7875000238418579 6299
1672114227993 0.5625 6349
1672114242582 0.5333333015441895 6399
1672114257173 0.3958333432674408 6449
1672114272146 0.737500011920929 6499
1672114297488 0.9166666865348816 6549
1672114312094 0.875 6599
1672114326931 0.5249999761581421 6649
1672114341700 0.5375000238418579 6699
1672114366983 0.8166666626930237 6749
1672114381768 0.6499999761581421 6799
1672114396570 0.5625 6849
1672114411189 0.949999988079071 6899
1672114436424 0.75 6949
1672114451011 0.3791666626930237 6999
1672114465988 0.6666666865348816 7049
1672114480628 0.5 7099
1672114495280 0.8125 7149
1672114520352 0.7083333730697632 7199
1672114535157 0.6000000238418579 7249
1672114549954 0.625 7299
1672114564590 0.7875000238418579 7349
1672114590178 0.625 7399
1672114604750 0.5999999642372131 7449
1672114619365 0.3166666626930237 7499
1672114633943 0.550000011920929 7549
1672114659207 0.5833333730697632 7599
1672114674060 0.75 7649
1672114688636 0.612500011920929 7699
1672114703331 0.22499999403953552 7749
1672114718109 0.4749999940395355 7799
1672114743465 0.3333333432674408 7849
1672114758084 0.8374999761581421 7899
1672114772646 0.4625000059604645 7949
1672114787235 0.6000000238418579 7999
1672114812902 0.7291666865348816 8049
1672114827642 0.5416666865348816 8099
1672114842367 0.8374999761581421 8149
1672114857123 0.9166666865348816 8199
1672114882596 0.4583333432674408 8249
1672114897162 0.7083333134651184 8299
1672114911755 0.7916666865348816 8349
1672114926314 0.3958333432674408 8399
1672114941229 0.46190476417541504 8449
1672114966486 0.5833333730697632 8499
1672114980995 0.5666666626930237 8549
1672114995829 0.574999988079071 8599
1672115010356 0.7249999642372131 8649
1672115035800 0.7250000238418579 8699
1672115050380 0.10000000149011612 8749
1672115065143 0.5 8799
1672115079706 0.875 8849
1672115105055 0.6916666626930237 8899
1672115119971 0.4375 8949
1672115134754 0.2666666805744171 8999
1672115149378 0.7333333492279053 9049
1672115164012 0.6041666865348816 9099
1672115189393 0.9166666865348816 9149
1672115203935 0.875 9199
1672115218627 0.7541667222976685 9249
1672115233367 0.38749998807907104 9299
1672115258900 0.824999988079071 9349
1672115273526 0.6875 9399
1672115288174 0.8333333730697632 9449
1672115303108 0.9375 9499
1672115328802 0.824999988079071 9549
1672115343358 0.625 9599
1672115358003 0.5625 9649
1672115372782 0.5833333730697632 9699
1672115387512 0.5416666865348816 9749
1672115412717 0.5416666865348816 9799
1672115427601 0.6583333015441895 9849
1672115442188 0.887499988079071 9899
1672115456930 0.6875 9949
1672115482090 0.7083333730697632 9999
1672115496766 0.625 10049
1672115511427 0.8999999761581421 10099
1672115525938 0.6666666865348816 10149
1672115550964 0.7708333730697632 10199
1672115565551 0.6666666865348816 10249
1672115580429 0.4833333492279053 10299
1672115594979 0.6041666865348816 10349
1672115609530 0.4166666865348816 10399
1672115634999 0.8541666865348816 10449
1672115649720 0.824999988079071 10499
1672115664278 0.5 10549
1672115678967 0.5625 10599
1672115704458 0.8125 10649
1672115719070 0.6619048118591309 10699
1672115733700 0.5666666626930237 10749
1672115748489 0.625 10799
1672115762878 0.5 10849
1672115788461 0.4583333730697632 10899
1672115803225 0.6916667222976685 10949
1672115817738 0.4166666865348816 10999
1672115832443 0.6708332896232605 11049
1672115857818 0.625 11099
1672115872493 0.4375 11149
1672115887217 0.6499999761581421 11199
1672115902036 0.7083333134651184 11249
1672115927670 0.6458333730697632 11299
1672115942242 0.5416666865348816 11349
1672115957202 0.5833333730697632 11399
1672115972053 0.6208333969116211 11449
1672115986684 0.7291666865348816 11499
1672116012090 0.75 11549
1672116026837 0.6666666865348816 11599
1672116041408 0.4791666865348816 11649
1672116055984 0.7916666865348816 11699
1672116081358 0.5 11749
1672116096158 0.4166666865348816 11799
1672116110782 0.6875 11849
1672116125569 0.6083333492279053 11899
1672116150980 0.5791666507720947 11949
1672116165595 0.6000000238418579 11999
1672116180202 0.6499999761581421 12049
1672116194787 0.7291666865348816 12099
1672116209427 0.6666666865348816 12149
1672116235002 0.6583333015441895 12199
1672116249610 0.5541666746139526 12249
1672116264355 0.6499999761581421 12299
1672116278959 0.3333333432674408 12349
1672116304418 0.7678571343421936 12399
1672116319054 0.8333333730697632 12449
1672116333674 0.625 12499
1672116348303 0.4583333432674408 12549
1672116373646 0.6875 12599
1672116388422 0.6666666865348816 12649
1672116403120 0.75 12699
1672116417769 0.7916666865348816 12749
1672116432460 0.75 12799
1672116457980 0.8500000238418579 12849
1672116472544 0.6875 12899
1672116487088 0.5 12949
1672116501793 0.25 12999
1672116527155 0.7916666865348816 13049
1672116541955 0.699999988079071 13099
1672116556622 0.6666666865348816 13149
1672116571476 0.8125 13199
1672116596802 0.7916666865348816 13249
1672116611393 0.4333333373069763 13299
1672116626010 0.4375 13349
1672116640888 0.4958333373069763 13399
1672116655507 0.25 13449
1672116681050 0.7678571343421936 13499
1672116695679 0.7749999761581421 13549
1672116710294 0.8125 13599
1672116725092 0.6916667222976685 13649
1672116751042 0.5833333730697632 13699
1672116765559 0.5874999761581421 13749
1672116780120 0.6666666865348816 13799
1672116794676 0.762499988079071 13849
1672116820240 0.9166666865348816 13899
1672116834746 0.4833333492279053 13949
1672116849436 0.6666666269302368 13999
1672116863973 0.4416666626930237 14049
1672116878654 0.3708333373069763 14099
1672116904097 0.5041667222976685 14149
1672116918631 0.6000000238418579 14199
1672116933192 0.4583333432674408 14249
1672116947734 0.625 14299
1672116973081 0.625 14349
1672116987714 0.8374999761581421 14399
1672117002609 0.6499999761581421 14449
1672117017192 0.6499999761581421 14499
1672117042921 0.36250001192092896 14549
1672117057491 0.9375 14599
1672117072038 0.512499988079071 14649
1672117086811 0.6499999761581421 14699
1672117101349 1.0 14749
1672117126747 0.7749999761581421 14799
1672117141203 0.7083333730697632 14849
1672117155725 0.5416666865348816 14899
1672117170166 0.6875 14949
1672117195736 0.625 14999
1672117210334 0.6666666865348816 15049
1672117225101 0.5625 15099
1672117239687 0.699999988079071 15149
1672117264955 0.3916666507720947 15199
1672117279676 0.4375 15249
1672117294681 0.4375 15299
1672117309274 0.6166666746139526 15349
1672117323875 0.44583335518836975 15399
1672117349142 0.3958333432674408 15449
1672117363849 0.7708333730697632 15499
1672117378415 0.875 15549
1672117392922 0.762499988079071 15599
1672117418469 0.4583333432674408 15649
1672117433003 0.7833333611488342 15699
1672117447876 0.7666666507720947 15749
1672117462436 0.7291666865348816 15799
1672117488040 0.5 15849
1672117502578 0.5416666865348816 15899
1672117517107 0.4333333373069763 15949
1672117531642 0.4333333373069763 15999
1672117546325 0.5714285373687744 16049
1672117571751 0.625 16099
1672117586504 0.4166666865348816 16149
1672117601047 0.75 16199
1672117615767 0.40833333134651184 16249
1672117641061 0.5 16299
1672117655599 0.3333333432674408 16349
1672117670146 0.75 16399
1672117684862 0.5809524059295654 16449
1672117710241 0.6666666865348816 16499
1672117724913 0.5 16549
1672117739822 0.875 16599
1672117754605 0.75 16649
1672117769153 0.2916666865348816 16699
1672117794433 0.512499988079071 16749
1672117809024 0.5 16799
1672117823758 0.8500000238418579 16849
1672117838326 0.7333333492279053 16899
1672117863822 0.949999988079071 16949
1672117878388 0.5416666865348816 16999
1672117893319 0.5375000238418579 17049
1672117907884 0.7916666865348816 17099
1672117933104 0.7333333492279053 17149
1672117947683 0.3499999940395355 17199
1672117962561 0.6875 17249
1672117977329 0.5625 17299
1672117991839 0.5416666865348816 17349
1672118017259 0.5833333730697632 17399
1672118032030 0.7083333730697632 17449
1672118046646 0.7333333492279053 17499
1672118061263 0.6666666865348816 17549
1672118086534 1.0 17599
1672118101374 0.574999988079071 17649
1672118115886 0.9166666865348816 17699
1672118130380 0.8125 17749
1672118156030 0.824999988079071 17799
1672118170545 0.8374999761581421 17849
1672118185056 0.8125 17899
1672118199593 0.375 17949
1672118214104 0.5 17999
1672118239760 0.5833333134651184 18049
1672118254544 0.9375 18099
1672118269472 0.8333333730697632 18149
1672118284112 0.8041666746139526 18199
1672118309657 0.5833333134651184 18249
1672118324214 0.7708333134651184 18299
1672118338735 0.5 18349
1672118353222 0.4375 18399
1672118378762 0.5416666865348816 18449
1672118393622 0.7500000596046448 18499
1672118408217 0.6666666865348816 18549
1672118422745 0.5625 18599
1672118437306 0.637499988079071 18649
1672118462604 0.5666666626930237 18699
1672118477097 0.7250000238418579 18749
1672118491612 0.7500000596046448 18799
1672118506476 0.8041666746139526 18849
1672118531684 1.0 18899
1672118546407 0.574999988079071 18949
1672118560907 0.9017857313156128 18999
1672118575411 0.3928571343421936 19049
1672118600669 0.4583333730697632 19099
1672118615270 0.6875 19149
1672118629803 0.512499988079071 19199
1672118644404 0.8999999761581421 19249
1672118659140 0.3958333432674408 19299
1672118684994 0.7250000238418579 19349
1672118699660 0.6625000238418579 19399
1672118714324 0.949999988079071 19449
1672118728970 0.7333333492279053 19499
1672118754137 0.6166666746139526 19549
1672118768714 0.887499988079071 19599
1672118783303 0.625 19649
1672118798219 0.4791666865348816 19699
1672118823902 0.6499999761581421 19749
1672118838480 0.8541666865348816 19799
1672118853219 0.75 19849
1672118867798 0.7500000596046448 19899
1672118882350 0.7083333134651184 19949
1672118907890 0.5666666626930237 19999
1672118922603 0.7708333730697632 20049
1672118937318 0.875 20099
1672118951886 0.4375000298023224 20149
1672118977266 0.6666666865348816 20199
1672118991921 0.5833333730697632 20249
1672119006498 0.8333333134651184 20299
1672119021110 0.875 20349
1672119046761 0.7916666865348816 20399
1672119061301 0.7083333730697632 20449
1672119076045 0.4791666865348816 20499
1672119090777 0.4583333134651184 20549
1672119105505 0.5 20599
1672119130820 0.6666666865348816 20649
1672119145354 0.5458333492279053 20699
1672119159876 0.4166666865348816 20749
1672119174629 0.5 20799
1672119200236 0.44999998807907104 20849
1672119214784 0.5416666865348816 20899
1672119229483 0.7291666865348816 20949
1672119243982 0.7458333373069763 20999
1672119269534 0.8541666865348816 21049
1672119284052 0.8125 21099
1672119298778 0.6875 21149
1672119313336 0.5833333730697632 21199
1672119327881 0.6666666865348816 21249
1672119353523 0.8125 21299
1672119368030 0.550000011920929 21349
1672119382607 0.4166666865348816 21399
1672119397310 0.4791666865348816 21449
1672119422911 0.5583333373069763 21499
1672119437427 0.5249999761581421 21549
1672119452066 0.5416666865348816 21599
1672119466549 0.8125 21649
1672119481219 0.0 21699
1672119506765 0.6499999761581421 21749
1672119521376 0.6041666865348816 21799
1672119536145 0.875 21849
1672119550716 0.6000000238418579 21899
1672119576161 0.6666666865348816 21949
1672119590858 0.4333333373069763 21999
1672119605582 0.6041666865348816 22049
1672119620300 0.7083333730697632 22099
1672119645971 0.7083333730697632 22149
1672119660480 0.5 22199
1672119674992 0.625 22249
1672119689743 0.4166666865348816 22299
1672119704405 0.4166666865348816 22349
1672119729740 0.7916666865348816 22399
1672119744252 0.8125 22449
1672119758796 0.4749999940395355 22499
1672119773475 0.824999988079071 22549
1672119798919 0.625 22599
1672119813450 0.6666666865348816 22649
1672119828177 0.5416666865348816 22699
1672119842723 0.46666669845581055 22749
1672119868179 0.75 22799
1672119882761 0.5208333134651184 22849
1672119897498 0.4583333432674408 22899
1672119912095 0.5166666507720947 22949
1672119926661 0.8333333134651184 22999
1672119952006 0.699999988079071 23049
1672119966892 0.7250000238418579 23099
1672119981447 0.5833333730697632 23149
1672119996039 0.6875 23199
1672120021722 0.637499988079071 23249
1672120036483 0.125 23299
1672120051280 0.625 23349
1672120065839 0.75 23399
1672120091337 0.4583333432674408 23449
1672120105891 0.8333333134651184 23499
1672120120558 0.5416666865348816 23549
1672120135599 0.6041666865348816 23599
1672120150161 0.6666666865348816 23649
1672120175553 0.8374999761581421 23699
1672120190356 0.7416666746139526 23749
1672120204946 0.5333333015441895 23799
1672120219551 0.8541666865348816 23849
1672120244988 0.887499988079071 23899
1672120259749 0.75 23949
1672120274373 0.8125 23999
1672120289120 0.949999988079071 24049
1672120314475 0.7749999761581421 24099
1672120329183 1.0 24149
1672120343792 0.5416666865348816 24199
1672120358369 0.8333333730697632 24249
1672120373114 0.6666666865348816 24299
1672120398379 0.6041666865348816 24349
1672120413317 0.9166666865348816 24399
1672120427931 0.5 24449
1672120442747 0.75 24499
1672120467759 0.5 24549
1672120482442 0.5416666865348816 24599
1672120496966 0.4124999940395355 24649
1672120511539 0.6041666865348816 24699
1672120536877 0.6666666865348816 24749
1672120551429 0.375 24799
1672120566188 0.5333333611488342 24849
1672120580761 0.625 24899
1672120595498 0.7749999761581421 24949
1672120620817 0.6208333373069763 24999
1672120635405 0.6875 25049
1672120650184 0.7303571701049805 25099
1672120664779 0.3125 25149
1672120690332 0.4791666865348816 25199
1672120704911 0.625 25249
1672120719495 0.7083333730697632 25299
1672120734128 0.7749999761581421 25349
1672120759534 0.6875000596046448 25399
1672120774158 0.7124999761581421 25449
1672120788787 0.9583333134651184 25499
1672120803776 0.5833333134651184 25549
1672120818390 0.625 25599
1672120843779 0.8999999761581421 25649
1672120858333 0.8333333134651184 25699
1672120872868 0.5416666865348816 25749
1672120887428 0.4166666865348816 25799
1672120913035 0.625 25849
1672120927715 0.7916666865348816 25899
1672120942249 0.4583333432674408 25949
1672120957079 0.7208333015441895 25999
1672120982322 0.7124999761581421 26049
1672120996856 0.4166666865348816 26099
1672121011484 0.5 26149
1672121026032 0.4375 26199
1672121040600 0.5 26249
1672121066106 0.625 26299
1672121080866 0.9166666865348816 26349
1672121095486 0.5500000715255737 26399
1672121110292 0.6499999761581421 26449
1672121135413 0.3958333432674408 26499
1672121149920 0.7916666865348816 26549
1672121164415 0.5625 26599
1672121178931 0.5833333730697632 26649
1672121204271 0.6666666865348816 26699
1672121219155 0.875 26749
1672121233874 0.574999988079071 26799
1672121248578 0.6875 26849
1672121263120 0.6708332896232605 26899
1672121288435 0.6666666865348816 26949
1672121303023 0.375 26999
1672121317622 0.4375 27049
1672121332388 0.75 27099
1672121358062 0.8999999761581421 27149
1672121372751 0.5833333730697632 27199
1672121387258 0.4375 27249
1672121401781 0.5625 27299
1672121426964 0.8125 27349
1672121441536 0.625 27399
1672121456327 0.675000011920929 27449
1672121471082 0.7916666865348816 27499
1672121485636 0.6708332896232605 27549
1672121511190 0.5833333730697632 27599
1672121525799 0.5249999761581421 27649
1672121540456 0.6500000357627869 27699
1672121555049 0.3541666865348816 27749
1672121580250 0.7291666865348816 27799
1672121595062 0.5416666865348816 27849
1672121609897 0.75 27899
1672121624558 0.4333333373069763 27949
1672121650413 0.5833333730697632 27999
1672121665177 0.7083333730697632 28049
1672121679735 0.7083333134651184 28099
1672121694357 1.0 28149
1672121709117 0.6666666865348816 28199
1672121734336 0.5625 28249
1672121748872 0.375 28299
1672121763744 0.7916666865348816 28349
1672121778252 0.7749999761581421 28399
1672121803713 0.8666666746139526 28449
1672121818325 0.8125 28499
1672121832916 0.5416666865348816 28549
1672121847546 0.699999988079071 28599
1672121873060 0.8999999761581421 28649
1672121887773 0.7416666746139526 28699
1672121902309 0.6000000238418579 28749
1672121916869 0.2750000059604645 28799
1672121931573 0.6875 28849
1672121956849 0.6875 28899
1672121971508 0.8333333730697632 28949
1672121986454 0.75 28999
1672122001025 0.9375 29049
1672122026380 0.2291666716337204 29099
1672122041129 0.4749999940395355 29149
1672122055695 0.5416666865348816 29199
1672122070293 0.699999988079071 29249
1672122095609 0.6458333134651184 29299
1672122110185 0.574999988079071 29349
1672122124953 0.9166666865348816 29399
1672122139711 0.699999988079071 29449
1672122154310 0.5 29499
1672122179879 0.7250000238418579 29549
1672122194480 0.7291666865348816 29599
1672122209079 0.8374999761581421 29649
1672122223853 0.5874999761581421 29699
1672122249187 0.5208333134651184 29749
1672122263786 0.3125 29799
1672122278675 0.7708333134651184 29849
1672122293198 0.6041666865348816 29899
1672122318513 0.75 29949
1672122333005 0.7166666984558105 29999
1672122347509 0.887499988079071 30049
1672122361997 0.887499988079071 30099
1672122376772 0.7416666746139526 30149
1672122401887 0.4791666865348816 30199
1672122416715 0.3958333432674408 30249
1672122431491 0.8333333730697632 30299
1672122446077 0.625 30349
1672122471526 0.6666666865348816 30399
1672122486283 0.875 30449
1672122500886 0.625 30499
1672122515642 0.8125 30549
1672122541126 0.2916666865348816 30599
1672122555991 0.6083333492279053 30649
1672122570533 0.6041666865348816 30699
1672122585055 0.875 30749
1672122599678 0.7916666865348816 30799
1672122625014 0.6041666865348816 30849
1672122639772 0.5625 30899
1672122654535 0.7749999761581421 30949
1672122669261 0.6875 30999
1672122695039 0.7083333730697632 31049
1672122709660 0.9166666865348816 31099
1672122724260 0.375 31149
1672122738895 0.4124999940395355 31199
1672122764124 1.0 31249
1672122778768 0.7083333730697632 31299
1672122793568 0.4583333432674408 31349
1672122808309 0.5833333730697632 31399
1672122823036 0.2916666865348816 31449
1672122848579 0.4583333432674408 31499
1672122863229 0.5874999761581421 31549
1672122877961 0.6166666746139526 31599
1672122892518 0.8333333730697632 31649
1672122917929 1.0 31699
1672122932485 0.4791666865348816 31749
1672122947033 0.5 31799
1672122961954 0.6458333134651184 31849
1672122987519 0.7124999761581421 31899
1672123002037 0.3750000298023224 31949
1672123016666 0.8541666865348816 31999
1672123031134 0.5833333134651184 32049
1672123045592 0.8452380895614624 32099
1672123071094 0.6875 32149
1672123085740 0.7250000238418579 32199
1672123100480 0.8125 32249
1672123115224 1.0 32299
1672123140463 0.5208333730697632 32349
1672123155075 0.5 32399
1672123169523 0.5833333730697632 32449
1672123183966 0.7291666865348816 32499
1672123198495 0.25 32549
