1672112132808 0.7683526277542114 216
1672112206060 0.7784681916236877 433
1672112279939 0.7789017558097839 650
1672112353090 0.7791907787322998 867
1672112426716 0.7786127328872681 1084
1672112500937 0.7793352603912354 1301
1672112575754 0.7793352603912354 1518
1672112649718 0.7783237099647522 1735
1672112723981 0.7783237099647522 1952
1672112797810 0.7786127328872681 2169
1672112872566 0.7803468108177185 2386
1672112946941 0.7819364070892334 2603
1672113021109 0.7833815217018127 2820
1672113095828 0.7855491042137146 3037
1672113170278 0.7836705446243286 3254
1672113244891 0.7924855351448059 3471
1672113319032 0.7930635809898376 3688
1672113393178 0.7952312231063843 3905
1672113467534 0.7979768514633179 4122
1672113541845 0.8004335165023804 4339
1672113616366 0.8028901815414429 4556
1672113690411 0.8011560440063477 4773
1672113764940 0.8011560440063477 4990
1672113839037 0.8030346632003784 5207
1672113913577 0.8005780577659607 5424
1672113987738 0.8024566769599915 5641
1672114062037 0.8020231127738953 5858
1672114136293 0.8065028786659241 6075
1672114210619 0.8076589703559875 6292
1672114285085 0.8075144290924072 6509
1672114359565 0.8091040253639221 6726
1672114433904 0.8095375895500183 6943
1672114508286 0.8075144290924072 7160
1672114582954 0.8069364428520203 7377
1672114656980 0.8033236861228943 7594
1672114731695 0.813005805015564 7811
1672114805966 0.8108381628990173 8028
1672114880681 0.8082370162010193 8245
1672114955015 0.8104045987129211 8462
1672115029247 0.8114162087440491 8679
1672115103418 0.8065028786659241 8896
1672115178154 0.8140173554420471 9113
1672115252657 0.8105491399765015 9330
1672115327490 0.8085260391235352 9547
1672115401771 0.8089595437049866 9764
1672115476194 0.8092485666275024 9981
1672115549958 0.810693621635437 10198
1672115624211 0.8180635571479797 10415
1672115698779 0.808092474937439 10632
1672115773280 0.8135837912559509 10849
1672115847510 0.8122832179069519 11066
1672115922238 0.8105491399765015 11283
1672115997072 0.8125722408294678 11500
1672116071334 0.8132947683334351 11717
1672116145838 0.8096820712089539 11934
1672116220065 0.8104045987129211 12151
1672116294596 0.8127167820930481 12368
1672116368859 0.813005805015564 12585
1672116443403 0.8125722408294678 12802
1672116517560 0.8132947683334351 13019
1672116592291 0.8167629837989807 13236
1672116666906 0.8082370162010193 13453
1672116741521 0.8145954012870789 13670
1672116815875 0.8137283325195312 13887
1672116890118 0.8141618371009827 14104
1672116964180 0.8109826445579529 14321
1672117038988 0.8147398829460144 14538
1672117113111 0.8174855709075928 14755
1672117187137 0.8137283325195312 14972
1672117261353 0.8132947683334351 15189
1672117335954 0.8147398829460144 15406
1672117409989 0.8177745938301086 15623
1672117484555 0.8176300525665283 15840
1672117558685 0.8144508600234985 16057
1672117633075 0.8132947683334351 16274
1672117707160 0.814306378364563 16491
1672117781776 0.8179190754890442 16708
1672117856127 0.8163294792175293 16925
1672117930290 0.816907525062561 17142
1672118004694 0.8183525800704956 17359
1672118079134 0.8160404562950134 17576
1672118153539 0.8141618371009827 17793
1672118227512 0.8182080984115601 18010
1672118302514 0.8166185021400452 18227
1672118376565 0.8232659101486206 18444
1672118450890 0.8145954012870789 18661
1672118524709 0.8209537863731384 18878
1672118598803 0.8111271858215332 19095
1672118673274 0.8205202221870422 19312
1672118747607 0.8183525800704956 19529
1672118822321 0.8232659101486206 19746
1672118896694 0.8141618371009827 19963
1672118970970 0.8182080984115601 20180
1672119045461 0.8177745938301086 20397
1672119119971 0.8189306259155273 20614
1672119194112 0.8205202221870422 20831
1672119268528 0.8209537863731384 21048
1672119342766 0.8141618371009827 21265
1672119417215 0.8206647634506226 21482
1672119491375 0.814306378364563 21699
1672119565711 0.8192196488380432 21916
1672119640576 0.8200867176055908 22133
1672119714655 0.8174855709075928 22350
1672119788882 0.8170520067214966 22567
1672119863098 0.8186416029930115 22784
1672119937322 0.8219653367996216 23001
1672120011952 0.8163294792175293 23218
1672120086487 0.8180635571479797 23435
1672120161138 0.8218207955360413 23652
1672120235563 0.8229768872261047 23869
1672120309971 0.8189306259155273 24086
1672120384204 0.8171965479850769 24303
1672120458623 0.8219653367996216 24520
1672120532670 0.8212427496910095 24737
1672120606937 0.8222543597221375 24954
1672120681264 0.8170520067214966 25171
1672120755631 0.8206647634506226 25388
1672120830259 0.8219653367996216 25605
1672120904387 0.8160404562950134 25822
1672120978692 0.8247109651565552 26039
1672121052732 0.8199421763420105 26256
1672121127179 0.8221098184585571 26473
1672121200902 0.8190751671791077 26690
1672121275485 0.8235549330711365 26907
1672121349899 0.8203757405281067 27124
1672121423909 0.8199421763420105 27341
1672121498133 0.8195086717605591 27558
1672121572501 0.8186416029930115 27775
1672121647637 0.8229768872261047 27992
1672121721994 0.8209537863731384 28209
1672121796318 0.8199421763420105 28426
1672121870608 0.8209537863731384 28643
1672121944701 0.8190751671791077 28860
1672122019264 0.8226878643035889 29077
1672122093455 0.8216763138771057 29294
1672122168055 0.822398841381073 29511
1672122242370 0.8222543597221375 29728
1672122316599 0.8182080984115601 29945
1672122390416 0.8235549330711365 30162
1672122464982 0.8209537863731384 30379
1672122539534 0.8226878643035889 30596
1672122613788 0.8213872909545898 30813
1672122688633 0.8216763138771057 31030
1672122762737 0.8225433230400085 31247
1672122837694 0.822398841381073 31464
1672122911991 0.8200867176055908 31681
1672122986481 0.821098268032074 31898
1672123060458 0.8213872909545898 32115
1672123134835 0.8229768872261047 32332
1672123208452 0.8255780339241028 32549
