1672112132808 0.6232028007507324 216
1672112206060 0.6410807967185974 433
1672112279939 0.6434680819511414 650
1672112353090 0.6495097875595093 867
1672112426716 0.6506114602088928 1084
1672112500937 0.6393073201179504 1301
1672112575754 0.6356760263442993 1518
1672112649718 0.6297585964202881 1735
1672112723981 0.6383256912231445 1952
1672112797810 0.6453036069869995 2169
1672112872566 0.6394774913787842 2386
1672112946941 0.6506962180137634 2603
1672113021109 0.643303632736206 2820
1672113095828 0.6463263034820557 3037
1672113170278 0.6449101567268372 3254
1672113244891 0.6536020636558533 3471
1672113319032 0.6491490602493286 3688
1672113393178 0.6503537893295288 3905
1672113467534 0.6637386679649353 4122
1672113541845 0.6628046035766602 4339
1672113616366 0.664259135723114 4556
1672113690411 0.6677200198173523 4773
1672113764940 0.6578623652458191 4990
1672113839037 0.6662375926971436 5207
1672113913577 0.6568343639373779 5424
1672113987738 0.6610845327377319 5641
1672114062037 0.6606916189193726 5858
1672114136293 0.6613386869430542 6075
1672114210619 0.6772734522819519 6292
1672114285085 0.668333888053894 6509
1672114359565 0.6752335429191589 6726
1672114433904 0.6630797386169434 6943
1672114508286 0.6693457961082458 7160
1672114582954 0.6654015183448792 7377
1672114656980 0.6629201173782349 7594
1672114731695 0.6657315492630005 7811
1672114805966 0.6701529622077942 8028
1672114880681 0.6682484745979309 8245
1672114955015 0.6616237759590149 8462
1672115029247 0.6676232814788818 8679
1672115103418 0.6603041887283325 8896
1672115178154 0.6544579863548279 9113
1672115252657 0.6665289998054504 9330
1672115327490 0.6670089960098267 9547
1672115401771 0.663014829158783 9764
1672115476194 0.6742560267448425 9981
1672115549958 0.6654664278030396 10198
1672115624211 0.667717456817627 10415
1672115698779 0.6578901410102844 10632
1672115773280 0.6716979742050171 10849
1672115847510 0.6685807704925537 11066
1672115922238 0.6575244069099426 11283
1672115997072 0.667885959148407 11500
1672116071334 0.6591801643371582 11717
1672116145838 0.6612775325775146 11934
1672116220065 0.6610826849937439 12151
1672116294596 0.6630553603172302 12368
1672116368859 0.6720265746116638 12585
1672116443403 0.6644207239151001 12802
1672116517560 0.6586089730262756 13019
1672116592291 0.6808732748031616 13236
1672116666906 0.6639791131019592 13453
1672116741521 0.6743417978286743 13670
1672116815875 0.6617605686187744 13887
1672116890118 0.6679829955101013 14104
1672116964180 0.6641293168067932 14321
1672117038988 0.6742238402366638 14538
1672117113111 0.6642456650733948 14755
1672117187137 0.6675333976745605 14972
1672117261353 0.660710871219635 15189
1672117335954 0.6665638089179993 15406
1672117409989 0.6688296794891357 15623
1672117484555 0.6734999418258667 15840
1672117558685 0.6575117111206055 16057
1672117633075 0.6557015776634216 16274
1672117707160 0.66279536485672 16491
1672117781776 0.6666180491447449 16708
1672117856127 0.6704176068305969 16925
1672117930290 0.6610567569732666 17142
1672118004694 0.6672562956809998 17359
1672118079134 0.6636096239089966 17576
1672118153539 0.6562190055847168 17793
1672118227512 0.6758776307106018 18010
1672118302514 0.6767188906669617 18227
1672118376565 0.6775720119476318 18444
1672118450890 0.6578354835510254 18661
1672118524709 0.6748504638671875 18878
1672118598803 0.6684602499008179 19095
1672118673274 0.6711795330047607 19312
1672118747607 0.6657074689865112 19529
1672118822321 0.6909229755401611 19746
1672118896694 0.665798008441925 19963
1672118970970 0.6769121289253235 20180
1672119045461 0.6742511987686157 20397
1672119119971 0.663285493850708 20614
1672119194112 0.6639765501022339 20831
1672119268528 0.6802595257759094 21048
1672119342766 0.6556784510612488 21265
1672119417215 0.6764605641365051 21482
1672119491375 0.6600326299667358 21699
1672119565711 0.6788308620452881 21916
1672119640576 0.6712266802787781 22133
1672119714655 0.6651201844215393 22350
1672119788882 0.6657240390777588 22567
1672119863098 0.6767055988311768 22784
1672119937322 0.6692279577255249 23001
1672120011952 0.6787131428718567 23218
1672120086487 0.6672844290733337 23435
1672120161138 0.674291729927063 23652
1672120235563 0.687204122543335 23869
1672120309971 0.6767634749412537 24086
1672120384204 0.6631125211715698 24303
1672120458623 0.6775971055030823 24520
1672120532670 0.6699048280715942 24737
1672120606937 0.6743444204330444 24954
1672120681264 0.665947437286377 25171
1672120755631 0.6715941429138184 25388
1672120830259 0.6723027229309082 25605
1672120904387 0.6686586141586304 25822
1672120978692 0.6768516302108765 26039
1672121052732 0.6711391806602478 26256
1672121127179 0.6753782033920288 26473
1672121200902 0.6694508790969849 26690
1672121275485 0.68162602186203 26907
1672121349899 0.6770598292350769 27124
1672121423909 0.664369523525238 27341
1672121498133 0.6627413034439087 27558
1672121572501 0.6740869283676147 27775
1672121647637 0.67770916223526 27992
1672121721994 0.6608853340148926 28209
1672121796318 0.6688440442085266 28426
1672121870608 0.6766841411590576 28643
1672121944701 0.6692324876785278 28860
1672122019264 0.6744062900543213 29077
1672122093455 0.6731403470039368 29294
1672122168055 0.6769874095916748 29511
1672122242370 0.6770798563957214 29728
1672122316599 0.6783356070518494 29945
1672122390416 0.6831506490707397 30162
1672122464982 0.6654706001281738 30379
1672122539534 0.6748831272125244 30596
1672122613788 0.6700824499130249 30813
1672122688633 0.6661124229431152 31030
1672122762737 0.6684992909431458 31247
1672122837694 0.6798564195632935 31464
1672122911991 0.673271119594574 31681
1672122986481 0.674771249294281 31898
1672123060458 0.6637738943099976 32115
1672123134835 0.670332670211792 32332
1672123208452 0.6753216981887817 32549
