1672112132808 0.7627251148223877 216
1672112206060 0.7857611179351807 433
1672112279939 0.7863089442253113 650
1672112353090 0.7858959436416626 867
1672112426716 0.7905011177062988 1084
1672112500937 0.7783430218696594 1301
1672112575754 0.7738150954246521 1518
1672112649718 0.7660501003265381 1735
1672112723981 0.7812883257865906 1952
1672112797810 0.7834875583648682 2169
1672112872566 0.7769253849983215 2386
1672112946941 0.7883623242378235 2603
1672113021109 0.773099422454834 2820
1672113095828 0.7815222144126892 3037
1672113170278 0.769900918006897 3254
1672113244891 0.7825902104377747 3471
1672113319032 0.7742885947227478 3688
1672113393178 0.7742486000061035 3905
1672113467534 0.7818195223808289 4122
1672113541845 0.7866418957710266 4339
1672113616366 0.7830058336257935 4556
1672113690411 0.7983430027961731 4773
1672113764940 0.7686375379562378 4990
1672113839037 0.7865030169487 5207
1672113913577 0.7756152749061584 5424
1672113987738 0.7791137099266052 5641
1672114062037 0.7816461324691772 5858
1672114136293 0.7716240882873535 6075
1672114210619 0.7893807291984558 6292
1672114285085 0.7774374485015869 6509
1672114359565 0.7866474986076355 6726
1672114433904 0.7655051946640015 6943
1672114508286 0.7811946868896484 7160
1672114582954 0.7809717059135437 7377
1672114656980 0.7798460721969604 7594
1672114731695 0.7716764211654663 7811
1672114805966 0.7793064713478088 8028
1672114880681 0.7783622741699219 8245
1672114955015 0.7629067897796631 8462
1672115029247 0.776209831237793 8679
1672115103418 0.7657212615013123 8896
1672115178154 0.7594496011734009 9113
1672115252657 0.7742582559585571 9330
1672115327490 0.7721497416496277 9547
1672115401771 0.7696710824966431 9764
1672115476194 0.7830182313919067 9981
1672115549958 0.7686210870742798 10198
1672115624211 0.7615303993225098 10415
1672115698779 0.7612717747688293 10632
1672115773280 0.7788412570953369 10849
1672115847510 0.7667823433876038 11066
1672115922238 0.7574236392974854 11283
1672115997072 0.7712525129318237 11500
1672116071334 0.7549422979354858 11717
1672116145838 0.7651652097702026 11934
1672116220065 0.7660308480262756 12151
1672116294596 0.759229302406311 12368
1672116368859 0.7702271342277527 12585
1672116443403 0.762582004070282 12802
1672116517560 0.7581779360771179 13019
1672116592291 0.7844316363334656 13236
1672116666906 0.7694000601768494 13453
1672116741521 0.77604740858078 13670
1672116815875 0.7615745067596436 13887
1672116890118 0.7670024633407593 14104
1672116964180 0.7633911371231079 14321
1672117038988 0.7706826329231262 14538
1672117113111 0.7649809122085571 14755
1672117187137 0.7680333852767944 14972
1672117261353 0.7578035593032837 15189
1672117335954 0.7678503394126892 15406
1672117409989 0.757919192314148 15623
1672117484555 0.7712662816047668 15840
1672117558685 0.7558465600013733 16057
1672117633075 0.7512304186820984 16274
1672117707160 0.7585509419441223 16491
1672117781776 0.76363205909729 16708
1672117856127 0.7644027471542358 16925
1672117930290 0.7552462816238403 17142
1672118004694 0.7556812763214111 17359
1672118079134 0.7574566602706909 17576
1672118153539 0.7507321834564209 17793
1672118227512 0.7742803692817688 18010
1672118302514 0.7707680463790894 18227
1672118376565 0.7720616459846497 18444
1672118450890 0.7560887932777405 18661
1672118524709 0.7679135799407959 18878
1672118598803 0.7689926624298096 19095
1672118673274 0.7649106383323669 19312
1672118747607 0.7522103786468506 19529
1672118822321 0.7868180871009827 19746
1672118896694 0.7612910866737366 19963
1672118970970 0.7703825831413269 20180
1672119045461 0.7706840634346008 20397
1672119119971 0.7609606385231018 20614
1672119194112 0.7551665902137756 20831
1672119268528 0.7686514258384705 21048
1672119342766 0.7409826517105103 21265
1672119417215 0.7654913663864136 21482
1672119491375 0.7507102489471436 21699
1672119565711 0.7689541578292847 21916
1672119640576 0.7643352746963501 22133
1672119714655 0.7596327066421509 22350
1672119788882 0.7594164609909058 22567
1672119863098 0.7728875279426575 22784
1672119937322 0.7619379162788391 23001
1672120011952 0.7729370594024658 23218
1672120086487 0.7564933896064758 23435
1672120161138 0.7603565454483032 23652
1672120235563 0.7786320447921753 23869
1672120309971 0.7670576572418213 24086
1672120384204 0.7524552941322327 24303
1672120458623 0.7669447660446167 24520
1672120532670 0.7627223134040833 24737
1672120606937 0.7641178965568542 24954
1672120681264 0.7628709673881531 25171
1672120755631 0.7596462965011597 25388
1672120830259 0.7647632956504822 25605
1672120904387 0.7605491876602173 25822
1672120978692 0.769036591053009 26039
1672121052732 0.7611038088798523 26256
1672121127179 0.7629562616348267 26473
1672121200902 0.7619847059249878 26690
1672121275485 0.7727925777435303 26907
1672121349899 0.7687476873397827 27124
1672121423909 0.7553151249885559 27341
1672121498133 0.7588054537773132 27558
1672121572501 0.7729755640029907 27775
1672121647637 0.7662235498428345 27992
1672121721994 0.7482659220695496 28209
1672121796318 0.7607129812240601 28426
1672121870608 0.7677457928657532 28643
1672121944701 0.7608065605163574 28860
1672122019264 0.7659152746200562 29077
1672122093455 0.7654997110366821 29294
1672122168055 0.7685108184814453 29511
1672122242370 0.7678200602531433 29728
1672122316599 0.7700881361961365 29945
1672122390416 0.7759964466094971 30162
1672122464982 0.7591909170150757 30379
1672122539534 0.7663969397544861 30596
1672122613788 0.7576108574867249 30813
1672122688633 0.7557060718536377 31030
1672122762737 0.7555876970291138 31247
1672122837694 0.768984317779541 31464
1672122911991 0.7651638388633728 31681
1672122986481 0.7609882354736328 31898
1672123060458 0.7509509921073914 32115
1672123134835 0.7556069493293762 32332
1672123208452 0.7667300701141357 32549
