1672112132808 1.8938566571144873 216
1672112206060 1.8781787907881187 433
1672112279939 1.8765346152420224 650
1672112353090 1.874302023856418 867
1672112426716 1.8671885577038765 1084
1672112500937 1.8644781301767732 1301
1672112575754 1.8558968601362316 1518
1672112649718 1.853281304969406 1735
1672112723981 1.8458944970452664 1952
1672112797810 1.8372047078191824 2169
1672112872566 1.8332497498237657 2386
1672112946941 1.8366393836175772 2603
1672113021109 1.8291429596166855 2820
1672113095828 1.8321402228152803 3037
1672113170278 1.8258383192999335 3254
1672113244891 1.8204993758835 3471
1672113319032 1.8200992529558941 3688
1672113393178 1.8157100684772558 3905
1672113467534 1.8102553903061651 4122
1672113541845 1.8084756036606222 4339
1672113616366 1.809118889431032 4556
1672113690411 1.8055008645537012 4773
1672113764940 1.8092667573412329 4990
1672113839037 1.8027882962450523 5207
1672113913577 1.8061867367783109 5424
1672113987738 1.7968518732595236 5641
1672114062037 1.79838036095973 5858
1672114136293 1.7995421324778536 6075
1672114210619 1.7950226473706623 6292
1672114285085 1.7909403338937204 6509
1672114359565 1.7926308397794046 6726
1672114433904 1.7896911246792293 6943
1672114508286 1.7904789842189306 7160
1672114582954 1.7899805145591001 7377
1672114656980 1.7848521881428192 7594
1672114731695 1.7793843303439982 7811
1672114805966 1.7853655257633658 8028
1672114880681 1.7820606058460253 8245
1672114955015 1.7776754478962806 8462
1672115029247 1.7793070664748147 8679
1672115103418 1.776871529237157 8896
1672115178154 1.7744800943826682 9113
1672115252657 1.7722216342856536 9330
1672115327490 1.773052656056149 9547
1672115401771 1.7762542826915626 9764
1672115476194 1.766933574361774 9981
1672115549958 1.770197367365911 10198
1672115624211 1.7680700310918271 10415
1672115698779 1.7671520448288676 10632
1672115773280 1.7628994147957255 10849
1672115847510 1.7598044918510305 11066
1672115922238 1.7645089515837469 11283
1672115997072 1.7616506799620055 11500
1672116071334 1.7588480385175094 11717
1672116145838 1.7579353648137646 11934
1672116220065 1.75942234483708 12151
1672116294596 1.7622442800433125 12368
1672116368859 1.755243835943901 12585
1672116443403 1.7543657406859172 12802
1672116517560 1.7548784106622286 13019
1672116592291 1.7510668736325872 13236
1672116666906 1.7548564021336075 13453
1672116741521 1.7504036101317832 13670
1672116815875 1.7520496626872664 13887
1672116890118 1.7518594365350348 14104
1672116964180 1.748020437715062 14321
1672117038988 1.7486888670368346 14538
1672117113111 1.7424453459639437 14755
1672117187137 1.7455736836448867 14972
1672117261353 1.7474385414867415 15189
1672117335954 1.7483565052734047 15406
1672117409989 1.744512647059544 15623
1672117484555 1.747291064566524 15840
1672117558685 1.7452692799870406 16057
1672117633075 1.7438874302580647 16274
1672117707160 1.7397040778058892 16491
1672117781776 1.741107110367789 16708
1672117856127 1.7382467418099186 16925
1672117930290 1.7391802338718962 17142
1672118004694 1.7433202955853204 17359
1672118079134 1.7408347286467645 17576
1672118153539 1.7448164760065583 17793
1672118227512 1.7416776932899931 18010
1672118302514 1.7369124109298604 18227
1672118376565 1.7368062821703396 18444
1672118450890 1.740091119157206 18661
1672118524709 1.7388656339256847 18878
1672118598803 1.7393088724852463 19095
1672118673274 1.7332173056528726 19312
1672118747607 1.7355396420710918 19529
1672118822321 1.733170488121379 19746
1672118896694 1.7360636571026484 19963
1672118970970 1.7402166457925852 20180
1672119045461 1.7345599727789203 20397
1672119119971 1.7380420468873554 20614
1672119194112 1.7311075969054457 20831
1672119268528 1.7284277757945279 21048
1672119342766 1.73636973479172 21265
1672119417215 1.727498882254185 21482
1672119491375 1.7316469204319773 21699
1672119565711 1.730449844032612 21916
1672119640576 1.7295272057438813 22133
1672119714655 1.7252477488455182 22350
1672119788882 1.7296366613716265 22567
1672119863098 1.7319834726888141 22784
1672119937322 1.729483305096857 23001
1672120011952 1.731803212401102 23218
1672120086487 1.726648241781027 23435
1672120161138 1.7262008344905615 23652
1672120235563 1.7258206363575161 23869
1672120309971 1.7278854622087159 24086
1672120384204 1.7282245586816993 24303
1672120458623 1.7266950681230289 24520
1672120532670 1.7260827768405886 24737
1672120606937 1.7224549174852397 24954
1672120681264 1.727195686449014 25171
1672120755631 1.7244822321847648 25388
1672120830259 1.7255566216466278 25605
1672120904387 1.7262753974884855 25822
1672120978692 1.7196279319073646 26039
1672121052732 1.7246197544705444 26256
1672121127179 1.7201136199529006 26473
1672121200902 1.7218410198530842 26690
1672121275485 1.721759424141989 26907
1672121349899 1.720297173246602 27124
1672121423909 1.7176026501763733 27341
1672121498133 1.7182975323933507 27558
1672121572501 1.72056505586968 27775
1672121647637 1.715386880244587 27992
1672121721994 1.721184046085349 28209
1672121796318 1.7185199263440312 28426
1672121870608 1.7159868377184662 28643
1672121944701 1.713469559957803 28860
1672122019264 1.714123593377805 29077
1672122093455 1.7167477998245282 29294
1672122168055 1.7157116530733287 29511
1672122242370 1.7181883462802763 29728
1672122316599 1.716433228312167 29945
1672122390416 1.7133001125801508 30162
1672122464982 1.713460670633962 30379
1672122539534 1.7121890608372374 30596
1672122613788 1.7101684687208711 30813
1672122688633 1.7129213300607427 31030
1672122762737 1.7109165681941592 31247
1672122837694 1.7122393622856344 31464
1672122911991 1.7154738110879169 31681
1672122986481 1.7135772680601378 31898
1672123060458 1.7085347294567612 32115
1672123134835 1.707292069006243 32332
1672123208452 1.7104382055525722 32549
