1672112132808 0.5720575451850891 216
1672112206060 0.5894564390182495 433
1672112279939 0.5885108709335327 650
1672112353090 0.6014188528060913 867
1672112426716 0.6006468534469604 1084
1672112500937 0.5876051783561707 1301
1672112575754 0.5834351778030396 1518
1672112649718 0.5791480541229248 1735
1672112723981 0.5916818380355835 1952
1672112797810 0.5960156917572021 2169
1672112872566 0.5889759659767151 2386
1672112946941 0.6027167439460754 2603
1672113021109 0.5996807813644409 2820
1672113095828 0.6001830101013184 3037
1672113170278 0.6016240119934082 3254
1672113244891 0.6090723872184753 3471
1672113319032 0.6075323820114136 3688
1672113393178 0.6069529056549072 3905
1672113467534 0.6243462562561035 4122
1672113541845 0.6208120584487915 4339
1672113616366 0.6249186992645264 4556
1672113690411 0.6227663159370422 4773
1672113764940 0.6209468245506287 4990
1672113839037 0.6275392174720764 5207
1672113913577 0.6188865900039673 5424
1672113987738 0.621713399887085 5641
1672114062037 0.6221635341644287 5858
1672114136293 0.6292223334312439 6075
1672114210619 0.6387489438056946 6292
1672114285085 0.6336058974266052 6509
1672114359565 0.6431585550308228 6726
1672114433904 0.6315332055091858 6943
1672114508286 0.6368882656097412 7160
1672114582954 0.6282205581665039 7377
1672114656980 0.6251968145370483 7594
1672114731695 0.6351609826087952 7811
1672114805966 0.6390751600265503 8028
1672114880681 0.6342498660087585 8245
1672114955015 0.633535623550415 8462
1672115029247 0.6398637294769287 8679
1672115103418 0.6288136839866638 8896
1672115178154 0.6238425374031067 9113
1672115252657 0.6320478916168213 9330
1672115327490 0.6383498311042786 9547
1672115401771 0.6309192776679993 9764
1672115476194 0.6454087495803833 9981
1672115549958 0.6388192176818848 10198
1672115624211 0.6435369849205017 10415
1672115698779 0.6295114755630493 10632
1672115773280 0.6397027969360352 10849
1672115847510 0.640741765499115 11066
1672115922238 0.6304265260696411 11283
1672115997072 0.644965648651123 11500
1672116071334 0.631230354309082 11717
1672116145838 0.6357405185699463 11934
1672116220065 0.6299380660057068 12151
1672116294596 0.6368262767791748 12368
1672116368859 0.6452917456626892 12585
1672116443403 0.6365029215812683 12802
1672116517560 0.6318386197090149 13019
1672116592291 0.6549037098884583 13236
1672116666906 0.6340076327323914 13453
1672116741521 0.6475214958190918 13670
1672116815875 0.6355119943618774 13887
1672116890118 0.6457115411758423 14104
1672116964180 0.6377993822097778 14321
1672117038988 0.647685170173645 14538
1672117113111 0.6350343823432922 14755
1672117187137 0.6414313912391663 14972
1672117261353 0.6385012865066528 15189
1672117335954 0.641486406326294 15406
1672117409989 0.6533718109130859 15623
1672117484555 0.6455559134483337 15840
1672117558685 0.6345059871673584 16057
1672117633075 0.6337270140647888 16274
1672117707160 0.6378363370895386 16491
1672117781776 0.641167163848877 16708
1672117856127 0.6479328274726868 16925
1672117930290 0.6410239338874817 17142
1672118004694 0.6454293727874756 17359
1672118079134 0.6422680616378784 17576
1672118153539 0.6338232755661011 17793
1672118227512 0.6508175730705261 18010
1672118302514 0.6539967060089111 18227
1672118376565 0.6488962769508362 18444
1672118450890 0.6381310820579529 18661
1672118524709 0.6540215015411377 18878
1672118598803 0.6404432058334351 19095
1672118673274 0.6445953845977783 19312
1672118747607 0.6430112719535828 19529
1672118822321 0.6695457696914673 19746
1672118896694 0.6422544121742249 19963
1672118970970 0.6545994877815247 20180
1672119045461 0.6500454545021057 20397
1672119119971 0.636402428150177 20614
1672119194112 0.6403316855430603 20831
1672119268528 0.6621043086051941 21048
1672119342766 0.6360666751861572 21265
1672119417215 0.6593753099441528 21482
1672119491375 0.6341975331306458 21699
1672119565711 0.6653399467468262 21916
1672119640576 0.6488796472549438 22133
1672119714655 0.6427319049835205 22350
1672119788882 0.6476658582687378 22567
1672119863098 0.6531172394752502 22784
1672119937322 0.6488053798675537 23001
1672120011952 0.6550619602203369 23218
1672120086487 0.6454445719718933 23435
1672120161138 0.6604238152503967 23652
1672120235563 0.6632121205329895 23869
1672120309971 0.6553757786750793 24086
1672120384204 0.6387777924537659 24303
1672120458623 0.6614699363708496 24520
1672120532670 0.6475667357444763 24737
1672120606937 0.651322603225708 24954
1672120681264 0.6395596265792847 25171
1672120755631 0.6533334255218506 25388
1672120830259 0.6526094079017639 25605
1672120904387 0.6483898162841797 25822
1672120978692 0.65474534034729 26039
1672121052732 0.6515882611274719 26256
1672121127179 0.659534752368927 26473
1672121200902 0.645648181438446 26690
1672121275485 0.6658270955085754 26907
1672121349899 0.6530416011810303 27124
1672121423909 0.6428613066673279 27341
1672121498133 0.6393104791641235 27558
1672121572501 0.6499793529510498 27775
1672121647637 0.6555202603340149 27992
1672121721994 0.6418304443359375 28209
1672121796318 0.6469722390174866 28426
1672121870608 0.6549601554870605 28643
1672121944701 0.6486608982086182 28860
1672122019264 0.6544316411018372 29077
1672122093455 0.6522213816642761 29294
1672122168055 0.6618413925170898 29511
1672122242370 0.657193660736084 29728
1672122316599 0.6604596376419067 29945
1672122390416 0.6667699217796326 30162
1672122464982 0.6439761519432068 30379
1672122539534 0.6556097269058228 30596
1672122613788 0.649287223815918 30813
1672122688633 0.643385648727417 31030
1672122762737 0.6530442833900452 31247
1672122837694 0.658314049243927 31464
1672122911991 0.6521470546722412 31681
1672122986481 0.6581915616989136 31898
1672123060458 0.6437104940414429 32115
1672123134835 0.6545388102531433 32332
1672123208452 0.6551969051361084 32549
