1672099849718 0.0 216
1672099922106 0.0 433
1672099994916 0.0 650
1672100067497 0.0 867
1672100140080 0.0 1084
1672100213100 0.0 1301
1672100285241 0.0 1518
1672100358194 0.0 1735
1672100430764 0.0 1952
1672100503698 3.0 2169
1672100576499 8.75 2386
1672100649115 27.0 2603
1672100722758 20.75 2820
1672100795692 1.0 3037
1672100868599 21.25 3254
1672100941726 2.75 3471
1672101014561 18.5 3688
1672101087455 21.75 3905
1672101159912 25.5 4122
1672101232601 23.25 4339
1672101305430 26.25 4556
1672101378105 26.75 4773
1672101451001 24.5 4990
1672101523408 33.25 5207
1672101596213 17.25 5424
1672101668940 31.25 5641
1672101741935 26.5 5858
1672101814684 23.0 6075
1672101887348 20.75 6292
1672101959974 26.25 6509
1672102032918 19.5 6726
1672102105652 25.5 6943
1672102178528 16.0 7160
1672102251032 21.5 7377
1672102324267 24.0 7594
1672102396770 26.0 7811
1672102469710 17.25 8028
1672102542967 22.25 8245
1672102615589 22.75 8462
1672102688234 22.75 8679
1672102761306 26.25 8896
1672102833928 24.0 9113
1672102906637 22.75 9330
1672102979291 24.0 9547
1672103052236 25.75 9764
1672103125231 24.5 9981
1672103198679 23.25 10198
1672103271571 22.0 10415
1672103344345 24.0 10632
1672103417348 22.75 10849
1672103489837 23.0 11066
1672103562996 24.25 11283
1672103635727 23.0 11500
1672103709238 24.5 11717
1672103782067 25.5 11934
1672103855671 25.5 12151
1672103928989 24.0 12368
1672104001864 23.5 12585
1672104074696 24.0 12802
1672104147802 22.0 13019
1672104221541 24.0 13236
1672104294603 23.75 13453
1672104367649 25.75 13670
1672104440177 25.0 13887
1672104513130 23.75 14104
1672104585901 25.5 14321
1672104659123 23.5 14538
1672104731995 22.25 14755
1672104804951 23.5 14972
1672104877280 26.5 15189
1672104950445 25.5 15406
1672105023201 21.75 15623
1672105096336 24.0 15840
1672105168930 23.75 16057
1672105241770 23.75 16274
1672105314330 23.5 16491
1672105386909 25.25 16708
1672105459693 24.0 16925
1672105532452 23.25 17142
1672105605138 23.5 17359
1672105677763 23.5 17576
1672105750896 23.5 17793
1672105823534 23.5 18010
1672105896268 25.25 18227
1672105969214 23.5 18444
1672106041783 25.25 18661
1672106115018 23.5 18878
1672106187628 24.75 19095
1672106260209 23.75 19312
1672106332798 23.5 19529
1672106405338 23.75 19746
1672106478579 25.0 19963
1672106551997 23.5 20180
1672106624658 24.0 20397
1672106698011 24.0 20614
1672106770926 23.25 20831
1672106843478 23.75 21048
1672106916359 24.0 21265
1672106989215 23.25 21482
1672107062022 23.75 21699
1672107134816 23.5 21916
1672107207999 24.0 22133
1672107280924 23.5 22350
1672107355103 23.75 22567
1672107429884 23.75 22784
1672107502950 23.25 23001
1672107576335 23.5 23218
1672107649103 23.75 23435
1672107722343 23.5 23652
1672107795083 23.5 23869
1672107867956 23.5 24086
1672107941175 23.5 24303
1672108013894 23.75 24520
1672108087148 18.75 24737
1672108160096 22.0 24954
1672108233162 23.5 25171
1672108306074 23.5 25388
1672108379214 19.0 25605
1672108452203 23.75 25822
1672108525401 23.5 26039
1672108598545 23.5 26256
1672108671581 23.75 26473
1672108744856 24.5 26690
1672108817792 24.0 26907
1672108890811 23.75 27124
1672108963577 23.75 27341
1672109036666 24.0 27558
1672109109984 24.25 27775
1672109183062 23.75 27992
1672109256165 21.75 28209
1672109329200 23.75 28426
1672109402283 24.25 28643
1672109475417 23.75 28860
1672109548479 24.0 29077
1672109621599 23.75 29294
1672109694400 24.0 29511
1672109767294 21.25 29728
1672109840714 24.25 29945
1672109913844 23.5 30162
1672109986844 24.0 30379
1672110059950 22.5 30596
1672110133282 24.5 30813
1672110206200 23.75 31030
1672110279740 23.75 31247
1672110352705 23.75 31464
1672110426030 23.75 31681
1672110498912 23.5 31898
1672110571875 24.0 32115
1672110644863 23.75 32332
1672110717954 23.5 32549
