1672099849718 217.0 216
1672099922106 217.0 433
1672099994916 217.0 650
1672100067497 217.0 867
1672100140080 217.0 1084
1672100213100 217.0 1301
1672100285241 216.25 1518
1672100358194 217.0 1735
1672100430764 217.0 1952
1672100503698 214.0 2169
1672100576499 207.5 2386
1672100649115 190.0 2603
1672100722758 196.25 2820
1672100795692 216.0 3037
1672100868599 195.75 3254
1672100941726 214.25 3471
1672101014561 198.5 3688
1672101087455 195.25 3905
1672101159912 191.5 4122
1672101232601 193.25 4339
1672101305430 190.75 4556
1672101378105 189.75 4773
1672101451001 192.0 4990
1672101523408 183.25 5207
1672101596213 198.75 5424
1672101668940 185.0 5641
1672101741935 189.5 5858
1672101814684 194.0 6075
1672101887348 195.75 6292
1672101959974 190.25 6509
1672102032918 196.5 6726
1672102105652 190.5 6943
1672102178528 200.0 7160
1672102251032 194.5 7377
1672102324267 191.75 7594
1672102396770 189.25 7811
1672102469710 198.5 8028
1672102542967 193.75 8245
1672102615589 192.75 8462
1672102688234 192.5 8679
1672102761306 189.0 8896
1672102833928 191.75 9113
1672102906637 192.75 9330
1672102979291 191.25 9547
1672103052236 189.75 9764
1672103125231 190.75 9981
1672103198679 192.25 10198
1672103271571 193.5 10415
1672103344345 191.25 10632
1672103417348 192.5 10849
1672103489837 192.0 11066
1672103562996 191.25 11283
1672103635727 192.25 11500
1672103709238 189.5 11717
1672103782067 189.75 11934
1672103855671 189.75 12151
1672103928989 191.25 12368
1672104001864 191.75 12585
1672104074696 191.0 12802
1672104147802 190.75 13019
1672104221541 191.0 13236
1672104294603 191.5 13453
1672104367649 189.5 13670
1672104440177 190.25 13887
1672104513130 190.75 14104
1672104585901 188.25 14321
1672104659123 191.25 14538
1672104731995 192.25 14755
1672104804951 190.25 14972
1672104877280 188.25 15189
1672104950445 189.5 15406
1672105023201 193.25 15623
1672105096336 190.0 15840
1672105168930 189.5 16057
1672105241770 189.25 16274
1672105314330 190.5 16491
1672105386909 188.25 16708
1672105459693 190.0 16925
1672105532452 189.75 17142
1672105605138 189.5 17359
1672105677763 190.25 17576
1672105750896 189.5 17793
1672105823534 191.5 18010
1672105896268 188.0 18227
1672105969214 189.0 18444
1672106041783 187.25 18661
1672106115018 189.0 18878
1672106187628 189.75 19095
1672106260209 189.0 19312
1672106332798 191.5 19529
1672106405338 189.0 19746
1672106478579 188.0 19963
1672106551997 189.0 20180
1672106624658 184.25 20397
1672106698011 188.0 20614
1672106770926 190.5 20831
1672106843478 191.0 21048
1672106916359 191.0 21265
1672106989215 191.5 21482
1672107062022 188.5 21699
1672107134816 188.75 21916
1672107207999 188.25 22133
1672107280924 187.75 22350
1672107355103 188.5 22567
1672107429884 188.75 22784
1672107502950 190.0 23001
1672107576335 191.0 23218
1672107649103 188.75 23435
1672107722343 189.75 23652
1672107795083 191.25 23869
1672107867956 188.5 24086
1672107941175 191.0 24303
1672108013894 188.75 24520
1672108087148 194.5 24737
1672108160096 187.25 24954
1672108233162 186.25 25171
1672108306074 189.25 25388
1672108379214 194.0 25605
1672108452203 188.75 25822
1672108525401 189.75 26039
1672108598545 189.25 26256
1672108671581 189.25 26473
1672108744856 190.0 26690
1672108817792 188.5 26907
1672108890811 189.0 27124
1672108963577 187.25 27341
1672109036666 187.0 27558
1672109109984 187.5 27775
1672109183062 191.25 27992
1672109256165 191.0 28209
1672109329200 186.75 28426
1672109402283 188.5 28643
1672109475417 189.0 28860
1672109548479 189.0 29077
1672109621599 186.0 29294
1672109694400 188.5 29511
1672109767294 191.5 29728
1672109840714 190.25 29945
1672109913844 187.25 30162
1672109986844 188.75 30379
1672110059950 190.75 30596
1672110133282 187.25 30813
1672110206200 188.75 31030
1672110279740 189.5 31247
1672110352705 189.0 31464
1672110426030 187.5 31681
1672110498912 188.75 31898
1672110571875 187.0 32115
1672110644863 189.75 32332
1672110717954 189.25 32549
