1672099795206 0 49
1672099809456 0 99
1672099824097 0 149
1672099838331 0 199
1672099849718 0 216
1672099852670 1 216
1672099862830 1 249
1672099877203 1 299
1672099891586 1 349
1672099905948 1 399
1672099922106 1 433
1672099925160 2 433
1672099930433 2 449
1672099945033 2 499
1672099959631 2 549
1672099974013 2 599
1672099988342 2 649
1672099994916 2 650
1672099998054 3 650
1672100012728 3 699
1672100027073 3 749
1672100041475 3 799
1672100056075 3 849
1672100067497 3 867
1672100070623 4 867
1672100080489 4 899
1672100094831 4 949
1672100109269 4 999
1672100123770 4 1049
1672100140080 4 1084
1672100143227 5 1084
1672100148189 5 1099
1672100162540 5 1149
1672100177026 5 1199
1672100191700 5 1249
1672100206039 5 1299
1672100213100 5 1301
1672100216237 6 1301
1672100230740 6 1349
1672100245026 6 1399
1672100259277 6 1449
1672100273538 6 1499
1672100285241 6 1518
1672100288445 7 1518
1672100298164 7 1549
1672100312468 7 1599
1672100326927 7 1649
1672100341433 7 1699
1672100358194 7 1735
1672100361326 8 1735
1672100366152 8 1749
1672100380516 8 1799
1672100394980 8 1849
1672100409320 8 1899
1672100423655 8 1949
1672100430764 8 1952
1672100433950 9 1952
1672100448252 9 1999
1672100462815 9 2049
1672100477198 9 2099
1672100491676 9 2149
1672100503698 9 2169
1672100506844 10 2169
1672100516175 10 2199
1672100530694 10 2249
1672100545001 10 2299
1672100559328 10 2349
1672100576499 10 2386
1672100579701 11 2386
1672100584237 11 2399
1672100598649 11 2449
1672100612985 11 2499
1672100627350 11 2549
1672100641734 11 2599
1672100649115 11 2603
1672100652271 12 2603
1672100666475 12 2649
1672100680841 12 2699
1672100695391 12 2749
1672100710126 12 2799
1672100722758 12 2820
1672100725875 13 2820
1672100734876 13 2849
1672100749249 13 2899
1672100763646 13 2949
1672100778379 13 2999
1672100795692 13 3037
1672100798875 14 3037
1672100803011 14 3049
1672100817309 14 3099
1672100831633 14 3149
1672100846128 14 3199
1672100860845 14 3249
1672100868599 14 3254
1672100871773 15 3254
1672100885378 15 3299
1672100899953 15 3349
1672100914429 15 3399
1672100928964 15 3449
1672100941726 15 3471
1672100944957 16 3471
1672100953666 16 3499
1672100968011 16 3549
1672100982482 16 3599
1672100997030 16 3649
1672101014561 16 3688
1672101017704 17 3688
1672101021580 17 3699
1672101035991 17 3749
1672101050478 17 3799
1672101065017 17 3849
1672101079364 17 3899
1672101087455 17 3905
1672101090653 18 3905
1672101103912 18 3949
1672101118388 18 3999
1672101132691 18 4049
1672101147090 18 4099
1672101159912 18 4122
1672101163075 19 4122
1672101171512 19 4149
1672101185922 19 4199
1672101200382 19 4249
1672101214815 19 4299
1672101232601 19 4339
1672101235838 20 4339
1672101239563 20 4349
1672101253936 20 4399
1672101268353 20 4449
1672101282823 20 4499
1672101297237 20 4549
1672101305430 20 4556
1672101308553 21 4556
1672101321548 21 4599
1672101336051 21 4649
1672101350366 21 4699
1672101364731 21 4749
1672101378105 21 4773
1672101381298 22 4773
1672101389420 22 4799
1672101403960 22 4849
1672101418308 22 4899
1672101432678 22 4949
1672101451001 22 4990
1672101454119 23 4990
1672101457362 23 4999
1672101471738 23 5049
1672101486088 23 5099
1672101500401 23 5149
1672101514840 23 5199
1672101523408 23 5207
1672101526565 24 5207
1672101539418 24 5249
1672101553736 24 5299
1672101568292 24 5349
1672101582736 24 5399
1672101596213 24 5424
1672101599378 25 5424
1672101607220 25 5449
1672101621514 25 5499
1672101636063 25 5549
1672101650404 25 5599
1672101668940 25 5641
1672101672031 26 5641
1672101675058 26 5649
1672101689547 26 5699
1672101703908 26 5749
1672101718338 26 5799
1672101732844 26 5849
1672101741935 26 5858
1672101745093 27 5858
1672101757706 27 5899
1672101772159 27 5949
1672101786508 27 5999
1672101800821 27 6049
1672101814684 27 6075
1672101817830 28 6075
1672101825398 28 6099
1672101839998 28 6149
1672101854366 28 6199
1672101868885 28 6249
1672101887348 28 6292
1672101890480 29 6292
1672101893144 29 6299
1672101907766 29 6349
1672101922091 29 6399
1672101936455 29 6449
1672101950800 29 6499
1672101959974 29 6509
1672101963176 30 6509
1672101975555 30 6549
1672101989934 30 6599
1672102004356 30 6649
1672102018710 30 6699
1672102032918 30 6726
1672102036068 31 6726
1672102043372 31 6749
1672102057728 31 6799
1672102072111 31 6849
1672102086433 31 6899
1672102105652 31 6943
1672102108780 32 6943
1672102111348 32 6949
1672102125676 32 6999
1672102140156 32 7049
1672102154495 32 7099
1672102169085 32 7149
1672102178528 32 7160
1672102181765 33 7160
1672102193659 33 7199
1672102207997 33 7249
1672102222353 33 7299
1672102236677 33 7349
1672102251032 33 7377
1672102254242 34 7377
1672102261276 34 7399
1672102275948 34 7449
1672102290363 34 7499
1672102304811 34 7549
1672102324267 34 7594
1672102327434 35 7594
1672102329563 35 7599
1672102343829 35 7649
1672102358182 35 7699
1672102372458 35 7749
1672102386811 35 7799
1672102396770 35 7811
1672102399900 36 7811
1672102411450 36 7849
1672102425834 36 7899
1672102440475 36 7949
1672102455004 36 7999
1672102469710 36 8028
1672102472866 37 8028
1672102479568 37 8049
1672102494125 37 8099
1672102508578 37 8149
1672102523260 37 8199
1672102542967 37 8245
1672102546164 38 8245
1672102548073 38 8249
1672102562357 38 8299
1672102576737 38 8349
1672102591020 38 8399
1672102605454 38 8449
1672102615589 38 8462
1672102618809 39 8462
1672102630123 39 8499
1672102644590 39 8549
1672102658923 39 8599
1672102673288 39 8649
1672102688234 39 8679
1672102691476 40 8679
1672102698003 40 8699
1672102712359 40 8749
1672102726834 40 8799
1672102741334 40 8849
1672102761306 40 8896
1672102764467 41 8896
1672102765979 41 8899
1672102780282 41 8949
1672102794570 41 8999
1672102808901 41 9049
1672102823316 41 9099
1672102833928 41 9113
1672102837136 42 9113
1672102848122 42 9149
1672102862702 42 9199
1672102877012 42 9249
1672102891316 42 9299
1672102906637 42 9330
1672102909791 43 9330
1672102915879 43 9349
1672102930224 43 9399
1672102944693 43 9449
1672102959041 43 9499
1672102979291 43 9547
1672102982495 44 9547
1672102983865 44 9549
1672102998138 44 9599
1672103012760 44 9649
1672103027049 44 9699
1672103041457 44 9749
1672103052236 44 9764
1672103055395 45 9764
1672103066176 45 9799
1672103080597 45 9849
1672103095014 45 9899
1672103109584 45 9949
1672103125231 45 9981
1672103128389 46 9981
1672103134407 46 9999
1672103148923 46 10049
1672103163391 46 10099
1672103177939 46 10149
1672103198679 46 10198
1672103201881 47 10198
1672103202880 47 10199
1672103217258 47 10249
1672103231666 47 10299
1672103246059 47 10349
1672103260365 47 10399
1672103271571 47 10415
1672103274683 48 10415
1672103285099 48 10449
1672103299654 48 10499
1672103314116 48 10549
1672103328487 48 10599
1672103344345 48 10632
1672103347505 49 10632
1672103353080 49 10649
1672103367411 49 10699
1672103381746 49 10749
1672103396388 49 10799
1672103410751 49 10849
1672103417348 49 10849
1672103420528 50 10849
1672103435533 50 10899
1672103449889 50 10949
1672103464263 50 10999
1672103478667 50 11049
1672103489837 50 11066
1672103493030 51 11066
1672103503205 51 11099
1672103517686 51 11149
1672103532144 51 11199
1672103546582 51 11249
1672103562996 51 11283
1672103566086 52 11283
1672103571542 52 11299
1672103585914 52 11349
1672103600324 52 11399
1672103614689 52 11449
1672103629050 52 11499
1672103635727 52 11500
1672103638918 53 11500
1672103653641 53 11549
1672103668246 53 11599
1672103682819 53 11649
1672103697550 53 11699
1672103709238 53 11717
1672103712420 54 11717
1672103722502 54 11749
1672103736888 54 11799
1672103751445 54 11849
1672103765799 54 11899
1672103782067 54 11934
1672103785445 55 11934
1672103790431 55 11949
1672103805023 55 11999
1672103819392 55 12049
1672103834028 55 12099
1672103848460 55 12149
1672103855671 55 12151
1672103859006 56 12151
1672103873678 56 12199
1672103888063 56 12249
1672103902504 56 12299
1672103917122 56 12349
1672103928989 56 12368
1672103932174 57 12368
1672103941826 57 12399
1672103956237 57 12449
1672103970749 57 12499
1672103985234 57 12549
1672104001864 57 12585
1672104005070 58 12585
1672104009792 58 12599
1672104024141 58 12649
1672104038470 58 12699
1672104052828 58 12749
1672104067338 58 12799
1672104074696 58 12802
1672104077894 59 12802
1672104092238 59 12849
1672104106806 59 12899
1672104121213 59 12949
1672104135577 59 12999
1672104147802 59 13019
1672104150929 60 13019
1672104160231 60 13049
1672104174656 60 13099
1672104189166 60 13149
1672104203662 60 13199
1672104221541 60 13236
1672104224773 61 13236
1672104229228 61 13249
1672104243839 61 13299
1672104258263 61 13349
1672104272663 61 13399
1672104287229 61 13449
1672104294603 61 13453
1672104297792 62 13453
1672104311795 62 13499
1672104326178 62 13549
1672104340632 62 13599
1672104355324 62 13649
1672104367649 62 13670
1672104370825 63 13670
1672104379814 63 13699
1672104394138 63 13749
1672104408641 63 13799
1672104423026 63 13849
1672104440177 63 13887
1672104443371 64 13887
1672104447505 64 13899
1672104461906 64 13949
1672104476279 64 13999
1672104490914 64 14049
1672104505268 64 14099
1672104513130 64 14104
1672104516341 65 14104
1672104530133 65 14149
1672104544472 65 14199
1672104558841 65 14249
1672104573324 65 14299
1672104585901 65 14321
1672104589103 66 14321
1672104597761 66 14349
1672104612117 66 14399
1672104626674 66 14449
1672104641348 66 14499
1672104659123 66 14538
1672104662351 67 14538
1672104666174 67 14549
1672104680505 67 14599
1672104694851 67 14649
1672104709393 67 14699
1672104723737 67 14749
1672104731995 67 14755
1672104735190 68 14755
1672104748548 68 14799
1672104762947 68 14849
1672104777413 68 14899
1672104791820 68 14949
1672104804951 68 14972
1672104808110 69 14972
1672104816507 69 14999
1672104830792 69 15049
1672104845115 69 15099
1672104859445 69 15149
1672104877280 69 15189
1672104880434 70 15189
1672104884010 70 15199
1672104898659 70 15249
1672104913033 70 15299
1672104927607 70 15349
1672104941993 70 15399
1672104950445 70 15406
1672104953639 71 15406
1672104966672 71 15449
1672104981005 71 15499
1672104995355 71 15549
1672105009733 71 15599
1672105023201 71 15623
1672105026346 72 15623
1672105034709 72 15649
1672105049197 72 15699
1672105063606 72 15749
1672105078078 72 15799
1672105096336 72 15840
1672105099541 73 15840
1672105102829 73 15849
1672105117149 73 15899
1672105131439 73 15949
1672105145912 73 15999
1672105160231 73 16049
1672105168930 73 16057
1672105172116 74 16057
1672105184889 74 16099
1672105199278 74 16149
1672105213786 74 16199
1672105228204 74 16249
1672105241770 74 16274
1672105244966 75 16274
1672105252806 75 16299
1672105267183 75 16349
1672105281531 75 16399
1672105296007 75 16449
1672105314330 75 16491
1672105317425 76 16491
1672105320722 76 16499
1672105335146 76 16549
1672105349453 76 16599
1672105363751 76 16649
1672105378069 76 16699
1672105386909 76 16708
1672105390127 77 16708
1672105402560 77 16749
1672105416901 77 16799
1672105431311 77 16849
1672105445750 77 16899
1672105459693 77 16925
1672105462839 78 16925
1672105470365 78 16949
1672105484697 78 16999
1672105499357 78 17049
1672105513676 78 17099
1672105532452 78 17142
1672105535664 79 17142
1672105538371 79 17149
1672105552700 79 17199
1672105567215 79 17249
1672105581713 79 17299
1672105596069 79 17349
1672105605138 79 17359
1672105608375 80 17359
1672105620648 80 17399
1672105635081 80 17449
1672105649364 80 17499
1672105663649 80 17549
1672105677763 80 17576
1672105680994 81 17576
1672105688406 81 17599
1672105702699 81 17649
1672105717191 81 17699
1672105731715 81 17749
1672105750896 81 17793
1672105754142 82 17793
1672105756506 82 17799
1672105770905 82 17849
1672105785402 82 17899
1672105799743 82 17949
1672105814139 82 17999
1672105823534 82 18010
1672105826749 83 18010
1672105838648 83 18049
1672105853164 83 18099
1672105867578 83 18149
1672105881955 83 18199
1672105896268 83 18227
1672105899426 84 18227
1672105906505 84 18249
1672105920870 84 18299
1672105935339 84 18349
1672105949821 84 18399
1672105969214 84 18444
1672105972397 85 18444
1672105974562 85 18449
1672105988905 85 18499
1672106003221 85 18549
1672106017663 85 18599
1672106031987 85 18649
1672106041783 85 18661
1672106045010 86 18661
1672106056821 86 18699
1672106071269 86 18749
1672106085896 86 18799
1672106100225 86 18849
1672106115018 86 18878
1672106118162 87 18878
1672106124867 87 18899
1672106139248 87 18949
1672106153756 87 18999
1672106168102 87 19049
1672106187628 87 19095
1672106190821 88 19095
1672106192621 88 19099
1672106206900 88 19149
1672106221353 88 19199
1672106235678 88 19249
1672106250007 88 19299
1672106260209 88 19312
1672106263369 89 19312
1672106274729 89 19349
1672106289037 89 19399
1672106303424 89 19449
1672106317871 89 19499
1672106332798 89 19529
1672106336025 90 19529
1672106342376 90 19549
1672106356937 90 19599
1672106371291 90 19649
1672106385698 90 19699
1672106405338 90 19746
1672106408596 91 19746
1672106410130 91 19749
1672106424493 91 19799
1672106439040 91 19849
1672106453402 91 19899
1672106467800 91 19949
1672106478579 91 19963
1672106481737 92 19963
1672106492907 92 19999
1672106507454 92 20049
1672106521987 92 20099
1672106536541 92 20149
1672106551997 92 20180
1672106555078 93 20180
1672106561241 93 20199
1672106575687 93 20249
1672106590106 93 20299
1672106604569 93 20349
1672106624658 93 20397
1672106627881 94 20397
1672106629113 94 20399
1672106643746 94 20449
1672106658225 94 20499
1672106672876 94 20549
1672106687327 94 20599
1672106698011 94 20614
1672106701224 95 20614
1672106712058 95 20649
1672106726408 95 20699
1672106740766 95 20749
1672106755411 95 20799
1672106770926 95 20831
1672106774133 96 20831
1672106779989 96 20849
1672106794473 96 20899
1672106808822 96 20949
1672106823182 96 20999
1672106843478 96 21048
1672106846569 97 21048
1672106847587 97 21049
1672106861940 97 21099
1672106876277 97 21149
1672106890947 97 21199
1672106905299 97 21249
1672106916359 97 21265
1672106919544 98 21265
1672106930058 98 21299
1672106944424 98 21349
1672106958959 98 21399
1672106973267 98 21449
1672106989215 98 21482
1672106992429 99 21482
1672106997995 99 21499
1672107012440 99 21549
1672107026939 99 21599
1672107041279 99 21649
1672107055408 99 21699
1672107062022 99 21699
1672107065158 100 21699
1672107080221 100 21749
1672107094723 100 21799
1672107109084 100 21849
1672107123444 100 21899
1672107134816 100 21916
1672107137993 101 21916
1672107148178 101 21949
1672107162892 101 21999
1672107177268 101 22049
1672107191763 101 22099
1672107207999 101 22133
1672107211210 102 22133
1672107216465 102 22149
1672107230801 102 22199
1672107245143 102 22249
1672107259526 102 22299
1672107274213 102 22349
1672107280924 102 22350
1672107284097 103 22350
1672107298935 103 22399
1672107313397 103 22449
1672107328260 103 22499
1672107343051 103 22549
1672107355103 103 22567
1672107358652 104 22567
1672107368886 104 22599
1672107383666 104 22649
1672107398278 104 22699
1672107412994 104 22749
1672107429884 104 22784
1672107433181 105 22784
1672107438201 105 22799
1672107452764 105 22849
1672107467168 105 22899
1672107481593 105 22949
1672107495948 105 22999
1672107502950 105 23001
1672107506289 106 23001
1672107520762 106 23049
1672107535272 106 23099
1672107549635 106 23149
1672107564262 106 23199
1672107576335 106 23218
1672107579658 107 23218
1672107589191 107 23249
1672107603561 107 23299
1672107617918 107 23349
1672107632311 107 23399
1672107649103 107 23435
1672107652402 108 23435
1672107657304 108 23449
1672107671655 108 23499
1672107685978 108 23549
1672107700565 108 23599
1672107714855 108 23649
1672107722343 108 23652
1672107725560 109 23652
1672107739738 109 23699
1672107754244 109 23749
1672107768575 109 23799
1672107782903 109 23849
1672107795083 109 23869
1672107798329 110 23869
1672107807719 110 23899
1672107822062 110 23949
1672107836644 110 23999
1672107850954 110 24049
1672107867956 110 24086
1672107871360 111 24086
1672107875793 111 24099
1672107890264 111 24149
1672107904614 111 24199
1672107919083 111 24249
1672107933395 111 24299
1672107941175 111 24303
1672107944355 112 24303
1672107958221 112 24349
1672107972598 112 24399
1672107986936 112 24449
1672108001441 112 24499
1672108013894 112 24520
1672108017093 113 24520
1672108026075 113 24549
1672108040666 113 24599
1672108055117 113 24649
1672108069523 113 24699
1672108087148 113 24737
1672108090410 114 24737
1672108094585 114 24749
1672108108959 114 24799
1672108123330 114 24849
1672108137813 114 24899
1672108152169 114 24949
1672108160096 114 24954
1672108163357 115 24954
1672108177049 115 24999
1672108191426 115 25049
1672108205917 115 25099
1672108220291 115 25149
1672108233162 115 25171
1672108236412 116 25171
1672108245219 116 25199
1672108259703 116 25249
1672108274062 116 25299
1672108288549 116 25349
1672108306074 116 25388
1672108309323 117 25388
1672108313189 117 25399
1672108327732 117 25449
1672108342127 117 25499
1672108356555 117 25549
1672108370922 117 25599
1672108379214 117 25605
1672108382497 118 25605
1672108395837 118 25649
1672108410215 118 25699
1672108424741 118 25749
1672108439114 118 25799
1672108452203 118 25822
1672108455505 119 25822
1672108464089 119 25849
1672108478492 119 25899
1672108492948 119 25949
1672108507377 119 25999
1672108525401 119 26039
1672108528646 120 26039
1672108532344 120 26049
1672108546823 120 26099
1672108561174 120 26149
1672108575513 120 26199
1672108590027 120 26249
1672108598545 120 26256
1672108601800 121 26256
1672108614819 121 26299
1672108629221 121 26349
1672108643607 121 26399
1672108657960 121 26449
1672108671581 121 26473
1672108674830 122 26473
1672108683224 122 26499
1672108697814 122 26549
1672108712198 122 26599
1672108726566 122 26649
1672108744856 122 26690
1672108748083 123 26690
1672108751386 123 26699
1672108765716 123 26749
1672108780280 123 26799
1672108794615 123 26849
1672108809072 123 26899
1672108817792 123 26907
1672108821024 124 26907
1672108833806 124 26949
1672108848177 124 26999
1672108862732 124 27049
1672108877110 124 27099
1672108890811 124 27124
1672108894032 125 27124
1672108901840 125 27149
1672108916168 125 27199
1672108930582 125 27249
1672108945068 125 27299
1672108963577 125 27341
1672108966822 126 27341
1672108969795 126 27349
1672108984262 126 27399
1672108998596 126 27449
1672109013268 126 27499
1672109027647 126 27549
1672109036666 126 27558
1672109039944 127 27558
1672109052490 127 27599
1672109066859 127 27649
1672109081479 127 27699
1672109095810 127 27749
1672109109984 127 27775
1672109113255 128 27775
1672109120801 128 27799
1672109135164 128 27849
1672109149707 128 27899
1672109164151 128 27949
1672109183062 128 27992
1672109186399 129 27992
1672109189100 129 27999
1672109203588 129 28049
1672109217925 129 28099
1672109232557 129 28149
1672109246896 129 28199
1672109256165 129 28209
1672109259377 130 28209
1672109271657 130 28249
1672109286151 130 28299
1672109300737 130 28349
1672109315074 130 28399
1672109329200 130 28426
1672109332455 131 28426
1672109339740 131 28449
1672109354292 131 28499
1672109368959 131 28549
1672109383323 131 28599
1672109402283 131 28643
1672109405507 132 28643
1672109407960 132 28649
1672109422320 132 28699
1672109436697 132 28749
1672109451164 132 28799
1672109465771 132 28849
1672109475417 132 28860
1672109478662 133 28860
1672109490624 133 28899
1672109505144 133 28949
1672109519548 133 28999
1672109533987 133 29049
1672109548479 133 29077
1672109551785 134 29077
1672109558811 134 29099
1672109573363 134 29149
1672109587849 134 29199
1672109602318 134 29249
1672109621599 134 29294
1672109624754 135 29294
1672109626920 135 29299
1672109641310 135 29349
1672109655846 135 29399
1672109670183 135 29449
1672109684513 135 29499
1672109694400 135 29511
1672109697721 136 29511
1672109709249 136 29549
1672109723710 136 29599
1672109738209 136 29649
1672109752587 136 29699
1672109767294 136 29728
1672109770560 137 29728
1672109777243 137 29749
1672109792149 137 29799
1672109806633 137 29849
1672109821013 137 29899
1672109840714 137 29945
1672109843899 138 29945
1672109845788 138 29949
1672109860185 138 29999
1672109874724 138 30049
1672109889125 138 30099
1672109903514 138 30149
1672109913844 138 30162
1672109917075 139 30162
1672109928328 139 30199
1672109942821 139 30249
1672109957163 139 30299
1672109971540 139 30349
1672109986844 139 30379
1672109990105 140 30379
1672109996562 140 30399
1672110011014 140 30449
1672110025480 140 30499
1672110040016 140 30549
1672110059950 140 30596
1672110063232 141 30596
1672110064793 141 30599
1672110079157 141 30649
1672110093697 141 30699
1672110108087 141 30749
1672110122758 141 30799
1672110133282 141 30813
1672110136562 142 30813
1672110147581 142 30849
1672110161946 142 30899
1672110176460 142 30949
1672110190832 142 30999
1672110206200 142 31030
1672110209492 143 31030
1672110215589 143 31049
1672110230028 143 31099
1672110244777 143 31149
1672110259368 143 31199
1672110279740 143 31247
1672110282903 144 31247
1672110284208 144 31249
1672110298685 144 31299
1672110313111 144 31349
1672110327518 144 31399
1672110341905 144 31449
1672110352705 144 31464
1672110355929 145 31464
1672110366708 145 31499
1672110381288 145 31549
1672110395772 145 31599
1672110410322 145 31649
1672110426030 145 31681
1672110429327 146 31681
1672110435242 146 31699
1672110449553 146 31749
1672110463868 146 31799
1672110478361 146 31849
1672110498912 146 31898
1672110502182 147 31898
1672110503182 147 31899
1672110517551 147 31949
1672110532047 147 31999
1672110546420 147 32049
1672110560765 147 32099
1672110571875 147 32115
1672110575138 148 32115
1672110585672 148 32149
1672110599989 148 32199
1672110614495 148 32249
1672110628980 148 32299
1672110644863 148 32332
1672110648046 149 32332
1672110653632 149 32349
1672110668087 149 32399
1672110682662 149 32449
1672110697258 149 32499
1672110711485 149 32549
1672110717954 149 32549
1672110721001 150 32549
