1672099849718 0.0 216
1672099922106 0.0 433
1672099994916 0.0 650
1672100067497 0.0 867
1672100140080 0.0 1084
1672100213100 0.0 1301
1672100285241 0.75 1518
1672100358194 0.0 1735
1672100430764 0.0 1952
1672100503698 0.0 2169
1672100576499 0.75 2386
1672100649115 0.0 2603
1672100722758 0.0 2820
1672100795692 0.0 3037
1672100868599 0.0 3254
1672100941726 0.0 3471
1672101014561 0.0 3688
1672101087455 0.0 3905
1672101159912 0.0 4122
1672101232601 0.5 4339
1672101305430 0.0 4556
1672101378105 0.5 4773
1672101451001 0.5 4990
1672101523408 0.5 5207
1672101596213 1.0 5424
1672101668940 0.75 5641
1672101741935 1.0 5858
1672101814684 0.0 6075
1672101887348 0.5 6292
1672101959974 0.5 6509
1672102032918 1.0 6726
1672102105652 1.0 6943
1672102178528 1.0 7160
1672102251032 1.0 7377
1672102324267 1.25 7594
1672102396770 1.75 7811
1672102469710 1.25 8028
1672102542967 1.0 8245
1672102615589 1.5 8462
1672102688234 1.75 8679
1672102761306 1.75 8896
1672102833928 1.25 9113
1672102906637 1.5 9330
1672102979291 1.75 9547
1672103052236 1.5 9764
1672103125231 1.75 9981
1672103198679 1.5 10198
1672103271571 1.5 10415
1672103344345 1.75 10632
1672103417348 1.75 10849
1672103489837 2.0 11066
1672103562996 1.5 11283
1672103635727 1.75 11500
1672103709238 3.0 11717
1672103782067 1.75 11934
1672103855671 1.75 12151
1672103928989 1.75 12368
1672104001864 1.75 12585
1672104074696 2.0 12802
1672104147802 4.25 13019
1672104221541 2.0 13236
1672104294603 1.75 13453
1672104367649 1.75 13670
1672104440177 1.75 13887
1672104513130 2.5 14104
1672104585901 3.25 14321
1672104659123 2.25 14538
1672104731995 2.5 14755
1672104804951 3.25 14972
1672104877280 2.25 15189
1672104950445 2.0 15406
1672105023201 2.0 15623
1672105096336 3.0 15840
1672105168930 3.75 16057
1672105241770 4.0 16274
1672105314330 3.0 16491
1672105386909 3.5 16708
1672105459693 3.0 16925
1672105532452 4.0 17142
1672105605138 4.0 17359
1672105677763 3.25 17576
1672105750896 4.0 17793
1672105823534 2.0 18010
1672105896268 3.75 18227
1672105969214 4.5 18444
1672106041783 4.5 18661
1672106115018 4.5 18878
1672106187628 2.5 19095
1672106260209 4.25 19312
1672106332798 2.0 19529
1672106405338 4.25 19746
1672106478579 4.0 19963
1672106551997 4.5 20180
1672106624658 8.75 20397
1672106698011 5.0 20614
1672106770926 3.25 20831
1672106843478 2.25 21048
1672106916359 2.0 21265
1672106989215 2.25 21482
1672107062022 4.75 21699
1672107134816 4.75 21916
1672107207999 4.75 22133
1672107280924 5.75 22350
1672107355103 4.75 22567
1672107429884 4.5 22784
1672107502950 3.75 23001
1672107576335 2.5 23218
1672107649103 4.5 23435
1672107722343 3.75 23652
1672107795083 2.25 23869
1672107867956 5.0 24086
1672107941175 2.5 24303
1672108013894 4.5 24520
1672108087148 3.75 24737
1672108160096 7.75 24954
1672108233162 7.25 25171
1672108306074 4.25 25388
1672108379214 4.0 25605
1672108452203 4.5 25822
1672108525401 3.75 26039
1672108598545 4.25 26256
1672108671581 4.0 26473
1672108744856 2.5 26690
1672108817792 4.5 26907
1672108890811 4.25 27124
1672108963577 6.0 27341
1672109036666 6.0 27558
1672109109984 5.25 27775
1672109183062 2.0 27992
1672109256165 4.25 28209
1672109329200 6.5 28426
1672109402283 4.25 28643
1672109475417 4.25 28860
1672109548479 4.0 29077
1672109621599 7.25 29294
1672109694400 4.5 29511
1672109767294 4.25 29728
1672109840714 2.5 29945
1672109913844 6.25 30162
1672109986844 4.25 30379
1672110059950 3.75 30596
1672110133282 5.25 30813
1672110206200 4.5 31030
1672110279740 3.75 31247
1672110352705 4.25 31464
1672110426030 5.75 31681
1672110498912 4.75 31898
1672110571875 6.0 32115
1672110644863 3.5 32332
1672110717954 4.25 32549
