1672099795206 0.78125 49
1672099809456 0.75 99
1672099824097 0.875 149
1672099838331 0.875 199
1672099862830 0.8125 249
1672099877203 0.875 299
1672099891586 0.8125 349
1672099905948 0.75 399
1672099930433 0.875 449
1672099945033 0.84375 499
1672099959631 0.71875 549
1672099974013 0.71875 599
1672099988342 0.78125 649
1672100012728 0.75 699
1672100027073 0.75 749
1672100041475 0.65625 799
1672100056075 0.71875 849
1672100080489 0.75 899
1672100094831 0.78125 949
1672100109269 0.84375 999
1672100123770 0.75 1049
1672100148189 0.71875 1099
1672100162540 0.875 1149
1672100177026 0.90625 1199
1672100191700 0.8125 1249
1672100206039 0.90625 1299
1672100230740 0.9375 1349
1672100245026 0.78125 1399
1672100259277 0.75 1449
1672100273538 0.8125 1499
1672100298164 0.84375 1549
1672100312468 0.71875 1599
1672100326927 0.84375 1649
1672100341433 0.6875 1699
1672100366152 0.71875 1749
1672100380516 0.78125 1799
1672100394980 0.875 1849
1672100409320 0.75 1899
1672100423655 0.875 1949
1672100448252 0.8125 1999
1672100462815 0.8125 2049
1672100477198 0.84375 2099
1672100491676 0.8125 2149
1672100516175 0.78125 2199
1672100530694 0.6875 2249
1672100545001 0.78125 2299
1672100559328 0.78125 2349
1672100584237 0.71875 2399
1672100598649 0.90625 2449
1672100612985 0.84375 2499
1672100627350 0.78125 2549
1672100641734 0.65625 2599
1672100666475 0.90625 2649
1672100680841 0.78125 2699
1672100695391 0.78125 2749
1672100710126 0.75 2799
1672100734876 0.75 2849
1672100749249 0.65625 2899
1672100763646 0.8125 2949
1672100778379 0.84375 2999
1672100803011 0.75 3049
1672100817309 0.8125 3099
1672100831633 0.78125 3149
1672100846128 0.84375 3199
1672100860845 0.8125 3249
1672100885378 0.75 3299
1672100899953 0.71875 3349
1672100914429 0.8125 3399
1672100928964 0.71875 3449
1672100953666 0.90625 3499
1672100968011 1.0 3549
1672100982482 0.71875 3599
1672100997030 0.875 3649
1672101021580 0.8125 3699
1672101035991 0.6875 3749
1672101050478 0.90625 3799
1672101065017 0.78125 3849
1672101079364 0.8125 3899
1672101103912 0.6875 3949
1672101118388 0.78125 3999
1672101132691 0.8125 4049
1672101147090 0.8125 4099
1672101171512 0.75 4149
1672101185922 0.78125 4199
1672101200382 0.78125 4249
1672101214815 0.78125 4299
1672101239563 0.875 4349
1672101253936 0.96875 4399
1672101268353 0.75 4449
1672101282823 0.78125 4499
1672101297237 0.78125 4549
1672101321548 0.8125 4599
1672101336051 0.875 4649
1672101350366 0.78125 4699
1672101364731 0.8125 4749
1672101389420 0.8125 4799
1672101403960 0.78125 4849
1672101418308 0.75 4899
1672101432678 0.75 4949
1672101457362 0.75 4999
1672101471738 0.84375 5049
1672101486088 0.78125 5099
1672101500401 0.875 5149
1672101514840 0.65625 5199
1672101539418 0.8125 5249
1672101553736 0.875 5299
1672101568292 0.8125 5349
1672101582736 0.6875 5399
1672101607220 0.65625 5449
1672101621514 0.875 5499
1672101636063 0.90625 5549
1672101650404 0.59375 5599
1672101675058 0.8125 5649
1672101689547 0.84375 5699
1672101703908 0.75 5749
1672101718338 0.84375 5799
1672101732844 0.8125 5849
1672101757706 0.84375 5899
1672101772159 0.90625 5949
1672101786508 0.78125 5999
1672101800821 0.78125 6049
1672101825398 0.6875 6099
1672101839998 0.6875 6149
1672101854366 0.75 6199
1672101868885 0.875 6249
1672101893144 0.78125 6299
1672101907766 0.8125 6349
1672101922091 0.65625 6399
1672101936455 0.75 6449
1672101950800 0.8125 6499
1672101975555 0.9375 6549
1672101989934 0.9375 6599
1672102004356 0.75 6649
1672102018710 0.71875 6699
1672102043372 0.875 6749
1672102057728 0.8125 6799
1672102072111 0.8125 6849
1672102086433 0.90625 6899
1672102111348 0.875 6949
1672102125676 0.75 6999
1672102140156 0.75 7049
1672102154495 0.875 7099
1672102169085 0.90625 7149
1672102193659 0.8125 7199
1672102207997 0.78125 7249
1672102222353 0.875 7299
1672102236677 0.84375 7349
1672102261276 0.8125 7399
1672102275948 0.6875 7449
1672102290363 0.78125 7499
1672102304811 0.84375 7549
1672102329563 0.71875 7599
1672102343829 0.90625 7649
1672102358182 0.71875 7699
1672102372458 0.71875 7749
1672102386811 0.6875 7799
1672102411450 0.75 7849
1672102425834 0.78125 7899
1672102440475 0.875 7949
1672102455004 0.75 7999
1672102479568 0.875 8049
1672102494125 0.84375 8099
1672102508578 0.8125 8149
1672102523260 0.90625 8199
1672102548073 0.75 8249
1672102562357 0.8125 8299
1672102576737 0.90625 8349
1672102591020 0.6875 8399
1672102605454 0.78125 8449
1672102630123 0.84375 8499
1672102644590 0.78125 8549
1672102658923 0.84375 8599
1672102673288 0.875 8649
1672102698003 0.84375 8699
1672102712359 0.84375 8749
1672102726834 0.71875 8799
1672102741334 0.9375 8849
1672102765979 0.8125 8899
1672102780282 0.78125 8949
1672102794570 0.75 8999
1672102808901 0.84375 9049
1672102823316 0.78125 9099
1672102848122 0.9375 9149
1672102862702 0.875 9199
1672102877012 0.84375 9249
1672102891316 0.75 9299
1672102915879 0.84375 9349
1672102930224 0.875 9399
1672102944693 0.84375 9449
1672102959041 0.90625 9499
1672102983865 0.90625 9549
1672102998138 0.875 9599
1672103012760 0.78125 9649
1672103027049 0.90625 9699
1672103041457 0.875 9749
1672103066176 0.8125 9799
1672103080597 0.84375 9849
1672103095014 0.875 9899
1672103109584 0.84375 9949
1672103134407 0.84375 9999
1672103148923 0.75 10049
1672103163391 0.9375 10099
1672103177939 0.8125 10149
1672103202880 0.90625 10199
1672103217258 0.75 10249
1672103231666 0.78125 10299
1672103246059 0.8125 10349
1672103260365 0.8125 10399
1672103285099 0.8125 10449
1672103299654 0.90625 10499
1672103314116 0.75 10549
1672103328487 0.75 10599
1672103353080 0.90625 10649
1672103367411 0.8125 10699
1672103381746 0.75 10749
1672103396388 0.75 10799
1672103410751 0.625 10849
1672103435533 0.78125 10899
1672103449889 0.8125 10949
1672103464263 0.78125 10999
1672103478667 0.71875 11049
1672103503205 0.84375 11099
1672103517686 0.71875 11149
1672103532144 0.8125 11199
1672103546582 0.8125 11249
1672103571542 0.78125 11299
1672103585914 0.75 11349
1672103600324 0.8125 11399
1672103614689 0.8125 11449
1672103629050 0.875 11499
1672103653641 0.84375 11549
1672103668246 0.9375 11599
1672103682819 0.8125 11649
1672103697550 0.875 11699
1672103722502 0.75 11749
1672103736888 0.875 11799
1672103751445 0.90625 11849
1672103765799 0.75 11899
1672103790431 0.71875 11949
1672103805023 0.78125 11999
1672103819392 0.75 12049
1672103834028 0.875 12099
1672103848460 0.78125 12149
1672103873678 0.8125 12199
1672103888063 0.84375 12249
1672103902504 0.71875 12299
1672103917122 0.6875 12349
1672103941826 0.84375 12399
1672103956237 0.9375 12449
1672103970749 0.78125 12499
1672103985234 0.78125 12549
1672104009792 0.84375 12599
1672104024141 0.84375 12649
1672104038470 0.90625 12699
1672104052828 0.875 12749
1672104067338 0.90625 12799
1672104092238 0.9375 12849
1672104106806 0.875 12899
1672104121213 0.84375 12949
1672104135577 0.75 12999
1672104160231 0.875 13049
1672104174656 0.78125 13099
1672104189166 0.75 13149
1672104203662 0.90625 13199
1672104229228 0.90625 13249
1672104243839 0.78125 13299
1672104258263 0.8125 13349
1672104272663 0.65625 13399
1672104287229 0.65625 13449
1672104311795 0.84375 13499
1672104326178 0.84375 13549
1672104340632 0.875 13599
1672104355324 0.78125 13649
1672104379814 0.84375 13699
1672104394138 0.78125 13749
1672104408641 0.84375 13799
1672104423026 0.8125 13849
1672104447505 0.90625 13899
1672104461906 0.78125 13949
1672104476279 0.71875 13999
1672104490914 0.75 14049
1672104505268 0.78125 14099
1672104530133 0.875 14149
1672104544472 0.875 14199
1672104558841 0.6875 14249
1672104573324 0.75 14299
1672104597761 0.71875 14349
1672104612117 0.90625 14399
1672104626674 0.875 14449
1672104641348 0.8125 14499
1672104666174 0.6875 14549
1672104680505 0.875 14599
1672104694851 0.6875 14649
1672104709393 0.84375 14699
1672104723737 0.90625 14749
1672104748548 0.84375 14799
1672104762947 0.8125 14849
1672104777413 0.71875 14899
1672104791820 0.78125 14949
1672104816507 0.9375 14999
1672104830792 0.84375 15049
1672104845115 0.71875 15099
1672104859445 0.90625 15149
1672104884010 0.65625 15199
1672104898659 0.6875 15249
1672104913033 0.6875 15299
1672104927607 0.78125 15349
1672104941993 0.71875 15399
1672104966672 0.71875 15449
1672104981005 0.8125 15499
1672104995355 0.9375 15549
1672105009733 0.875 15599
1672105034709 0.6875 15649
1672105049197 0.84375 15699
1672105063606 0.84375 15749
1672105078078 0.8125 15799
1672105102829 0.875 15849
1672105117149 0.78125 15899
1672105131439 0.8125 15949
1672105145912 0.78125 15999
1672105160231 0.75 16049
1672105184889 0.875 16099
1672105199278 0.84375 16149
1672105213786 0.875 16199
1672105228204 0.78125 16249
1672105252806 0.75 16299
1672105267183 0.78125 16349
1672105281531 0.84375 16399
1672105296007 0.78125 16449
1672105320722 0.8125 16499
1672105335146 0.90625 16549
1672105349453 0.84375 16599
1672105363751 0.875 16649
1672105378069 0.65625 16699
1672105402560 0.84375 16749
1672105416901 0.90625 16799
1672105431311 0.84375 16849
1672105445750 0.875 16899
1672105470365 0.90625 16949
1672105484697 0.8125 16999
1672105499357 0.6875 17049
1672105513676 0.84375 17099
1672105538371 0.8125 17149
1672105552700 0.78125 17199
1672105567215 0.875 17249
1672105581713 0.78125 17299
1672105596069 0.8125 17349
1672105620648 0.8125 17399
1672105635081 0.8125 17449
1672105649364 0.78125 17499
1672105663649 0.9375 17549
1672105688406 0.96875 17599
1672105702699 0.78125 17649
1672105717191 0.90625 17699
1672105731715 0.8125 17749
1672105756506 0.90625 17799
1672105770905 0.875 17849
1672105785402 0.90625 17899
1672105799743 0.8125 17949
1672105814139 0.8125 17999
1672105838648 0.8125 18049
1672105853164 0.84375 18099
1672105867578 0.875 18149
1672105881955 0.875 18199
1672105906505 0.8125 18249
1672105920870 0.78125 18299
1672105935339 0.875 18349
1672105949821 0.8125 18399
1672105974562 0.78125 18449
1672105988905 0.875 18499
1672106003221 0.875 18549
1672106017663 0.71875 18599
1672106031987 0.8125 18649
1672106056821 0.71875 18699
1672106071269 0.84375 18749
1672106085896 0.875 18799
1672106100225 0.84375 18849
1672106124867 0.96875 18899
1672106139248 0.84375 18949
1672106153756 0.84375 18999
1672106168102 0.625 19049
1672106192621 0.8125 19099
1672106206900 0.8125 19149
1672106221353 0.75 19199
1672106235678 0.90625 19249
1672106250007 0.75 19299
1672106274729 0.8125 19349
1672106289037 0.84375 19399
1672106303424 0.9375 19449
1672106317871 0.8125 19499
1672106342376 0.71875 19549
1672106356937 0.90625 19599
1672106371291 0.84375 19649
1672106385698 0.8125 19699
1672106410130 0.78125 19749
1672106424493 0.875 19799
1672106439040 0.875 19849
1672106453402 0.8125 19899
1672106467800 0.90625 19949
1672106492907 0.84375 19999
1672106507454 0.78125 20049
1672106521987 0.9375 20099
1672106536541 0.75 20149
1672106561241 0.78125 20199
1672106575687 0.75 20249
1672106590106 0.90625 20299
1672106604569 0.9375 20349
1672106629113 0.84375 20399
1672106643746 0.84375 20449
1672106658225 0.6875 20499
1672106672876 0.84375 20549
1672106687327 0.78125 20599
1672106712058 0.78125 20649
1672106726408 0.65625 20699
1672106740766 0.78125 20749
1672106755411 0.75 20799
1672106779989 0.75 20849
1672106794473 0.75 20899
1672106808822 0.78125 20949
1672106823182 0.8125 20999
1672106847587 0.90625 21049
1672106861940 0.8125 21099
1672106876277 0.8125 21149
1672106890947 0.8125 21199
1672106905299 0.875 21249
1672106930058 0.8125 21299
1672106944424 0.84375 21349
1672106958959 0.65625 21399
1672106973267 0.75 21449
1672106997995 0.71875 21499
1672107012440 0.875 21549
1672107026939 0.71875 21599
1672107041279 0.90625 21649
1672107055408 1.0 21699
1672107080221 0.8125 21749
1672107094723 0.8125 21799
1672107109084 0.9375 21849
1672107123444 0.75 21899
1672107148178 0.84375 21949
1672107162892 0.8125 21999
1672107177268 0.78125 22049
1672107191763 0.875 22099
1672107216465 0.84375 22149
1672107230801 0.875 22199
1672107245143 0.9375 22249
1672107259526 0.78125 22299
1672107274213 0.75 22349
1672107298935 0.78125 22399
1672107313397 0.90625 22449
1672107328260 0.8125 22499
1672107343051 0.84375 22549
1672107368886 0.78125 22599
1672107383666 0.90625 22649
1672107398278 0.8125 22699
1672107412994 0.78125 22749
1672107438201 0.875 22799
1672107452764 0.71875 22849
1672107467168 0.75 22899
1672107481593 0.75 22949
1672107495948 0.875 22999
1672107520762 0.90625 23049
1672107535272 0.78125 23099
1672107549635 0.8125 23149
1672107564262 0.90625 23199
1672107589191 0.84375 23249
1672107603561 0.625 23299
1672107617918 0.8125 23349
1672107632311 0.90625 23399
1672107657304 0.8125 23449
1672107671655 0.84375 23499
1672107685978 0.65625 23549
1672107700565 0.75 23599
1672107714855 0.8125 23649
1672107739738 0.875 23699
1672107754244 0.84375 23749
1672107768575 0.71875 23799
1672107782903 0.875 23849
1672107807719 0.9375 23899
1672107822062 0.875 23949
1672107836644 0.90625 23999
1672107850954 0.875 24049
1672107875793 0.84375 24099
1672107890264 0.90625 24149
1672107904614 0.78125 24199
1672107919083 0.9375 24249
1672107933395 0.875 24299
1672107958221 0.875 24349
1672107972598 0.875 24399
1672107986936 0.84375 24449
1672108001441 0.78125 24499
1672108026075 0.78125 24549
1672108040666 0.9375 24599
1672108055117 0.8125 24649
1672108069523 0.78125 24699
1672108094585 0.8125 24749
1672108108959 0.90625 24799
1672108123330 0.8125 24849
1672108137813 0.78125 24899
1672108152169 0.90625 24949
1672108177049 0.8125 24999
1672108191426 0.96875 25049
1672108205917 0.78125 25099
1672108220291 0.6875 25149
1672108245219 0.625 25199
1672108259703 0.875 25249
1672108274062 0.875 25299
1672108288549 0.84375 25349
1672108313189 0.875 25399
1672108327732 0.75 25449
1672108342127 0.84375 25499
1672108356555 0.875 25549
1672108370922 0.875 25599
1672108395837 0.96875 25649
1672108410215 0.90625 25699
1672108424741 0.84375 25749
1672108439114 0.875 25799
1672108464089 0.84375 25849
1672108478492 0.78125 25899
1672108492948 0.71875 25949
1672108507377 0.875 25999
1672108532344 0.84375 26049
1672108546823 0.78125 26099
1672108561174 0.84375 26149
1672108575513 0.8125 26199
1672108590027 0.78125 26249
1672108614819 0.75 26299
1672108629221 0.90625 26349
1672108643607 0.75 26399
1672108657960 0.84375 26449
1672108683224 0.78125 26499
1672108697814 0.90625 26549
1672108712198 0.8125 26599
1672108726566 0.75 26649
1672108751386 0.8125 26699
1672108765716 0.90625 26749
1672108780280 0.8125 26799
1672108794615 0.875 26849
1672108809072 0.8125 26899
1672108833806 0.75 26949
1672108848177 0.84375 26999
1672108862732 0.71875 27049
1672108877110 0.90625 27099
1672108901840 0.90625 27149
1672108916168 0.875 27199
1672108930582 0.84375 27249
1672108945068 0.75 27299
1672108969795 0.90625 27349
1672108984262 0.90625 27399
1672108998596 0.8125 27449
1672109013268 0.90625 27499
1672109027647 0.75 27549
1672109052490 0.8125 27599
1672109066859 0.84375 27649
1672109081479 0.8125 27699
1672109095810 0.71875 27749
1672109120801 0.78125 27799
1672109135164 0.8125 27849
1672109149707 0.84375 27899
1672109164151 0.75 27949
1672109189100 0.96875 27999
1672109203588 0.78125 28049
1672109217925 0.875 28099
1672109232557 0.96875 28149
1672109246896 0.84375 28199
1672109271657 0.8125 28249
1672109286151 0.8125 28299
1672109300737 0.875 28349
1672109315074 0.875 28399
1672109339740 0.875 28449
1672109354292 0.9375 28499
1672109368959 0.8125 28549
1672109383323 0.8125 28599
1672109407960 0.9375 28649
1672109422320 0.90625 28699
1672109436697 0.78125 28749
1672109451164 0.78125 28799
1672109465771 0.8125 28849
1672109490624 0.84375 28899
1672109505144 0.875 28949
1672109519548 0.875 28999
1672109533987 0.875 29049
1672109558811 0.84375 29099
1672109573363 0.78125 29149
1672109587849 0.71875 29199
1672109602318 0.78125 29249
1672109626920 0.875 29299
1672109641310 0.78125 29349
1672109655846 0.875 29399
1672109670183 0.84375 29449
1672109684513 0.8125 29499
1672109709249 0.78125 29549
1672109723710 0.84375 29599
1672109738209 0.8125 29649
1672109752587 0.875 29699
1672109777243 0.78125 29749
1672109792149 0.75 29799
1672109806633 0.875 29849
1672109821013 0.78125 29899
1672109845788 0.84375 29949
1672109860185 0.78125 29999
1672109874724 0.9375 30049
1672109889125 0.875 30099
1672109903514 0.75 30149
1672109928328 0.625 30199
1672109942821 0.75 30249
1672109957163 0.90625 30299
1672109971540 0.78125 30349
1672109996562 0.90625 30399
1672110011014 0.875 30449
1672110025480 0.71875 30499
1672110040016 0.84375 30549
1672110064793 0.8125 30599
1672110079157 0.75 30649
1672110093697 0.9375 30699
1672110108087 0.84375 30749
1672110122758 0.84375 30799
1672110147581 0.78125 30849
1672110161946 0.71875 30899
1672110176460 0.84375 30949
1672110190832 0.875 30999
1672110215589 0.90625 31049
1672110230028 0.96875 31099
1672110244777 0.75 31149
1672110259368 0.65625 31199
1672110284208 0.96875 31249
1672110298685 0.84375 31299
1672110313111 0.875 31349
1672110327518 0.75 31399
1672110341905 0.75 31449
1672110366708 0.78125 31499
1672110381288 0.71875 31549
1672110395772 0.8125 31599
1672110410322 0.90625 31649
1672110435242 1.0 31699
1672110449553 0.75 31749
1672110463868 0.875 31799
1672110478361 0.78125 31849
1672110503182 0.78125 31899
1672110517551 0.71875 31949
1672110532047 0.9375 31999
1672110546420 0.84375 32049
1672110560765 0.8125 32099
1672110585672 0.75 32149
1672110599989 0.84375 32199
1672110614495 0.90625 32249
1672110628980 0.90625 32299
1672110653632 0.84375 32349
1672110668087 0.8125 32399
1672110682662 0.78125 32449
1672110697258 0.8125 32499
1672110711485 0.875 32549
