1672099795206 1.8854199961413372 49
1672099809456 1.8867228135390883 99
1672099824097 1.6677878220598044 149
1672099838331 1.4693768638097038 199
1672099862830 1.5955151726481343 249
1672099877203 1.4959564722395413 299
1672099891586 2.32470317400285 349
1672099905948 1.6835231938646291 399
1672099930433 1.6954394404446789 449
1672099945033 1.7614024617799995 499
1672099959631 1.636221966401352 549
1672099974013 1.6007126732670294 599
1672099988342 1.882984191241916 649
1672100012728 1.6007040913310595 699
1672100027073 1.7220795354363494 749
1672100041475 1.953327139369907 799
1672100056075 1.5705650484604217 849
1672100080489 1.9874236858318346 899
1672100094831 1.9656566172467356 949
1672100109269 1.647680755326194 999
1672100123770 2.085542421648955 1049
1672100148189 1.971882486374592 1099
1672100162540 1.3129451828647938 1149
1672100177026 2.0620561930050783 1199
1672100191700 1.7330876736026912 1249
1672100206039 1.4385599684621382 1299
1672100230740 1.420446084626276 1349
1672100245026 2.116223770980768 1399
1672100259277 2.2718521097612996 1449
1672100273538 1.982758047705555 1499
1672100298164 1.6807504664098816 1549
1672100312468 2.2035025261332537 1599
1672100326927 1.93697468918476 1649
1672100341433 1.7050718737977058 1699
1672100366152 2.0029715971503586 1749
1672100380516 2.032169610006581 1799
1672100394980 1.3051606836243999 1849
1672100409320 2.258214276977951 1899
1672100423655 1.9343202366928902 1949
1672100448252 1.8734745403452893 1999
1672100462815 1.482192669338818 2049
1672100477198 1.6076662756427291 2099
1672100491676 1.8287474287946077 2149
1672100516175 1.6597224400747217 2199
1672100530694 2.150104265788483 2249
1672100545001 1.7550194007874884 2299
1672100559328 1.774560624292583 2349
1672100584237 2.1553993584979607 2399
1672100598649 2.1862317867655627 2449
1672100612985 1.8565292796789894 2499
1672100627350 1.4569013980527643 2549
1672100641734 1.6887788875246734 2599
1672100666475 1.4377804788303261 2649
1672100680841 1.5389494306591225 2699
1672100695391 1.5171711456138242 2749
1672100710126 2.0591317717850988 2799
1672100734876 1.8911659227750284 2849
1672100749249 1.980923103868132 2899
1672100763646 1.584913178179147 2949
1672100778379 2.29939344249932 2999
1672100803011 2.1957888344034795 3049
1672100817309 1.915374543093218 3099
1672100831633 1.645223554439244 3149
1672100846128 1.9454483323239866 3199
1672100860845 1.412428355277736 3249
1672100885378 1.4978151638662704 3299
1672100899953 2.2439510923335697 3349
1672100914429 1.5756428363434134 3399
1672100928964 1.6051480240459535 3449
1672100953666 1.5414729839473913 3499
1672100968011 1.7747489747434628 3549
1672100982482 1.9835674315695577 3599
1672100997030 1.668131890260262 3649
1672101021580 1.333110671686328 3699
1672101035991 1.9798998795592273 3749
1672101050478 1.9812999849057555 3799
1672101065017 1.4889583880514683 3849
1672101079364 1.8930810693961064 3899
1672101103912 2.0495315342619183 3949
1672101118388 1.6327986646283603 3999
1672101132691 1.8810080107230747 4049
1672101147090 2.122222728594683 4099
1672101171512 1.8296236142661553 4149
1672101185922 1.8535888337961053 4199
1672101200382 2.0498689571071376 4249
1672101214815 1.9523591035913996 4299
1672101239563 1.7248589211879422 4349
1672101253936 1.8025036745866756 4399
1672101268353 2.1104852322975702 4449
1672101282823 1.7903291718071153 4499
1672101297237 2.132957115874879 4549
1672101321548 1.4761297069247763 4599
1672101336051 1.9204398247439989 4649
1672101350366 2.2933927809701444 4699
1672101364731 1.4914664815727823 4749
1672101389420 1.656013750393982 4799
1672101403960 1.5949657824314247 4849
1672101418308 2.0514430081804034 4899
1672101432678 2.2761735446666673 4949
1672101457362 1.8360159358735684 4999
1672101471738 1.4324735993294633 5049
1672101486088 1.6923561268832725 5099
1672101500401 1.990916202656567 5149
1672101514840 1.9774451061404612 5199
1672101539418 1.6552916483985336 5249
1672101553736 1.7697229696984 5299
1672101568292 2.2155346790488952 5349
1672101582736 1.7696653270534421 5399
1672101607220 1.6873062218899764 5449
1672101621514 1.5136785645104807 5499
1672101636063 1.4182449792681278 5549
1672101650404 1.910006770983756 5599
1672101675058 1.783871557658771 5649
1672101689547 1.5878556181485428 5699
1672101703908 1.765517299232 5749
1672101718338 1.7712857900168302 5799
1672101732844 1.7226103194866205 5849
1672101757706 1.736916363823161 5899
1672101772159 1.4649348481445015 5949
1672101786508 2.2390787521785303 5999
1672101800821 1.8446023207182871 6049
1672101825398 1.6535884248968702 6099
1672101839998 1.8428456771740827 6149
1672101854366 1.3677796949772851 6199
1672101868885 1.553367098410288 6249
1672101893144 2.0482490855832234 6299
1672101907766 1.65526436976401 6349
1672101922091 2.163917095996313 6399
1672101936455 1.7321583914448841 6449
1672101950800 1.9916781031608708 6499
1672101975555 2.0945725512462383 6549
1672101989934 1.5701494652314105 6599
1672102004356 1.4810262821166105 6649
1672102018710 2.0033483203190774 6699
1672102043372 1.7043069767659187 6749
1672102057728 1.8838096034066938 6799
1672102072111 1.7162488592513696 6849
1672102086433 1.960256621559327 6899
1672102111348 1.6275354494900276 6949
1672102125676 1.7038786001626913 6999
1672102140156 2.223896241016197 7049
1672102154495 1.3503584420019252 7099
1672102169085 1.3150393282644288 7149
1672102193659 1.6248101238801755 7199
1672102207997 1.9809413309192723 7249
1672102222353 1.6809584999728744 7299
1672102236677 1.7738820615586093 7349
1672102261276 1.9286050915726256 7399
1672102275948 2.2836552772296113 7449
1672102290363 1.729904938666743 7499
1672102304811 1.6807216528720805 7549
1672102329563 1.8185673937851417 7599
1672102343829 1.6142727186076673 7649
1672102358182 1.929775608657092 7699
1672102372458 1.6829594109655672 7749
1672102386811 1.809390078453954 7799
1672102411450 1.6119830822603372 7849
1672102425834 1.8997171098483914 7899
1672102440475 1.5350783721468586 7949
1672102455004 1.6754758153093956 7999
1672102479568 1.5972407057545928 8049
1672102494125 1.322051564230533 8099
1672102508578 2.0592142466084455 8149
1672102523260 1.5279693854703456 8199
1672102548073 1.8185993143974022 8249
1672102562357 1.7103615404138635 8299
1672102576737 1.5953808506136393 8349
1672102591020 1.9708832624824328 8399
1672102605454 1.8741164578551694 8449
1672102630123 1.2993193623212735 8499
1672102644590 1.490325218323178 8549
1672102658923 1.5602702516383815 8599
1672102673288 1.9664406858538626 8649
1672102698003 1.6443194021182679 8699
1672102712359 1.2871161709035244 8749
1672102726834 1.7836465124762764 8799
1672102741334 1.486713542028459 8849
1672102765979 1.808402776490018 8899
1672102780282 1.9662607596913675 8949
1672102794570 1.655296466034602 8999
1672102808901 2.0897053999035364 9049
1672102823316 1.8009380519880689 9099
1672102848122 1.9001823646774532 9149
1672102862702 1.782235335099013 9199
1672102877012 1.8407485146586646 9249
1672102891316 1.3171749954270062 9299
1672102915879 1.989577426068072 9349
1672102930224 1.7449496690094204 9399
1672102944693 1.5524990198460995 9449
1672102959041 1.6142135471649066 9499
1672102983865 1.7706458748676277 9549
1672102998138 2.0405431911904177 9599
1672103012760 2.095904018091287 9649
1672103027049 1.3542369367130094 9699
1672103041457 1.3653920758399847 9749
1672103066176 1.6160936358711635 9799
1672103080597 1.8671038523616583 9849
1672103095014 1.7573327122366407 9899
1672103109584 1.4681099777787419 9949
1672103134407 1.7669085462582026 9999
1672103148923 2.0027288893201494 10049
1672103163391 1.667711332975878 10099
1672103177939 1.7816608395797164 10149
1672103202880 1.753324953405305 10199
1672103217258 1.856880064848536 10249
1672103231666 1.5846359774178171 10299
1672103246059 1.6174264024140912 10349
1672103260365 1.5062587439411792 10399
1672103285099 2.035322976455199 10449
1672103299654 1.780437151648194 10499
1672103314116 1.6483466612423026 10549
1672103328487 1.8446482111568272 10599
1672103353080 1.3782149853233778 10649
1672103367411 1.7044617516832568 10699
1672103381746 2.0943035474282556 10749
1672103396388 2.065234618774449 10799
1672103410751 2.2209360159301923 10849
1672103435533 1.7941781145105988 10899
1672103449889 1.720084887384486 10949
1672103464263 1.5503567544444419 10999
1672103478667 1.8036408184620893 11049
1672103503205 2.050723133681991 11099
1672103517686 1.5308021108031136 11149
1672103532144 1.892937385427243 11199
1672103546582 2.0773956249172354 11249
1672103571542 1.93370956810197 11299
1672103585914 1.8522888881173993 11349
1672103600324 1.929617191901409 11399
1672103614689 1.6660771815732747 11449
1672103629050 1.7038957553205678 11499
1672103653641 1.6610528784631158 11549
1672103668246 1.563211319033877 11599
1672103682819 1.3024589036571173 11649
1672103697550 1.945071009128806 11699
1672103722502 1.2769613323419864 11749
1672103736888 1.3475633237829434 11799
1672103751445 1.6541900783470092 11849
1672103765799 1.6882136853717338 11899
1672103790431 2.2967178902266916 11949
1672103805023 1.7604588691780183 11999
1672103819392 1.8841122963815957 12049
1672103834028 2.0762523334756797 12099
1672103848460 2.0764420906074865 12149
1672103873678 1.9064626855983648 12199
1672103888063 1.8881694960230522 12249
1672103902504 1.7858480053837251 12299
1672103917122 1.999160514157489 12349
1672103941826 1.8612780537368891 12399
1672103956237 1.4699792805186909 12449
1672103970749 1.5652022311171698 12499
1672103985234 1.3273199723350946 12549
1672104009792 1.4660813439765974 12599
1672104024141 1.7274589916662855 12649
1672104038470 1.5560250766437829 12699
1672104052828 2.154006781023509 12749
1672104067338 1.8732276120104363 12799
1672104092238 1.4651688921586647 12849
1672104106806 1.770485112825207 12899
1672104121213 1.7487289315277807 12949
1672104135577 1.6253935333068597 12999
1672104160231 1.7972307824000884 13049
1672104174656 2.070244798997786 13099
1672104189166 2.25984403740957 13149
1672104203662 1.4548976720976823 13199
1672104229228 1.4280327664792116 13249
1672104243839 1.5022317030797714 13299
1672104258263 1.5462090332652465 13349
1672104272663 1.7623104445277806 13399
1672104287229 1.6000133454349372 13449
1672104311795 2.2776779503934517 13499
1672104326178 1.5490479093400453 13549
1672104340632 1.6744892976212418 13599
1672104355324 1.7420571127813438 13649
1672104379814 1.7434128931243966 13699
1672104394138 1.670731691618099 13749
1672104408641 1.5949484557912799 13799
1672104423026 2.1494109080522494 13849
1672104447505 1.2261989523867352 13899
1672104461906 1.453192621787982 13949
1672104476279 1.9561244883289373 13999
1672104490914 1.7976379654570884 14049
1672104505268 1.630929353798255 14099
1672104530133 1.5370286404019948 14149
1672104544472 1.4409315332022197 14199
1672104558841 1.9611960232657588 14249
1672104573324 1.6815737924265923 14299
1672104597761 1.6196941293797642 14349
1672104612117 1.8498116123539783 14399
1672104626674 1.6822770599037047 14449
1672104641348 1.6378949602558888 14499
1672104666174 1.9370837336754123 14549
1672104680505 2.1379657477362537 14599
1672104694851 2.055349208865774 14649
1672104709393 1.663563993906815 14699
1672104723737 1.4975269015672363 14749
1672104748548 1.8522672416520947 14799
1672104762947 1.9933598499498708 14849
1672104777413 1.8931670365909714 14899
1672104791820 1.3467917795086992 14949
1672104816507 1.9498217140784777 14999
1672104830792 1.501307727720171 15049
1672104845115 1.3839598425385882 15099
1672104859445 1.7258824062037372 15149
1672104884010 2.1161780646443598 15199
1672104898659 1.6217479438733555 15249
1672104913033 1.576053927994428 15299
1672104927607 2.0556853722876802 15349
1672104941993 1.821814236558409 15399
1672104966672 2.036066591445889 15449
1672104981005 1.6132025640805938 15499
1672104995355 1.5934686107563263 15549
1672105009733 1.8342360266650282 15599
1672105034709 2.327171747959113 15649
1672105049197 1.97156439350346 15699
1672105063606 1.6733368732629637 15749
1672105078078 1.8477005718463475 15799
1672105102829 1.2176352745969004 15849
1672105117149 1.6423854359135874 15899
1672105131439 1.5320938747691824 15949
1672105145912 1.7023413738024196 15999
1672105160231 1.7365874304107463 16049
1672105184889 2.1024316639843263 16099
1672105199278 1.3562172974318534 16149
1672105213786 1.574260117993217 16199
1672105228204 1.6252772575911731 16249
1672105252806 1.5781017419358028 16299
1672105267183 1.7310213226293356 16349
1672105281531 1.894708902890313 16399
1672105296007 2.2617157261187386 16449
1672105320722 1.74963265403266 16499
1672105335146 1.555544191164961 16549
1672105349453 1.8974602573830475 16599
1672105363751 1.4751046837539086 16649
1672105378069 1.897710749818184 16699
1672105402560 1.8095418172144957 16749
1672105416901 1.3900097242368097 16799
1672105431311 1.7017786262440662 16849
1672105445750 1.7600909369742292 16899
1672105470365 1.32014333913162 16949
1672105484697 1.6446813747470004 16999
1672105499357 2.2030429245473755 17049
1672105513676 1.553171700409456 17099
1672105538371 1.800724202526678 17149
1672105552700 1.754767655373554 17199
1672105567215 1.4211417973060907 17249
1672105581713 1.6276631516584013 17299
1672105596069 2.0835935878755953 17349
1672105620648 1.599487163277947 17399
1672105635081 2.1285776315927016 17449
1672105649364 1.5186829821089778 17499
1672105663649 1.6349797195920395 17549
1672105688406 1.8174304098206218 17599
1672105702699 1.6549693564836596 17649
1672105717191 1.496350136995709 17699
1672105731715 2.0725988209359696 17749
1672105756506 1.7970220307302875 17799
1672105770905 1.8175653184054748 17849
1672105785402 1.742510292045839 17899
1672105799743 1.5893223337543858 17949
1672105814139 1.6217711711358875 17999
1672105838648 1.618423871342876 18049
1672105853164 1.3873617428788703 18099
1672105867578 2.039879216749961 18149
1672105881955 2.087328065166394 18199
1672105906505 1.7265723140457174 18249
1672105920870 2.0551530612256297 18299
1672105935339 1.4325352163826055 18349
1672105949821 1.7720894481978655 18399
1672105974562 2.021540486125702 18449
1672105988905 1.550055966015313 18499
1672106003221 1.2580928156394737 18549
1672106017663 2.0120133121904384 18599
1672106031987 2.021614826356136 18649
1672106056821 1.973976527853653 18699
1672106071269 1.3159165828425392 18749
1672106085896 1.5115934457983844 18799
1672106100225 2.174558878224657 18849
1672106124867 1.8037757984520257 18899
1672106139248 1.5272051152433044 18949
1672106153756 2.223537018377696 18999
1672106168102 1.9664971280380112 19049
1672106192621 1.5034653183496227 19099
1672106206900 1.9982440988650776 19149
1672106221353 1.5316106757589594 19199
1672106235678 2.442593297563774 19249
1672106250007 1.757865349051003 19299
1672106274729 2.0401907052865003 19349
1672106289037 1.749382407094049 19399
1672106303424 1.1303155635821096 19449
1672106317871 1.5424088023611495 19499
1672106342376 2.103283705707853 19549
1672106356937 1.5484920632544967 19599
1672106371291 1.5732966917972333 19649
1672106385698 1.6587508034154639 19699
1672106410130 2.2353327652549155 19749
1672106424493 1.7538160743972395 19799
1672106439040 1.6799968132211478 19849
1672106453402 1.6907131632510712 19899
1672106467800 1.526583701875814 19949
1672106492907 1.589728466233758 19999
1672106507454 1.7316821210630975 20049
1672106521987 1.5877797079232034 20099
1672106536541 1.5693903671224834 20149
1672106561241 1.7244102768953777 20199
1672106575687 1.8379089074747272 20249
1672106590106 1.7238785384162547 20299
1672106604569 1.3414446948178154 20349
1672106629113 1.4456816514787088 20399
1672106643746 1.662256131305833 20449
1672106658225 1.8221647916187855 20499
1672106672876 1.734706024589856 20549
1672106687327 1.987758859705928 20599
1672106712058 1.9909968105917972 20649
1672106726408 1.999249612379774 20699
1672106740766 1.390894949256903 20749
1672106755411 1.6829580927199999 20799
1672106779989 1.6959155861129167 20849
1672106794473 1.6850818154662603 20899
1672106808822 1.891279732926813 20949
1672106823182 1.9548533199897797 20999
1672106847587 1.9199572521192008 21049
1672106861940 1.8970857562488923 21099
1672106876277 1.6327405806046418 21149
1672106890947 1.8758930604335162 21199
1672106905299 1.5545826699601946 21249
1672106930058 1.7501950507591166 21299
1672106944424 1.3979767647521109 21349
1672106958959 1.8153276244630745 21399
1672106973267 1.8871310494893312 21449
1672106997995 1.6949905802934015 21499
1672107012440 1.5512606273367577 21549
1672107026939 1.78039466711803 21599
1672107041279 1.3142226757220818 21649
1672107055408 0.5847227707260431 21699
1672107080221 1.4915027427516976 21749
1672107094723 1.6590438629900914 21799
1672107109084 1.7098523870698472 21849
1672107123444 1.8327186129608752 21899
1672107148178 1.8773018721697583 21949
1672107162892 1.5808083384759801 21999
1672107177268 1.7141833679874472 22049
1672107191763 1.7062332879534123 22099
1672107216465 1.5638628690996255 22149
1672107230801 1.421389280476627 22199
1672107245143 1.0878469931962962 22249
1672107259526 1.8447747232520288 22299
1672107274213 1.7407313593564806 22349
1672107298935 2.163875402409391 22399
1672107313397 1.6685000746125316 22449
1672107328260 1.2309015458197812 22499
1672107343051 1.4719121842407175 22549
1672107368886 1.945782941320142 22599
1672107383666 1.7585426501673225 22649
1672107398278 1.6838824598089808 22699
1672107412994 1.6772976634961398 22749
1672107438201 1.4053469024321519 22799
1672107452764 1.795669242726666 22849
1672107467168 1.3612699466425997 22899
1672107481593 1.64399596821442 22949
1672107495948 1.5152873046346773 22999
1672107520762 1.9068240819664286 23049
1672107535272 1.7457212026513242 23099
1672107549635 1.6797308362218828 23149
1672107564262 1.5301985650784977 23199
1672107589191 1.9410286967810315 23249
1672107603561 1.866981709264455 23299
1672107617918 1.7183912550763987 23349
1672107632311 1.66505837403767 23399
1672107657304 1.3758995325905548 23449
1672107671655 1.4667813086125814 23499
1672107685978 2.0175596158399483 23549
1672107700565 1.677592151423433 23599
1672107714855 1.727340416723545 23649
1672107739738 1.8157906940358273 23699
1672107754244 1.9053534842246673 23749
1672107768575 1.7453514665387493 23799
1672107782903 1.6073986138905187 23849
1672107807719 1.4148039416048217 23899
1672107822062 1.7556455484499403 23949
1672107836644 1.8689644018678087 23999
1672107850954 1.7884537422905313 24049
1672107875793 2.328013937921699 24099
1672107890264 1.7864408234853912 24149
1672107904614 1.6272262498811985 24199
1672107919083 1.1638469676650849 24249
1672107933395 1.2410636981994654 24299
1672107958221 1.4750723356024862 24349
1672107972598 1.631378586715846 24399
1672107986936 1.4426238428925364 24449
1672108001441 1.6840461392650696 24499
1672108026075 1.9338346829664843 24549
1672108040666 1.4858263146316348 24599
1672108055117 1.7885777114487609 24649
1672108069523 1.5034452577648254 24699
1672108094585 1.5181705167445871 24749
1672108108959 1.4638062844989133 24799
1672108123330 1.9352809740385233 24849
1672108137813 2.0755471294935264 24899
1672108152169 1.7423714595419106 24949
1672108177049 1.7528356507677443 24999
1672108191426 1.5062688736380332 25049
1672108205917 1.98326240847017 25099
1672108220291 1.7894802089219222 25149
1672108245219 1.9370233841237827 25199
1672108259703 1.4612529907306744 25249
1672108274062 1.4632289938718015 25299
1672108288549 1.7648602668014515 25349
1672108313189 1.7699540170075965 25399
1672108327732 1.8333610203333937 25449
1672108342127 1.4186374712170644 25499
1672108356555 1.7599932502303954 25549
1672108370922 1.783208256689673 25599
1672108395837 1.5295660164939182 25649
1672108410215 1.2241823448238276 25699
1672108424741 1.9364913855386277 25749
1672108439114 1.477995422389085 25799
1672108464089 1.4636002664948602 25849
1672108478492 1.5675986259757464 25899
1672108492948 2.054358928602473 25949
1672108507377 1.4166476034610715 25999
1672108532344 1.6067389112438417 26049
1672108546823 1.5792474413296305 26099
1672108561174 1.526314494954299 26149
1672108575513 1.4722627471076062 26199
1672108590027 1.637155705546891 26249
1672108614819 1.8518386474823665 26299
1672108629221 1.8656037957958422 26349
1672108643607 1.9163262546343351 26399
1672108657960 1.5292888805236569 26449
1672108683224 1.6026508363505114 26499
1672108697814 1.223135391383074 26549
1672108712198 1.8311505580195264 26599
1672108726566 1.7503169565817107 26649
1672108751386 1.8645708732415593 26699
1672108765716 1.5666339184872935 26749
1672108780280 1.696986725598428 26799
1672108794615 1.7956365505501968 26849
1672108809072 1.8391371487324724 26899
1672108833806 1.7280491463745458 26949
1672108848177 1.7948085488576602 26999
1672108862732 1.9006158846188255 27049
1672108877110 1.780648905186586 27099
1672108901840 1.8540317960200596 27149
1672108916168 1.6168568343895435 27199
1672108930582 1.2153867778364895 27249
1672108945068 1.986694395499287 27299
1672108969795 1.7589473202649382 27349
1672108984262 1.56330551152 27399
1672108998596 1.9492209357514123 27449
1672109013268 1.6487007191035377 27499
1672109027647 1.7776524489411272 27549
1672109052490 1.5673065132938628 27599
1672109066859 1.2246615552757223 27649
1672109081479 1.6599875959113504 27699
1672109095810 1.9752755278928325 27749
1672109120801 1.7272313402335155 27799
1672109135164 1.472215850706253 27849
1672109149707 2.239820276940216 27899
1672109164151 1.5179319585235886 27949
1672109189100 1.3924270665297664 27999
1672109203588 1.7341574969326914 28049
1672109217925 1.911186939490529 28099
1672109232557 1.9300670294078879 28149
1672109246896 1.7995283599360152 28199
1672109271657 1.44683849924928 28249
1672109286151 1.574290038702094 28299
1672109300737 1.381367023539186 28349
1672109315074 1.598216216291196 28399
1672109339740 1.5873183484399782 28449
1672109354292 1.3409790990939041 28499
1672109368959 1.4944195883875364 28549
1672109383323 1.4427922465932799 28599
1672109407960 2.3776320981502312 28649
1672109422320 1.8532259150789396 28699
1672109436697 1.7242054092014836 28749
1672109451164 1.428593392487428 28799
1672109465771 1.5972672550866498 28849
1672109490624 1.5629218080023466 28899
1672109505144 1.4855660903857668 28949
1672109519548 1.47373334486998 28999
1672109533987 1.823511085926542 29049
1672109558811 1.435885173110374 29099
1672109573363 1.7026957659189237 29149
1672109587849 1.7880055157830237 29199
1672109602318 1.7149394991128177 29249
1672109626920 1.324625225950611 29299
1672109641310 1.6430410823122399 29349
1672109655846 1.2365047840467813 29399
1672109670183 1.483270727793533 29449
1672109684513 1.3555476952418979 29499
1672109709249 1.8536557642841078 29549
1672109723710 1.6082419782382549 29599
1672109738209 2.1812361835233953 29649
1672109752587 1.9183649253626214 29699
1672109777243 1.696507126787112 29749
1672109792149 1.9436518021706504 29799
1672109806633 1.6582258562405585 29849
1672109821013 1.7313291082640296 29899
1672109845788 1.283312879339094 29949
1672109860185 1.4112519486452173 29999
1672109874724 1.1963826961193895 30049
1672109889125 1.6977822777909843 30099
1672109903514 2.0188950164613804 30149
1672109928328 2.4640814547297563 30199
1672109942821 1.6232990456255156 30249
1672109957163 1.6886963823806624 30299
1672109971540 1.7936742228753582 30349
1672109996562 1.7898338834213714 30399
1672110011014 1.1629204361466468 30449
1672110025480 1.8639889323023293 30499
1672110040016 1.9184100953189474 30549
1672110064793 1.2051630549045007 30599
1672110079157 1.9023651988367412 30649
1672110093697 1.9918123842457014 30699
1672110108087 2.0036282151760436 30749
1672110122758 1.467720277109307 30799
1672110147581 1.4635447301550262 30849
1672110161946 1.803588211973659 30899
1672110176460 1.5337522461903277 30949
1672110190832 1.502792879582266 30999
1672110215589 1.5229881870686204 31049
1672110230028 1.8664576117983374 31099
1672110244777 1.6425277829324725 31149
1672110259368 1.7702015868616645 31199
1672110284208 1.0674034409724538 31249
1672110298685 1.6542029144543926 31299
1672110313111 1.4355360882130253 31349
1672110327518 1.9172299416598075 31399
1672110341905 1.5203720943993766 31449
1672110366708 1.5549733381075672 31499
1672110381288 2.107839635692351 31549
1672110395772 2.014412797563996 31599
1672110410322 1.350298603850188 31649
1672110435242 1.5743369978038668 31699
1672110449553 1.7417885403361444 31749
1672110463868 1.2193621961402747 31799
1672110478361 2.307603689334984 31849
1672110503182 1.6719085881446527 31899
1672110517551 1.7293732510545208 31949
1672110532047 1.4182523988729265 31999
1672110546420 1.7679566139057337 32049
1672110560765 2.111914362882935 32099
1672110585672 2.0588395722832153 32149
1672110599989 1.8544409380171052 32199
1672110614495 1.5792081721051079 32249
1672110628980 1.3261661124177877 32299
1672110653632 1.438306893088563 32349
1672110668087 2.0169735997356293 32399
1672110682662 1.8097242403773444 32449
1672110697258 1.627954924023776 32499
1672110711485 1.3415012510658517 32549
