1672099795206 0.6833333373069763 49
1672099809456 0.5833333730697632 99
1672099824097 0.60317462682724 149
1672099838331 0.7142857313156128 199
1672099862830 0.75 249
1672099877203 0.6166666746139526 299
1672099891586 0.7416666746139526 349
1672099905948 0.6166666746139526 399
1672099930433 0.5833333730697632 449
1672099945033 0.797619104385376 499
1672099959631 0.6138889193534851 549
1672099974013 0.5166666507720947 599
1672099988342 0.6166666746139526 649
1672100012728 0.5476190447807312 699
1672100027073 0.763888955116272 749
1672100041475 0.550000011920929 799
1672100056075 0.32499998807907104 849
1672100080489 0.6666666865348816 899
1672100094831 0.6111111640930176 949
1672100109269 0.5833333730697632 999
1672100123770 0.699999988079071 1049
1672100148189 0.7152777910232544 1099
1672100162540 0.6166666746139526 1149
1672100177026 0.6785714626312256 1199
1672100191700 0.6041666865348816 1249
1672100206039 0.6666666865348816 1299
1672100230740 0.9375 1349
1672100245026 0.6970238089561462 1399
1672100259277 0.6375000476837158 1449
1672100273538 0.6415584683418274 1499
1672100298164 0.7559524178504944 1549
1672100312468 0.6746032238006592 1599
1672100326927 0.7392857074737549 1649
1672100341433 0.3333333432674408 1699
1672100366152 0.4833333492279053 1749
1672100380516 0.6583333611488342 1799
1672100394980 0.8125 1849
1672100409320 0.7749999761581421 1899
1672100423655 0.8583333492279053 1949
1672100448252 0.7416666746139526 1999
1672100462815 0.7470238208770752 2049
1672100477198 0.6388888955116272 2099
1672100491676 0.7559523582458496 2149
1672100516175 0.6916666626930237 2199
1672100530694 0.6428571939468384 2249
1672100545001 0.511904776096344 2299
1672100559328 0.7083333730697632 2349
1672100584237 0.6904762387275696 2399
1672100598649 0.8809524178504944 2449
1672100612985 0.8388888835906982 2499
1672100627350 0.6333333849906921 2549
1672100641734 0.49642854928970337 2599
1672100666475 0.44999998807907104 2649
1672100680841 0.5178571343421936 2699
1672100695391 0.6625000238418579 2749
1672100710126 0.6597222089767456 2799
1672100734876 0.6578283309936523 2849
1672100749249 0.3392857313156128 2899
1672100763646 0.6097222566604614 2949
1672100778379 0.773809552192688 2999
1672100803011 0.7351190447807312 3049
1672100817309 0.5874999761581421 3099
1672100831633 0.6791666746139526 3149
1672100846128 0.6875 3199
1672100860845 0.625 3249
1672100885378 0.5892857313156128 3299
1672100899953 0.6761904954910278 3349
1672100914429 0.5568181872367859 3399
1672100928964 0.36666667461395264 3449
1672100953666 0.8785714507102966 3499
1672100968011 1.0 3549
1672100982482 0.7083333730697632 3599
1672100997030 0.8785714507102966 3649
1672101021580 0.20000000298023224 3699
1672101035991 0.6666666865348816 3749
1672101050478 0.8928571939468384 3799
1672101065017 0.5138888955116272 3849
1672101079364 0.7000000476837158 3899
1672101103912 0.6642857193946838 3949
1672101118388 0.7208333015441895 3999
1672101132691 0.6000000238418579 4049
1672101147090 0.5267857313156128 4099
1672101171512 0.615079402923584 4149
1672101185922 0.735119104385376 4199
1672101200382 0.7500000596046448 4249
1672101214815 0.7939394116401672 4299
1672101239563 0.7666666507720947 4349
1672101253936 0.949999988079071 4399
1672101268353 0.5571428537368774 4449
1672101282823 0.7430556416511536 4499
1672101297237 0.6476190686225891 4549
1672101321548 0.7000000476837158 4599
1672101336051 0.7972222566604614 4649
1672101350366 0.7142857313156128 4699
1672101364731 0.5 4749
1672101389420 0.6000000238418579 4799
1672101403960 0.5928571224212646 4849
1672101418308 0.6857143044471741 4899
1672101432678 0.6388888955116272 4949
1672101457362 0.6875 4999
1672101471738 0.5809524059295654 5049
1672101486088 0.5476190447807312 5099
1672101500401 0.7833333611488342 5149
1672101514840 0.625 5199
1672101539418 0.7666666507720947 5249
1672101553736 0.7416666746139526 5299
1672101568292 0.798701286315918 5349
1672101582736 0.5 5399
1672101607220 0.48571428656578064 5449
1672101621514 0.7833333611488342 5499
1672101636063 0.887499988079071 5549
1672101650404 0.5 5599
1672101675058 0.49761903285980225 5649
1672101689547 0.6666666865348816 5699
1672101703908 0.6650793552398682 5749
1672101718338 0.8017857074737549 5799
1672101732844 0.7285714149475098 5849
1672101757706 0.8041666746139526 5899
1672101772159 0.824999988079071 5949
1672101786508 0.773809552192688 5999
1672101800821 0.523809552192688 6049
1672101825398 0.3222222328186035 6099
1672101839998 0.5267857313156128 6149
1672101854366 0.36666667461395264 6199
1672101868885 0.8111111521720886 6249
1672101893144 0.7420635223388672 6299
1672101907766 0.5892857313156128 6349
1672101922091 0.5821428894996643 6399
1672101936455 0.4583333432674408 6449
1672101950800 0.826388955116272 6499
1672101975555 0.8666666746139526 6549
1672101989934 0.8333333730697632 6599
1672102004356 0.5375000238418579 6649
1672102018710 0.6071428656578064 6699
1672102043372 0.8597221970558167 6749
1672102057728 0.6309523582458496 6799
1672102072111 0.6416666507720947 6849
1672102086433 0.908730149269104 6899
1672102111348 0.75 6949
1672102125676 0.4375 6999
1672102140156 0.6595238447189331 7049
1672102154495 0.5 7099
1672102169085 0.8500000238418579 7149
1672102193659 0.773809552192688 7199
1672102207997 0.690079391002655 7249
1672102222353 0.625 7299
1672102236677 0.8392857313156128 7349
1672102261276 0.7416666746139526 7399
1672102275948 0.6791666746139526 7449
1672102290363 0.3541666865348816 7499
1672102304811 0.6439393758773804 7549
1672102329563 0.5976190567016602 7599
1672102343829 0.7833333611488342 7649
1672102358182 0.6726190447807312 7699
1672102372458 0.2916666865348816 7749
1672102386811 0.5357142686843872 7799
1672102411450 0.4333333373069763 7849
1672102425834 0.7250000238418579 7899
1672102440475 0.5684524178504944 7949
1672102455004 0.6666666269302368 7999
1672102479568 0.8388888835906982 8049
1672102494125 0.5809524059295654 8099
1672102508578 0.7749999761581421 8149
1672102523260 0.824999988079071 8199
1672102548073 0.5083333253860474 8249
1672102562357 0.7559524178504944 8299
1672102576737 0.8166666626930237 8349
1672102591020 0.4642857313156128 8399
1672102605454 0.5305556058883667 8449
1672102630123 0.6833333373069763 8499
1672102644590 0.6041666865348816 8549
1672102658923 0.7222222685813904 8599
1672102673288 0.826388955116272 8649
1672102698003 0.8333333730697632 8699
1672102712359 0.1428571492433548 8749
1672102726834 0.5791667103767395 8799
1672102741334 0.9285714626312256 8849
1672102765979 0.737500011920929 8899
1672102780282 0.49761903285980225 8949
1672102794570 0.2857142686843872 8999
1672102808901 0.7767857313156128 9049
1672102823316 0.7147727608680725 9099
1672102848122 0.9142857193946838 9149
1672102862702 0.8660714626312256 9199
1672102877012 0.8184523582458496 9249
1672102891316 0.4888888895511627 9299
1672102915879 0.7416666746139526 9349
1672102930224 0.7976190447807312 9399
1672102944693 0.747619092464447 9449
1672102959041 0.8785714507102966 9499
1672102983865 0.8666666746139526 9549
1672102998138 0.7083333730697632 9599
1672103012760 0.7460317611694336 9649
1672103027049 0.6499999761581421 9699
1672103041457 0.6166666746139526 9749
1672103066176 0.49166667461395264 9799
1672103080597 0.7222222089767456 9849
1672103095014 0.8875000476837158 9899
1672103109584 0.7559524178504944 9949
1672103134407 0.7833333611488342 9999
1672103148923 0.5833333730697632 10049
1672103163391 0.949999988079071 10099
1672103177939 0.6916666626930237 10149
1672103202880 0.8642857074737549 10199
1672103217258 0.6642857193946838 10249
1672103231666 0.5416666865348816 10299
1672103246059 0.6142857074737549 10349
1672103260365 0.4166666865348816 10399
1672103285099 0.7684524059295654 10449
1672103299654 0.8472222089767456 10499
1672103314116 0.550000011920929 10549
1672103328487 0.5333333015441895 10599
1672103353080 0.8392857313156128 10649
1672103367411 0.7708333730697632 10699
1672103381746 0.6814394593238831 10749
1672103396388 0.6666666865348816 10799
1672103410751 0.5 10849
1672103435533 0.5666666626930237 10899
1672103449889 0.7208333611488342 10949
1672103464263 0.4166666865348816 10999
1672103478667 0.6458333730697632 11049
1672103503205 0.6666666865348816 11099
1672103517686 0.5970238447189331 11149
1672103532144 0.7708333730697632 11199
1672103546582 0.75 11249
1672103571542 0.7000000476837158 11299
1672103585914 0.4583333730697632 11349
1672103600324 0.7083333730697632 11399
1672103614689 0.773809552192688 11449
1672103629050 0.797619104385376 11499
1672103653641 0.699999988079071 11549
1672103668246 0.75 11599
1672103682819 0.4809523820877075 11649
1672103697550 0.8439394235610962 11699
1672103722502 0.6059524416923523 11749
1672103736888 0.44999998807907104 11799
1672103751445 0.7142857313156128 11849
1672103765799 0.6541666984558105 11899
1672103790431 0.7000000476837158 11949
1672103805023 0.5359848737716675 11999
1672103819392 0.73333340883255 12049
1672103834028 0.797619104385376 12099
1672103848460 0.6071428656578064 12149
1672103873678 0.7490079402923584 12199
1672103888063 0.6365079283714294 12249
1672103902504 0.6309524178504944 12299
1672103917122 0.4226190447807312 12349
1672103941826 0.7651515603065491 12399
1672103956237 0.8999999761581421 12449
1672103970749 0.6583333611488342 12499
1672103985234 0.5 12549
1672104009792 0.6309524178504944 12599
1672104024141 0.6666666865348816 12649
1672104038470 0.8333333730697632 12699
1672104052828 0.8517857193946838 12749
1672104067338 0.8333333730697632 12799
1672104092238 0.9166666865348816 12849
1672104106806 0.7142857313156128 12899
1672104121213 0.5392857193946838 12949
1672104135577 0.2916666865348816 12999
1672104160231 0.8333333730697632 13049
1672104174656 0.7192460894584656 13099
1672104189166 0.6642857193946838 13149
1672104203662 0.8309524059295654 13199
1672104229228 0.8333333730697632 13249
1672104243839 0.5178571343421936 13299
1672104258263 0.6309523582458496 13349
1672104272663 0.5690476298332214 13399
1672104287229 0.2678571343421936 13449
1672104311795 0.8068181872367859 13499
1672104326178 0.7916666865348816 13549
1672104340632 0.8452380895614624 13599
1672104355324 0.7803571224212646 13649
1672104379814 0.7333333492279053 13699
1672104394138 0.699999988079071 13749
1672104408641 0.6041666865348816 13799
1672104423026 0.8031746745109558 13849
1672104447505 0.8333333730697632 13899
1672104461906 0.5166666507720947 13949
1672104476279 0.6904762387275696 13999
1672104490914 0.5375000238418579 14049
1672104505268 0.523809552192688 14099
1672104530133 0.6017857193946838 14149
1672104544472 0.6428571343421936 14199
1672104558841 0.4809523820877075 14249
1672104573324 0.5333333611488342 14299
1672104597761 0.5 14349
1672104612117 0.908730149269104 14399
1672104626674 0.6875 14449
1672104641348 0.7397727370262146 14499
1672104666174 0.3958333134651184 14549
1672104680505 0.797619104385376 14599
1672104694851 0.6666666865348816 14649
1672104709393 0.699999988079071 14699
1672104723737 0.8888888955116272 14749
1672104748548 0.7749999761581421 14799
1672104762947 0.75 14849
1672104777413 0.5833333730697632 14899
1672104791820 0.6821428537368774 14949
1672104816507 0.625 14999
1672104830792 0.7250000238418579 15049
1672104845115 0.4791666865348816 15099
1672104859445 0.7000000476837158 15149
1672104884010 0.4642857015132904 15199
1672104898659 0.4928571283817291 15249
1672104913033 0.4583333730697632 15299
1672104927607 0.6583333611488342 15349
1672104941993 0.5625 15399
1672104966672 0.4333333373069763 15449
1672104981005 0.747619092464447 15499
1672104995355 0.8939394354820251 15549
1672105009733 0.8304473757743835 15599
1672105034709 0.5541666746139526 15649
1672105049197 0.8500000238418579 15699
1672105063606 0.8388888835906982 15749
1672105078078 0.7430555820465088 15799
1672105102829 0.5416666865348816 15849
1672105117149 0.6428571343421936 15899
1672105131439 0.5178571343421936 15949
1672105145912 0.5178571343421936 15999
1672105160231 0.5611110925674438 16049
1672105184889 0.638888955116272 16099
1672105199278 0.41428571939468384 16149
1672105213786 0.8095238208770752 16199
1672105228204 0.4900793731212616 16249
1672105252806 0.4523809552192688 16299
1672105267183 0.4166666865348816 16349
1672105281531 0.7817460298538208 16399
1672105296007 0.6529914736747742 16449
1672105320722 0.6499999761581421 16499
1672105335146 0.625 16549
1672105349453 0.824999988079071 16599
1672105363751 0.8035714626312256 16649
1672105378069 0.2750000059604645 16699
1672105402560 0.60317462682724 16749
1672105416901 0.574999988079071 16799
1672105431311 0.773809552192688 16849
1672105445750 0.8125 16899
1672105470365 0.8531745672225952 16949
1672105484697 0.6166666746139526 16999
1672105499357 0.6095238327980042 17049
1672105513676 0.7595238089561462 17099
1672105538371 0.7833333611488342 17149
1672105552700 0.4583333730697632 17199
1672105567215 0.6642857193946838 17249
1672105581713 0.4541666507720947 17299
1672105596069 0.5522727370262146 17349
1672105620648 0.6952381134033203 17399
1672105635081 0.75 17449
1672105649364 0.7333333492279053 17499
1672105663649 0.699999988079071 17549
1672105688406 0.949999988079071 17599
1672105702699 0.6555556058883667 17649
1672105717191 0.824999988079071 17699
1672105731715 0.8071428537368774 17749
1672105756506 0.85317462682724 17799
1672105770905 0.8740079402923584 17849
1672105785402 0.8809524178504944 17899
1672105799743 0.5 17949
1672105814139 0.48750001192092896 17999
1672105838648 0.6000000238418579 18049
1672105853164 0.7785714268684387 18099
1672105867578 0.824999988079071 18149
1672105881955 0.8865079283714294 18199
1672105906505 0.7083333730697632 18249
1672105920870 0.7041667103767395 18299
1672105935339 0.5 18349
1672105949821 0.512499988079071 18399
1672105974562 0.5928571224212646 18449
1672105988905 0.7916666865348816 18499
1672106003221 0.75 18549
1672106017663 0.6535714268684387 18599
1672106031987 0.7388888597488403 18649
1672106056821 0.6345238089561462 18699
1672106071269 0.7916666865348816 18749
1672106085896 0.8374999761581421 18799
1672106100225 0.8309524059295654 18849
1672106124867 0.9166666865348816 18899
1672106139248 0.550000011920929 18949
1672106153756 0.8557692170143127 18999
1672106168102 0.3693181872367859 19049
1672106192621 0.5666666626930237 19099
1672106206900 0.7059524059295654 19149
1672106221353 0.5222222805023193 19199
1672106235678 0.9217171669006348 19249
1672106250007 0.41428571939468384 19299
1672106274729 0.7946428656578064 19349
1672106289037 0.773809552192688 19399
1672106303424 0.9222222566604614 19449
1672106317871 0.7541666626930237 19499
1672106342376 0.6916666626930237 19549
1672106356937 0.9007936716079712 19599
1672106371291 0.638888955116272 19649
1672106385698 0.6833333969116211 19699
1672106410130 0.6722222566604614 19749
1672106424493 0.8517857193946838 19799
1672106439040 0.638888955116272 19849
1672106453402 0.8127706050872803 19899
1672106467800 0.810606062412262 19949
1672106492907 0.7708333730697632 19999
1672106507454 0.7420635223388672 20049
1672106521987 0.9166666865348816 20099
1672106536541 0.5625 20149
1672106561241 0.7559524178504944 20199
1672106575687 0.5595238208770752 20249
1672106590106 0.8500000238418579 20299
1672106604569 0.875 20349
1672106629113 0.7833333611488342 20399
1672106643746 0.7666667103767395 20449
1672106658225 0.512499988079071 20499
1672106672876 0.5814393758773804 20549
1672106687327 0.5833333730697632 20599
1672106712058 0.6916666626930237 20649
1672106726408 0.6101190447807312 20699
1672106740766 0.49166667461395264 20749
1672106755411 0.5392857193946838 20799
1672106779989 0.5151515007019043 20849
1672106794473 0.5416666865348816 20899
1672106808822 0.7000000476837158 20949
1672106823182 0.7510822415351868 20999
1672106847587 0.8309524059295654 21049
1672106861940 0.7892857193946838 21099
1672106876277 0.7803571224212646 21149
1672106890947 0.75 21199
1672106905299 0.637499988079071 21249
1672106930058 0.7803571224212646 21299
1672106944424 0.615079402923584 21349
1672106958959 0.38333335518836975 21399
1672106973267 0.5 21449
1672106997995 0.672619104385376 21499
1672107012440 0.6041666865348816 21549
1672107026939 0.6428571939468384 21599
1672107041279 0.9017857313156128 21649
1672107055408 0.0 21699
1672107080221 0.7291666865348816 21749
1672107094723 0.6809523701667786 21799
1672107109084 0.8809524178504944 21849
1672107123444 0.6761904954910278 21899
1672107148178 0.6222222447395325 21949
1672107162892 0.5178571343421936 21999
1672107177268 0.6309524178504944 22049
1672107191763 0.797619104385376 22099
1672107216465 0.7416666746139526 22149
1672107230801 0.5833333730697632 22199
1672107245143 0.6666666865348816 22249
1672107259526 0.6189393997192383 22299
1672107274213 0.49166667461395264 22349
1672107298935 0.6915584802627563 22399
1672107313397 0.8309524059295654 22449
1672107328260 0.565079391002655 22499
1672107343051 0.7722222805023193 22549
1672107368886 0.7500000596046448 22599
1672107383666 0.7833333611488342 22649
1672107398278 0.5166666507720947 22699
1672107412994 0.5 22749
1672107438201 0.7724359035491943 22799
1672107452764 0.5803571343421936 22849
1672107467168 0.44999998807907104 22899
1672107481593 0.6583333611488342 22949
1672107495948 0.75 22999
1672107520762 0.8388888835906982 23049
1672107535272 0.6666666865348816 23099
1672107549635 0.7095237970352173 23149
1672107564262 0.6865079402923584 23199
1672107589191 0.6597222089767456 23249
1672107603561 0.1428571343421936 23299
1672107617918 0.7178571224212646 23349
1672107632311 0.6499999761581421 23399
1672107657304 0.5666666626930237 23449
1672107671655 0.7309524416923523 23499
1672107685978 0.5416666865348816 23549
1672107700565 0.5809524059295654 23599
1672107714855 0.7059524059295654 23649
1672107739738 0.8740079402923584 23699
1672107754244 0.7833333611488342 23749
1672107768575 0.6333333849906921 23799
1672107782903 0.8500000238418579 23849
1672107807719 0.9365079402923584 23899
1672107822062 0.8333333730697632 23949
1672107836644 0.8809524178504944 23999
1672107850954 0.838888943195343 24049
1672107875793 0.7916666865348816 24099
1672107890264 0.8999999761581421 24149
1672107904614 0.625 24199
1672107919083 0.8999999761581421 24249
1672107933395 0.7083333730697632 24299
1672107958221 0.6642857193946838 24349
1672107972598 0.8428571224212646 24399
1672107986936 0.5666666626930237 24449
1672108001441 0.5939394235610962 24499
1672108026075 0.6583333611488342 24549
1672108040666 0.6309524178504944 24599
1672108055117 0.6166666746139526 24649
1672108069523 0.6785714626312256 24699
1672108094585 0.7166666984558105 24749
1672108108959 0.4285714328289032 24799
1672108123330 0.5666667222976685 24849
1672108137813 0.6160714626312256 24899
1672108152169 0.8541666865348816 24949
1672108177049 0.7321428656578064 24999
1672108191426 0.7142857313156128 25049
1672108205917 0.7978896498680115 25099
1672108220291 0.40952378511428833 25149
1672108245219 0.5166666507720947 25199
1672108259703 0.5892857313156128 25249
1672108274062 0.7666667103767395 25299
1672108288549 0.8452381491661072 25349
1672108313189 0.7892857193946838 25399
1672108327732 0.7222222089767456 25449
1672108342127 0.7189394235610962 25499
1672108356555 0.574999988079071 25549
1672108370922 0.5952380895614624 25599
1672108395837 0.9642857313156128 25649
1672108410215 0.824999988079071 25699
1672108424741 0.6916666626930237 25749
1672108439114 0.5416666865348816 25799
1672108464089 0.6666666865348816 25849
1672108478492 0.7589285969734192 25899
1672108492948 0.5392857193946838 25949
1672108507377 0.7559524178504944 25999
1672108532344 0.735119104385376 26049
1672108546823 0.4833333492279053 26099
1672108561174 0.5416666865348816 26149
1672108575513 0.4642857313156128 26199
1672108590027 0.49761903285980225 26249
1672108614819 0.5595238208770752 26299
1672108629221 0.8642857074737549 26349
1672108643607 0.685119092464447 26399
1672108657960 0.7291666865348816 26449
1672108683224 0.523809552192688 26499
1672108697814 0.824999988079071 26549
1672108712198 0.5625 26599
1672108726566 0.6041666865348816 26649
1672108751386 0.6916666626930237 26699
1672108765716 0.8106061220169067 26749
1672108780280 0.5555555820465088 26799
1672108794615 0.8184524178504944 26849
1672108809072 0.7410714626312256 26899
1672108833806 0.7532467842102051 26949
1672108848177 0.409722238779068 26999
1672108862732 0.5476190447807312 27049
1672108877110 0.75 27099
1672108901840 0.9097222089767456 27149
1672108916168 0.6309523582458496 27199
1672108930582 0.4642857313156128 27249
1672108945068 0.6309523582458496 27299
1672108969795 0.8388888835906982 27349
1672108984262 0.8541666865348816 27399
1672108998596 0.7539682984352112 27449
1672109013268 0.8785714507102966 27499
1672109027647 0.7303571701049805 27549
1672109052490 0.5222222805023193 27599
1672109066859 0.6726190447807312 27649
1672109081479 0.7541666626930237 27699
1672109095810 0.5166666507720947 27749
1672109120801 0.7198413014411926 27799
1672109135164 0.6583333611488342 27849
1672109149707 0.7689394354820251 27899
1672109164151 0.5428571701049805 27949
1672109189100 0.699999988079071 27999
1672109203588 0.7984848618507385 28049
1672109217925 0.8035714626312256 28099
1672109232557 0.9642857313156128 28149
1672109246896 0.6916666626930237 28199
1672109271657 0.5642856955528259 28249
1672109286151 0.4166666865348816 28299
1672109300737 0.7892857193946838 28349
1672109315074 0.8041666746139526 28399
1672109339740 0.8500000238418579 28449
1672109354292 0.8809524178504944 28499
1672109368959 0.49166667461395264 28549
1672109383323 0.7392857074737549 28599
1672109407960 0.9375 28649
1672109422320 0.8388888835906982 28699
1672109436697 0.6375000476837158 28749
1672109451164 0.380952388048172 28799
1672109465771 0.6476190686225891 28849
1672109490624 0.7142857313156128 28899
1672109505144 0.7559524178504944 28949
1672109519548 0.699999988079071 28999
1672109533987 0.8517857193946838 29049
1672109558811 0.3142857253551483 29099
1672109573363 0.5357142686843872 29149
1672109587849 0.5333333611488342 29199
1672109602318 0.7189394235610962 29249
1672109626920 0.7559524178504944 29299
1672109641310 0.5972222089767456 29349
1672109655846 0.8166666626930237 29399
1672109670183 0.7416666746139526 29449
1672109684513 0.46666666865348816 29499
1672109709249 0.6964285969734192 29549
1672109723710 0.7952381372451782 29599
1672109738209 0.7952380776405334 29649
1672109752587 0.6517857313156128 29699
1672109777243 0.5642857551574707 29749
1672109792149 0.4333333373069763 29799
1672109806633 0.7559523582458496 29849
1672109821013 0.5714285373687744 29899
1672109845788 0.625 29949
1672109860185 0.735714316368103 29999
1672109874724 0.9365079402923584 30049
1672109889125 0.85317462682724 30099
1672109903514 0.7541666626930237 30149
1672109928328 0.5523809194564819 30199
1672109942821 0.5642857551574707 30249
1672109957163 0.8500000238418579 30299
1672109971540 0.639285683631897 30349
1672109996562 0.824999988079071 30399
1672110011014 0.7083333730697632 30449
1672110025480 0.7083333730697632 30499
1672110040016 0.7767857313156128 30549
1672110064793 0.36666667461395264 30599
1672110079157 0.6791666746139526 30649
1672110093697 0.6642857193946838 30699
1672110108087 0.8160714507102966 30749
1672110122758 0.7261905074119568 30799
1672110147581 0.5059523582458496 30849
1672110161946 0.5166667103767395 30899
1672110176460 0.7708333730697632 30949
1672110190832 0.7892857193946838 30999
1672110215589 0.8166666626930237 31049
1672110230028 0.949999988079071 31099
1672110244777 0.41428571939468384 31149
1672110259368 0.4791666865348816 31199
1672110284208 0.9166666865348816 31249
1672110298685 0.7666667103767395 31299
1672110313111 0.5416666865348816 31349
1672110327518 0.6527777910232544 31399
1672110341905 0.4809523820877075 31449
1672110366708 0.4583333432674408 31499
1672110381288 0.6684523820877075 31549
1672110395772 0.7365080118179321 31599
1672110410322 0.8666666746139526 31649
1672110435242 1.0 31699
1672110449553 0.5833333730697632 31749
1672110463868 0.4166666865348816 31799
1672110478361 0.6642857789993286 31849
1672110503182 0.7059524059295654 31899
1672110517551 0.3678571283817291 31949
1672110532047 0.9142857193946838 31999
1672110546420 0.6022727489471436 32049
1672110560765 0.8351647853851318 32099
1672110585672 0.7222222089767456 32149
1672110599989 0.8095238208770752 32199
1672110614495 0.8392857313156128 32249
1672110628980 0.9017857313156128 32299
1672110653632 0.6726190447807312 32349
1672110668087 0.5142857432365417 32399
1672110682662 0.5333333611488342 32449
1672110697258 0.6583333611488342 32499
1672110711485 0.25 32549
