1672099852670 0.6257324814796448 216
1672099925160 0.6446536779403687 433
1672099998054 0.6465499997138977 650
1672100070623 0.6528114080429077 867
1672100143227 0.6545228958129883 1084
1672100216237 0.6425631046295166 1301
1672100288445 0.6380628347396851 1518
1672100361326 0.6341867446899414 1735
1672100433950 0.643045961856842 1952
1672100506844 0.6507994532585144 2169
1672100579701 0.6443766355514526 2386
1672100652271 0.6549434065818787 2603
1672100725875 0.6450775265693665 2820
1672100798875 0.6502423882484436 3037
1672100871773 0.6518253684043884 3254
1672100944957 0.657069981098175 3471
1672101017704 0.6521437764167786 3688
1672101090653 0.6536852717399597 3905
1672101163075 0.665247917175293 4122
1672101235838 0.6634249091148376 4339
1672101308553 0.6667056679725647 4556
1672101381298 0.6692422032356262 4773
1672101454119 0.6615875363349915 4990
1672101526565 0.6685850024223328 5207
1672101599378 0.661647617816925 5424
1672101672031 0.6640758514404297 5641
1672101745093 0.6629165410995483 5858
1672101817830 0.665494441986084 6075
1672101890480 0.6804221272468567 6292
1672101963176 0.6707834005355835 6509
1672102036068 0.6780283451080322 6726
1672102108780 0.6667680740356445 6943
1672102181765 0.6752445101737976 7160
1672102254242 0.6703325510025024 7377
1672102327434 0.6692519187927246 7594
1672102399900 0.6730159521102905 7811
1672102472866 0.6734398007392883 8028
1672102546164 0.6752376556396484 8245
1672102618809 0.6720393300056458 8462
1672102691476 0.6732780337333679 8679
1672102764467 0.6678961515426636 8896
1672102837136 0.6618540287017822 9113
1672102909791 0.6731805205345154 9330
1672102982495 0.6774694919586182 9547
1672103055395 0.6692943572998047 9764
1672103128389 0.6835886240005493 9981
1672103201881 0.6745420098304749 10198
1672103274683 0.6753129363059998 10415
1672103347505 0.6675428152084351 10632
1672103420528 0.6805249452590942 10849
1672103493030 0.6770291328430176 11066
1672103566086 0.6690810918807983 11283
1672103638918 0.676584005355835 11500
1672103712420 0.6673966646194458 11717
1672103785445 0.6718647480010986 11934
1672103859006 0.6707273721694946 12151
1672103932174 0.6745917201042175 12368
1672104005070 0.6870452761650085 12585
1672104077894 0.6761667132377625 12802
1672104150929 0.6719704270362854 13019
1672104224773 0.689828097820282 13236
1672104297792 0.6761088371276855 13453
1672104370825 0.6864601969718933 13670
1672104443371 0.673613965511322 13887
1672104516341 0.6830147504806519 14104
1672104589103 0.6761929988861084 14321
1672104662351 0.6828202605247498 14538
1672104735190 0.6732967495918274 14755
1672104808110 0.6798022985458374 14972
1672104880434 0.6727748513221741 15189
1672104953639 0.6771897077560425 15406
1672105026346 0.6835541129112244 15623
1672105099541 0.6846581101417542 15840
1672105172116 0.6675410270690918 16057
1672105244966 0.6691203117370605 16274
1672105317425 0.6744016408920288 16491
1672105390127 0.676848292350769 16708
1672105462839 0.6814704537391663 16925
1672105535664 0.671786367893219 17142
1672105608375 0.676084578037262 17359
1672105680994 0.6747936606407166 17576
1672105754142 0.6685526371002197 17793
1672105826749 0.6835231184959412 18010
1672105899426 0.6889236569404602 18227
1672105972397 0.6861116886138916 18444
1672106045010 0.670485258102417 18661
1672106118162 0.6862859725952148 18878
1672106190821 0.6779440641403198 19095
1672106263369 0.6823288202285767 19312
1672106336025 0.6765394806861877 19529
1672106408596 0.6990134716033936 19746
1672106481737 0.6747472286224365 19963
1672106555078 0.6902682185173035 20180
1672106627881 0.6799681782722473 20397
1672106701224 0.6792272925376892 20614
1672106774133 0.6734564304351807 20831
1672106846569 0.6934307813644409 21048
1672106919544 0.6716008186340332 21265
1672106992429 0.6892042756080627 21482
1672107065158 0.6730369329452515 21699
1672107137993 0.693398118019104 21916
1672107211210 0.6840107440948486 22133
1672107284097 0.6774672269821167 22350
1672107358652 0.6804044246673584 22567
1672107433181 0.6846229434013367 22784
1672107506289 0.6794478893280029 23001
1672107579658 0.6924226880073547 23218
1672107652402 0.6774157285690308 23435
1672107725560 0.6876369118690491 23652
1672107798329 0.6988873481750488 23869
1672107871360 0.6888278126716614 24086
1672107944355 0.6797484159469604 24303
1672108017093 0.6870789527893066 24520
1672108090410 0.6828040480613708 24737
1672108163357 0.6874868273735046 24954
1672108236412 0.6759179830551147 25171
1672108309323 0.6814820170402527 25388
1672108382497 0.6847466230392456 25605
1672108455505 0.6801338195800781 25822
1672108528646 0.6868612170219421 26039
1672108601800 0.6799414753913879 26256
1672108674830 0.6833794116973877 26473
1672108748083 0.6834450364112854 26690
1672108821024 0.6919674277305603 26907
1672108894032 0.6935815215110779 27124
1672108966822 0.6779873967170715 27341
1672109039944 0.6777797341346741 27558
1672109113255 0.6841274499893188 27775
1672109186399 0.6849974393844604 27992
1672109259377 0.6777940988540649 28209
1672109332455 0.6837193965911865 28426
1672109405507 0.6890442371368408 28643
1672109478662 0.6828910112380981 28860
1672109551785 0.6876734495162964 29077
1672109624754 0.6868134140968323 29294
1672109697721 0.6863174438476562 29511
1672109770560 0.6876946091651917 29728
1672109843899 0.6903759241104126 29945
1672109917075 0.6972132921218872 30162
1672109990105 0.675656795501709 30379
1672110063232 0.6887133121490479 30596
1672110136562 0.6836327910423279 30813
1672110209492 0.6748066544532776 31030
1672110282903 0.682172954082489 31247
1672110355929 0.694054901599884 31464
1672110429327 0.6905380487442017 31681
1672110502182 0.6856446266174316 31898
1672110575138 0.6741690635681152 32115
1672110648046 0.6836404204368591 32332
1672110721001 0.6830562353134155 32549
