1672099852670 0.5737146139144897 216
1672099925160 0.591152012348175 433
1672099998054 0.590341329574585 650
1672100070623 0.6033263802528381 867
1672100143227 0.6028047800064087 1084
1672100216237 0.5898595452308655 1301
1672100288445 0.5847756266593933 1518
1672100361326 0.5814793705940247 1735
1672100433950 0.5944123268127441 1952
1672100506844 0.5989444255828857 2169
1672100579701 0.5921716690063477 2386
1672100652271 0.6046820878982544 2603
1672100725875 0.5995844006538391 2820
1672100798875 0.6007940769195557 3037
1672100871773 0.6054638028144836 3254
1672100944957 0.6099587082862854 3471
1672101017704 0.6074580550193787 3688
1672101090653 0.6067436933517456 3905
1672101163075 0.6223368644714355 4122
1672101235838 0.6180897355079651 4339
1672101308553 0.6229727268218994 4556
1672101381298 0.6232094764709473 4773
1672101454119 0.6228158473968506 4990
1672101526565 0.6269034743309021 5207
1672101599378 0.6189058423042297 5424
1672101672031 0.6222419738769531 5641
1672101745093 0.6210652589797974 5858
1672101817830 0.6295884251594543 6075
1672101890480 0.637554407119751 6292
1672101963176 0.6317533850669861 6509
1672102036068 0.6415593028068542 6726
1672102108780 0.6303385496139526 6943
1672102181765 0.6382864713668823 7160
1672102254242 0.6299105882644653 7377
1672102327434 0.6290338039398193 7594
1672102399900 0.6364135146141052 7811
1672102472866 0.6381365060806274 8028
1672102546164 0.6360224485397339 8245
1672102618809 0.6381984353065491 8462
1672102691476 0.6408573985099792 8679
1672102764467 0.6321442127227783 8896
1672102837136 0.627580463886261 9113
1672102909791 0.6352849006652832 9330
1672102982495 0.6432961821556091 9547
1672103055395 0.6330937743186951 9764
1672103128389 0.6491659283638 9981
1672103201881 0.6405120491981506 10198
1672103274683 0.6441810727119446 10415
1672103347505 0.6344605684280396 10632
1672103420528 0.6434544920921326 10849
1672103493030 0.6424373388290405 11066
1672103566086 0.6361134052276611 11283
1672103638918 0.6475667953491211 11500
1672103712420 0.6333553194999695 11717
1672103785445 0.6379397511482239 11934
1672103859006 0.6342017650604248 12151
1672103932174 0.6405450105667114 12368
1672104005070 0.6538879871368408 12585
1672104077894 0.6413336396217346 12802
1672104150929 0.6395072340965271 13019
1672104224773 0.657471776008606 13236
1672104297792 0.6411753296852112 13453
1672104370825 0.6549395322799683 13670
1672104443371 0.6404803395271301 13887
1672104516341 0.65474534034729 14104
1672104589103 0.6428889036178589 14321
1672104662351 0.6504266262054443 14538
1672104735190 0.639617383480072 14755
1672104808110 0.6495816707611084 14972
1672104880434 0.6459661722183228 15189
1672104953639 0.6460033655166626 15406
1672105026346 0.6603467464447021 15623
1672105099541 0.65315842628479 15840
1672105172116 0.6379575729370117 16057
1672105244966 0.6391440033912659 16274
1672105317425 0.6445416808128357 16491
1672105390127 0.6485247015953064 16708
1672105462839 0.6514781713485718 16925
1672105535664 0.6462840437889099 17142
1672105608375 0.6513060927391052 17359
1672105680994 0.6469337344169617 17576
1672105754142 0.6399312615394592 17793
1672105826749 0.6534242033958435 18010
1672105899426 0.6602780222892761 18227
1672105972397 0.6537324786186218 18444
1672106045010 0.6452587842941284 18661
1672106118162 0.6616350412368774 18878
1672106190821 0.643991231918335 19095
1672106263369 0.6500123739242554 19312
1672106336025 0.6471456289291382 19529
1672106408596 0.6728295683860779 19746
1672106481737 0.6462427973747253 19963
1672106555078 0.6651280522346497 20180
1672106627881 0.651644766330719 20397
1672106701224 0.6476644277572632 20614
1672106774133 0.6432576179504395 20831
1672106846569 0.668682873249054 21048
1672106919544 0.6453620195388794 21265
1672106992429 0.6665070652961731 21482
1672107065158 0.6432507038116455 21699
1672107137993 0.6726781725883484 21916
1672107211210 0.6557032465934753 22133
1672107284097 0.6473947763442993 22350
1672107358652 0.6552629470825195 22567
1672107433181 0.6561010479927063 22784
1672107506289 0.6528846621513367 23001
1672107579658 0.6642113924026489 23218
1672107652402 0.6507899761199951 23435
1672107725560 0.6662235856056213 23652
1672107798329 0.6692677736282349 23869
1672107871360 0.6638288497924805 24086
1672107944355 0.6499916911125183 24303
1672108017093 0.665879487991333 24520
1672108090410 0.6536526679992676 24737
1672108163357 0.6599945425987244 24954
1672108236412 0.6473630666732788 25171
1672108309323 0.6539856791496277 25388
1672108382497 0.6607019901275635 25605
1672108455505 0.653503954410553 25822
1672108528646 0.6571483016014099 26039
1672108601800 0.6543436050415039 26256
1672108674830 0.6614037752151489 26473
1672108748083 0.6540213823318481 26690
1672108821024 0.6691027283668518 26907
1672108894032 0.6648527979850769 27124
1672108966822 0.6514052152633667 27341
1672109039944 0.652239203453064 27558
1672109113255 0.6532355546951294 27775
1672109186399 0.65910404920578 27992
1672109259377 0.6512812972068787 28209
1672109332455 0.6574992537498474 28426
1672109405507 0.6639968156814575 28643
1672109478662 0.6576782464981079 28860
1672109551785 0.6624442338943481 29077
1672109624754 0.6631324887275696 29294
1672109697721 0.668188750743866 29511
1672109770560 0.6636099219322205 29728
1672109843899 0.6672254800796509 29945
1672109917075 0.675132155418396 30162
1672109990105 0.6507968902587891 30379
1672110063232 0.6651473045349121 30596
1672110136562 0.6585935354232788 30813
1672110209492 0.649069607257843 31030
1672110282903 0.6576686501502991 31247
1672110355929 0.6706647276878357 31464
1672110429327 0.6648857593536377 31681
1672110502182 0.6633608341217041 31898
1672110575138 0.6476246118545532 32115
1672110648046 0.6624249219894409 32332
1672110721001 0.6584132313728333 32549
