1672099852670 0.7659043073654175 216
1672099925160 0.791233241558075 433
1672099998054 0.7907789349555969 650
1672100070623 0.7905588150024414 867
1672100143227 0.7970907092094421 1084
1672100216237 0.7830058336257935 1301
1672100288445 0.7773603200912476 1518
1672100361326 0.7737957835197449 1735
1672100433950 0.7882440090179443 1952
1672100506844 0.7924857139587402 2169
1672100579701 0.7835535407066345 2386
1672100652271 0.7952024340629578 2603
1672100725875 0.7768374085426331 2820
1672100798875 0.7883623242378235 3037
1672100871773 0.7813846468925476 3254
1672100944957 0.7906633615493774 3471
1672101017704 0.7814561724662781 3688
1672101090653 0.782803475856781 3905
1672101163075 0.7878695726394653 4122
1672101235838 0.7929425835609436 4339
1672101308553 0.7893834710121155 4556
1672101381298 0.8030058145523071 4773
1672101454119 0.7761519551277161 4990
1672101526565 0.7918401956558228 5207
1672101599378 0.7851336002349854 5424
1672101672031 0.7864740490913391 5641
1672101745093 0.7888137102127075 5858
1672101817830 0.7794468402862549 6075
1672101890480 0.7977621555328369 6292
1672101963176 0.7865511178970337 6509
1672102036068 0.7940463423728943 6726
1672102108780 0.7750042080879211 6943
1672102181765 0.7938151359558105 7160
1672102254242 0.7899505496025085 7377
1672102327434 0.7898074984550476 7594
1672102399900 0.7865704298019409 7811
1672102472866 0.7876108288764954 8028
1672102546164 0.7920039892196655 8245
1672102618809 0.7785329818725586 8462
1672102691476 0.7874237298965454 8679
1672102764467 0.7798638343811035 8896
1672102837136 0.7703936696052551 9113
1672102909791 0.7848748564720154 9330
1672102982495 0.7880457639694214 9547
1672103055395 0.7826576828956604 9764
1672103128389 0.7977113127708435 9981
1672103201881 0.7881587147712708 10198
1672103274683 0.7792760729789734 10415
1672103347505 0.7764739990234375 10632
1672103420528 0.7928490042686462 10849
1672103493030 0.7842004299163818 11066
1672103566086 0.7758932113647461 11283
1672103638918 0.7856648564338684 11500
1672103712420 0.7698225378990173 11717
1672103785445 0.7828449010848999 11934
1672103859006 0.780385434627533 12151
1672103932174 0.7796531915664673 12368
1672104005070 0.7934930324554443 12585
1672104077894 0.7840848565101624 12802
1672104150929 0.7785742878913879 13019
1672104224773 0.800308346748352 13236
1672104297792 0.7889761328697205 13453
1672104370825 0.7932260632514954 13670
1672104443371 0.7815746068954468 13887
1672104516341 0.7888522148132324 14104
1672104589103 0.7833525538444519 14321
1672104662351 0.7864052057266235 14538
1672104735190 0.779393196105957 14755
1672104808110 0.7867617011070251 14972
1672104880434 0.7735260725021362 15189
1672104953639 0.786674976348877 15406
1672105026346 0.7802312970161438 15623
1672105099541 0.78639155626297 15840
1672105172116 0.7733802795410156 16057
1672105244966 0.7733306288719177 16274
1672105317425 0.7751707434654236 16491
1672105390127 0.7793931365013123 16708
1672105462839 0.7851349115371704 16925
1672105535664 0.7712028622627258 17142
1672105608375 0.7693807482719421 17359
1672105680994 0.7744316458702087 17576
1672105754142 0.7702505588531494 17793
1672105826749 0.7872669100761414 18010
1672105899426 0.7878971099853516 18227
1672105972397 0.7840848565101624 18444
1672106045010 0.7713102102279663 18661
1672106118162 0.78166264295578 18878
1672106190821 0.7843601107597351 19095
1672106263369 0.7832838296890259 19312
1672106336025 0.7687614560127258 19529
1672106408596 0.8005174994468689 19746
1672106481737 0.776281476020813 19963
1672106555078 0.7879465818405151 20180
1672106627881 0.7812718152999878 20397
1672106701224 0.7823672890663147 20614
1672106774133 0.7719488143920898 20831
1672106846569 0.7882274985313416 21048
1672106919544 0.764624297618866 21265
1672106992429 0.7836223840713501 21482
1672107065158 0.7659317851066589 21699
1672107137993 0.7898129820823669 21916
1672107211210 0.7840269804000854 22133
1672107284097 0.7811933159828186 22350
1672107358652 0.7809963822364807 22567
1672107433181 0.7868374586105347 22784
1672107506289 0.779683530330658 23001
1672107579658 0.7903937101364136 23218
1672107652402 0.7724278569221497 23435
1672107725560 0.7798362970352173 23652
1672107798329 0.797379732131958 23869
1672107871360 0.7827995419502258 24086
1672107944355 0.7739967703819275 24303
1672108017093 0.7800661325454712 24520
1672108090410 0.7824057936668396 24737
1672108163357 0.7820947766304016 24954
1672108236412 0.7747013568878174 25171
1672108309323 0.7756413817405701 25388
1672108382497 0.7843504548072815 25605
1672108455505 0.777716875076294 25822
1672108528646 0.7858767509460449 26039
1672108601800 0.7761712670326233 26256
1672108674830 0.7749408483505249 26473
1672108748083 0.7809056639671326 26690
1672108821024 0.7904419898986816 26907
1672108894032 0.792813241481781 27124
1672108966822 0.7746517658233643 27341
1672109039944 0.7779769897460938 27558
1672109113255 0.7896807789802551 27775
1672109186399 0.7773410677909851 27992
1672109259377 0.7703469395637512 28209
1672109332455 0.7788825631141663 28426
1672109405507 0.7856455445289612 28643
1672109478662 0.7789099812507629 28860
1672109551785 0.7823122143745422 29077
1672109624754 0.7826095223426819 29294
1672109697721 0.7798815369606018 29511
1672109770560 0.7808259129524231 29728
1672109843899 0.7853124737739563 29945
1672109917075 0.7958038449287415 30162
1672109990105 0.7713873982429504 30379
1672110063232 0.7828131318092346 30596
1672110136562 0.7760116457939148 30813
1672110209492 0.7683842778205872 31030
1672110282903 0.7749904990196228 31247
1672110355929 0.7873384356498718 31464
1672110429327 0.7857611179351807 31681
1672110502182 0.7770108580589294 31898
1672110575138 0.7679067850112915 32115
1672110648046 0.7734104990959167 32332
1672110721001 0.7781173586845398 32549
