1672099795206 0.7083333730697632 49
1672099809456 0.9166666865348816 99
1672099824097 0.75 149
1672099838331 0.75 199
1672099862830 0.8333333134651184 249
1672099877203 0.75 299
1672099891586 0.875 349
1672099905948 0.6875 399
1672099930433 0.5625 449
1672099945033 0.9166666865348816 499
1672099959631 0.7916666865348816 549
1672099974013 0.75 599
1672099988342 0.7916666865348816 649
1672100012728 0.625 699
1672100027073 0.8125 749
1672100041475 0.6666666865348816 799
1672100056075 0.2916666865348816 849
1672100080489 0.8333333730697632 899
1672100094831 0.6499999761581421 949
1672100109269 0.6666666865348816 999
1672100123770 0.949999988079071 1049
1672100148189 0.8541666865348816 1099
1672100162540 0.6666666865348816 1149
1672100177026 0.6875 1199
1672100191700 0.6875 1249
1672100206039 0.75 1299
1672100230740 0.9375 1349
1672100245026 0.6041666865348816 1399
1672100259277 1.0 1449
1672100273538 0.6666666865348816 1499
1672100298164 0.9166666865348816 1549
1672100312468 0.9166666865348816 1599
1672100326927 0.7916666865348816 1649
1672100341433 0.4000000059604645 1699
1672100366152 0.5249999761581421 1749
1672100380516 0.8333333730697632 1799
1672100394980 1.0 1849
1672100409320 0.9375 1899
1672100423655 0.9583333134651184 1949
1672100448252 0.875 1999
1672100462815 0.8541666865348816 2049
1672100477198 0.6166666746139526 2099
1672100491676 1.0 2149
1672100516175 0.7333333492279053 2199
1672100530694 0.8333333730697632 2249
1672100545001 0.625 2299
1672100559328 0.9375 2349
1672100584237 1.0 2399
1672100598649 0.9375 2449
1672100612985 0.949999988079071 2499
1672100627350 0.8333333730697632 2549
1672100641734 0.75 2599
1672100666475 0.5 2649
1672100680841 0.75 2699
1672100695391 0.8125 2749
1672100710126 0.75 2799
1672100734876 0.8333333730697632 2849
1672100749249 0.5 2899
1672100763646 0.75 2949
1672100778379 0.9166666865348816 2999
1672100803011 0.8541666865348816 3049
1672100817309 0.6875 3099
1672100831633 0.875 3149
1672100846128 0.75 3199
1672100860845 0.6666666865348816 3249
1672100885378 0.625 3299
1672100899953 0.9166666865348816 3349
1672100914429 0.699999988079071 3399
1672100928964 0.375 3449
1672100953666 0.9375 3499
1672100968011 1.0 3549
1672100982482 0.9375 3599
1672100997030 0.9166666865348816 3649
1672101021580 0.25 3699
1672101035991 0.6708333492279053 3749
1672101050478 1.0 3799
1672101065017 0.6666666865348816 3849
1672101079364 0.8333333730697632 3899
1672101103912 0.875 3949
1672101118388 0.8999999761581421 3999
1672101132691 0.75 4049
1672101147090 0.6875 4099
1672101171512 0.9166666865348816 4149
1672101185922 0.9375 4199
1672101200382 1.0 4249
1672101214815 1.0 4299
1672101239563 1.0 4349
1672101253936 0.9166666865348816 4399
1672101268353 0.75 4449
1672101282823 1.0 4499
1672101297237 0.7916666865348816 4549
1672101321548 0.9166666865348816 4599
1672101336051 1.0 4649
1672101350366 0.9166666865348816 4699
1672101364731 0.75 4749
1672101389420 0.75 4799
1672101403960 0.574999988079071 4849
1672101418308 1.0 4899
1672101432678 0.6000000238418579 4949
1672101457362 0.7708333134651184 4999
1672101471738 0.75 5049
1672101486088 0.6666666865348816 5099
1672101500401 0.8333333730697632 5149
1672101514840 0.7916666865348816 5199
1672101539418 1.0 5249
1672101553736 0.7916666865348816 5299
1672101568292 0.9166666865348816 5349
1672101582736 0.6499999761581421 5399
1672101607220 0.6666666865348816 5449
1672101621514 0.7916666865348816 5499
1672101636063 1.0 5549
1672101650404 0.6666666865348816 5599
1672101675058 0.5208333730697632 5649
1672101689547 0.875 5699
1672101703908 1.0 5749
1672101718338 0.8541666865348816 5799
1672101732844 0.8333333134651184 5849
1672101757706 0.875 5899
1672101772159 1.0 5949
1672101786508 0.875 5999
1672101800821 0.6666666865348816 6049
1672101825398 0.375 6099
1672101839998 0.6666666865348816 6149
1672101854366 0.5 6199
1672101868885 1.0 6249
1672101893144 0.75 6299
1672101907766 0.625 6349
1672101922091 0.7291666865348816 6399
1672101936455 0.625 6449
1672101950800 0.9375 6499
1672101975555 0.875 6549
1672101989934 0.875 6599
1672102004356 0.5833333134651184 6649
1672102018710 0.75 6699
1672102043372 0.949999988079071 6749
1672102057728 0.625 6799
1672102072111 0.875 6849
1672102086433 0.887499988079071 6899
1672102111348 0.875 6949
1672102125676 0.5416666865348816 6999
1672102140156 0.6666666865348816 7049
1672102154495 0.5 7099
1672102169085 1.0 7149
1672102193659 0.8333333730697632 7199
1672102207997 0.949999988079071 7249
1672102222353 0.625 7299
1672102236677 0.9166666865348816 7349
1672102261276 1.0 7399
1672102275948 0.8666666746139526 7449
1672102290363 0.4166666865348816 7499
1672102304811 0.75 7549
1672102329563 0.6666666865348816 7599
1672102343829 0.9166666865348816 7649
1672102358182 0.875 7699
1672102372458 0.4166666865348816 7749
1672102386811 0.6666666865348816 7799
1672102411450 0.625 7849
1672102425834 0.75 7899
1672102440475 0.75 7949
1672102455004 1.0 7999
1672102479568 1.0 8049
1672102494125 0.6875 8099
1672102508578 0.7708333730697632 8149
1672102523260 0.8333333134651184 8199
1672102548073 0.5833333134651184 8249
1672102562357 0.9375 8299
1672102576737 0.9166666865348816 8349
1672102591020 0.5833333730697632 8399
1672102605454 0.625 8449
1672102630123 0.875 8499
1672102644590 0.6666666865348816 8549
1672102658923 1.0 8599
1672102673288 1.0 8649
1672102698003 1.0 8699
1672102712359 0.25 8749
1672102726834 0.8125 8799
1672102741334 1.0 8849
1672102765979 0.8333333134651184 8899
1672102780282 0.5833333730697632 8949
1672102794570 0.375 8999
1672102808901 0.9375 9049
1672102823316 0.9375 9099
1672102848122 0.9375 9149
1672102862702 0.8999999761581421 9199
1672102877012 0.9166666865348816 9249
1672102891316 0.75 9299
1672102915879 0.699999988079071 9349
1672102930224 1.0 9399
1672102944693 0.7083333730697632 9449
1672102959041 0.8541666865348816 9499
1672102983865 1.0 9549
1672102998138 0.875 9599
1672103012760 1.0 9649
1672103027049 0.75 9699
1672103041457 0.75 9749
1672103066176 0.5 9799
1672103080597 0.875 9849
1672103095014 0.887499988079071 9899
1672103109584 0.9166666865348816 9949
1672103134407 0.9166666865348816 9999
1672103148923 0.625 10049
1672103163391 1.0 10099
1672103177939 0.875 10149
1672103202880 1.0 10199
1672103217258 0.6875 10249
1672103231666 0.6875 10299
1672103246059 0.6666666865348816 10349
1672103260365 0.4166666865348816 10399
1672103285099 0.8541666865348816 10449
1672103299654 0.875 10499
1672103314116 0.625 10549
1672103328487 0.5416666865348816 10599
1672103353080 0.875 10649
1672103367411 1.0 10699
1672103381746 0.875 10749
1672103396388 0.75 10799
1672103410751 0.5 10849
1672103435533 0.75 10899
1672103449889 0.7916666865348816 10949
1672103464263 0.4166666865348816 10999
1672103478667 0.75 11049
1672103503205 0.75 11099
1672103517686 0.9375 11149
1672103532144 1.0 11199
1672103546582 0.9375 11249
1672103571542 0.8999999761581421 11299
1672103585914 0.4166666865348816 11349
1672103600324 1.0 11399
1672103614689 1.0 11449
1672103629050 0.9166666865348816 11499
1672103653641 0.6666666865348816 11549
1672103668246 0.75 11599
1672103682819 0.6041666865348816 11649
1672103697550 0.9166666865348816 11699
1672103722502 0.7291666865348816 11749
1672103736888 0.5 11799
1672103751445 0.75 11849
1672103765799 0.7916666865348816 11899
1672103790431 0.8999999761581421 11949
1672103805023 0.5416666865348816 11999
1672103819392 0.8166667222976685 12049
1672103834028 0.9166666865348816 12099
1672103848460 0.5625 12149
1672103873678 0.9375 12199
1672103888063 0.75 12249
1672103902504 0.6875 12299
1672103917122 0.5 12349
1672103941826 0.875 12399
1672103956237 1.0 12449
1672103970749 0.9166666865348816 12499
1672103985234 0.5625 12549
1672104009792 0.625 12599
1672104024141 0.6666666865348816 12649
1672104038470 1.0 12699
1672104052828 0.9375 12749
1672104067338 1.0 12799
1672104092238 1.0 12849
1672104106806 0.75 12899
1672104121213 0.6875 12949
1672104135577 0.375 12999
1672104160231 0.9166666865348816 13049
1672104174656 0.8166666626930237 13099
1672104189166 0.7083333730697632 13149
1672104203662 0.9166666865348816 13199
1672104229228 0.9166666865348816 13249
1672104243839 0.75 13299
1672104258263 0.7083333134651184 13349
1672104272663 0.7916666865348816 13399
1672104287229 0.2916666865348816 13449
1672104311795 0.875 13499
1672104326178 0.8999999761581421 13549
1672104340632 0.9375 13599
1672104355324 0.9166666865348816 13649
1672104379814 0.9166666865348816 13699
1672104394138 0.9375 13749
1672104408641 0.5666666626930237 13799
1672104423026 0.9166666865348816 13849
1672104447505 0.7916666865348816 13899
1672104461906 0.5625 13949
1672104476279 0.7916666865348816 13999
1672104490914 0.625 14049
1672104505268 0.75 14099
1672104530133 0.75 14149
1672104544472 0.75 14199
1672104558841 0.4833333492279053 14249
1672104573324 0.5416666865348816 14299
1672104597761 0.4583333432674408 14349
1672104612117 1.0 14399
1672104626674 0.75 14449
1672104641348 0.875 14499
1672104666174 0.5625 14549
1672104680505 0.75 14599
1672104694851 1.0 14649
1672104709393 0.75 14699
1672104723737 0.824999988079071 14749
1672104748548 0.7916666865348816 14799
1672104762947 0.8333333730697632 14849
1672104777413 0.6666666865348816 14899
1672104791820 0.9166666865348816 14949
1672104816507 0.625 14999
1672104830792 0.875 15049
1672104845115 0.4375 15099
1672104859445 0.699999988079071 15149
1672104884010 0.75 15199
1672104898659 0.6666666865348816 15249
1672104913033 0.5666667222976685 15299
1672104927607 0.824999988079071 15349
1672104941993 0.9375 15399
1672104966672 0.5833333730697632 15449
1672104981005 0.7500000596046448 15499
1672104995355 0.9583333134651184 15549
1672105009733 0.9583333134651184 15599
1672105034709 0.7291666865348816 15649
1672105049197 0.949999988079071 15699
1672105063606 0.9375 15749
1672105078078 0.8041666746139526 15799
1672105102829 0.6666666865348816 15849
1672105117149 0.75 15899
1672105131439 0.75 15949
1672105145912 0.75 15999
1672105160231 0.6666666865348816 16049
1672105184889 0.699999988079071 16099
1672105199278 0.5 16149
1672105213786 0.9166666865348816 16199
1672105228204 0.6666666865348816 16249
1672105252806 0.5833333134651184 16299
1672105267183 0.625 16349
1672105281531 0.8666666746139526 16399
1672105296007 0.75 16449
1672105320722 0.6666666865348816 16499
1672105335146 0.625 16549
1672105349453 0.8166667222976685 16599
1672105363751 1.0 16649
1672105378069 0.3125 16699
1672105402560 0.75 16749
1672105416901 0.75 16799
1672105431311 0.875 16849
1672105445750 1.0 16899
1672105470365 0.8125 16949
1672105484697 1.0 16999
1672105499357 0.9166666865348816 17049
1672105513676 0.7916666865348816 17099
1672105538371 0.8541666865348816 17149
1672105552700 0.6666666865348816 17199
1672105567215 0.6666666865348816 17249
1672105581713 0.4375 17299
1672105596069 0.6666666865348816 17349
1672105620648 0.875 17399
1672105635081 0.875 17449
1672105649364 0.7708333730697632 17499
1672105663649 0.75 17549
1672105688406 0.9166666865348816 17599
1672105702699 0.75 17649
1672105717191 0.8333333134651184 17699
1672105731715 0.8333333730697632 17749
1672105756506 0.9375 17799
1672105770905 0.949999988079071 17849
1672105785402 1.0 17899
1672105799743 0.5833333134651184 17949
1672105814139 0.5249999761581421 17999
1672105838648 0.625 18049
1672105853164 0.75 18099
1672105867578 0.9166666865348816 18149
1672105881955 1.0 18199
1672105906505 1.0 18249
1672105920870 0.6875 18299
1672105935339 0.5 18349
1672105949821 0.6875 18399
1672105974562 0.6666666865348816 18449
1672105988905 0.875 18499
1672106003221 1.0 18549
1672106017663 0.75 18599
1672106031987 1.0 18649
1672106056821 0.7291666865348816 18699
1672106071269 1.0 18749
1672106085896 0.8999999761581421 18799
1672106100225 0.8666666746139526 18849
1672106124867 0.875 18899
1672106139248 0.5333333015441895 18949
1672106153756 0.8374999761581421 18999
1672106168102 0.4000000059604645 19049
1672106192621 0.75 19099
1672106206900 0.7916666865348816 19149
1672106221353 0.6666666865348816 19199
1672106235678 0.9583333134651184 19249
1672106250007 0.4583333432674408 19299
1672106274729 0.875 19349
1672106289037 1.0 19399
1672106303424 1.0 19449
1672106317871 0.8333333730697632 19499
1672106342376 0.8666666746139526 19549
1672106356937 0.9375 19599
1672106371291 0.699999988079071 19649
1672106385698 0.9166666865348816 19699
1672106410130 0.699999988079071 19749
1672106424493 0.7916666865348816 19799
1672106439040 0.625 19849
1672106453402 0.8666666746139526 19899
1672106467800 1.0 19949
1672106492907 0.7916666865348816 19999
1672106507454 0.7916666865348816 20049
1672106521987 1.0 20099
1672106536541 0.9375 20149
1672106561241 0.9375 20199
1672106575687 0.7250000238418579 20249
1672106590106 0.875 20299
1672106604569 0.875 20349
1672106629113 0.7500000596046448 20399
1672106643746 0.875 20449
1672106658225 0.5625 20499
1672106672876 0.75 20549
1672106687327 0.75 20599
1672106712058 0.7916666865348816 20649
1672106726408 0.7083333730697632 20699
1672106740766 0.625 20749
1672106755411 0.5416666865348816 20799
1672106779989 0.5833333730697632 20849
1672106794473 0.5416666865348816 20899
1672106808822 0.75 20949
1672106823182 0.875 20999
1672106847587 0.875 21049
1672106861940 0.7916666865348816 21099
1672106876277 0.7291666865348816 21149
1672106890947 0.875 21199
1672106905299 0.6041666865348816 21249
1672106930058 0.8333333730697632 21299
1672106944424 0.75 21349
1672106958959 0.3750000298023224 21399
1672106973267 0.5416666865348816 21449
1672106997995 0.875 21499
1672107012440 0.75 21549
1672107026939 0.8333333730697632 21599
1672107041279 1.0 21649
1672107055408 0.0 21699
1672107080221 1.0 21749
1672107094723 0.9375 21799
1672107109084 0.8125 21849
1672107123444 0.8333333730697632 21899
1672107148178 0.6166666746139526 21949
1672107162892 0.75 21999
1672107177268 0.6666666865348816 22049
1672107191763 0.9166666865348816 22099
1672107216465 0.7916666865348816 22149
1672107230801 0.75 22199
1672107245143 0.75 22249
1672107259526 0.875 22299
1672107274213 0.625 22349
1672107298935 0.6458333730697632 22399
1672107313397 0.9166666865348816 22449
1672107328260 0.699999988079071 22499
1672107343051 0.75 22549
1672107368886 0.9166666865348816 22599
1672107383666 1.0 22649
1672107398278 0.4583333432674408 22699
1672107412994 0.75 22749
1672107438201 0.7976190447807312 22799
1672107452764 0.7916666865348816 22849
1672107467168 0.5416666865348816 22899
1672107481593 0.8333333730697632 22949
1672107495948 0.7083333730697632 22999
1672107520762 1.0 23049
1672107535272 0.7916666865348816 23099
1672107549635 0.9166666865348816 23149
1672107564262 0.699999988079071 23199
1672107589191 0.6875 23249
1672107603561 0.1666666716337204 23299
1672107617918 0.875 23349
1672107632311 0.75 23399
1672107657304 0.75 23449
1672107671655 0.6875 23499
1672107685978 0.5416666865348816 23549
1672107700565 0.625 23599
1672107714855 0.8125 23649
1672107739738 0.9375 23699
1672107754244 0.9166666865348816 23749
1672107768575 0.824999988079071 23799
1672107782903 0.8666666746139526 23849
1672107807719 1.0 23899
1672107822062 1.0 23949
1672107836644 1.0 23999
1672107850954 0.7749999761581421 24049
1672107875793 0.9375 24099
1672107890264 0.8333333730697632 24149
1672107904614 0.8333333134651184 24199
1672107919083 1.0 24249
1672107933395 0.875 24299
1672107958221 0.75 24349
1672107972598 0.875 24399
1672107986936 0.75 24449
1672108001441 0.5 24499
1672108026075 1.0 24549
1672108040666 0.6875 24599
1672108055117 0.875 24649
1672108069523 0.9642857313156128 24699
1672108094585 0.7916666865348816 24749
1672108108959 0.5 24799
1672108123330 0.6166666746139526 24849
1672108137813 0.6499999761581421 24899
1672108152169 1.0 24949
1672108177049 1.0 24999
1672108191426 0.75 25049
1672108205917 0.9375 25099
1672108220291 0.6666666865348816 25149
1672108245219 0.6499999761581421 25199
1672108259703 0.5625 25249
1672108274062 0.875 25299
1672108288549 0.9375 25349
1672108313189 1.0 25399
1672108327732 0.762499988079071 25449
1672108342127 0.7083333134651184 25499
1672108356555 0.6666666865348816 25549
1672108370922 0.625 25599
1672108395837 1.0 25649
1672108410215 0.9166666865348816 25699
1672108424741 0.875 25749
1672108439114 0.75 25799
1672108464089 0.75 25849
1672108478492 0.7749999761581421 25899
1672108492948 0.75 25949
1672108507377 0.875 25999
1672108532344 0.8125 26049
1672108546823 0.5833333730697632 26099
1672108561174 0.625 26149
1672108575513 0.5 26199
1672108590027 0.6666666865348816 26249
1672108614819 0.5416666865348816 26299
1672108629221 0.8541666865348816 26349
1672108643607 0.8333333730697632 26399
1672108657960 0.875 26449
1672108683224 0.6666666865348816 26499
1672108697814 0.875 26549
1672108712198 0.5625 26599
1672108726566 0.8125 26649
1672108751386 0.8333333730697632 26699
1672108765716 0.8333333134651184 26749
1672108780280 0.625 26799
1672108794615 1.0 26849
1672108809072 0.9375 26899
1672108833806 0.8666666746139526 26949
1672108848177 0.44999998807907104 26999
1672108862732 0.8333333134651184 27049
1672108877110 0.75 27099
1672108901840 0.949999988079071 27149
1672108916168 0.6875 27199
1672108930582 0.5 27249
1672108945068 0.75 27299
1672108969795 0.9166666865348816 27349
1672108984262 1.0 27399
1672108998596 0.949999988079071 27449
1672109013268 1.0 27499
1672109027647 0.7833333611488342 27549
1672109052490 0.49166667461395264 27599
1672109066859 0.875 27649
1672109081479 1.0 27699
1672109095810 1.0 27749
1672109120801 0.8125 27799
1672109135164 0.875 27849
1672109149707 0.7916666865348816 27899
1672109164151 0.75 27949
1672109189100 0.75 27999
1672109203588 0.949999988079071 28049
1672109217925 1.0 28099
1672109232557 0.9375 28149
1672109246896 0.7916666865348816 28199
1672109271657 0.6875 28249
1672109286151 0.5 28299
1672109300737 0.8125 28349
1672109315074 0.9166666865348816 28399
1672109339740 0.8666666746139526 28449
1672109354292 1.0 28499
1672109368959 0.5 28549
1672109383323 0.887499988079071 28599
1672109407960 1.0 28649
1672109422320 1.0 28699
1672109436697 0.699999988079071 28749
1672109451164 0.5 28799
1672109465771 0.7083333134651184 28849
1672109490624 0.75 28899
1672109505144 0.8125 28949
1672109519548 0.6666666865348816 28999
1672109533987 0.7916666865348816 29049
1672109558811 0.5 29099
1672109573363 0.75 29149
1672109587849 0.75 29199
1672109602318 0.824999988079071 29249
1672109626920 1.0 29299
1672109641310 0.625 29349
1672109655846 0.8333333730697632 29399
1672109670183 0.824999988079071 29449
1672109684513 0.5 29499
1672109709249 0.75 29549
1672109723710 0.9375 29599
1672109738209 0.7916666865348816 29649
1672109752587 0.75 29699
1672109777243 0.625 29749
1672109792149 0.75 29799
1672109806633 0.8125 29849
1672109821013 0.5625 29899
1672109845788 0.75 29949
1672109860185 0.9375 29999
1672109874724 1.0 30049
1672109889125 0.875 30099
1672109903514 0.7875000238418579 30149
1672109928328 0.7916666865348816 30199
1672109942821 0.625 30249
1672109957163 0.875 30299
1672109971540 0.875 30349
1672109996562 1.0 30399
1672110011014 0.7083333134651184 30449
1672110025480 0.875 30499
1672110040016 0.75 30549
1672110064793 0.5 30599
1672110079157 0.9166666865348816 30649
1672110093697 0.75 30699
1672110108087 0.8166666626930237 30749
1672110122758 0.75 30799
1672110147581 0.5 30849
1672110161946 0.4833333492279053 30899
1672110176460 0.875 30949
1672110190832 1.0 30999
1672110215589 1.0 31049
1672110230028 1.0 31099
1672110244777 0.5833333730697632 31149
1672110259368 0.6041666865348816 31199
1672110284208 0.875 31249
1672110298685 0.9166666865348816 31299
1672110313111 0.75 31349
1672110327518 0.7916666865348816 31399
1672110341905 0.75 31449
1672110366708 0.625 31499
1672110381288 0.75 31549
1672110395772 1.0 31599
1672110410322 0.9166666865348816 31649
1672110435242 1.0 31699
1672110449553 0.6666666865348816 31749
1672110463868 0.375 31799
1672110478361 0.7083333730697632 31849
1672110503182 0.9375 31899
1672110517551 0.375 31949
1672110532047 1.0 31999
1672110546420 0.625 32049
1672110560765 0.8333333134651184 32099
1672110585672 0.7833333611488342 32149
1672110599989 1.0 32199
1672110614495 0.875 32249
1672110628980 0.8374999761581421 32299
1672110653632 1.0 32349
1672110668087 0.6666666865348816 32399
1672110682662 0.5416666865348816 32449
1672110697258 0.7083333730697632 32499
1672110711485 0.25 32549
