1672099852670 0.7692196369171143 216
1672099925160 0.7804913520812988 433
1672099998054 0.7806358337402344 650
1672100070623 0.7806358337402344 867
1672100143227 0.7804913520812988 1084
1672100216237 0.7807803750038147 1301
1672100288445 0.7806358337402344 1518
1672100361326 0.7807803750038147 1735
1672100433950 0.7813583612442017 1952
1672100506844 0.7816473841667175 2169
1672100579701 0.7829479575157166 2386
1672100652271 0.7845375537872314 2603
1672100725875 0.78410404920578 2820
1672100798875 0.7881503105163574 3037
1672100871773 0.7864161729812622 3254
1672100944957 0.7926300764083862 3471
1672101017704 0.7930635809898376 3688
1672101090653 0.7956647276878357 3905
1672101163075 0.7982658743858337 4122
1672101235838 0.7989884614944458 4339
1672101308553 0.8028901815414429 4556
1672101381298 0.8004335165023804 4773
1672101454119 0.8027456402778625 4990
1672101526565 0.8031792044639587 5207
1672101599378 0.8021676540374756 5424
1672101672031 0.8028901815414429 5641
1672101745093 0.8020231127738953 5858
1672101817830 0.8073699474334717 6075
1672101890480 0.8088150024414062 6292
1672101963176 0.8067919015884399 6509
1672102036068 0.8102601170539856 6726
1672102108780 0.8105491399765015 6943
1672102181765 0.8088150024414062 7160
1672102254242 0.8086705207824707 7377
1672102327434 0.8062138557434082 7594
1672102399900 0.8147398829460144 7811
1672102472866 0.8108381628990173 8028
1672102546164 0.810693621635437 8245
1672102618809 0.8151733875274658 8462
1672102691476 0.814306378364563 8679
1672102764467 0.8083814978599548 8896
1672102837136 0.8167629837989807 9113
1672102909791 0.8134393095970154 9330
1672102982495 0.8121387362480164 9547
1672103055395 0.8105491399765015 9764
1672103128389 0.8118497133255005 9981
1672103201881 0.8141618371009827 10198
1672103274683 0.8177745938301086 10415
1672103347505 0.8112716674804688 10632
1672103420528 0.8167629837989807 10849
1672103493030 0.8151733875274658 11066
1672103566086 0.8145954012870789 11283
1672103638918 0.8166185021400452 11500
1672103712420 0.8182080984115601 11717
1672103785445 0.81488436460495 11934
1672103859006 0.815606951713562 12151
1672103932174 0.8180635571479797 12368
1672104005070 0.8182080984115601 12585
1672104077894 0.8170520067214966 12802
1672104150929 0.8180635571479797 13019
1672104224773 0.8205202221870422 13236
1672104297792 0.8125722408294678 13453
1672104370825 0.819797694683075 13670
1672104443371 0.8183525800704956 13887
1672104516341 0.8208092451095581 14104
1672104589103 0.8174855709075928 14321
1672104662351 0.8177745938301086 14538
1672104735190 0.8208092451095581 14755
1672104808110 0.8186416029930115 14972
1672104880434 0.8189306259155273 15189
1672104953639 0.8199421763420105 15406
1672105026346 0.8238439559936523 15623
1672105099541 0.8212427496910095 15840
1672105172116 0.8176300525665283 16057
1672105244966 0.8195086717605591 16274
1672105317425 0.8189306259155273 16491
1672105390127 0.8235549330711365 16708
1672105462839 0.8193641901016235 16925
1672105535664 0.8216763138771057 17142
1672105608375 0.8219653367996216 17359
1672105680994 0.821098268032074 17576
1672105754142 0.8199421763420105 17793
1672105826749 0.8215317726135254 18010
1672105899426 0.8226878643035889 18227
1672105972397 0.8273121118545532 18444
1672106045010 0.8212427496910095 18661
1672106118162 0.8265895843505859 18878
1672106190821 0.8160404562950134 19095
1672106263369 0.8228323459625244 19312
1672106336025 0.8245664834976196 19529
1672106408596 0.8258670568466187 19746
1672106481737 0.8182080984115601 19963
1672106555078 0.8242774605751038 20180
1672106627881 0.8208092451095581 20397
1672106701224 0.8255780339241028 20614
1672106774133 0.8248555064201355 20831
1672106846569 0.8267341256141663 21048
1672106919544 0.8205202221870422 21265
1672106992429 0.8276011347770691 21482
1672107065158 0.8219653367996216 21699
1672107137993 0.8271676301956177 21916
1672107211210 0.8258670568466187 22133
1672107284097 0.8218207955360413 22350
1672107358652 0.823699414730072 22567
1672107433181 0.8231213688850403 22784
1672107506289 0.8261560797691345 23001
1672107579658 0.8241329193115234 23218
1672107652402 0.8225433230400085 23435
1672107725560 0.8268786072731018 23652
1672107798329 0.827890157699585 23869
1672107871360 0.8244219422340393 24086
1672107944355 0.8260115385055542 24303
1672108017093 0.8265895843505859 24520
1672108090410 0.8277456760406494 24737
1672108163357 0.8283237218856812 24954
1672108236412 0.8228323459625244 25171
1672108309323 0.8261560797691345 25388
1672108382497 0.8280346989631653 25605
1672108455505 0.8216763138771057 25822
1672108528646 0.8277456760406494 26039
1672108601800 0.824999988079071 26256
1672108674830 0.8263005614280701 26473
1672108748083 0.8261560797691345 26690
1672108821024 0.8283237218856812 26907
1672108894032 0.8267341256141663 27124
1672108966822 0.8274566531181335 27341
1672109039944 0.8267341256141663 27558
1672109113255 0.8241329193115234 27775
1672109186399 0.8276011347770691 27992
1672109259377 0.8280346989631653 28209
1672109332455 0.8254335522651672 28426
1672109405507 0.8264451026916504 28643
1672109478662 0.8254335522651672 28860
1672109551785 0.8307803273200989 29077
1672109624754 0.8287572264671326 29294
1672109697721 0.8273121118545532 29511
1672109770560 0.8271676301956177 29728
1672109843899 0.8254335522651672 29945
1672109917075 0.830491304397583 30162
1672109990105 0.8270231485366821 30379
1672110063232 0.8303468227386475 30596
1672110136562 0.8267341256141663 30813
1672110209492 0.824999988079071 31030
1672110282903 0.8290462493896484 31247
1672110355929 0.8294797539710999 31464
1672110429327 0.829913318157196 31681
1672110502182 0.8277456760406494 31898
1672110575138 0.8267341256141663 32115
1672110648046 0.8297687768936157 32332
1672110721001 0.829913318157196 32549
