1672099795206 0.6666666865348816 49
1672099809456 0.4583333432674408 99
1672099824097 0.512499988079071 149
1672099838331 0.6875 199
1672099862830 0.7083333134651184 249
1672099877203 0.5416666865348816 299
1672099891586 0.7500000596046448 349
1672099905948 0.5666667222976685 399
1672099930433 0.6499999761581421 449
1672099945033 0.7291666865348816 499
1672099959631 0.5083333253860474 549
1672099974013 0.4375 599
1672099988342 0.5416666865348816 649
1672100012728 0.5625 699
1672100027073 0.7249999642372131 749
1672100041475 0.5625 799
1672100056075 0.375 849
1672100080489 0.5833333730697632 899
1672100094831 0.5874999761581421 949
1672100109269 0.5416666865348816 999
1672100123770 0.625 1049
1672100148189 0.6458333134651184 1099
1672100162540 0.625 1149
1672100177026 0.6875 1199
1672100191700 0.5625 1249
1672100206039 0.625 1299
1672100230740 0.9375 1349
1672100245026 0.8541666865348816 1399
1672100259277 0.5249999761581421 1449
1672100273538 0.6458333134651184 1499
1672100298164 0.6875000596046448 1549
1672100312468 0.550000011920929 1599
1672100326927 0.7291666865348816 1649
1672100341433 0.3125 1699
1672100366152 0.5446428656578064 1749
1672100380516 0.5833333730697632 1799
1672100394980 0.7333333492279053 1849
1672100409320 0.6946429014205933 1899
1672100423655 0.7916666865348816 1949
1672100448252 0.6666666865348816 1999
1672100462815 0.6875 2049
1672100477198 0.6666666865348816 2099
1672100491676 0.612500011920929 2149
1672100516175 0.7708333730697632 2199
1672100530694 0.5583333373069763 2249
1672100545001 0.4375 2299
1672100559328 0.6083333492279053 2349
1672100584237 0.5375000238418579 2399
1672100598649 0.875 2449
1672100612985 0.7916666865348816 2499
1672100627350 0.6041666865348816 2549
1672100641734 0.38333332538604736 2599
1672100666475 0.4166666865348816 2649
1672100680841 0.4333333373069763 2699
1672100695391 0.6041666269302368 2749
1672100710126 0.6000000238418579 2799
1672100734876 0.574999988079071 2849
1672100749249 0.2708333432674408 2899
1672100763646 0.5166666507720947 2949
1672100778379 0.6875 2999
1672100803011 0.6541666984558105 3049
1672100817309 0.5208333730697632 3099
1672100831633 0.5666666626930237 3149
1672100846128 0.6499999761581421 3199
1672100860845 0.6666666865348816 3249
1672100885378 0.625 3299
1672100899953 0.5583333373069763 3349
1672100914429 0.5 3399
1672100928964 0.4166666865348816 3449
1672100953666 0.8541666865348816 3499
1672100968011 1.0 3549
1672100982482 0.5874999761581421 3599
1672100997030 0.875 3649
1672101021580 0.1666666716337204 3699
1672101035991 0.6708333492279053 3749
1672101050478 0.8125 3799
1672101065017 0.45000001788139343 3849
1672101079364 0.6250000596046448 3899
1672101103912 0.5416666865348816 3949
1672101118388 0.7166666984558105 3999
1672101132691 0.5625 4049
1672101147090 0.4583333432674408 4099
1672101171512 0.49166667461395264 4149
1672101185922 0.625 4199
1672101200382 0.625 4249
1672101214815 0.6904761791229248 4299
1672101239563 0.6250000596046448 4349
1672101253936 1.0 4399
1672101268353 0.4541666507720947 4449
1672101282823 0.6000000238418579 4499
1672101297237 0.5625 4549
1672101321548 0.625 4599
1672101336051 0.699999988079071 4649
1672101350366 0.6041666865348816 4699
1672101364731 0.375 4749
1672101389420 0.5 4799
1672101403960 0.6166666746139526 4849
1672101418308 0.5333333611488342 4899
1672101432678 0.6875 4949
1672101457362 0.6458333134651184 4999
1672101471738 0.4791666865348816 5049
1672101486088 0.4791666865348816 5099
1672101500401 0.7916666865348816 5149
1672101514840 0.5285714268684387 5199
1672101539418 0.625 5249
1672101553736 0.8333333730697632 5299
1672101568292 0.7083333134651184 5349
1672101582736 0.4375 5399
1672101607220 0.3916666805744171 5449
1672101621514 0.875 5499
1672101636063 0.8166666626930237 5549
1672101650404 0.4958333373069763 5599
1672101675058 0.5 5649
1672101689547 0.625 5699
1672101703908 0.5291666388511658 5749
1672101718338 0.8166667222976685 5799
1672101732844 0.6666666865348816 5849
1672101757706 0.8166667222976685 5899
1672101772159 0.75 5949
1672101786508 0.75 5999
1672101800821 0.4375 6049
1672101825398 0.28333333134651184 6099
1672101839998 0.4375 6149
1672101854366 0.2916666865348816 6199
1672101868885 0.6916666626930237 6249
1672101893144 0.7875000238418579 6299
1672101907766 0.5625 6349
1672101922091 0.5333333015441895 6399
1672101936455 0.3958333432674408 6449
1672101950800 0.75 6499
1672101975555 0.9166666865348816 6549
1672101989934 0.875 6599
1672102004356 0.5249999761581421 6649
1672102018710 0.5375000238418579 6699
1672102043372 0.8166666626930237 6749
1672102057728 0.6499999761581421 6799
1672102072111 0.5625 6849
1672102086433 0.949999988079071 6899
1672102111348 0.75 6949
1672102125676 0.3791666626930237 6999
1672102140156 0.6666666865348816 7049
1672102154495 0.5 7099
1672102169085 0.8125 7149
1672102193659 0.7291666865348816 7199
1672102207997 0.6000000238418579 7249
1672102222353 0.625 7299
1672102236677 0.7875000238418579 7349
1672102261276 0.625 7399
1672102275948 0.5999999642372131 7449
1672102290363 0.3166666626930237 7499
1672102304811 0.5833333134651184 7549
1672102329563 0.5833333730697632 7599
1672102343829 0.75 7649
1672102358182 0.612500011920929 7699
1672102372458 0.22499999403953552 7749
1672102386811 0.4749999940395355 7799
1672102411450 0.3333333432674408 7849
1672102425834 0.8374999761581421 7899
1672102440475 0.4625000059604645 7949
1672102455004 0.6000000238418579 7999
1672102479568 0.7416666746139526 8049
1672102494125 0.5416666865348816 8099
1672102508578 0.8374999761581421 8149
1672102523260 0.9166666865348816 8199
1672102548073 0.4583333432674408 8249
1672102562357 0.7083333134651184 8299
1672102576737 0.7916666865348816 8349
1672102591020 0.3958333432674408 8399
1672102605454 0.46190476417541504 8449
1672102630123 0.5833333730697632 8499
1672102644590 0.5666666626930237 8549
1672102658923 0.574999988079071 8599
1672102673288 0.7249999642372131 8649
1672102698003 0.75 8699
1672102712359 0.10000000149011612 8749
1672102726834 0.5 8799
1672102741334 0.875 8849
1672102765979 0.6916666626930237 8899
1672102780282 0.4375 8949
1672102794570 0.2666666805744171 8999
1672102808901 0.7333333492279053 9049
1672102823316 0.625 9099
1672102848122 0.9166666865348816 9149
1672102862702 0.875 9199
1672102877012 0.7541667222976685 9249
1672102891316 0.38749998807907104 9299
1672102915879 0.824999988079071 9349
1672102930224 0.6875 9399
1672102944693 0.8541666865348816 9449
1672102959041 0.9375 9499
1672102983865 0.7916666865348816 9549
1672102998138 0.625 9599
1672103012760 0.612500011920929 9649
1672103027049 0.5833333730697632 9699
1672103041457 0.5416666865348816 9749
1672103066176 0.5416666865348816 9799
1672103080597 0.6583333015441895 9849
1672103095014 0.887499988079071 9899
1672103109584 0.6875 9949
1672103134407 0.7083333730697632 9999
1672103148923 0.625 10049
1672103163391 0.9166666865348816 10099
1672103177939 0.6666666865348816 10149
1672103202880 0.7708333730697632 10199
1672103217258 0.6666666865348816 10249
1672103231666 0.4833333492279053 10299
1672103246059 0.6041666865348816 10349
1672103260365 0.4166666865348816 10399
1672103285099 0.7083333730697632 10449
1672103299654 0.824999988079071 10499
1672103314116 0.5 10549
1672103328487 0.5625 10599
1672103353080 0.8125 10649
1672103367411 0.6619048118591309 10699
1672103381746 0.5666666626930237 10749
1672103396388 0.625 10799
1672103410751 0.5 10849
1672103435533 0.4583333730697632 10899
1672103449889 0.7749999761581421 10949
1672103464263 0.4166666865348816 10999
1672103478667 0.6708332896232605 11049
1672103503205 0.625 11099
1672103517686 0.4749999940395355 11149
1672103532144 0.6499999761581421 11199
1672103546582 0.6708332896232605 11249
1672103571542 0.6041666865348816 11299
1672103585914 0.5416666865348816 11349
1672103600324 0.5833333730697632 11399
1672103614689 0.6625000238418579 11449
1672103629050 0.7291666865348816 11499
1672103653641 0.75 11549
1672103668246 0.75 11599
1672103682819 0.4791666865348816 11649
1672103697550 0.7916666865348816 11699
1672103722502 0.5833333134651184 11749
1672103736888 0.4166666865348816 11799
1672103751445 0.6875 11849
1672103765799 0.6083333492279053 11899
1672103790431 0.6041666865348816 11949
1672103805023 0.6000000238418579 11999
1672103819392 0.6916667222976685 12049
1672103834028 0.7291666865348816 12099
1672103848460 0.6666666865348816 12149
1672103873678 0.6583333015441895 12199
1672103888063 0.5541666746139526 12249
1672103902504 0.6499999761581421 12299
1672103917122 0.375 12349
1672103941826 0.7678571343421936 12399
1672103956237 0.8333333730697632 12449
1672103970749 0.5833333730697632 12499
1672103985234 0.5 12549
1672104009792 0.6875 12599
1672104024141 0.6666666865348816 12649
1672104038470 0.75 12699
1672104052828 0.7916666865348816 12749
1672104067338 0.75 12799
1672104092238 0.875 12849
1672104106806 0.6875 12899
1672104121213 0.5 12949
1672104135577 0.25 12999
1672104160231 0.7916666865348816 13049
1672104174656 0.699999988079071 13099
1672104189166 0.6666666865348816 13149
1672104203662 0.8125 13199
1672104229228 0.7916666865348816 13249
1672104243839 0.4333333373069763 13299
1672104258263 0.6875 13349
1672104272663 0.4541666507720947 13399
1672104287229 0.25 13449
1672104311795 0.7678571343421936 13499
1672104326178 0.7749999761581421 13549
1672104340632 0.8125 13599
1672104355324 0.6916667222976685 13649
1672104379814 0.6250000596046448 13699
1672104394138 0.5874999761581421 13749
1672104408641 0.6666666865348816 13799
1672104423026 0.762499988079071 13849
1672104447505 0.9166666865348816 13899
1672104461906 0.4833333492279053 13949
1672104476279 0.6666666269302368 13999
1672104490914 0.4833333492279053 14049
1672104505268 0.4124999940395355 14099
1672104530133 0.5041667222976685 14149
1672104544472 0.6000000238418579 14199
1672104558841 0.5 14249
1672104573324 0.625 14299
1672104597761 0.625 14349
1672104612117 0.8374999761581421 14399
1672104626674 0.6499999761581421 14449
1672104641348 0.6499999761581421 14499
1672104666174 0.36250001192092896 14549
1672104680505 0.9375 14599
1672104694851 0.512499988079071 14649
1672104709393 0.6666666865348816 14699
1672104723737 1.0 14749
1672104748548 0.7916666865348816 14799
1672104762947 0.7083333730697632 14849
1672104777413 0.5416666865348816 14899
1672104791820 0.5625 14949
1672104816507 0.625 14999
1672104830792 0.6666666865348816 15049
1672104845115 0.5625 15099
1672104859445 0.699999988079071 15149
1672104884010 0.3916666507720947 15199
1672104898659 0.4375 15249
1672104913033 0.4375 15299
1672104927607 0.574999988079071 15349
1672104941993 0.44583335518836975 15399
1672104966672 0.3958333432674408 15449
1672104981005 0.7708333730697632 15499
1672104995355 0.875 15549
1672105009733 0.762499988079071 15599
1672105034709 0.5 15649
1672105049197 0.7833333611488342 15699
1672105063606 0.7666666507720947 15749
1672105078078 0.7291666865348816 15799
1672105102829 0.5 15849
1672105117149 0.6000000238418579 15899
1672105131439 0.4333333373069763 15949
1672105145912 0.4333333373069763 15999
1672105160231 0.5714285373687744 16049
1672105184889 0.625 16099
1672105199278 0.3541666865348816 16149
1672105213786 0.75 16199
1672105228204 0.40833333134651184 16249
1672105252806 0.375 16299
1672105267183 0.3333333432674408 16349
1672105281531 0.75 16399
1672105296007 0.5809524059295654 16449
1672105320722 0.6666666865348816 16499
1672105335146 0.625 16549
1672105349453 0.8999999761581421 16599
1672105363751 0.7083333730697632 16649
1672105378069 0.25 16699
1672105402560 0.512499988079071 16749
1672105416901 0.5 16799
1672105431311 0.7875000238418579 16849
1672105445750 0.7333333492279053 16899
1672105470365 0.949999988079071 16949
1672105484697 0.4583333730697632 16999
1672105499357 0.5375000238418579 17049
1672105513676 0.7916666865348816 17099
1672105538371 0.7333333492279053 17149
1672105552700 0.3499999940395355 17199
1672105567215 0.6875 17249
1672105581713 0.5208333730697632 17299
1672105596069 0.5416666865348816 17349
1672105620648 0.5833333134651184 17399
1672105635081 0.7083333730697632 17449
1672105649364 0.7333333492279053 17499
1672105663649 0.6666666865348816 17549
1672105688406 1.0 17599
1672105702699 0.6583333611488342 17649
1672105717191 0.9166666865348816 17699
1672105731715 0.8125 17749
1672105756506 0.824999988079071 17799
1672105770905 0.8374999761581421 17849
1672105785402 0.8125 17899
1672105799743 0.4583333432674408 17949
1672105814139 0.5 17999
1672105838648 0.5833333134651184 18049
1672105853164 0.9375 18099
1672105867578 0.8333333730697632 18149
1672105881955 0.8041666746139526 18199
1672105906505 0.5833333134651184 18249
1672105920870 0.7708333134651184 18299
1672105935339 0.5 18349
1672105949821 0.4375 18399
1672105974562 0.5416666865348816 18449
1672105988905 0.8333333730697632 18499
1672106003221 0.6666666865348816 18549
1672106017663 0.5833333730697632 18599
1672106031987 0.637499988079071 18649
1672106056821 0.5666666626930237 18699
1672106071269 0.7083333134651184 18749
1672106085896 0.8333333730697632 18799
1672106100225 0.8041666746139526 18849
1672106124867 1.0 18899
1672106139248 0.574999988079071 18949
1672106153756 0.9017857313156128 18999
1672106168102 0.3928571343421936 19049
1672106192621 0.4583333730697632 19099
1672106206900 0.6875 19149
1672106221353 0.512499988079071 19199
1672106235678 0.8999999761581421 19249
1672106250007 0.3958333432674408 19299
1672106274729 0.7875000238418579 19349
1672106289037 0.6625000238418579 19399
1672106303424 0.8666666746139526 19449
1672106317871 0.7333333492279053 19499
1672106342376 0.6166666746139526 19549
1672106356937 0.887499988079071 19599
1672106371291 0.625 19649
1672106385698 0.6041666865348816 19699
1672106410130 0.6499999761581421 19749
1672106424493 0.9375 19799
1672106439040 0.699999988079071 19849
1672106453402 0.7708333730697632 19899
1672106467800 0.7083333134651184 19949
1672106492907 0.8166666626930237 19999
1672106507454 0.7708333730697632 20049
1672106521987 0.875 20099
1672106536541 0.4375000298023224 20149
1672106561241 0.6499999761581421 20199
1672106575687 0.5833333730697632 20249
1672106590106 0.8333333134651184 20299
1672106604569 0.875 20349
1672106629113 0.8333333730697632 20399
1672106643746 0.7083333730697632 20449
1672106658225 0.4791666865348816 20499
1672106672876 0.4833333194255829 20549
1672106687327 0.5 20599
1672106712058 0.6666666865348816 20649
1672106726408 0.5458333492279053 20699
1672106740766 0.4166666865348816 20749
1672106755411 0.5625 20799
1672106779989 0.49166667461395264 20849
1672106794473 0.5416666865348816 20899
1672106808822 0.7291666865348816 20949
1672106823182 0.7458333373069763 20999
1672106847587 0.8541666865348816 21049
1672106861940 0.8374999761581421 21099
1672106876277 0.8541666865348816 21149
1672106890947 0.6666666865348816 21199
1672106905299 0.6875 21249
1672106930058 0.7749999761581421 21299
1672106944424 0.550000011920929 21349
1672106958959 0.4166666865348816 21399
1672106973267 0.4791666865348816 21449
1672106997995 0.5625 21499
1672107012440 0.5249999761581421 21549
1672107026939 0.5416666865348816 21599
1672107041279 0.8374999761581421 21649
1672107055408 0.0 21699
1672107080221 0.6083333492279053 21749
1672107094723 0.6041666865348816 21799
1672107109084 1.0 21849
1672107123444 0.6416666507720947 21899
1672107148178 0.6666666865348816 21949
1672107162892 0.4333333373069763 21999
1672107177268 0.6041666865348816 22049
1672107191763 0.7291666865348816 22099
1672107216465 0.7083333730697632 22149
1672107230801 0.5 22199
1672107245143 0.625 22249
1672107259526 0.5 22299
1672107274213 0.4166666865348816 22349
1672107298935 0.7916666865348816 22399
1672107313397 0.8125 22449
1672107328260 0.5166667103767395 22499
1672107343051 0.824999988079071 22549
1672107368886 0.6666666865348816 22599
1672107383666 0.6666666865348816 22649
1672107398278 0.625 22699
1672107412994 0.42500001192092896 22749
1672107438201 0.875 22799
1672107452764 0.4833333492279053 22849
1672107467168 0.4583333432674408 22899
1672107481593 0.5583333373069763 22949
1672107495948 0.875 22999
1672107520762 0.7416666746139526 23049
1672107535272 0.6000000238418579 23099
1672107549635 0.5833333730697632 23149
1672107564262 0.6875 23199
1672107589191 0.637499988079071 23249
1672107603561 0.125 23299
1672107617918 0.6416667103767395 23349
1672107632311 0.5833333730697632 23399
1672107657304 0.4583333432674408 23449
1672107671655 0.8333333134651184 23499
1672107685978 0.5416666865348816 23549
1672107700565 0.6041666865348816 23599
1672107714855 0.6666666865348816 23649
1672107739738 0.8500000238418579 23699
1672107754244 0.7083333730697632 23749
1672107768575 0.5333333611488342 23799
1672107782903 0.8666666746139526 23849
1672107807719 0.887499988079071 23899
1672107822062 0.75 23949
1672107836644 0.8125 23999
1672107850954 0.949999988079071 24049
1672107875793 0.7124999761581421 24099
1672107890264 1.0 24149
1672107904614 0.5416666865348816 24199
1672107919083 0.8333333730697632 24249
1672107933395 0.7083333730697632 24299
1672107958221 0.6041666865348816 24349
1672107972598 0.8333333730697632 24399
1672107986936 0.4583333730697632 24449
1672108001441 0.75 24499
1672108026075 0.5 24549
1672108040666 0.625 24599
1672108055117 0.5 24649
1672108069523 0.5684523582458496 24699
1672108094585 0.6666666865348816 24749
1672108108959 0.375 24799
1672108123330 0.5333333611488342 24849
1672108137813 0.625 24899
1672108152169 0.7749999761581421 24949
1672108177049 0.6208333373069763 24999
1672108191426 0.6875 25049
1672108205917 0.7303571701049805 25099
1672108220291 0.3125 25149
1672108245219 0.4791666865348816 25199
1672108259703 0.625 25249
1672108274062 0.7083333730697632 25299
1672108288549 0.7749999761581421 25349
1672108313189 0.6875000596046448 25399
1672108327732 0.7124999761581421 25449
1672108342127 0.875 25499
1672108356555 0.5833333134651184 25549
1672108370922 0.625 25599
1672108395837 0.9375 25649
1672108410215 0.8333333134651184 25699
1672108424741 0.5833333730697632 25749
1672108439114 0.4583333432674408 25799
1672108464089 0.625 25849
1672108478492 0.7916666865348816 25899
1672108492948 0.4583333432674408 25949
1672108507377 0.7708333134651184 25999
1672108532344 0.75 26049
1672108546823 0.4166666865348816 26099
1672108561174 0.5 26149
1672108575513 0.4375 26199
1672108590027 0.48750001192092896 26249
1672108614819 0.625 26299
1672108629221 0.9166666865348816 26349
1672108643607 0.5875000357627869 26399
1672108657960 0.6499999761581421 26449
1672108683224 0.4375 26499
1672108697814 0.7916666865348816 26549
1672108712198 0.5625 26599
1672108726566 0.5208333730697632 26649
1672108751386 0.6666666865348816 26699
1672108765716 0.875 26749
1672108780280 0.574999988079071 26799
1672108794615 0.7124999761581421 26849
1672108809072 0.6708332896232605 26899
1672108833806 0.6666666865348816 26949
1672108848177 0.4000000059604645 26999
1672108862732 0.4375 27049
1672108877110 0.75 27099
1672108901840 0.8999999761581421 27149
1672108916168 0.625 27199
1672108930582 0.4375 27249
1672108945068 0.5625 27299
1672108969795 0.824999988079071 27349
1672108984262 0.7749999761581421 27399
1672108998596 0.675000011920929 27449
1672109013268 0.7916666865348816 27499
1672109027647 0.7250000238418579 27549
1672109052490 0.5833333730697632 27599
1672109066859 0.5625 27649
1672109081479 0.6083333492279053 27699
1672109095810 0.3541666865348816 27749
1672109120801 0.6791666746139526 27799
1672109135164 0.5416666865348816 27849
1672109149707 0.75 27899
1672109164151 0.4333333373069763 27949
1672109189100 0.6666666865348816 27999
1672109203588 0.7083333730697632 28049
1672109217925 0.7083333134651184 28099
1672109232557 1.0 28149
1672109246896 0.6666666865348816 28199
1672109271657 0.5625 28249
1672109286151 0.375 28299
1672109300737 0.7916666865348816 28349
1672109315074 0.7749999761581421 28399
1672109339740 0.8666666746139526 28449
1672109354292 0.8125 28499
1672109368959 0.5416666865348816 28549
1672109383323 0.699999988079071 28599
1672109407960 0.8999999761581421 28649
1672109422320 0.7416666746139526 28699
1672109436697 0.6000000238418579 28749
1672109451164 0.3125 28799
1672109465771 0.6875 28849
1672109490624 0.6875 28899
1672109505144 0.8333333730697632 28949
1672109519548 0.75 28999
1672109533987 0.9375 29049
1672109558811 0.25 29099
1672109573363 0.44999998807907104 29149
1672109587849 0.5208333730697632 29199
1672109602318 0.699999988079071 29249
1672109626920 0.6458333134651184 29299
1672109641310 0.574999988079071 29349
1672109655846 0.8333333730697632 29399
1672109670183 0.699999988079071 29449
1672109684513 0.5 29499
1672109709249 0.7250000238418579 29549
1672109723710 0.7291666865348816 29599
1672109738209 0.8374999761581421 29649
1672109752587 0.5874999761581421 29699
1672109777243 0.5208333134651184 29749
1672109792149 0.3125 29799
1672109806633 0.8333333134651184 29849
1672109821013 0.6041666865348816 29899
1672109845788 0.7083333134651184 29949
1672109860185 0.7083333730697632 29999
1672109874724 0.887499988079071 30049
1672109889125 0.887499988079071 30099
1672109903514 0.7416666746139526 30149
1672109928328 0.4791666865348816 30199
1672109942821 0.5208333134651184 30249
1672109957163 0.8333333730697632 30299
1672109971540 0.5416666865348816 30349
1672109996562 0.75 30399
1672110011014 0.875 30449
1672110025480 0.625 30499
1672110040016 0.8125 30549
1672110064793 0.2916666865348816 30599
1672110079157 0.6083333492279053 30649
1672110093697 0.6041666865348816 30699
1672110108087 0.875 30749
1672110122758 0.7916666865348816 30799
1672110147581 0.6041666865348816 30849
1672110161946 0.5625 30899
1672110176460 0.7749999761581421 30949
1672110190832 0.6875 30999
1672110215589 0.7083333730697632 31049
1672110230028 0.9166666865348816 31099
1672110244777 0.375 31149
1672110259368 0.4124999940395355 31199
1672110284208 1.0 31249
1672110298685 0.7083333730697632 31299
1672110313111 0.4583333432674408 31349
1672110327518 0.5833333730697632 31399
1672110341905 0.375 31449
1672110366708 0.4583333432674408 31499
1672110381288 0.6083332896232605 31549
1672110395772 0.6166666746139526 31599
1672110410322 0.8333333730697632 31649
1672110435242 1.0 31699
1672110449553 0.5416666865348816 31749
1672110463868 0.5 31799
1672110478361 0.6458333134651184 31849
1672110503182 0.5874999761581421 31899
1672110517551 0.3750000298023224 31949
1672110532047 0.8541666865348816 31999
1672110546420 0.5833333134651184 32049
1672110560765 0.8452380895614624 32099
1672110585672 0.6875 32149
1672110599989 0.7250000238418579 32199
1672110614495 0.8125 32249
1672110628980 1.0 32299
1672110653632 0.5208333730697632 32349
1672110668087 0.5 32399
1672110682662 0.5833333730697632 32449
1672110697258 0.75 32499
1672110711485 0.25 32549
