1671586067276 22.0 22
1671586081106 22.0 45
1671586095091 17.0 68
1671586109112 19.75 91
1671586123287 19.75 114
1671586137216 19.75 137
1671586151453 17.0 160
1671586165962 22.0 183
1671586179991 22.0 206
1671586193961 22.0 229
1671586207855 19.75 252
1671586221775 19.75 275
1671586235805 22.0 298
1671586249812 19.75 321
1671586263972 19.75 344
1671586278028 19.75 367
1671586291927 19.75 390
1671586306083 19.75 413
1671586320468 19.75 436
1671586334546 22.0 459
1671586348589 22.0 482
1671586362667 19.75 505
1671586376584 22.0 528
1671586390533 21.75 551
1671586404535 21.75 574
1671586418663 19.75 597
1671586432738 22.0 620
1671586446725 22.0 643
1671586460926 22.0 666
1671586474784 19.75 689
1671586489036 22.0 712
1671586503549 22.0 735
1671586517789 19.75 758
1671586531729 22.0 781
1671586545662 22.0 804
1671586559766 19.5 827
1671586573902 19.75 850
1671586587991 20.0 873
1671586602038 22.0 896
1671586616357 19.75 919
1671586630350 20.0 942
1671586644413 22.0 965
1671586658650 22.0 988
1671586672991 22.0 1011
1671586687255 22.0 1034
1671586701255 22.0 1057
1671586715500 22.0 1080
1671586729464 22.0 1103
1671586743633 22.0 1126
1671586757726 22.0 1149
1671586771716 22.0 1172
1671586786044 20.0 1195
1671586800157 21.75 1218
1671586814473 22.0 1241
1671586828859 22.0 1264
1671586843012 22.0 1287
1671586856986 22.0 1310
1671586871071 22.0 1333
1671586885097 22.0 1356
1671586899137 22.0 1379
1671586913346 22.0 1402
1671586927552 22.0 1425
1671586941656 22.0 1448
1671586955914 22.0 1471
1671586969943 22.0 1494
1671586984261 19.75 1517
1671586998320 21.75 1540
1671587012505 21.75 1563
1671587026523 21.75 1586
1671587040830 19.75 1609
1671587055101 19.75 1632
1671587069248 19.75 1655
1671587083417 22.0 1678
1671587097676 22.0 1701
1671587111839 22.0 1724
1671587125781 19.75 1747
1671587139787 22.0 1770
1671587153910 21.25 1793
1671587168318 21.5 1816
1671587182498 19.5 1839
1671587196517 21.75 1862
1671587210574 21.5 1885
1671587224746 21.75 1908
1671587238820 21.75 1931
1671587253015 21.75 1954
1671587266925 21.75 1977
1671587281111 21.75 2000
1671587295057 21.75 2023
1671587309287 21.5 2046
1671587323444 21.0 2069
1671587337534 21.75 2092
1671587351872 21.75 2115
1671587366062 21.75 2138
1671587380298 21.75 2161
1671587394300 19.5 2184
1671587408602 21.5 2207
1671587422540 21.75 2230
1671587436365 21.75 2253
1671587450435 21.75 2276
1671587464549 21.75 2299
1671587478659 21.5 2322
1671587492637 21.75 2345
1671587506800 21.5 2368
1671587521100 21.75 2391
1671587535291 21.75 2414
1671587549547 21.75 2437
1671587563665 20.5 2460
1671587577960 21.5 2483
1671587592261 21.75 2506
1671587606584 19.5 2529
1671587620641 19.0 2552
1671587634839 21.5 2575
1671587648796 19.5 2598
1671587663047 21.5 2621
1671587677151 21.5 2644
1671587691440 21.5 2667
1671587705503 21.5 2690
1671587719623 21.0 2713
1671587733974 21.5 2736
1671587748202 21.25 2759
1671587762298 21.5 2782
1671587776344 21.5 2805
1671587790473 21.5 2828
1671587804669 21.5 2851
1671587818882 21.5 2874
1671587833180 21.5 2897
1671587847907 21.5 2920
1671587862033 21.5 2943
1671587876193 19.5 2966
1671587890327 21.5 2989
1671587904864 19.5 3012
1671587919073 21.5 3035
1671587933330 21.5 3058
1671587947383 21.5 3081
1671587961675 20.0 3104
1671587975668 19.5 3127
1671587989924 19.5 3150
1671588004100 19.5 3173
1671588018454 21.5 3196
1671588032578 21.25 3219
1671588046665 19.5 3242
1671588060782 21.5 3265
1671588075216 19.5 3288
1671588089711 19.5 3311
1671588103821 21.5 3334
1671588117978 19.75 3357
1671588132072 19.0 3380
1671588146150 19.5 3403
1671588160382 21.25 3426
1671588174612 21.5 3449
