1671586067276 0 22
1671586070229 1 22
1671586081106 1 45
1671586084229 2 45
1671586086029 2 49
1671586095091 2 68
1671586098251 3 68
1671586109112 3 91
1671586112290 4 91
1671586115245 4 99
1671586123287 4 114
1671586126439 5 114
1671586137216 5 137
1671586140383 6 137
1671586144650 6 149
1671586151453 6 160
1671586154672 7 160
1671586165962 7 183
1671586169138 8 183
1671586174377 8 199
1671586179991 8 206
1671586183154 9 206
1671586193961 9 229
1671586197074 10 229
1671586203463 10 249
1671586207855 10 252
1671586211009 11 252
1671586221775 11 275
1671586224943 12 275
1671586235805 12 298
1671586238958 13 298
1671586239971 13 299
1671586249812 13 321
1671586253005 14 321
1671586263972 14 344
1671586267036 15 344
1671586269183 15 349
1671586278028 15 367
1671586281195 16 367
1671586291927 16 390
1671586295051 17 390
1671586298300 17 399
1671586306083 17 413
1671586309249 18 413
1671586320468 18 436
1671586323697 19 436
1671586328209 19 449
1671586334546 19 459
1671586337670 20 459
1671586348589 20 482
1671586351802 21 482
1671586357346 21 499
1671586362667 21 505
1671586365823 22 505
1671586376584 22 528
1671586379646 23 528
1671586386351 23 549
1671586390533 23 551
1671586393707 24 551
1671586404535 24 574
1671586407697 25 574
1671586418663 25 597
1671586421907 26 597
1671586423138 26 599
1671586432738 26 620
1671586435914 27 620
1671586446725 27 643
1671586449928 28 643
1671586452293 28 649
1671586460926 28 666
1671586464047 29 666
1671586474784 29 689
1671586477932 30 689
1671586481623 30 699
1671586489036 30 712
1671586492270 31 712
1671586503549 31 735
1671586506719 32 735
1671586511425 32 749
1671586517789 32 758
1671586520961 33 758
1671586531729 33 781
1671586534849 34 781
1671586540691 34 799
1671586545662 34 804
1671586548865 35 804
1671586559766 35 827
1671586562992 36 827
1671586569988 36 849
1671586573902 36 850
1671586577051 37 850
1671586587991 37 873
1671586591108 38 873
1671586602038 38 896
1671586605277 39 896
1671586606849 39 899
1671586616357 39 919
1671586619565 40 919
1671586630350 40 942
1671586633455 41 942
1671586636134 41 949
1671586644413 41 965
1671586647631 42 965
1671586658650 42 988
1671586661837 43 988
1671586665936 43 999
1671586672991 43 1011
1671586676169 44 1011
1671586687255 44 1034
1671586690434 45 1034
1671586695384 45 1049
1671586701255 45 1057
1671586704445 46 1057
1671586715500 46 1080
1671586718607 47 1080
1671586724725 47 1099
1671586729464 47 1103
1671586732603 48 1103
1671586743633 48 1126
1671586746759 49 1126
1671586753798 49 1149
1671586757726 49 1149
1671586760869 50 1149
1671586771716 50 1172
1671586774906 51 1172
1671586786044 51 1195
1671586789175 52 1195
1671586791002 52 1199
1671586800157 52 1218
1671586803406 53 1218
1671586814473 53 1241
1671586817667 54 1241
1671586820853 54 1249
1671586828859 54 1264
1671586832020 55 1264
1671586843012 55 1287
1671586846124 56 1287
1671586850269 56 1299
1671586856986 56 1310
1671586860179 57 1310
1671586871071 57 1333
1671586874221 58 1333
1671586879469 58 1349
1671586885097 58 1356
1671586888247 59 1356
1671586899137 59 1379
1671586902291 60 1379
1671586908678 60 1399
1671586913346 60 1402
1671586916469 61 1402
1671586927552 61 1425
1671586930724 62 1425
1671586941656 62 1448
1671586944832 63 1448
1671586945745 63 1449
1671586955914 63 1471
1671586959098 64 1471
1671586969943 64 1494
1671586973137 65 1494
1671586975271 65 1499
1671586984261 65 1517
1671586987440 66 1517
1671586998320 66 1540
1671587001456 67 1540
1671587004753 67 1549
1671587012505 67 1563
1671587015737 68 1563
1671587026523 68 1586
1671587029749 69 1586
1671587034183 69 1599
1671587040830 69 1609
1671587044112 70 1609
1671587055101 70 1632
1671587058256 71 1632
1671587063745 71 1649
1671587069248 71 1655
1671587072422 72 1655
1671587083417 72 1678
1671587086628 73 1678
1671587093299 73 1699
1671587097676 73 1701
1671587100934 74 1701
1671587111839 74 1724
1671587115058 75 1724
1671587125781 75 1747
1671587128932 76 1747
1671587130212 76 1749
1671587139787 76 1770
1671587142978 77 1770
1671587153910 77 1793
1671587157060 78 1793
1671587159496 78 1799
1671587168318 78 1816
1671587171532 79 1816
1671587182498 79 1839
1671587185631 80 1839
1671587189155 80 1849
1671587196517 80 1862
1671587199576 81 1862
1671587210574 81 1885
1671587213723 82 1885
1671587218379 82 1899
1671587224746 82 1908
1671587227974 83 1908
1671587238820 83 1931
1671587242048 84 1931
1671587247844 84 1949
1671587253015 84 1954
1671587256125 85 1954
1671587266925 85 1977
1671587270047 86 1977
1671587277128 86 1999
1671587281111 86 2000
1671587284104 87 2000
1671587295057 87 2023
1671587298252 88 2023
1671587309287 88 2046
1671587312500 89 2046
1671587313979 89 2049
1671587323444 89 2069
1671587326518 90 2069
1671587337534 90 2092
1671587340683 91 2092
1671587343549 91 2099
1671587351872 91 2115
1671587355089 92 2115
1671587366062 92 2138
1671587369234 93 2138
1671587373155 93 2149
1671587380298 93 2161
1671587383429 94 2161
1671587394300 94 2184
1671587397448 95 2184
1671587402464 95 2199
1671587408602 95 2207
1671587411821 96 2207
1671587422540 96 2230
1671587425644 97 2230
1671587431730 97 2249
1671587436365 97 2253
1671587439461 98 2253
1671587450435 98 2276
1671587453655 99 2276
1671587460665 99 2299
1671587464549 99 2299
1671587467717 100 2299
1671587478659 100 2322
1671587481697 101 2322
1671587492637 101 2345
1671587495841 102 2345
1671587497640 102 2349
1671587506800 102 2368
1671587510206 103 2368
1671587521100 103 2391
1671587524250 104 2391
1671587527231 104 2399
1671587535291 104 2414
1671587538439 105 2414
1671587549547 105 2437
1671587552726 106 2437
1671587556883 106 2449
1671587563665 106 2460
1671587566866 107 2460
1671587577960 107 2483
1671587581154 108 2483
1671587586445 108 2499
1671587592261 108 2506
1671587595473 109 2506
1671587606584 109 2529
1671587609706 110 2529
1671587616154 110 2549
1671587620641 110 2552
1671587623821 111 2552
1671587634839 111 2575
1671587638013 112 2575
1671587648796 112 2598
1671587651990 113 2598
1671587652918 113 2599
1671587663047 113 2621
1671587666215 114 2621
1671587677151 114 2644
1671587680448 115 2644
1671587682555 115 2649
1671587691440 115 2667
1671587694615 116 2667
1671587705503 116 2690
1671587708670 117 2690
1671587711911 117 2699
1671587719623 117 2713
1671587722779 118 2713
1671587733974 118 2736
1671587737117 119 2736
1671587741537 119 2749
1671587748202 119 2759
1671587751386 120 2759
1671587762298 120 2782
1671587765414 121 2782
1671587771012 121 2799
1671587776344 121 2805
1671587779435 122 2805
1671587790473 122 2828
1671587793594 123 2828
1671587800278 123 2849
1671587804669 123 2851
1671587807795 124 2851
1671587818882 124 2874
1671587822080 125 2874
1671587833180 125 2897
1671587836411 126 2897
1671587837698 126 2899
1671587847907 126 2920
1671587851098 127 2920
1671587862033 127 2943
1671587865191 128 2943
1671587867606 128 2949
1671587876193 128 2966
1671587879429 129 2966
1671587890327 129 2989
1671587893459 130 2989
1671587897140 130 2999
1671587904864 130 3012
1671587908047 131 3012
1671587919073 131 3035
1671587922276 132 3035
1671587926948 132 3049
1671587933330 132 3058
1671587936471 133 3058
1671587947383 133 3081
1671587950523 134 3081
1671587956460 134 3099
1671587961675 134 3104
1671587964797 135 3104
1671587975668 135 3127
1671587978879 136 3127
1671587985819 136 3149
1671587989924 136 3150
1671587993081 137 3150
1671588004100 137 3173
1671588007204 138 3173
1671588018454 138 3196
1671588021672 139 3196
1671588023150 139 3199
1671588032578 139 3219
1671588035716 140 3219
1671588046665 140 3242
1671588049830 141 3242
1671588052524 141 3249
1671588060782 141 3265
1671588063969 142 3265
1671588075216 142 3288
1671588078384 143 3288
1671588082355 143 3299
1671588089711 143 3311
1671588092913 144 3311
1671588103821 144 3334
1671588106943 145 3334
1671588111927 145 3349
1671588117978 145 3357
1671588121170 146 3357
1671588132072 146 3380
1671588135261 147 3380
1671588141431 147 3399
1671588146150 147 3403
1671588149324 148 3403
1671588160382 148 3426
1671588163580 149 3426
1671588170805 149 3449
1671588174612 149 3449
1671588177553 150 3449
