1671586070229 0.628329336643219 22
1671586084229 0.6617217659950256 45
1671586098251 0.6473535895347595 68
1671586112290 0.6560425162315369 91
1671586126439 0.6598666906356812 114
1671586140383 0.6615424752235413 137
1671586154672 0.6504677534103394 160
1671586169138 0.6606606841087341 183
1671586183154 0.6739367246627808 206
1671586197074 0.6679640412330627 229
1671586211009 0.6602360010147095 252
1671586224943 0.6754376888275146 275
1671586238958 0.6577420830726624 298
1671586253005 0.671116828918457 321
1671586267036 0.6747075915336609 344
1671586281195 0.6542063355445862 367
1671586295051 0.6654396057128906 390
1671586309249 0.6714093685150146 413
1671586323697 0.6641674041748047 436
1671586337670 0.6551920771598816 459
1671586351802 0.6720934510231018 482
1671586365823 0.6625478863716125 505
1671586379646 0.6586315631866455 528
1671586393707 0.6643598079681396 551
1671586407697 0.6622684001922607 574
1671586421907 0.6696311235427856 597
1671586435914 0.6676490902900696 620
1671586449928 0.6609880924224854 643
1671586464047 0.6635434627532959 666
1671586477932 0.6659741401672363 689
1671586492270 0.6518905758857727 712
1671586506719 0.6747899055480957 735
1671586520961 0.6637253165245056 758
1671586534849 0.6690790057182312 781
1671586548865 0.6654161214828491 804
1671586562992 0.6577633023262024 827
1671586577051 0.6688559651374817 850
1671586591108 0.6518761515617371 873
1671586605277 0.6537348628044128 896
1671586619565 0.6623706221580505 919
1671586633455 0.6575705409049988 942
1671586647631 0.6457571983337402 965
1671586661837 0.6837853193283081 988
1671586676169 0.6556733846664429 1011
1671586690434 0.6637598872184753 1034
1671586704445 0.6596754789352417 1057
1671586718607 0.6789888739585876 1080
1671586732603 0.6576998829841614 1103
1671586746759 0.6786232590675354 1126
1671586760869 0.6800835132598877 1149
1671586774906 0.6684114336967468 1172
1671586789175 0.6677370071411133 1195
1671586803406 0.6657354831695557 1218
1671586817667 0.6694102883338928 1241
1671586832020 0.6643882989883423 1264
1671586846124 0.6644899845123291 1287
1671586860179 0.6853042244911194 1310
1671586874221 0.6921104788780212 1333
1671586888247 0.6732228398323059 1356
1671586902291 0.6671389937400818 1379
1671586916469 0.6727189421653748 1402
1671586930724 0.6768064498901367 1425
1671586944832 0.6767927408218384 1448
1671586959098 0.6721627712249756 1471
1671586973137 0.6614614129066467 1494
1671586987440 0.6943747401237488 1517
1671587001456 0.6845726370811462 1540
1671587015737 0.6821200847625732 1563
1671587029749 0.6624883413314819 1586
1671587044112 0.6822822093963623 1609
1671587058256 0.6622013449668884 1632
1671587072422 0.6891770958900452 1655
1671587086628 0.6602342128753662 1678
1671587100934 0.6732726097106934 1701
1671587115058 0.6626077890396118 1724
1671587128932 0.6878583431243896 1747
1671587142978 0.6625002026557922 1770
1671587157060 0.6932215690612793 1793
1671587171532 0.6830759644508362 1816
1671587185631 0.6853531002998352 1839
1671587199576 0.6844398975372314 1862
1671587213723 0.6887795925140381 1885
1671587227974 0.6782726645469666 1908
1671587242048 0.692744255065918 1931
1671587256125 0.6687046885490417 1954
1671587270047 0.6727909445762634 1977
1671587284104 0.6751588582992554 2000
1671587298252 0.6609326601028442 2023
1671587312500 0.6970410943031311 2046
1671587326518 0.6703928112983704 2069
1671587340683 0.675758421421051 2092
1671587355089 0.6699285507202148 2115
1671587369234 0.6592744588851929 2138
1671587383429 0.6835677623748779 2161
1671587397448 0.6850898265838623 2184
1671587411821 0.6875991821289062 2207
1671587425644 0.6855468153953552 2230
1671587439461 0.6513742804527283 2253
1671587453655 0.6772885322570801 2276
1671587467717 0.6686615347862244 2299
1671587481697 0.6743940711021423 2322
1671587495841 0.6950504779815674 2345
1671587510206 0.6703731417655945 2368
1671587524250 0.6722609400749207 2391
1671587538439 0.6788672804832458 2414
1671587552726 0.6866679787635803 2437
1671587566866 0.6795868277549744 2460
1671587581154 0.6814867854118347 2483
1671587595473 0.6896713972091675 2506
1671587609706 0.6954699754714966 2529
1671587623821 0.6634719967842102 2552
1671587638013 0.6928167939186096 2575
1671587651990 0.6873907446861267 2598
1671587666215 0.6833664178848267 2621
1671587680448 0.7076458930969238 2644
1671587694615 0.6947726607322693 2667
1671587708670 0.6723399758338928 2690
1671587722779 0.6688919067382812 2713
1671587737117 0.694563090801239 2736
1671587751386 0.7048447132110596 2759
1671587765414 0.6842130422592163 2782
1671587779435 0.66862952709198 2805
1671587793594 0.6846575736999512 2828
1671587807795 0.688258707523346 2851
1671587822080 0.674196720123291 2874
1671587836411 0.674047589302063 2897
1671587851098 0.6792944669723511 2920
1671587865191 0.6712374091148376 2943
1671587879429 0.6986096501350403 2966
1671587893459 0.6786556839942932 2989
1671587908047 0.6971641778945923 3012
1671587922276 0.6688053607940674 3035
1671587936471 0.6799067258834839 3058
1671587950523 0.6772588491439819 3081
1671587964797 0.6853188872337341 3104
1671587978879 0.6954997181892395 3127
1671587993081 0.6805875897407532 3150
1671588007204 0.682401180267334 3173
1671588021672 0.6863206624984741 3196
1671588035716 0.6684515476226807 3219
1671588049830 0.6866077780723572 3242
1671588063969 0.6822144389152527 3265
1671588078384 0.6811112761497498 3288
1671588092913 0.6919045448303223 3311
1671588106943 0.6950377821922302 3334
1671588121170 0.686116635799408 3357
1671588135261 0.6907696723937988 3380
1671588149324 0.6930540800094604 3403
1671588163580 0.6704409718513489 3426
1671588177553 0.6766180992126465 3449
