1671586070229 0.7880414724349976 22
1671586084229 0.9266477823257446 45
1671586098251 0.9102636575698853 68
1671586112290 0.9035646915435791 91
1671586126439 0.9067796468734741 114
1671586140383 0.9120258688926697 137
1671586154672 0.9261771440505981 160
1671586169138 0.9265536665916443 183
1671586183154 0.9553672075271606 206
1671586197074 0.9113935828208923 229
1671586211009 0.9162900447845459 252
1671586224943 0.9440678358078003 275
1671586238958 0.9042372107505798 298
1671586253005 0.9328625202178955 321
1671586267036 0.9322975277900696 344
1671586281195 0.90451979637146 367
1671586295051 0.9114878177642822 390
1671586309249 0.952730655670166 413
1671586323697 0.923150360584259 436
1671586337670 0.9102636575698853 459
1671586351802 0.9385122656822205 482
1671586365823 0.9050847291946411 505
1671586379646 0.9101694226264954 528
1671586393707 0.9054613709449768 551
1671586407697 0.9164783954620361 574
1671586421907 0.9320016503334045 597
1671586435914 0.9196798801422119 620
1671586449928 0.897363543510437 643
1671586464047 0.9256120920181274 666
1671586477932 0.9100753664970398 689
1671586492270 0.8968926668167114 712
1671586506719 0.9508474469184875 735
1671586520961 0.9402071237564087 758
1671586534849 0.9276835918426514 781
1671586548865 0.9207156896591187 804
1671586562992 0.8997175097465515 827
1671586577051 0.9201506972312927 850
1671586591108 0.8839924931526184 873
1671586605277 0.9307909607887268 896
1671586619565 0.9114877581596375 919
1671586633455 0.9158192276954651 942
1671586647631 0.8889830112457275 965
1671586661837 0.9423729181289673 988
1671586676169 0.9050847887992859 1011
1671586690434 0.9227871894836426 1034
1671586704445 0.9163841605186462 1057
1671586718607 0.9265536665916443 1080
1671586732603 0.9163841009140015 1103
1671586746759 0.9351223707199097 1126
1671586760869 0.9175142049789429 1149
1671586774906 0.8865348696708679 1172
1671586789175 0.9050847291946411 1195
1671586803406 0.9209039807319641 1218
1671586817667 0.9172316789627075 1241
1671586832020 0.8993408679962158 1264
1671586846124 0.8951035737991333 1287
1671586860179 0.93267422914505 1310
1671586874221 0.9421845078468323 1333
1671586888247 0.8976460099220276 1356
1671586902291 0.9126176834106445 1379
1671586916469 0.9040490388870239 1402
1671586930724 0.9227737784385681 1425
1671586944832 0.9380414485931396 1448
1671586959098 0.9040489196777344 1471
1671586973137 0.8969867825508118 1494
1671586987440 0.928625226020813 1517
1671587001456 0.9346516132354736 1540
1671587015737 0.92146897315979 1563
1671587029749 0.9035781025886536 1586
1671587044112 0.9168549180030823 1609
1671587058256 0.9006456136703491 1632
1671587072422 0.9256120920181274 1655
1671587086628 0.8828625082969666 1678
1671587100934 0.9187382459640503 1701
1671587115058 0.9025423526763916 1724
1671587128932 0.9370056986808777 1747
1671587142978 0.8878530859947205 1770
1671587157060 0.9366289377212524 1793
1671587171532 0.9333333373069763 1816
1671587185631 0.937664806842804 1839
1671587199576 0.9244821071624756 1862
1671587213723 0.9087570905685425 1885
1671587227974 0.9158192276954651 1908
1671587242048 0.9369115233421326 1931
1671587256125 0.9001883864402771 1954
1671587270047 0.8913370966911316 1977
1671587284104 0.9220339059829712 2000
1671587298252 0.88201504945755 2023
1671587312500 0.9249528646469116 2046
1671587326518 0.8921846151351929 2069
1671587340683 0.9041430950164795 2092
1671587355089 0.8821092247962952 2115
1671587369234 0.8815442323684692 2138
1671587383429 0.9156308770179749 2161
1671587397448 0.9065913558006287 2184
1671587411821 0.9389829635620117 2207
1671587425644 0.9064972400665283 2230
1671587439461 0.8722221851348877 2253
1671587453655 0.9198680520057678 2276
1671587467717 0.8983992338180542 2299
1671587481697 0.9058245420455933 2322
1671587495841 0.9314501285552979 2345
1671587510206 0.9093220233917236 2368
1671587524250 0.8941619396209717 2391
1671587538439 0.9205273389816284 2414
1671587552726 0.9210922122001648 2437
1671587566866 0.8951035141944885 2460
1671587581154 0.9012240767478943 2483
1671587595473 0.9276837110519409 2506
1671587609706 0.9272128343582153 2529
1671587623821 0.8859697580337524 2552
1671587638013 0.9418078660964966 2575
1671587651990 0.9356874227523804 2598
1671587666215 0.8871939182281494 2621
1671587680448 0.9483051300048828 2644
1671587694615 0.9379472732543945 2667
1671587708670 0.9025423526763916 2690
1671587722779 0.8893596529960632 2713
1671587737117 0.9018832445144653 2736
1671587751386 0.9381355047225952 2759
1671587765414 0.9110976457595825 2782
1671587779435 0.8979284167289734 2805
1671587793594 0.9086628556251526 2828
1671587807795 0.92693030834198 2851
1671587822080 0.8899246454238892 2874
1671587836411 0.8658192157745361 2897
1671587851098 0.9159134030342102 2920
1671587865191 0.9002825021743774 2943
1671587879429 0.9113935828208923 2966
1671587893459 0.8964218497276306 2989
1671587908047 0.9251412153244019 3012
1671587922276 0.8933145403862 3035
1671587936471 0.8970809578895569 3058
1671587950523 0.9091337323188782 3081
1671587964797 0.9003766775131226 3104
1671587978879 0.9261770248413086 3127
1671587993081 0.9177964925765991 3150
1671588007204 0.9171374440193176 3173
1671588021672 0.9179849624633789 3196
1671588035716 0.896704375743866 3219
1671588049830 0.903470516204834 3242
1671588063969 0.9047080874443054 3265
1671588078384 0.9000000357627869 3288
1671588092913 0.9159134030342102 3311
1671588106943 0.9125235080718994 3334
1671588121170 0.9149718284606934 3357
1671588135261 0.9195722341537476 3380
1671588149324 0.9077212810516357 3403
1671588163580 0.8768361210823059 3426
1671588177553 0.8872880935668945 3449
