1671586086029 0.71875 49
1671586115245 0.59375 99
1671586144650 0.75 149
1671586174377 0.8125 199
1671586203463 0.84375 249
1671586239971 0.75 299
1671586269183 0.65625 349
1671586298300 0.71875 399
1671586328209 0.75 449
1671586357346 0.5 499
1671586386351 0.65625 549
1671586423138 0.65625 599
1671586452293 0.75 649
1671586481623 0.75 699
1671586511425 0.65625 749
1671586540691 0.6875 799
1671586569988 0.71875 849
1671586606849 0.71875 899
1671586636134 0.6875 949
1671586665936 0.84375 999
1671586695384 0.59375 1049
1671586724725 0.78125 1099
1671586753798 0.75 1149
1671586791002 0.75 1199
1671586820853 0.75 1249
1671586850269 0.71875 1299
1671586879469 0.625 1349
1671586908678 0.625 1399
1671586945745 0.6875 1449
1671586975271 0.6875 1499
1671587004753 0.875 1549
1671587034183 0.84375 1599
1671587063745 0.71875 1649
1671587093299 0.65625 1699
1671587130212 0.71875 1749
1671587159496 0.75 1799
1671587189155 0.6875 1849
1671587218379 0.625 1899
1671587247844 0.75 1949
1671587277128 0.75 1999
1671587313979 0.71875 2049
1671587343549 0.6875 2099
1671587373155 0.75 2149
1671587402464 0.6875 2199
1671587431730 0.6875 2249
1671587460665 0.5 2299
1671587497640 0.75 2349
1671587527231 0.65625 2399
1671587556883 0.71875 2449
1671587586445 0.78125 2499
1671587616154 0.78125 2549
1671587652918 0.65625 2599
1671587682555 0.78125 2649
1671587711911 0.875 2699
1671587741537 0.8125 2749
1671587771012 0.78125 2799
1671587800278 0.71875 2849
1671587837698 0.78125 2899
1671587867606 0.78125 2949
1671587897140 0.6875 2999
1671587926948 0.59375 3049
1671587956460 0.71875 3099
1671587985819 0.78125 3149
1671588023150 0.78125 3199
1671588052524 0.71875 3249
1671588082355 0.75 3299
1671588111927 0.8125 3349
1671588141431 0.71875 3399
1671588170805 0.5 3449
