1671586070229 0.7231638431549072 22
1671586084229 0.7161017060279846 45
1671586098251 0.7146892547607422 68
1671586112290 0.7146892547607422 91
1671586126439 0.7161017060279846 114
1671586140383 0.7161017060279846 137
1671586154672 0.7161017060279846 160
1671586169138 0.7161017060279846 183
1671586183154 0.7146892547607422 206
1671586197074 0.7161017060279846 229
1671586211009 0.7161017060279846 252
1671586224943 0.7146892547607422 275
1671586238958 0.7161017060279846 298
1671586253005 0.7161017060279846 321
1671586267036 0.7146892547607422 344
1671586281195 0.7146892547607422 367
1671586295051 0.7161017060279846 390
1671586309249 0.7161017060279846 413
1671586323697 0.7146892547607422 436
1671586337670 0.7161017060279846 459
1671586351802 0.7161017060279846 482
1671586365823 0.7161017060279846 505
1671586379646 0.7161017060279846 528
1671586393707 0.7146892547607422 551
1671586407697 0.7161017060279846 574
1671586421907 0.7161017060279846 597
1671586435914 0.7175140976905823 620
1671586449928 0.7175140976905823 643
1671586464047 0.7189265489578247 666
1671586477932 0.7175140976905823 689
1671586492270 0.7146892547607422 712
1671586506719 0.7203390002250671 735
1671586520961 0.7189265489578247 758
1671586534849 0.7189265489578247 781
1671586548865 0.7203390002250671 804
1671586562992 0.7189265489578247 827
1671586577051 0.7217513918876648 850
1671586591108 0.7189265489578247 873
1671586605277 0.7217513918876648 896
1671586619565 0.7203390002250671 919
1671586633455 0.7189265489578247 942
1671586647631 0.7217513918876648 965
1671586661837 0.7274011373519897 988
1671586676169 0.7231638431549072 1011
1671586690434 0.7231638431549072 1034
1671586704445 0.7245762944221497 1057
1671586718607 0.7274011373519897 1080
1671586732603 0.7245762944221497 1103
1671586746759 0.7259886860847473 1126
1671586760869 0.7288135886192322 1149
1671586774906 0.7302259802818298 1172
1671586789175 0.7302259802818298 1195
1671586803406 0.7288135886192322 1218
1671586817667 0.7288135886192322 1241
1671586832020 0.7288135886192322 1264
1671586846124 0.7316384315490723 1287
1671586860179 0.7344632744789124 1310
1671586874221 0.7387005686759949 1333
1671586888247 0.7344632744789124 1356
1671586902291 0.7274011373519897 1379
1671586916469 0.7358757257461548 1402
1671586930724 0.7387005686759949 1425
1671586944832 0.7316384315490723 1448
1671586959098 0.7344632744789124 1471
1671586973137 0.7330508232116699 1494
1671586987440 0.7344632744789124 1517
1671587001456 0.7387005686759949 1540
1671587015737 0.7372881174087524 1563
1671587029749 0.7387005686759949 1586
1671587044112 0.7372881174087524 1609
1671587058256 0.7344632744789124 1632
1671587072422 0.7372881174087524 1655
1671587086628 0.7358757257461548 1678
1671587100934 0.7344632744789124 1701
1671587115058 0.7372881174087524 1724
1671587128932 0.7401130199432373 1747
1671587142978 0.7387005686759949 1770
1671587157060 0.7401130199432373 1793
1671587171532 0.7387005686759949 1816
1671587185631 0.744350254535675 1839
1671587199576 0.744350254535675 1862
1671587213723 0.7401130199432373 1885
1671587227974 0.741525411605835 1908
1671587242048 0.7372881174087524 1931
1671587256125 0.741525411605835 1954
1671587270047 0.741525411605835 1977
1671587284104 0.7429378628730774 2000
1671587298252 0.7358757257461548 2023
1671587312500 0.75 2046
1671587326518 0.744350254535675 2069
1671587340683 0.7485875487327576 2092
1671587355089 0.744350254535675 2115
1671587369234 0.741525411605835 2138
1671587383429 0.741525411605835 2161
1671587397448 0.744350254535675 2184
1671587411821 0.7401130199432373 2207
1671587425644 0.75 2230
1671587439461 0.744350254535675 2253
1671587453655 0.7372881174087524 2276
1671587467717 0.741525411605835 2299
1671587481697 0.7485875487327576 2322
1671587495841 0.7514124512672424 2345
1671587510206 0.741525411605835 2368
1671587524250 0.75 2391
1671587538439 0.7485875487327576 2414
1671587552726 0.7471751570701599 2437
1671587566866 0.741525411605835 2460
1671587581154 0.7429378628730774 2483
1671587595473 0.7471751570701599 2506
1671587609706 0.7457627058029175 2529
1671587623821 0.75 2552
1671587638013 0.744350254535675 2575
1671587651990 0.7471751570701599 2598
1671587666215 0.7514124512672424 2621
1671587680448 0.7514124512672424 2644
1671587694615 0.75 2667
1671587708670 0.7485875487327576 2690
1671587722779 0.755649745464325 2713
1671587737117 0.755649745464325 2736
1671587751386 0.7528248429298401 2759
1671587765414 0.7514124512672424 2782
1671587779435 0.7429378628730774 2805
1671587793594 0.755649745464325 2828
1671587807795 0.7457627058029175 2851
1671587822080 0.7471751570701599 2874
1671587836411 0.7514124512672424 2897
1671587851098 0.7485875487327576 2920
1671587865191 0.7457627058029175 2943
1671587879429 0.7542372941970825 2966
1671587893459 0.7471751570701599 2989
1671587908047 0.7542372941970825 3012
1671587922276 0.7485875487327576 3035
1671587936471 0.7542372941970825 3058
1671587950523 0.75 3081
1671587964797 0.7457627058029175 3104
1671587978879 0.7485875487327576 3127
1671587993081 0.7471751570701599 3150
1671588007204 0.7485875487327576 3173
1671588021672 0.7514124512672424 3196
1671588035716 0.7485875487327576 3219
1671588049830 0.7528248429298401 3242
1671588063969 0.755649745464325 3265
1671588078384 0.7528248429298401 3288
1671588092913 0.7514124512672424 3311
1671588106943 0.75 3334
1671588121170 0.7514124512672424 3357
1671588135261 0.7528248429298401 3380
1671588149324 0.75 3403
1671588163580 0.7514124512672424 3426
1671588177553 0.7528248429298401 3449
