1671586086029 1.0 49
1671586115245 0.5416666865348816 99
1671586144650 1.0 149
1671586174377 1.0 199
1671586203463 0.9375 249
1671586239971 0.9166666865348816 299
1671586269183 1.0 349
1671586298300 0.875 399
1671586328209 0.6875 449
1671586357346 0.75 499
1671586386351 1.0 549
1671586423138 0.75 599
1671586452293 0.7916666865348816 649
1671586481623 0.8541666865348816 699
1671586511425 1.0 749
1671586540691 0.875 799
1671586569988 0.7083333134651184 849
1671586606849 1.0 899
1671586636134 1.0 949
1671586665936 0.75 999
1671586695384 0.9166666865348816 1049
1671586724725 0.9166666865348816 1099
1671586753798 0.5 1149
1671586791002 1.0 1199
1671586820853 0.9166666865348816 1249
1671586850269 0.875 1299
1671586879469 0.6666666865348816 1349
1671586908678 1.0 1399
1671586945745 0.875 1449
1671586975271 0.7916666865348816 1499
1671587004753 0.75 1549
1671587034183 0.949999988079071 1599
1671587063745 0.875 1649
1671587093299 1.0 1699
1671587130212 0.875 1749
1671587159496 1.0 1799
1671587189155 0.9166666865348816 1849
1671587218379 0.75 1899
1671587247844 0.9166666865348816 1949
1671587277128 0.9166666865348816 1999
1671587313979 0.9166666865348816 2049
1671587343549 1.0 2099
1671587373155 1.0 2149
1671587402464 1.0 2199
1671587431730 0.9166666865348816 2249
1671587460665 0.25 2299
1671587497640 0.875 2349
1671587527231 1.0 2399
1671587556883 0.875 2449
1671587586445 0.875 2499
1671587616154 0.9166666865348816 2549
1671587652918 0.9375 2599
1671587682555 1.0 2649
1671587711911 1.0 2699
1671587741537 1.0 2749
1671587771012 1.0 2799
1671587800278 1.0 2849
1671587837698 0.9166666865348816 2899
1671587867606 0.8333333134651184 2949
1671587897140 0.9166666865348816 2999
1671587926948 0.5 3049
1671587956460 1.0 3099
1671587985819 0.9166666865348816 3149
1671588023150 0.75 3199
1671588052524 0.75 3249
1671588082355 1.0 3299
1671588111927 0.949999988079071 3349
1671588141431 0.9375 3399
1671588170805 0.25 3449
