1671586070229 2.6572466790137454 22
1671586084229 2.2456246771314565 45
1671586098251 2.2282087320371957 68
1671586112290 2.2289352019906152 91
1671586126439 2.23327313528535 114
1671586140383 2.226134591782288 137
1671586154672 2.2286492658669204 160
1671586169138 2.2315475510240748 183
1671586183154 2.228421119359951 206
1671586197074 2.2264415951273033 229
1671586211009 2.2262859514659 252
1671586224943 2.2356704322657013 275
1671586238958 2.2305598443538575 298
1671586253005 2.2219016091957005 321
1671586267036 2.223149350492827 344
1671586281195 2.230160654144205 367
1671586295051 2.227837368372474 390
1671586309249 2.225467293061208 413
1671586323697 2.2220385167489507 436
1671586337670 2.2250832941821583 459
1671586351802 2.2221461591546676 482
1671586365823 2.221499236895423 505
1671586379646 2.226741234169603 528
1671586393707 2.223046522335697 551
1671586407697 2.2236050441918387 574
1671586421907 2.2260148148194574 597
1671586435914 2.2294949138918563 620
1671586449928 2.220246661502696 643
1671586464047 2.220551282419214 666
1671586477932 2.221618005742456 689
1671586492270 2.2291061421007665 712
1671586506719 2.2193656097551453 735
1671586520961 2.2179703222100975 758
1671586534849 2.2258066326086614 781
1671586548865 2.219931252161172 804
1671586562992 2.2135952149541787 827
1671586577051 2.222585566245318 850
1671586591108 2.2251249658955796 873
1671586605277 2.222325862442373 896
1671586619565 2.2145893885279633 919
1671586633455 2.220534473270208 942
1671586647631 2.2163374370421156 965
1671586661837 2.214047811448918 988
1671586676169 2.217549297644052 1011
1671586690434 2.2194473671018606 1034
1671586704445 2.216797494375544 1057
1671586718607 2.22141565039855 1080
1671586732603 2.215135153387532 1103
1671586746759 2.2120265810533786 1126
1671586760869 2.2177665353898957 1149
1671586774906 2.212532739184716 1172
1671586789175 2.2153954575939188 1195
1671586803406 2.21319242652135 1218
1671586817667 2.2097820104860637 1241
1671586832020 2.216807731213312 1264
1671586846124 2.206911612473076 1287
1671586860179 2.212341716490201 1310
1671586874221 2.205487969636965 1333
1671586888247 2.2122495084251668 1356
1671586902291 2.217211754380272 1379
1671586916469 2.21497709185506 1402
1671586930724 2.213098623668319 1425
1671586944832 2.210530495226802 1448
1671586959098 2.209109631977158 1471
1671586973137 2.2055634503847963 1494
1671586987440 2.2089188332180347 1517
1671587001456 2.2243903025487337 1540
1671587015737 2.2110037485039227 1563
1671587029749 2.2059442946422068 1586
1671587044112 2.2052632895726387 1609
1671587058256 2.206328889989517 1632
1671587072422 2.213036838140635 1655
1671587086628 2.2015863927668478 1678
1671587100934 2.2064425550066695 1701
1671587115058 2.2024912828881207 1724
1671587128932 2.200690052343758 1747
1671587142978 2.2075298678629967 1770
1671587157060 2.205264183931538 1793
1671587171532 2.203383145285547 1816
1671587185631 2.2055916173083183 1839
1671587199576 2.207733253223703 1862
1671587213723 2.201569177014503 1885
1671587227974 2.204189949508749 1908
1671587242048 2.202188730896985 1931
1671587256125 2.1981485151130937 1954
1671587270047 2.204409326956074 1977
1671587284104 2.1983440535175034 2000
1671587298252 2.1984649644600225 2023
1671587312500 2.1978516338193166 2046
1671587326518 2.202495277781202 2069
1671587340683 2.197041677523132 2092
1671587355089 2.1972593709430224 2115
1671587369234 2.20304463799664 2138
1671587383429 2.1995387609268184 2161
1671587397448 2.200467159140453 2184
1671587411821 2.2108593239731023 2207
1671587425644 2.204100310656212 2230
1671587439461 2.199669502492949 2253
1671587453655 2.2021629850710007 2276
1671587467717 2.2059727080413913 2299
1671587481697 2.194443556807677 2322
1671587495841 2.1977302115548487 2345
1671587510206 2.1993755251680494 2368
1671587524250 2.196176127395495 2391
1671587538439 2.2003443333925365 2414
1671587552726 2.1966774120300174 2437
1671587566866 2.2087753422032446 2460
1671587581154 2.2007833825230168 2483
1671587595473 2.1953946238233244 2506
1671587609706 2.192168175750272 2529
1671587623821 2.202333559820027 2552
1671587638013 2.199400119108742 2575
1671587651990 2.191857986199504 2598
1671587666215 2.1938186721593476 2621
1671587680448 2.1922786069044093 2644
1671587694615 2.196555348796967 2667
1671587708670 2.1921267302451493 2690
1671587722779 2.1933009906613528 2713
1671587737117 2.2003635786864395 2736
1671587751386 2.193982060530799 2759
1671587765414 2.201060789018957 2782
1671587779435 2.1941003975154048 2805
1671587793594 2.1959346058034535 2828
1671587807795 2.1964522214962927 2851
1671587822080 2.1908017721666417 2874
1671587836411 2.2019222914816363 2897
1671587851098 2.1921348619460534 2920
1671587865191 2.205561000376409 2943
1671587879429 2.194598802880924 2966
1671587893459 2.1913769206660803 2989
1671587908047 2.1885503019763055 3012
1671587922276 2.192451768202929 3035
1671587936471 2.191785789579666 3058
1671587950523 2.195128072321346 3081
1671587964797 2.1926058808125606 3104
1671587978879 2.1949037706484744 3127
1671587993081 2.196145607003481 3150
1671588007204 2.1935862662240027 3173
1671588021672 2.1956553933567173 3196
1671588035716 2.1865884657111594 3219
1671588049830 2.1910447522177914 3242
1671588063969 2.189992888142143 3265
1671588078384 2.1984718001903656 3288
1671588092913 2.1892786819920285 3311
1671588106943 2.189535309454317 3334
1671588121170 2.1903221982486603 3357
1671588135261 2.194652728553711 3380
1671588149324 2.1916983023544234 3403
1671588163580 2.1845952623507965 3426
1671588177553 2.187655341170356 3449
