1671586070229 0.5886736512184143 22
1671586084229 0.5420634746551514 45
1671586098251 0.5322840809822083 68
1671586112290 0.5451170206069946 91
1671586126439 0.5514124631881714 114
1671586140383 0.5503632426261902 137
1671586154672 0.5355932116508484 160
1671586169138 0.5390638113021851 183
1671586183154 0.5538606643676758 206
1671586197074 0.5534705519676208 229
1671586211009 0.5434356331825256 252
1671586224943 0.5598735213279724 275
1671586238958 0.5414178967475891 298
1671586253005 0.5525019764900208 321
1671586267036 0.5661420822143555 344
1671586281195 0.5476190447807312 367
1671586295051 0.5585687756538391 390
1671586309249 0.5498385429382324 413
1671586323697 0.557990312576294 436
1671586337670 0.5358084440231323 459
1671586351802 0.5494619607925415 482
1671586365823 0.551869809627533 505
1671586379646 0.551358699798584 528
1671586393707 0.5605461597442627 551
1671586407697 0.550309419631958 574
1671586421907 0.5498386025428772 597
1671586435914 0.555394172668457 620
1671586449928 0.5565375089645386 643
1671586464047 0.5507667660713196 666
1671586477932 0.5508340001106262 689
1671586492270 0.5447403788566589 712
1671586506719 0.5605326890945435 735
1671586520961 0.5470002293586731 758
1671586534849 0.555259644985199 781
1671586548865 0.5507398247718811 804
1671586562992 0.5496771335601807 827
1671586577051 0.5594834685325623 850
1671586591108 0.5495022535324097 873
1671586605277 0.53770512342453 896
1671586619565 0.5461797118186951 919
1671586633455 0.5441888570785522 942
1671586647631 0.5373554229736328 965
1671586661837 0.569155216217041 988
1671586676169 0.5423325300216675 1011
1671586690434 0.5521253347396851 1034
1671586704445 0.5499327778816223 1057
1671586718607 0.5672988891601562 1080
1671586732603 0.5399650931358337 1103
1671586746759 0.5622679591178894 1126
1671586760869 0.5714420676231384 1149
1671586774906 0.5651062726974487 1172
1671586789175 0.5555152297019958 1195
1671586803406 0.5581517219543457 1218
1671586817667 0.5620527267456055 1241
1671586832020 0.5490987300872803 1264
1671586846124 0.5492870807647705 1287
1671586860179 0.5702313780784607 1310
1671586874221 0.5767419934272766 1333
1671586888247 0.5714420676231384 1356
1671586902291 0.556255042552948 1379
1671586916469 0.5768361687660217 1402
1671586930724 0.5682135820388794 1425
1671586944832 0.567984938621521 1448
1671586959098 0.5584208369255066 1471
1671586973137 0.5507802367210388 1494
1671586987440 0.5805219411849976 1517
1671587001456 0.5727468132972717 1540
1671587015737 0.5729216933250427 1563
1671587029749 0.5590261220932007 1586
1671587044112 0.5801317691802979 1609
1671587058256 0.5636938810348511 1632
1671587072422 0.5829029083251953 1655
1671587086628 0.5578423738479614 1678
1671587100934 0.5608016848564148 1701
1671587115058 0.5587167739868164 1724
1671587128932 0.577724039554596 1747
1671587142978 0.5627522468566895 1770
1671587157060 0.586534857749939 1793
1671587171532 0.5708367228507996 1816
1671587185631 0.5703120231628418 1839
1671587199576 0.5754371881484985 1862
1671587213723 0.5875706076622009 1885
1671587227974 0.5727737545967102 1908
1671587242048 0.5828222036361694 1931
1671587256125 0.5609631538391113 1954
1671587270047 0.5814635157585144 1977
1671587284104 0.5599408149719238 2000
1671587298252 0.5594162344932556 2023
1671587312500 0.5918079018592834 2046
1671587326518 0.5691821575164795 2069
1671587340683 0.5798493027687073 2092
1671587355089 0.5705407857894897 2115
1671587369234 0.55777508020401 2138
1671587383429 0.5811406970024109 2161
1671587397448 0.5832391977310181 2184
1671587411821 0.5765402317047119 2207
1671587425644 0.5822303295135498 2230
1671587439461 0.5519101619720459 2253
1671587453655 0.5674334168434143 2276
1671587467717 0.5710250735282898 2299
1671587481697 0.5687516927719116 2322
1671587495841 0.5931665301322937 2345
1671587510206 0.5635055303573608 2368
1671587524250 0.5686843991279602 2391
1671587538439 0.5715765953063965 2414
1671587552726 0.5827279686927795 2437
1671587566866 0.5777239799499512 2460
1671587581154 0.5808044075965881 2483
1671587595473 0.5893597602844238 2506
1671587609706 0.5918347835540771 2529
1671587623821 0.5625638961791992 2552
1671587638013 0.5863869190216064 2575
1671587651990 0.5831180810928345 2598
1671587666215 0.5875437259674072 2621
1671587680448 0.600955069065094 2644
1671587694615 0.5836830735206604 2667
1671587708670 0.5770513415336609 2690
1671587722779 0.5643125772476196 2713
1671587737117 0.5944309830665588 2736
1671587751386 0.5931531190872192 2759
1671587765414 0.5864406824111938 2782
1671587779435 0.5653752684593201 2805
1671587793594 0.583615779876709 2828
1671587807795 0.58262038230896 2851
1671587822080 0.5729082822799683 2874
1671587836411 0.5784369111061096 2897
1671587851098 0.5769303441047668 2920
1671587865191 0.5636938810348511 2943
1671587879429 0.595359206199646 2966
1671587893459 0.5760425329208374 2989
1671587908047 0.591754138469696 3012
1671587922276 0.5654963254928589 3035
1671587936471 0.580589234828949 3058
1671587950523 0.5760155916213989 3081
1671587964797 0.5898305773735046 3104
1671587978879 0.595829963684082 3127
1671587993081 0.5720608234405518 3150
1671588007204 0.5792709589004517 3173
1671588021672 0.5854721665382385 3196
1671588035716 0.5670029520988464 3219
1671588049830 0.5935162901878357 3242
1671588063969 0.5815577507019043 3265
1671588078384 0.5717244744300842 3288
1671588092913 0.5868711471557617 3311
1671588106943 0.5993543267250061 3334
1671588121170 0.5742400288581848 3357
1671588135261 0.5908797383308411 3380
1671588149324 0.587059497833252 3403
1671588163580 0.5723029375076294 3426
1671588177553 0.5848129987716675 3449
