1671586086029 0.5249999761581421 49
1671586115245 0.3583333492279053 99
1671586144650 0.5892857313156128 149
1671586174377 0.5833333134651184 199
1671586203463 0.75 249
1671586239971 0.6000000238418579 299
1671586269183 0.4000000059604645 349
1671586298300 0.6083333492279053 399
1671586328209 0.4761905074119568 449
1671586357346 0.3095238208770752 499
1671586386351 0.5357142686843872 549
1671586423138 0.3750000298023224 599
1671586452293 0.6458333134651184 649
1671586481623 0.6541666984558105 699
1671586511425 0.4583333432674408 749
1671586540691 0.4833333492279053 799
1671586569988 0.5583333373069763 849
1671586606849 0.4928571581840515 899
1671586636134 0.4958333373069763 949
1671586665936 0.550000011920929 999
1671586695384 0.42499998211860657 1049
1671586724725 0.6625000238418579 1099
1671586753798 0.5 1149
1671586791002 0.6053571701049805 1199
1671586820853 0.550000011920929 1249
1671586850269 0.4625000059604645 1299
1671586879469 0.4583333730697632 1349
1671586908678 0.40833336114883423 1399
1671586945745 0.5636904835700989 1449
1671586975271 0.5583333373069763 1499
1671587004753 0.5416666865348816 1549
1671587034183 0.7916666865348816 1599
1671587063745 0.5410714149475098 1649
1671587093299 0.4958333373069763 1699
1671587130212 0.5964285731315613 1749
1671587159496 0.625 1799
1671587189155 0.5666666626930237 1849
1671587218379 0.2839285731315613 1899
1671587247844 0.6458333134651184 1949
1671587277128 0.5416666865348816 1999
1671587313979 0.5083333253860474 2049
1671587343549 0.4208333492279053 2099
1671587373155 0.6291667222976685 2149
1671587402464 0.4333333373069763 2199
1671587431730 0.6500000357627869 2249
1671587460665 0.25 2299
1671587497640 0.5833333730697632 2349
1671587527231 0.5062499642372131 2399
1671587556883 0.637499988079071 2449
1671587586445 0.6041666865348816 2499
1671587616154 0.6666666865348816 2549
1671587652918 0.5625 2599
1671587682555 0.550000011920929 2649
1671587711911 0.7208333611488342 2699
1671587741537 0.6416666507720947 2749
1671587771012 0.6309523582458496 2799
1671587800278 0.4583333730697632 2849
1671587837698 0.7392857074737549 2899
1671587867606 0.6083333492279053 2949
1671587897140 0.6202380657196045 2999
1671587926948 0.0982142835855484 3049
1671587956460 0.550000011920929 3099
1671587985819 0.6499999761581421 3149
1671588023150 0.5166667103767395 3199
1671588052524 0.4345238208770752 3249
1671588082355 0.6041666865348816 3299
1671588111927 0.675000011920929 3349
1671588141431 0.5666666626930237 3399
1671588170805 0.25 3449
