1671586086029 0.6875000596046448 49
1671586115245 0.42370128631591797 99
1671586144650 0.7277930378913879 149
1671586174377 0.699999988079071 199
1671586203463 0.8095238208770752 249
1671586239971 0.699999988079071 299
1671586269183 0.5404762029647827 349
1671586298300 0.6970238089561462 399
1671586328209 0.5211039185523987 449
1671586357346 0.4318181872367859 499
1671586386351 0.6564394235610962 549
1671586423138 0.49166667461395264 599
1671586452293 0.6367965340614319 649
1671586481623 0.7351190447807312 699
1671586511425 0.574999988079071 749
1671586540691 0.6041666865348816 799
1671586569988 0.6180555820465088 849
1671586606849 0.6496753096580505 899
1671586636134 0.6347222328186035 949
1671586665936 0.615079402923584 999
1671586695384 0.5773809552192688 1049
1671586724725 0.766865074634552 1099
1671586753798 0.5 1149
1671586791002 0.7193182110786438 1199
1671586820853 0.6805555820465088 1249
1671586850269 0.6041666865348816 1299
1671586879469 0.5333333611488342 1349
1671586908678 0.5436508059501648 1399
1671586945745 0.6799242496490479 1449
1671586975271 0.5833333730697632 1499
1671587004753 0.6166666746139526 1549
1671587034183 0.849494993686676 1599
1671587063745 0.6309523582458496 1649
1671587093299 0.648809552192688 1699
1671587130212 0.6736111044883728 1749
1671587159496 0.7638888955116272 1799
1671587189155 0.6583333015441895 1849
1671587218379 0.3986111283302307 1899
1671587247844 0.7023809552192688 1949
1671587277128 0.6761904954910278 1999
1671587313979 0.638888955116272 2049
1671587343549 0.5791666507720947 2099
1671587373155 0.7684524059295654 2149
1671587402464 0.5734127163887024 2199
1671587431730 0.7124999761581421 2249
1671587460665 0.25 2299
1671587497640 0.6803571581840515 2349
1671587527231 0.6407203674316406 2399
1671587556883 0.7182539701461792 2449
1671587586445 0.675000011920929 2499
1671587616154 0.7539682388305664 2549
1671587652918 0.6791666746139526 2599
1671587682555 0.6900793313980103 2649
1671587711911 0.8365079164505005 2699
1671587741537 0.7595238089561462 2749
1671587771012 0.7611263394355774 2799
1671587800278 0.6166666746139526 2849
1671587837698 0.7849358916282654 2899
1671587867606 0.6814393997192383 2949
1671587897140 0.6672619581222534 2999
1671587926948 0.16249999403953552 3049
1671587956460 0.7083333730697632 3099
1671587985819 0.7470238208770752 3149
1671588023150 0.5928571224212646 3199
1671588052524 0.5484848618507385 3249
1671588082355 0.7142857313156128 3299
1671588111927 0.7763888835906982 3349
1671588141431 0.699999988079071 3399
1671588170805 0.25 3449
