1671586086029 2.1660686350725977 49
1671586115245 2.496882424569562 99
1671586144650 2.136447987101773 149
1671586174377 2.1511222002123853 199
1671586203463 2.4968017634448594 249
1671586239971 2.0616384222296325 299
1671586269183 2.102396686918918 349
1671586298300 2.3894457895633323 399
1671586328209 2.477837479246509 449
1671586357346 1.9097908252341271 499
1671586386351 2.160862777012375 549
1671586423138 2.1911598184925327 599
1671586452293 2.796331794780028 649
1671586481623 2.481109846446572 699
1671586511425 2.0328578747698947 749
1671586540691 2.3486818953215844 799
1671586569988 2.1087083910780366 849
1671586606849 2.146328427326679 899
1671586636134 2.0280455868097578 949
1671586665936 2.006078554177861 999
1671586695384 2.2050880965677173 1049
1671586724725 2.2501973522042187 1099
1671586753798 1.9745134739090753 1149
1671586791002 2.1861874557950074 1199
1671586820853 2.2610429103414553 1249
1671586850269 2.3890430771288362 1299
1671586879469 1.984035775418147 1349
1671586908678 2.196010234595115 1399
1671586945745 2.2059917358374594 1449
1671586975271 2.365224817740651 1499
1671587004753 2.489096404027822 1549
1671587034183 2.3162266215431924 1599
1671587063745 2.409397967442476 1649
1671587093299 2.3787699274188676 1699
1671587130212 2.2492488923888514 1749
1671587159496 1.7735019097497313 1799
1671587189155 2.1169456113319653 1849
1671587218379 2.2289755063134926 1899
1671587247844 2.2700799451679647 1949
1671587277128 2.3888491514461494 1999
1671587313979 2.0925197944262894 2049
1671587343549 2.0835954267789423 2099
1671587373155 2.1549078319254953 2149
1671587402464 2.212089795965859 2199
1671587431730 2.477762300062783 2249
1671587460665 1.5694341313583053 2299
1671587497640 2.4944414075191457 2349
1671587527231 2.1115843563240713 2399
1671587556883 2.3232737342023846 2449
1671587586445 2.322604564212533 2499
1671587616154 2.0846447531996706 2549
1671587652918 1.9714632952850735 2599
1671587682555 1.9901588225468838 2649
1671587711911 2.1415427186616145 2699
1671587741537 2.209404462925481 2749
1671587771012 2.214779513805141 2799
1671587800278 2.21715890383351 2849
1671587837698 2.2626042531145067 2899
1671587867606 2.378218257648903 2949
1671587897140 2.2696151325278584 2999
1671587926948 2.2273477420325922 3049
1671587956460 2.143885733012084 3099
1671587985819 2.128491830027978 3149
1671588023150 2.299522622298884 3199
1671588052524 2.2922927955018926 3249
1671588082355 2.3691198157934865 3299
1671588111927 2.2479136794844328 3349
1671588141431 2.365555519735943 3399
1671588170805 1.7148288981443387 3449
