1672053732135 0.0 216
1672053803346 0.0 433
1672053875424 0.0 650
1672053947247 0.0 867
1672054019547 0.0 1084
1672054091397 0.0 1301
1672054163784 0.0 1518
1672054235708 0.0 1735
1672054308056 0.0 1952
1672054380306 0.0 2169
1672054452101 2.25 2386
1672054524485 24.5 2603
1672054596662 5.0 2820
1672054668847 0.0 3037
1672054741544 3.5 3254
1672054813969 0.75 3471
1672054886694 4.75 3688
1672054958981 18.75 3905
1672055031524 24.25 4122
1672055103816 22.25 4339
1672055176228 26.0 4556
1672055248841 26.0 4773
1672055322651 23.5 4990
1672055395702 29.75 5207
1672055468704 19.25 5424
1672055541635 30.5 5641
1672055614566 26.25 5858
1672055687497 20.0 6075
1672055760286 13.0 6292
1672055833430 25.5 6509
1672055906447 14.0 6726
1672055979605 24.75 6943
1672056052980 10.75 7160
1672056126081 18.75 7377
1672056198943 23.5 7594
1672056271629 26.0 7811
1672056344471 10.5 8028
1672056417039 21.0 8245
1672056490246 20.75 8462
1672056562794 21.75 8679
1672056635634 25.75 8896
1672056708473 22.75 9113
1672056780952 21.0 9330
1672056853950 24.0 9547
1672056926928 25.75 9764
1672056999673 25.25 9981
1672057073095 23.5 10198
1672057145643 22.5 10415
1672057218418 24.0 10632
1672057290629 22.25 10849
1672057363374 20.75 11066
1672057436167 23.75 11283
1672057508852 22.5 11500
1672057581263 24.0 11717
1672057654206 25.75 11934
1672057726731 25.5 12151
1672057799602 24.0 12368
1672057872085 22.25 12585
1672057944844 23.25 12802
1672058017359 17.75 13019
1672058090143 23.75 13236
1672058162502 24.25 13453
1672058234894 26.25 13670
1672058307375 25.0 13887
1672058380033 24.0 14104
1672058451860 25.75 14321
1672058524702 23.75 14538
1672058597156 22.25 14755
1672058669921 23.5 14972
1672058742449 27.5 15189
1672058815450 26.0 15406
1672058888028 20.75 15623
1672058960976 23.75 15840
1672059033774 23.75 16057
1672059105868 23.75 16274
1672059178633 23.5 16491
1672059251154 25.5 16708
1672059323818 24.0 16925
1672059396639 22.75 17142
1672059469024 23.25 17359
1672059541743 23.75 17576
1672059614707 23.5 17793
1672059687063 23.75 18010
1672059759227 25.5 18227
1672059831814 23.0 18444
1672059904763 24.0 18661
1672059977383 23.5 18878
1672060050231 25.0 19095
1672060122789 23.75 19312
1672060195347 23.5 19529
1672060319428 23.75 19746
1672060391987 25.75 19963
1672060464390 23.75 20180
1672060537389 24.25 20397
1672060609991 24.25 20614
1672060683198 23.0 20831
1672060755916 23.75 21048
1672060828934 24.25 21265
1672060901323 23.5 21482
1672060974133 23.5 21699
1672061047047 23.5 21916
1672061119522 24.0 22133
1672061192048 23.0 22350
1672061264436 23.75 22567
1672061337236 24.0 22784
1672061409389 22.5 23001
1672061482109 23.75 23218
1672061554529 23.75 23435
1672061627344 23.75 23652
1672061699980 23.5 23869
1672061772839 23.5 24086
1672061847079 23.75 24303
1672061919402 23.75 24520
1672061992174 22.0 24737
1672062064472 21.0 24954
1672062137469 23.0 25171
1672062210101 23.5 25388
1672062282988 21.75 25605
1672062355172 23.5 25822
1672062428036 23.0 26039
1672062500487 23.75 26256
1672062573057 23.75 26473
1672062645862 26.0 26690
1672062718746 24.5 26907
1672062791401 24.0 27124
1672062864076 24.0 27341
1672062936807 23.75 27558
1672063009594 23.75 27775
1672063082614 23.75 27992
1672063154916 23.0 28209
1672063227768 23.75 28426
1672063300358 24.25 28643
1672063373425 23.75 28860
1672063446109 24.25 29077
1672063519034 23.75 29294
1672063591861 24.5 29511
1672063664488 23.5 29728
1672063737071 24.75 29945
1672063809500 23.5 30162
1672063882182 24.25 30379
1672063954766 23.5 30596
1672064027524 25.0 30813
1672064100283 23.75 31030
1672064172727 23.75 31247
1672064245712 23.75 31464
1672064318317 23.75 31681
1672064391020 23.5 31898
1672064463919 24.25 32115
1672064536127 23.75 32332
1672064608583 23.75 32549
