1672053732135 217.0 216
1672053803346 217.0 433
1672053875424 217.0 650
1672053947247 217.0 867
1672054019547 217.0 1084
1672054091397 217.0 1301
1672054163784 217.0 1518
1672054235708 217.0 1735
1672054308056 217.0 1952
1672054380306 217.0 2169
1672054452101 214.75 2386
1672054524485 192.5 2603
1672054596662 212.0 2820
1672054668847 217.0 3037
1672054741544 213.5 3254
1672054813969 216.25 3471
1672054886694 212.25 3688
1672054958981 198.25 3905
1672055031524 192.75 4122
1672055103816 194.75 4339
1672055176228 191.0 4556
1672055248841 191.0 4773
1672055322651 193.5 4990
1672055395702 187.25 5207
1672055468704 197.75 5424
1672055541635 186.5 5641
1672055614566 190.75 5858
1672055687497 197.0 6075
1672055760286 204.0 6292
1672055833430 191.5 6509
1672055906447 203.0 6726
1672055979605 192.25 6943
1672056052980 206.25 7160
1672056126081 198.25 7377
1672056198943 193.5 7594
1672056271629 191.0 7811
1672056344471 206.5 8028
1672056417039 196.0 8245
1672056490246 196.25 8462
1672056562794 195.25 8679
1672056635634 191.25 8896
1672056708473 194.25 9113
1672056780952 196.0 9330
1672056853950 193.0 9547
1672056926928 191.25 9764
1672056999673 191.75 9981
1672057073095 193.5 10198
1672057145643 194.5 10415
1672057218418 193.0 10632
1672057290629 194.75 10849
1672057363374 196.25 11066
1672057436167 193.25 11283
1672057508852 194.5 11500
1672057581263 193.0 11717
1672057654206 191.25 11934
1672057726731 191.5 12151
1672057799602 193.0 12368
1672057872085 194.75 12585
1672057944844 193.75 12802
1672058017359 199.25 13019
1672058090143 193.25 13236
1672058162502 192.75 13453
1672058234894 190.75 13670
1672058307375 192.0 13887
1672058380033 193.0 14104
1672058451860 191.25 14321
1672058524702 193.25 14538
1672058597156 194.75 14755
1672058669921 193.5 14972
1672058742449 189.5 15189
1672058815450 191.0 15406
1672058888028 196.25 15623
1672058960976 193.25 15840
1672059033774 193.25 16057
1672059105868 193.25 16274
1672059178633 193.5 16491
1672059251154 191.5 16708
1672059323818 193.0 16925
1672059396639 194.25 17142
1672059469024 193.75 17359
1672059541743 193.25 17576
1672059614707 193.5 17793
1672059687063 193.25 18010
1672059759227 191.5 18227
1672059831814 194.0 18444
1672059904763 193.0 18661
1672059977383 193.5 18878
1672060050231 192.0 19095
1672060122789 193.25 19312
1672060195347 193.5 19529
1672060319428 193.25 19746
1672060391987 191.25 19963
1672060464390 193.25 20180
1672060537389 192.0 20397
1672060609991 192.25 20614
1672060683198 194.0 20831
1672060755916 193.25 21048
1672060828934 192.75 21265
1672060901323 193.5 21482
1672060974133 193.5 21699
1672061047047 193.5 21916
1672061119522 192.75 22133
1672061192048 193.25 22350
1672061264436 193.25 22567
1672061337236 193.0 22784
1672061409389 194.5 23001
1672061482109 193.25 23218
1672061554529 193.25 23435
1672061627344 193.25 23652
1672061699980 193.5 23869
1672061772839 193.5 24086
1672061847079 193.25 24303
1672061919402 192.75 24520
1672061992174 195.0 24737
1672062064472 196.0 24954
1672062137469 194.0 25171
1672062210101 193.5 25388
1672062282988 195.25 25605
1672062355172 193.5 25822
1672062428036 194.0 26039
1672062500487 193.25 26256
1672062573057 193.25 26473
1672062645862 191.0 26690
1672062718746 192.5 26907
1672062791401 193.0 27124
1672062864076 192.5 27341
1672062936807 193.0 27558
1672063009594 193.25 27775
1672063082614 193.25 27992
1672063154916 194.0 28209
1672063227768 192.75 28426
1672063300358 192.75 28643
1672063373425 193.25 28860
1672063446109 192.75 29077
1672063519034 192.75 29294
1672063591861 192.5 29511
1672063664488 193.5 29728
1672063737071 192.25 29945
1672063809500 193.5 30162
1672063882182 192.75 30379
1672063954766 193.5 30596
1672064027524 191.5 30813
1672064100283 193.25 31030
1672064172727 193.25 31247
1672064245712 193.25 31464
1672064318317 193.25 31681
1672064391020 193.5 31898
1672064463919 192.25 32115
1672064536127 193.25 32332
1672064608583 193.25 32549
