1672053677762 0 49
1672053691978 0 99
1672053706274 0 149
1672053721076 0 199
1672053732135 0 216
1672053735013 1 216
1672053745076 1 249
1672053759266 1 299
1672053773433 1 349
1672053787624 1 399
1672053803346 1 433
1672053806484 2 433
1672053811782 2 449
1672053826004 2 499
1672053840475 2 549
1672053854810 2 599
1672053868990 2 649
1672053875424 2 650
1672053878551 3 650
1672053893153 3 699
1672053907370 3 749
1672053921578 3 799
1672053935800 3 849
1672053947247 3 867
1672053950475 4 867
1672053960446 4 899
1672053974925 4 949
1672053989264 4 999
1672054003467 4 1049
1672054019547 4 1084
1672054022677 5 1084
1672054027617 5 1099
1672054041870 5 1149
1672054056108 5 1199
1672054070366 5 1249
1672054084573 5 1299
1672054091397 5 1301
1672054094568 6 1301
1672054109251 6 1349
1672054123661 6 1399
1672054137953 6 1449
1672054152201 6 1499
1672054163784 6 1518
1672054166929 7 1518
1672054176497 7 1549
1672054190711 7 1599
1672054204956 7 1649
1672054219295 7 1699
1672054235708 7 1735
1672054238867 8 1735
1672054243823 8 1749
1672054258160 8 1799
1672054272386 8 1849
1672054286601 8 1899
1672054300804 8 1949
1672054308056 8 1952
1672054311153 9 1952
1672054325411 9 1999
1672054339578 9 2049
1672054353786 9 2099
1672054368276 9 2149
1672054380306 9 2169
1672054383487 10 2169
1672054392860 10 2199
1672054407068 10 2249
1672054421249 10 2299
1672054435472 10 2349
1672054452101 10 2386
1672054455171 11 2386
1672054459634 11 2399
1672054474031 11 2449
1672054488299 11 2499
1672054502847 11 2549
1672054517210 11 2599
1672054524485 11 2603
1672054527626 12 2603
1672054541462 12 2649
1672054555760 12 2699
1672054570025 12 2749
1672054584265 12 2799
1672054596662 12 2820
1672054599788 13 2820
1672054608791 13 2849
1672054623201 13 2899
1672054637551 13 2949
1672054651780 13 2999
1672054668847 13 3037
1672054672032 14 3037
1672054676304 14 3049
1672054690610 14 3099
1672054704898 14 3149
1672054719198 14 3199
1672054733682 14 3249
1672054741544 14 3254
1672054744706 15 3254
1672054758302 15 3299
1672054772562 15 3349
1672054786965 15 3399
1672054801291 15 3449
1672054813969 15 3471
1672054817084 16 3471
1672054825909 16 3499
1672054840213 16 3549
1672054854659 16 3599
1672054869183 16 3649
1672054886694 16 3688
1672054889814 17 3688
1672054893684 17 3699
1672054907981 17 3749
1672054922446 17 3799
1672054936750 17 3849
1672054951034 17 3899
1672054958981 17 3905
1672054962260 18 3905
1672054975429 18 3949
1672054989822 18 3999
1672055004127 18 4049
1672055018512 18 4099
1672055031524 18 4122
1672055034758 19 4122
1672055043119 19 4149
1672055057524 19 4199
1672055071755 19 4249
1672055086010 19 4299
1672055103816 19 4339
1672055107004 20 4339
1672055110560 20 4349
1672055124912 20 4399
1672055139195 20 4449
1672055153422 20 4499
1672055167786 20 4549
1672055176228 20 4556
1672055179300 21 4556
1672055192274 21 4599
1672055206491 21 4649
1672055220857 21 4699
1672055235577 21 4749
1672055248841 21 4773
1672055252031 22 4773
1672055260275 22 4799
1672055274708 22 4849
1672055289314 22 4899
1672055304278 22 4949
1672055322651 22 4990
1672055325914 23 4990
1672055329278 23 4999
1672055343693 23 5049
1672055358189 23 5099
1672055372531 23 5149
1672055386943 23 5199
1672055395702 23 5207
1672055398984 24 5207
1672055411789 24 5249
1672055426283 24 5299
1672055440584 24 5349
1672055455034 24 5399
1672055468704 24 5424
1672055472015 25 5424
1672055480081 25 5449
1672055494441 25 5499
1672055508803 25 5549
1672055523160 25 5599
1672055541635 25 5641
1672055544834 26 5641
1672055547935 26 5649
1672055562392 26 5699
1672055576839 26 5749
1672055591119 26 5799
1672055605407 26 5849
1672055614566 26 5858
1672055617801 27 5858
1672055630497 27 5899
1672055644842 27 5949
1672055659219 27 5999
1672055673562 27 6049
1672055687497 27 6075
1672055690714 28 6075
1672055698366 28 6099
1672055712850 28 6149
1672055727182 28 6199
1672055741526 28 6249
1672055760286 28 6292
1672055763525 29 6292
1672055766267 29 6299
1672055780825 29 6349
1672055795157 29 6399
1672055809651 29 6449
1672055823996 29 6499
1672055833430 29 6509
1672055836624 30 6509
1672055848921 30 6549
1672055863338 30 6599
1672055877719 30 6649
1672055892121 30 6699
1672055906447 30 6726
1672055909630 31 6726
1672055917135 31 6749
1672055931515 31 6799
1672055946095 31 6849
1672055960478 31 6899
1672055979605 31 6943
1672055982794 32 6943
1672055985221 32 6949
1672055999696 32 6999
1672056014173 32 7049
1672056028587 32 7099
1672056042979 32 7149
1672056052980 32 7160
1672056056184 33 7160
1672056068110 33 7199
1672056082487 33 7249
1672056097016 33 7299
1672056111425 33 7349
1672056126081 33 7377
1672056129351 34 7377
1672056136590 34 7399
1672056150858 34 7449
1672056165226 34 7499
1672056179576 34 7549
1672056198943 34 7594
1672056202250 35 7594
1672056204417 35 7599
1672056218878 35 7649
1672056233158 35 7699
1672056247566 35 7749
1672056261835 35 7799
1672056271629 35 7811
1672056274891 36 7811
1672056286547 36 7849
1672056300890 36 7899
1672056315314 36 7949
1672056329680 36 7999
1672056344471 36 8028
1672056347663 37 8028
1672056354357 37 8049
1672056368698 37 8099
1672056383129 37 8149
1672056397433 37 8199
1672056417039 37 8245
1672056420338 38 8245
1672056422223 38 8249
1672056436546 38 8299
1672056451023 38 8349
1672056465346 38 8399
1672056479968 38 8449
1672056490246 38 8462
1672056493578 39 8462
1672056504803 39 8499
1672056518973 39 8549
1672056533173 39 8599
1672056547635 39 8649
1672056562794 39 8679
1672056566025 40 8679
1672056572467 40 8699
1672056586852 40 8749
1672056601234 40 8799
1672056615633 40 8849
1672056635634 40 8896
1672056638909 41 8896
1672056640523 41 8899
1672056654866 41 8949
1672056669332 41 8999
1672056683754 41 9049
1672056698074 41 9099
1672056708473 41 9113
1672056711743 42 9113
1672056722690 42 9149
1672056737062 42 9199
1672056751324 42 9249
1672056765542 42 9299
1672056780952 42 9330
1672056784220 43 9330
1672056790575 43 9349
1672056804945 43 9399
1672056819425 43 9449
1672056833732 43 9499
1672056853950 43 9547
1672056857289 44 9547
1672056858574 44 9549
1672056872841 44 9599
1672056887282 44 9649
1672056901586 44 9699
1672056916139 44 9749
1672056926928 44 9764
1672056930183 45 9764
1672056940853 45 9799
1672056955421 45 9849
1672056969705 45 9899
1672056983975 45 9949
1672056999673 45 9981
1672057003002 46 9981
1672057008845 46 9999
1672057023308 46 10049
1672057037699 46 10099
1672057052155 46 10149
1672057073095 46 10198
1672057076399 47 10198
1672057077375 47 10199
1672057091604 47 10249
1672057105776 47 10299
1672057120425 47 10349
1672057134733 47 10399
1672057145643 47 10415
1672057148864 48 10415
1672057159284 48 10449
1672057173556 48 10499
1672057188130 48 10549
1672057202602 48 10599
1672057218418 48 10632
1672057221676 49 10632
1672057227234 49 10649
1672057241463 49 10699
1672057255748 49 10749
1672057270013 49 10799
1672057284059 49 10849
1672057290629 49 10849
1672057293849 50 10849
1672057309223 50 10899
1672057323580 50 10949
1672057337897 50 10999
1672057352116 50 11049
1672057363374 50 11066
1672057366582 51 11066
1672057376700 51 11099
1672057391069 51 11149
1672057405451 51 11199
1672057419972 51 11249
1672057436167 51 11283
1672057439421 52 11283
1672057444735 52 11299
1672057459308 52 11349
1672057473698 52 11399
1672057488029 52 11449
1672057502273 52 11499
1672057508852 52 11500
1672057512021 53 11500
1672057526638 53 11549
1672057540881 53 11599
1672057555085 53 11649
1672057569681 53 11699
1672057581263 53 11717
1672057584489 54 11717
1672057594563 54 11749
1672057609109 54 11799
1672057623484 54 11849
1672057637831 54 11899
1672057654206 54 11934
1672057657460 55 11934
1672057662425 55 11949
1672057676652 55 11999
1672057691130 55 12049
1672057705333 55 12099
1672057719570 55 12149
1672057726731 55 12151
1672057729938 56 12151
1672057744553 56 12199
1672057758895 56 12249
1672057773183 56 12299
1672057787480 56 12349
1672057799602 56 12368
1672057802955 57 12368
1672057812814 57 12399
1672057827035 57 12449
1672057841213 57 12499
1672057855400 57 12549
1672057872085 57 12585
1672057875443 58 12585
1672057880208 58 12599
1672057894419 58 12649
1672057908789 58 12699
1672057923010 58 12749
1672057937294 58 12799
1672057944844 58 12802
1672057948131 59 12802
1672057962275 59 12849
1672057976547 59 12899
1672057990778 59 12949
1672058005013 59 12999
1672058017359 59 13019
1672058020636 60 13019
1672058029926 60 13049
1672058044366 60 13099
1672058058766 60 13149
1672058073220 60 13199
1672058090143 60 13236
1672058093415 61 13236
1672058097799 61 13249
1672058112100 61 13299
1672058126358 61 13349
1672058140720 61 13399
1672058154968 61 13449
1672058162502 61 13453
1672058165788 62 13453
1672058179575 62 13499
1672058194063 62 13549
1672058208420 62 13599
1672058222629 62 13649
1672058234894 62 13670
1672058238217 63 13670
1672058247131 63 13699
1672058261368 63 13749
1672058275764 63 13799
1672058290110 63 13849
1672058307375 63 13887
1672058310670 64 13887
1672058314808 64 13899
1672058329067 64 13949
1672058343735 64 13999
1672058357960 64 14049
1672058372157 64 14099
1672058380033 64 14104
1672058383301 65 14104
1672058396768 65 14149
1672058410961 65 14199
1672058425103 65 14249
1672058439275 65 14299
1672058451860 65 14321
1672058455094 66 14321
1672058463753 66 14349
1672058478459 66 14399
1672058492715 66 14449
1672058507109 66 14499
1672058524702 66 14538
1672058528042 67 14538
1672058531926 67 14549
1672058546145 67 14599
1672058560392 67 14649
1672058574687 67 14699
1672058588939 67 14749
1672058597156 67 14755
1672058600422 68 14755
1672058613563 68 14799
1672058628183 68 14849
1672058642406 68 14899
1672058656835 68 14949
1672058669921 68 14972
1672058673251 69 14972
1672058681657 69 14999
1672058695849 69 15049
1672058710086 69 15099
1672058724614 69 15149
1672058742449 69 15189
1672058745718 70 15189
1672058749269 70 15199
1672058763824 70 15249
1672058778126 70 15299
1672058792765 70 15349
1672058807043 70 15399
1672058815450 70 15406
1672058818740 71 15406
1672058831690 71 15449
1672058845923 71 15499
1672058860316 71 15549
1672058874600 71 15599
1672058888028 71 15623
1672058891273 72 15623
1672058899576 72 15649
1672058913987 72 15699
1672058928366 72 15749
1672058942756 72 15799
1672058960976 72 15840
1672058964239 73 15840
1672058967553 73 15849
1672058981848 73 15899
1672058996465 73 15949
1672059010779 73 15999
1672059025145 73 16049
1672059033774 73 16057
1672059036991 74 16057
1672059049751 74 16099
1672059064123 74 16149
1672059078309 74 16199
1672059092519 74 16249
1672059105868 74 16274
1672059109170 75 16274
1672059117014 75 16299
1672059131292 75 16349
1672059145557 75 16399
1672059160048 75 16449
1672059178633 75 16491
1672059181854 76 16491
1672059184909 76 16499
1672059199165 76 16549
1672059213575 76 16599
1672059227981 76 16649
1672059242233 76 16699
1672059251154 76 16708
1672059254390 77 16708
1672059266842 77 16749
1672059281422 77 16799
1672059295756 77 16849
1672059310124 77 16899
1672059323818 77 16925
1672059327056 78 16925
1672059334618 78 16949
1672059349129 78 16999
1672059363541 78 17049
1672059377824 78 17099
1672059396639 78 17142
1672059399942 79 17142
1672059402692 79 17149
1672059417063 79 17199
1672059431278 79 17249
1672059445523 79 17299
1672059459740 79 17349
1672059469024 79 17359
1672059472378 80 17359
1672059484627 80 17399
1672059499026 80 17449
1672059513426 80 17499
1672059527670 80 17549
1672059541743 80 17576
1672059545056 81 17576
1672059552491 81 17599
1672059566748 81 17649
1672059581065 81 17699
1672059595274 81 17749
1672059614707 81 17793
1672059617927 82 17793
1672059620336 82 17799
1672059634878 82 17849
1672059649217 82 17899
1672059663436 82 17949
1672059677635 82 17999
1672059687063 82 18010
1672059690322 83 18010
1672059702095 83 18049
1672059716259 83 18099
1672059730459 83 18149
1672059744609 83 18199
1672059759227 83 18227
1672059762464 84 18227
1672059769593 84 18249
1672059784024 84 18299
1672059798298 84 18349
1672059812592 84 18399
1672059831814 84 18444
1672059835042 85 18444
1672059837230 85 18449
1672059851488 85 18499
1672059865886 85 18549
1672059880400 85 18599
1672059894678 85 18649
1672059904763 85 18661
1672059908093 86 18661
1672059919737 86 18699
1672059934270 86 18749
1672059948547 86 18799
1672059962856 86 18849
1672059977383 86 18878
1672059980671 87 18878
1672059987382 87 18899
1672060001784 87 18949
1672060016078 87 18999
1672060030398 87 19049
1672060050231 87 19095
1672060053545 88 19095
1672060055408 88 19099
1672060069699 88 19149
1672060084043 88 19199
1672060098367 88 19249
1672060112678 88 19299
1672060122789 88 19312
1672060126100 89 19312
1672060137299 89 19349
1672060151530 89 19399
1672060165999 89 19449
1672060180320 89 19499
1672060195347 89 19529
1672060198621 90 19529
1672060205030 90 19549
1672060219218 90 19599
1672060233425 90 19649
1672060299647 90 19699
1672060319428 90 19746
1672060322753 91 19746
1672060324336 91 19749
1672060338540 91 19799
1672060352791 91 19849
1672060367182 91 19899
1672060381587 91 19949
1672060391987 91 19963
1672060395192 92 19963
1672060406099 92 19999
1672060420353 92 20049
1672060434603 92 20099
1672060448869 92 20149
1672060464390 92 20180
1672060467640 93 20180
1672060473850 93 20199
1672060488194 93 20249
1672060502695 93 20299
1672060517211 93 20349
1672060537389 93 20397
1672060540700 94 20397
1672060541966 94 20399
1672060556224 94 20449
1672060570525 94 20499
1672060584824 94 20549
1672060599108 94 20599
1672060609991 94 20614
1672060613262 95 20614
1672060623956 95 20649
1672060638609 95 20699
1672060652908 95 20749
1672060667471 95 20799
1672060683198 95 20831
1672060686508 96 20831
1672060692357 96 20849
1672060706643 96 20899
1672060720993 96 20949
1672060735239 96 20999
1672060755916 96 21048
1672060759197 97 21048
1672060760216 97 21049
1672060774639 97 21099
1672060789212 97 21149
1672060803576 97 21199
1672060817813 97 21249
1672060828934 97 21265
1672060832254 98 21265
1672060842677 98 21299
1672060856929 98 21349
1672060871191 98 21399
1672060885572 98 21449
1672060901323 98 21482
1672060904667 99 21482
1672060910240 99 21499
1672060924923 99 21549
1672060939214 99 21599
1672060953458 99 21649
1672060967537 99 21699
1672060974133 99 21699
1672060977460 100 21699
1672060992419 100 21749
1672061006743 100 21799
1672061021052 100 21849
1672061035659 100 21899
1672061047047 100 21916
1672061050342 101 21916
1672061060393 101 21949
1672061074774 101 21999
1672061089025 101 22049
1672061103258 101 22099
1672061119522 101 22133
1672061122728 102 22133
1672061127975 102 22149
1672061142227 102 22199
1672061156517 102 22249
1672061170902 102 22299
1672061185294 102 22349
1672061192048 102 22350
1672061195308 103 22350
1672061210154 103 22399
1672061224400 103 22449
1672061238636 103 22499
1672061252896 103 22549
1672061264436 103 22567
1672061267660 104 22567
1672061277556 104 22599
1672061291808 104 22649
1672061306179 104 22699
1672061320573 104 22749
1672061337236 104 22784
1672061340481 105 22784
1672061345470 105 22799
1672061359699 105 22849
1672061373948 105 22899
1672061388198 105 22949
1672061402420 105 22999
1672061409389 105 23001
1672061412678 106 23001
1672061427138 106 23049
1672061441561 106 23099
1672061455882 106 23149
1672061470162 106 23199
1672061482109 106 23218
1672061485424 107 23218
1672061494985 107 23249
1672061509234 107 23299
1672061523570 107 23349
1672061537828 107 23399
1672061554529 107 23435
1672061557822 108 23435
1672061562670 108 23449
1672061577081 108 23499
1672061591335 108 23549
1672061605741 108 23599
1672061620102 108 23649
1672061627344 108 23652
1672061630662 109 23652
1672061644803 109 23699
1672061659123 109 23749
1672061673446 109 23799
1672061687811 109 23849
1672061699980 109 23869
1672061703287 110 23869
1672061712661 110 23899
1672061726862 110 23949
1672061741358 110 23999
1672061755540 110 24049
1672061772839 110 24086
1672061776087 111 24086
1672061780563 111 24099
1672061794863 111 24149
1672061809213 111 24199
1672061823726 111 24249
1672061838002 111 24299
1672061847079 111 24303
1672061850344 112 24303
1672061864468 112 24349
1672061878647 112 24399
1672061892847 112 24449
1672061907044 112 24499
1672061919402 112 24520
1672061922699 113 24520
1672061931631 113 24549
1672061945995 113 24599
1672061960558 113 24649
1672061974966 113 24699
1672061992174 113 24737
1672061995479 114 24737
1672061999649 114 24749
1672062013931 114 24799
1672062028296 114 24849
1672062042530 114 24899
1672062056744 114 24949
1672062064472 114 24954
1672062067672 115 24954
1672062081209 115 24999
1672062095629 115 25049
1672062110057 115 25099
1672062124522 115 25149
1672062137469 115 25171
1672062140684 116 25171
1672062149413 116 25199
1672062163701 116 25249
1672062178001 116 25299
1672062192315 116 25349
1672062210101 116 25388
1672062213384 117 25388
1672062217235 117 25399
1672062231514 117 25449
1672062246079 117 25499
1672062260345 117 25549
1672062274720 117 25599
1672062282988 117 25605
1672062286291 118 25605
1672062299479 118 25649
1672062313720 118 25699
1672062327975 118 25749
1672062342182 118 25799
1672062355172 118 25822
1672062358493 119 25822
1672062366836 119 25849
1672062381054 119 25899
1672062395555 119 25949
1672062409898 119 25999
1672062428036 119 26039
1672062431359 120 26039
1672062434962 120 26049
1672062449273 120 26099
1672062463565 120 26149
1672062477878 120 26199
1672062492126 120 26249
1672062500487 120 26256
1672062503772 121 26256
1672062516742 121 26299
1672062531228 121 26349
1672062545746 121 26399
1672062559937 121 26449
1672062573057 121 26473
1672062576406 122 26473
1672062584586 122 26499
1672062598931 122 26549
1672062613183 122 26599
1672062627433 122 26649
1672062645862 122 26690
1672062649058 123 26690
1672062652485 123 26699
1672062666963 123 26749
1672062681353 123 26799
1672062695785 123 26849
1672062710011 123 26899
1672062718746 123 26907
1672062722009 124 26907
1672062734748 124 26949
1672062749010 124 26999
1672062763597 124 27049
1672062777976 124 27099
1672062791401 124 27124
1672062794623 125 27124
1672062802726 125 27149
1672062817104 125 27199
1672062831409 125 27249
1672062845719 125 27299
1672062864076 125 27341
1672062867345 126 27341
1672062870409 126 27349
1672062884682 126 27399
1672062899007 126 27449
1672062913297 126 27499
1672062927744 126 27549
1672062936807 126 27558
1672062940126 127 27558
1672062952890 127 27599
1672062967245 127 27649
1672062981590 127 27699
1672062995933 127 27749
1672063009594 127 27775
1672063012840 128 27775
1672063020417 128 27799
1672063034686 128 27849
1672063049166 128 27899
1672063063839 128 27949
1672063082614 128 27992
1672063085920 129 27992
1672063088614 129 27999
1672063102860 129 28049
1672063117131 129 28099
1672063131379 129 28149
1672063145676 129 28199
1672063154916 129 28209
1672063158172 130 28209
1672063170323 130 28249
1672063184733 130 28299
1672063199116 130 28349
1672063213530 130 28399
1672063227768 130 28426
1672063230978 131 28426
1672063238305 131 28449
1672063252599 131 28499
1672063266893 131 28549
1672063281175 131 28599
1672063300358 131 28643
1672063303646 132 28643
1672063306156 132 28649
1672063320438 132 28699
1672063335030 132 28749
1672063349259 132 28799
1672063363635 132 28849
1672063373425 132 28860
1672063376772 133 28860
1672063388669 133 28899
1672063403090 133 28949
1672063417363 133 28999
1672063431663 133 29049
1672063446109 133 29077
1672063449368 134 29077
1672063456450 134 29099
1672063470828 134 29149
1672063485383 134 29199
1672063499811 134 29249
1672063519034 134 29294
1672063522300 135 29294
1672063524422 135 29299
1672063538768 135 29349
1672063553079 135 29399
1672063567445 135 29449
1672063581865 135 29499
1672063591861 135 29511
1672063595094 136 29511
1672063606729 136 29549
1672063621150 136 29599
1672063635564 136 29649
1672063649827 136 29699
1672063664488 136 29728
1672063667774 137 29728
1672063674494 137 29749
1672063688722 137 29799
1672063702987 137 29849
1672063717215 137 29899
1672063737071 137 29945
1672063740380 138 29945
1672063742240 138 29949
1672063756518 138 29999
1672063770766 138 30049
1672063784989 138 30099
1672063799370 138 30149
1672063809500 138 30162
1672063812751 139 30162
1672063823979 139 30199
1672063838275 139 30249
1672063852579 139 30299
1672063866869 139 30349
1672063882182 139 30379
1672063885465 140 30379
1672063891874 140 30399
1672063906161 140 30449
1672063920508 140 30499
1672063934948 140 30549
1672063954766 140 30596
1672063958021 141 30596
1672063959624 141 30599
1672063973847 141 30649
1672063988150 141 30699
1672064002438 141 30749
1672064016824 141 30799
1672064027524 141 30813
1672064030802 142 30813
1672064042075 142 30849
1672064056371 142 30899
1672064070625 142 30949
1672064084885 142 30999
1672064100283 142 31030
1672064103604 143 31030
1672064109774 143 31049
1672064123971 143 31099
1672064138223 143 31149
1672064152422 143 31199
1672064172727 143 31247
1672064175999 144 31247
1672064177297 144 31249
1672064191705 144 31299
1672064206210 144 31349
1672064220467 144 31399
1672064234850 144 31449
1672064245712 144 31464
1672064248930 145 31464
1672064259641 145 31499
1672064273918 145 31549
1672064288220 145 31599
1672064302623 145 31649
1672064318317 145 31681
1672064321636 146 31681
1672064327451 146 31699
1672064342007 146 31749
1672064356320 146 31799
1672064370604 146 31849
1672064391020 146 31898
1672064394373 147 31898
1672064395359 147 31899
1672064409608 147 31949
1672064424034 147 31999
1672064438296 147 32049
1672064452807 147 32099
1672064463919 147 32115
1672064467159 148 32115
1672064477595 148 32149
1672064491851 148 32199
1672064506080 148 32249
1672064520328 148 32299
1672064536127 148 32332
1672064539419 149 32332
1672064544961 149 32349
1672064559127 149 32399
1672064573582 149 32449
1672064587905 149 32499
1672064601882 149 32549
1672064608583 149 32549
1672064611675 150 32549
