1672053677762 0.6666666865348816 49
1672053691978 0.4583333432674408 99
1672053706274 0.512499988079071 149
1672053721076 0.6875 199
1672053745076 0.7083333134651184 249
1672053759266 0.5416666865348816 299
1672053773433 0.7500000596046448 349
1672053787624 0.5666667222976685 399
1672053811782 0.6499999761581421 449
1672053826004 0.7291666865348816 499
1672053840475 0.5083333253860474 549
1672053854810 0.4375 599
1672053868990 0.5416666865348816 649
1672053893153 0.5625 699
1672053907370 0.7249999642372131 749
1672053921578 0.5625 799
1672053935800 0.375 849
1672053960446 0.5833333730697632 899
1672053974925 0.5874999761581421 949
1672053989264 0.5416666865348816 999
1672054003467 0.625 1049
1672054027617 0.6458333134651184 1099
1672054041870 0.625 1149
1672054056108 0.6875 1199
1672054070366 0.5625 1249
1672054084573 0.625 1299
1672054109251 0.9375 1349
1672054123661 0.8541666865348816 1399
1672054137953 0.5249999761581421 1449
1672054152201 0.6458333134651184 1499
1672054176497 0.6875000596046448 1549
1672054190711 0.550000011920929 1599
1672054204956 0.7291666865348816 1649
1672054219295 0.3125 1699
1672054243823 0.5446428656578064 1749
1672054258160 0.5833333730697632 1799
1672054272386 0.7333333492279053 1849
1672054286601 0.6946429014205933 1899
1672054300804 0.7916666865348816 1949
1672054325411 0.6666666865348816 1999
1672054339578 0.6875 2049
1672054353786 0.6666666865348816 2099
1672054368276 0.612500011920929 2149
1672054392860 0.7291666865348816 2199
1672054407068 0.5583333373069763 2249
1672054421249 0.4375 2299
1672054435472 0.6083333492279053 2349
1672054459634 0.5375000238418579 2399
1672054474031 0.875 2449
1672054488299 0.7916666865348816 2499
1672054502847 0.6041666865348816 2549
1672054517210 0.38333332538604736 2599
1672054541462 0.4166666865348816 2649
1672054555760 0.4333333373069763 2699
1672054570025 0.6041666269302368 2749
1672054584265 0.6000000238418579 2799
1672054608791 0.574999988079071 2849
1672054623201 0.2708333432674408 2899
1672054637551 0.5166666507720947 2949
1672054651780 0.6875 2999
1672054676304 0.6541666984558105 3049
1672054690610 0.5208333730697632 3099
1672054704898 0.5249999761581421 3149
1672054719198 0.5874999761581421 3199
1672054733682 0.6666666865348816 3249
1672054758302 0.625 3299
1672054772562 0.5583333373069763 3349
1672054786965 0.5 3399
1672054801291 0.4166666865348816 3449
1672054825909 0.8541666865348816 3499
1672054840213 0.9166666865348816 3549
1672054854659 0.5874999761581421 3599
1672054869183 0.875 3649
1672054893684 0.1666666716337204 3699
1672054907981 0.6708333492279053 3749
1672054922446 0.8125 3799
1672054936750 0.45000001788139343 3849
1672054951034 0.6250000596046448 3899
1672054975429 0.5416666865348816 3949
1672054989822 0.7166666984558105 3999
1672055004127 0.5625 4049
1672055018512 0.4583333432674408 4099
1672055043119 0.4583333432674408 4149
1672055057524 0.625 4199
1672055071755 0.625 4249
1672055086010 0.6904761791229248 4299
1672055110560 0.5833333730697632 4349
1672055124912 1.0 4399
1672055139195 0.4541666507720947 4449
1672055153422 0.6000000238418579 4499
1672055167786 0.4791666865348816 4549
1672055192274 0.6000000238418579 4599
1672055206491 0.699999988079071 4649
1672055220857 0.6041666865348816 4699
1672055235577 0.375 4749
1672055260275 0.5 4799
1672055274708 0.6166666746139526 4849
1672055289314 0.5333333611488342 4899
1672055304278 0.6875 4949
1672055329278 0.6458333134651184 4999
1672055343693 0.4375 5049
1672055358189 0.4375 5099
1672055372531 0.7916666865348816 5149
1672055386943 0.5285714268684387 5199
1672055411789 0.625 5249
1672055426283 0.8333333730697632 5299
1672055440584 0.7083333134651184 5349
1672055455034 0.5625 5399
1672055480081 0.3916666805744171 5449
1672055494441 0.8333333134651184 5499
1672055508803 0.8166666626930237 5549
1672055523160 0.4958333373069763 5599
1672055547935 0.5 5649
1672055562392 0.625 5699
1672055576839 0.5166666507720947 5749
1672055591119 0.8166667222976685 5799
1672055605407 0.6666666865348816 5849
1672055630497 0.8166667222976685 5899
1672055644842 0.75 5949
1672055659219 0.75 5999
1672055673562 0.4375 6049
1672055698366 0.28333333134651184 6099
1672055712850 0.4375 6149
1672055727182 0.2916666865348816 6199
1672055741526 0.6499999761581421 6249
1672055766267 0.7875000238418579 6299
1672055780825 0.5 6349
1672055795157 0.5333333015441895 6399
1672055809651 0.3958333432674408 6449
1672055823996 0.75 6499
1672055848921 0.9166666865348816 6549
1672055863338 0.7500000596046448 6599
1672055877719 0.5249999761581421 6649
1672055892121 0.5375000238418579 6699
1672055917135 0.8166666626930237 6749
1672055931515 0.5874999761581421 6799
1672055946095 0.5625 6849
1672055960478 0.8999999761581421 6899
1672055985221 0.75 6949
1672055999696 0.3791666626930237 6999
1672056014173 0.6666666865348816 7049
1672056028587 0.5 7099
1672056042979 0.8125 7149
1672056068110 0.75 7199
1672056082487 0.6000000238418579 7249
1672056097016 0.625 7299
1672056111425 0.7875000238418579 7349
1672056136590 0.625 7399
1672056150858 0.5999999642372131 7449
1672056165226 0.2750000059604645 7499
1672056179576 0.5833333134651184 7549
1672056204417 0.5833333730697632 7599
1672056218878 0.75 7649
1672056233158 0.612500011920929 7699
1672056247566 0.22499999403953552 7749
1672056261835 0.4749999940395355 7799
1672056286547 0.3333333432674408 7849
1672056300890 0.8374999761581421 7899
1672056315314 0.4625000059604645 7949
1672056329680 0.6000000238418579 7999
1672056354357 0.699999988079071 8049
1672056368698 0.5416666865348816 8099
1672056383129 0.8374999761581421 8149
1672056397433 0.875 8199
1672056422223 0.4583333432674408 8249
1672056436546 0.7083333134651184 8299
1672056451023 0.7916666865348816 8349
1672056465346 0.3958333432674408 8399
1672056479968 0.449404776096344 8449
1672056504803 0.5833333730697632 8499
1672056518973 0.5666666626930237 8549
1672056533173 0.574999988079071 8599
1672056547635 0.7249999642372131 8649
1672056572467 0.7250000238418579 8699
1672056586852 0.10000000149011612 8749
1672056601234 0.5 8799
1672056615633 0.875 8849
1672056640523 0.6916666626930237 8899
1672056654866 0.4375 8949
1672056669332 0.2666666805744171 8999
1672056683754 0.7333333492279053 9049
1672056698074 0.625 9099
1672056722690 0.9166666865348816 9149
1672056737062 0.875 9199
1672056751324 0.7541667222976685 9249
1672056765542 0.38749998807907104 9299
1672056790575 0.7833333015441895 9349
1672056804945 0.6875 9399
1672056819425 0.8541666865348816 9449
1672056833732 0.9375 9499
1672056858574 0.7916666865348816 9549
1672056872841 0.625 9599
1672056887282 0.612500011920929 9649
1672056901586 0.5416666865348816 9699
1672056916139 0.5416666865348816 9749
1672056940853 0.4166666865348816 9799
1672056955421 0.6583333015441895 9849
1672056969705 0.887499988079071 9899
1672056983975 0.6875 9949
1672057008845 0.6666666865348816 9999
1672057023308 0.625 10049
1672057037699 0.9166666865348816 10099
1672057052155 0.6458333730697632 10149
1672057077375 0.7708333730697632 10199
1672057091604 0.6666666865348816 10249
1672057105776 0.4000000059604645 10299
1672057120425 0.6041666865348816 10349
1672057134733 0.4166666865348816 10399
1672057159284 0.7916666865348816 10449
1672057173556 0.824999988079071 10499
1672057188130 0.5 10549
1672057202602 0.5625 10599
1672057227234 0.8125 10649
1672057241463 0.6619048118591309 10699
1672057255748 0.5666666626930237 10749
1672057270013 0.625 10799
1672057284059 0.5 10849
1672057309223 0.4583333730697632 10899
1672057323580 0.7749999761581421 10949
1672057337897 0.3333333134651184 10999
1672057352116 0.6708332896232605 11049
1672057376700 0.625 11099
1672057391069 0.42500001192092896 11149
1672057405451 0.6499999761581421 11199
1672057419972 0.6708332896232605 11249
1672057444735 0.6041666865348816 11299
1672057459308 0.5416666865348816 11349
1672057473698 0.5833333730697632 11399
1672057488029 0.6625000238418579 11449
1672057502273 0.7291666865348816 11499
1672057526638 0.699999988079071 11549
1672057540881 0.75 11599
1672057555085 0.4791666865348816 11649
1672057569681 0.7916666865348816 11699
1672057594563 0.7083333134651184 11749
1672057609109 0.4166666865348816 11799
1672057623484 0.6875 11849
1672057637831 0.6083333492279053 11899
1672057662425 0.5625 11949
1672057676652 0.6000000238418579 11999
1672057691130 0.6916667222976685 12049
1672057705333 0.7291666865348816 12099
1672057719570 0.6666666865348816 12149
1672057744553 0.6583333015441895 12199
1672057758895 0.5541666746139526 12249
1672057773183 0.612500011920929 12299
1672057787480 0.3333333432674408 12349
1672057812814 0.7678571343421936 12399
1672057827035 0.8333333730697632 12449
1672057841213 0.5833333730697632 12499
1672057855400 0.5 12549
1672057880208 0.6875 12599
1672057894419 0.6666666865348816 12649
1672057908789 0.75 12699
1672057923010 0.7916666865348816 12749
1672057937294 0.75 12799
1672057962275 0.8500000238418579 12849
1672057976547 0.6499999761581421 12899
1672057990778 0.5 12949
1672058005013 0.375 12999
1672058029926 0.7916666865348816 13049
1672058044366 0.699999988079071 13099
1672058058766 0.6666666865348816 13149
1672058073220 0.8125 13199
1672058097799 0.7916666865348816 13249
1672058112100 0.4333333373069763 13299
1672058126358 0.5625 13349
1672058140720 0.4541666507720947 13399
1672058154968 0.25 13449
1672058179575 0.7678571343421936 13499
1672058194063 0.7333333492279053 13549
1672058208420 0.8125 13599
1672058222629 0.6916667222976685 13649
1672058247131 0.6250000596046448 13699
1672058261368 0.5874999761581421 13749
1672058275764 0.6666666865348816 13799
1672058290110 0.7250000238418579 13849
1672058314808 0.9166666865348816 13899
1672058329067 0.4833333492279053 13949
1672058343735 0.6666666269302368 13999
1672058357960 0.6499999761581421 14049
1672058372157 0.4124999940395355 14099
1672058396768 0.5041667222976685 14149
1672058410961 0.6000000238418579 14199
1672058425103 0.4583333432674408 14249
1672058439275 0.625 14299
1672058463753 0.625 14349
1672058478459 0.8374999761581421 14399
1672058492715 0.6499999761581421 14449
1672058507109 0.6875 14499
1672058531926 0.36250001192092896 14549
1672058546145 0.9375 14599
1672058560392 0.512499988079071 14649
1672058574687 0.6666666865348816 14699
1672058588939 1.0 14749
1672058613563 0.75 14799
1672058628183 0.7083333730697632 14849
1672058642406 0.5416666865348816 14899
1672058656835 0.6041666865348816 14949
1672058681657 0.5 14999
1672058695849 0.6666666865348816 15049
1672058710086 0.5625 15099
1672058724614 0.699999988079071 15149
1672058749269 0.3916666507720947 15199
1672058763824 0.4375 15249
1672058778126 0.4375 15299
1672058792765 0.574999988079071 15349
1672058807043 0.44583335518836975 15399
1672058831690 0.3958333432674408 15449
1672058845923 0.6916667222976685 15499
1672058860316 0.875 15549
1672058874600 0.762499988079071 15599
1672058899576 0.5 15649
1672058913987 0.7833333611488342 15699
1672058928366 0.7416666746139526 15749
1672058942756 0.7916666865348816 15799
1672058967553 0.5 15849
1672058981848 0.6000000238418579 15899
1672058996465 0.4333333373069763 15949
1672059010779 0.4124999940395355 15999
1672059025145 0.5714285373687744 16049
1672059049751 0.625 16099
1672059064123 0.3541666865348816 16149
1672059078309 0.75 16199
1672059092519 0.40833333134651184 16249
1672059117014 0.375 16299
1672059131292 0.3333333432674408 16349
1672059145557 0.75 16399
1672059160048 0.5392857193946838 16449
1672059184909 0.6666666865348816 16499
1672059199165 0.625 16549
1672059213575 0.8374999761581421 16599
1672059227981 0.8125 16649
1672059242233 0.25 16699
1672059266842 0.512499988079071 16749
1672059281422 0.5 16799
1672059295756 0.8500000238418579 16849
1672059310124 0.7333333492279053 16899
1672059334618 0.949999988079071 16949
1672059349129 0.4583333730697632 16999
1672059363541 0.5375000238418579 17049
1672059377824 0.7916666865348816 17099
1672059402692 0.7541667222976685 17149
1672059417063 0.3499999940395355 17199
1672059431278 0.6875 17249
1672059445523 0.5208333730697632 17299
1672059459740 0.5416666865348816 17349
1672059484627 0.5208333730697632 17399
1672059499026 0.7208333015441895 17449
1672059513426 0.6916666626930237 17499
1672059527670 0.6666666865348816 17549
1672059552491 1.0 17599
1672059566748 0.6583333611488342 17649
1672059581065 0.9166666865348816 17699
1672059595274 0.8125 17749
1672059620336 0.699999988079071 17799
1672059634878 0.8374999761581421 17849
1672059649217 0.8125 17899
1672059663436 0.4583333432674408 17949
1672059677635 0.5 17999
1672059702095 0.5833333134651184 18049
1672059716259 0.9375 18099
1672059730459 0.8125 18149
1672059744609 0.8041666746139526 18199
1672059769593 0.5833333134651184 18249
1672059784024 0.7708333134651184 18299
1672059798298 0.5 18349
1672059812592 0.4375 18399
1672059837230 0.4791666865348816 18449
1672059851488 0.8333333730697632 18499
1672059865886 0.6666666865348816 18549
1672059880400 0.5833333730697632 18599
1672059894678 0.637499988079071 18649
1672059919737 0.5666666626930237 18699
1672059934270 0.7083333134651184 18749
1672059948547 0.8333333730697632 18799
1672059962856 0.8041666746139526 18849
1672059987382 0.875 18899
1672060001784 0.574999988079071 18949
1672060016078 0.9017857313156128 18999
1672060030398 0.3928571343421936 19049
1672060055408 0.4583333730697632 19099
1672060069699 0.6875 19149
1672060084043 0.512499988079071 19199
1672060098367 0.8999999761581421 19249
1672060112678 0.3958333432674408 19299
1672060137299 0.7875000238418579 19349
1672060151530 0.6625000238418579 19399
1672060165999 0.8666666746139526 19449
1672060180320 0.7333333492279053 19499
1672060205030 0.6166666746139526 19549
1672060219218 0.887499988079071 19599
1672060233425 0.625 19649
1672060299647 0.6041666865348816 19699
1672060324336 0.6499999761581421 19749
1672060338540 0.8541666865348816 19799
1672060352791 0.699999988079071 19849
1672060367182 0.6291666626930237 19899
1672060381587 0.7083333134651184 19949
1672060406099 0.8166666626930237 19999
1672060420353 0.7708333730697632 20049
1672060434603 0.875 20099
1672060448869 0.40000003576278687 20149
1672060473850 0.6499999761581421 20199
1672060488194 0.5833333730697632 20249
1672060502695 0.8333333134651184 20299
1672060517211 0.875 20349
1672060541966 0.8541666865348816 20399
1672060556224 0.7083333730697632 20449
1672060570525 0.4791666865348816 20499
1672060584824 0.4833333194255829 20549
1672060599108 0.5 20599
1672060623956 0.625 20649
1672060638609 0.5458333492279053 20699
1672060652908 0.4166666865348816 20749
1672060667471 0.5625 20799
1672060692357 0.49166667461395264 20849
1672060706643 0.5416666865348816 20899
1672060720993 0.7291666865348816 20949
1672060735239 0.7458333373069763 20999
1672060760216 0.8541666865348816 21049
1672060774639 0.8374999761581421 21099
1672060789212 0.8374999761581421 21149
1672060803576 0.6666666865348816 21199
1672060817813 0.6875 21249
1672060842677 0.7749999761581421 21299
1672060856929 0.550000011920929 21349
1672060871191 0.4166666865348816 21399
1672060885572 0.4791666865348816 21449
1672060910240 0.5625 21499
1672060924923 0.5249999761581421 21549
1672060939214 0.5416666865348816 21599
1672060953458 0.8374999761581421 21649
1672060967537 0.0 21699
1672060992419 0.6875 21749
1672061006743 0.6041666865348816 21799
1672061021052 0.9166666865348816 21849
1672061035659 0.6416666507720947 21899
1672061060393 0.6666666865348816 21949
1672061074774 0.4333333373069763 21999
1672061089025 0.6041666865348816 22049
1672061103258 0.7291666865348816 22099
1672061127975 0.7083333730697632 22149
1672061142227 0.5 22199
1672061156517 0.625 22249
1672061170902 0.5 22299
1672061185294 0.375 22349
1672061210154 0.7708333134651184 22399
1672061224400 0.8125 22449
1672061238636 0.42499998211860657 22499
1672061252896 0.824999988079071 22549
1672061277556 0.6666666865348816 22599
1672061291808 0.6666666865348816 22649
1672061306179 0.6666666865348816 22699
1672061320573 0.46666669845581055 22749
1672061345470 0.875 22799
1672061359699 0.5208333134651184 22849
1672061373948 0.4583333432674408 22899
1672061388198 0.5833333730697632 22949
1672061402420 0.8333333134651184 22999
1672061427138 0.7416666746139526 23049
1672061441561 0.6000000238418579 23099
1672061455882 0.5833333730697632 23149
1672061470162 0.6875 23199
1672061494985 0.637499988079071 23249
1672061509234 0.125 23299
1672061523570 0.6666666865348816 23349
1672061537828 0.5833333730697632 23399
1672061562670 0.4583333432674408 23449
1672061577081 0.8333333134651184 23499
1672061591335 0.5416666865348816 23549
1672061605741 0.4791666865348816 23599
1672061620102 0.6666666865348816 23649
1672061644803 0.8500000238418579 23699
1672061659123 0.7083333730697632 23749
1672061673446 0.5083333253860474 23799
1672061687811 0.8666666746139526 23849
1672061712661 0.887499988079071 23899
1672061726862 0.75 23949
1672061741358 0.8125 23999
1672061755540 1.0 24049
1672061780563 0.6875 24099
1672061794863 1.0 24149
1672061809213 0.5416666865348816 24199
1672061823726 0.8333333730697632 24249
1672061838002 0.7083333730697632 24299
1672061864468 0.6041666865348816 24349
1672061878647 0.8333333730697632 24399
1672061892847 0.6666666865348816 24449
1672061907044 0.75 24499
1672061931631 0.5 24549
1672061945995 0.625 24599
1672061960558 0.5 24649
1672061974966 0.5684523582458496 24699
1672061999649 0.6666666865348816 24749
1672062013931 0.375 24799
1672062028296 0.5333333611488342 24849
1672062042530 0.625 24899
1672062056744 0.75 24949
1672062081209 0.6208333373069763 24999
1672062095629 0.6875 25049
1672062110057 0.7303571701049805 25099
1672062124522 0.3125 25149
1672062149413 0.4791666865348816 25199
1672062163701 0.625 25249
1672062178001 0.7083333730697632 25299
1672062192315 0.7749999761581421 25349
1672062217235 0.6500000357627869 25399
1672062231514 0.7124999761581421 25449
1672062246079 0.9583333134651184 25499
1672062260345 0.5833333134651184 25549
1672062274720 0.75 25599
1672062299479 0.9375 25649
1672062313720 0.8333333134651184 25699
1672062327975 0.5833333730697632 25749
1672062342182 0.4166666865348816 25799
1672062366836 0.5833333730697632 25849
1672062381054 0.7916666865348816 25899
1672062395555 0.4583333432674408 25949
1672062409898 0.8125 25999
1672062434962 0.75 26049
1672062449273 0.4166666865348816 26099
1672062463565 0.5 26149
1672062477878 0.4375 26199
1672062492126 0.48750001192092896 26249
1672062516742 0.625 26299
1672062531228 0.9166666865348816 26349
1672062545746 0.5083333253860474 26399
1672062559937 0.6499999761581421 26449
1672062584586 0.4375 26499
1672062598931 0.7916666865348816 26549
1672062613183 0.5625 26599
1672062627433 0.5833333730697632 26649
1672062652485 0.6666666865348816 26699
1672062666963 0.875 26749
1672062681353 0.574999988079071 26799
1672062695785 0.7124999761581421 26849
1672062710011 0.6708332896232605 26899
1672062734748 0.6666666865348816 26949
1672062749010 0.4000000059604645 26999
1672062763597 0.4375 27049
1672062777976 0.75 27099
1672062802726 0.8999999761581421 27149
1672062817104 0.625 27199
1672062831409 0.4375 27249
1672062845719 0.4791666865348816 27299
1672062870409 0.824999988079071 27349
1672062884682 0.7749999761581421 27399
1672062899007 0.675000011920929 27449
1672062913297 0.7916666865348816 27499
1672062927744 0.7250000238418579 27549
1672062952890 0.5833333730697632 27599
1672062967245 0.6041666865348816 27649
1672062981590 0.6083333492279053 27699
1672062995933 0.3333333432674408 27749
1672063020417 0.7291666865348816 27799
1672063034686 0.5416666865348816 27849
1672063049166 0.75 27899
1672063063839 0.4333333373069763 27949
1672063088614 0.5833333730697632 27999
1672063102860 0.6904762387275696 28049
1672063117131 0.7083333134651184 28099
1672063131379 1.0 28149
1672063145676 0.6666666865348816 28199
1672063170323 0.5625 28249
1672063184733 0.5 28299
1672063199116 0.7916666865348816 28349
1672063213530 0.7749999761581421 28399
1672063238305 0.8666666746139526 28449
1672063252599 0.7708333730697632 28499
1672063266893 0.5416666865348816 28549
1672063281175 0.699999988079071 28599
1672063306156 0.8999999761581421 28649
1672063320438 0.7416666746139526 28699
1672063335030 0.6000000238418579 28749
1672063349259 0.3125 28799
1672063363635 0.6875 28849
1672063388669 0.6875 28899
1672063403090 0.8333333730697632 28949
1672063417363 0.75 28999
1672063431663 0.9375 29049
1672063456450 0.25 29099
1672063470828 0.44999998807907104 29149
1672063485383 0.5625 29199
1672063499811 0.699999988079071 29249
1672063524422 0.6041666269302368 29299
1672063538768 0.574999988079071 29349
1672063553079 0.8333333730697632 29399
1672063567445 0.699999988079071 29449
1672063581865 0.5 29499
1672063606729 0.7250000238418579 29549
1672063621150 0.7291666865348816 29599
1672063635564 0.7541666626930237 29649
1672063649827 0.5874999761581421 29699
1672063674494 0.6625000238418579 29749
1672063688722 0.3125 29799
1672063702987 0.8333333134651184 29849
1672063717215 0.6041666865348816 29899
1672063742240 0.7083333134651184 29949
1672063756518 0.7083333730697632 29999
1672063770766 0.887499988079071 30049
1672063784989 0.887499988079071 30099
1672063799370 0.7416666746139526 30149
1672063823979 0.4791666865348816 30199
1672063838275 0.625 30249
1672063852579 0.8333333730697632 30299
1672063866869 0.5416666865348816 30349
1672063891874 0.6250000596046448 30399
1672063906161 0.875 30449
1672063920508 0.625 30499
1672063934948 0.8541666865348816 30549
1672063959624 0.2916666865348816 30599
1672063973847 0.6083333492279053 30649
1672063988150 0.6041666865348816 30699
1672064002438 0.875 30749
1672064016824 0.75 30799
1672064042075 0.6041666865348816 30849
1672064056371 0.625 30899
1672064070625 0.7749999761581421 30949
1672064084885 0.6499999761581421 30999
1672064109774 0.7083333730697632 31049
1672064123971 0.9166666865348816 31099
1672064138223 0.3958333432674408 31149
1672064152422 0.4124999940395355 31199
1672064177297 1.0 31249
1672064191705 0.7083333730697632 31299
1672064206210 0.4583333432674408 31349
1672064220467 0.5833333730697632 31399
1672064234850 0.375 31449
1672064259641 0.4583333432674408 31499
1672064273918 0.6083332896232605 31549
1672064288220 0.6166666746139526 31599
1672064302623 0.8333333730697632 31649
1672064327451 1.0 31699
1672064342007 0.5416666865348816 31749
1672064356320 0.5 31799
1672064370604 0.6458333134651184 31849
1672064395359 0.6291666626930237 31899
1672064409608 0.3750000298023224 31949
1672064424034 0.8541666865348816 31999
1672064438296 0.5416666865348816 32049
1672064452807 0.8452380895614624 32099
1672064477595 0.6875 32149
1672064491851 0.6833333373069763 32199
1672064506080 0.8125 32249
1672064520328 1.0 32299
1672064544961 0.5208333730697632 32349
1672064559127 0.5 32399
1672064573582 0.5833333730697632 32449
1672064587905 0.625 32499
1672064601882 0.25 32549
