1672053677762 0.6833333373069763 49
1672053691978 0.5833333730697632 99
1672053706274 0.60317462682724 149
1672053721076 0.7142857313156128 199
1672053745076 0.75 249
1672053759266 0.6166666746139526 299
1672053773433 0.7416666746139526 349
1672053787624 0.6166666746139526 399
1672053811782 0.5833333730697632 449
1672053826004 0.797619104385376 499
1672053840475 0.6138889193534851 549
1672053854810 0.5166666507720947 599
1672053868990 0.6166666746139526 649
1672053893153 0.5476190447807312 699
1672053907370 0.763888955116272 749
1672053921578 0.550000011920929 799
1672053935800 0.32499998807907104 849
1672053960446 0.6666666865348816 899
1672053974925 0.6111111640930176 949
1672053989264 0.5833333730697632 999
1672054003467 0.699999988079071 1049
1672054027617 0.7152777910232544 1099
1672054041870 0.6166666746139526 1149
1672054056108 0.6785714626312256 1199
1672054070366 0.6041666865348816 1249
1672054084573 0.6666666865348816 1299
1672054109251 0.9375 1349
1672054123661 0.6970238089561462 1399
1672054137953 0.6375000476837158 1449
1672054152201 0.6415584683418274 1499
1672054176497 0.7559524178504944 1549
1672054190711 0.6746032238006592 1599
1672054204956 0.7392857074737549 1649
1672054219295 0.3333333432674408 1699
1672054243823 0.4833333492279053 1749
1672054258160 0.6583333611488342 1799
1672054272386 0.8125 1849
1672054286601 0.7749999761581421 1899
1672054300804 0.8583333492279053 1949
1672054325411 0.7416666746139526 1999
1672054339578 0.7470238208770752 2049
1672054353786 0.6388888955116272 2099
1672054368276 0.7559523582458496 2149
1672054392860 0.6583333611488342 2199
1672054407068 0.6428571939468384 2249
1672054421249 0.511904776096344 2299
1672054435472 0.7083333730697632 2349
1672054459634 0.6904762387275696 2399
1672054474031 0.8809524178504944 2449
1672054488299 0.8388888835906982 2499
1672054502847 0.6333333849906921 2549
1672054517210 0.49642854928970337 2599
1672054541462 0.44999998807907104 2649
1672054555760 0.5178571343421936 2699
1672054570025 0.6625000238418579 2749
1672054584265 0.6597222089767456 2799
1672054608791 0.6578283309936523 2849
1672054623201 0.3392857313156128 2899
1672054637551 0.6097222566604614 2949
1672054651780 0.773809552192688 2999
1672054676304 0.7351190447807312 3049
1672054690610 0.5874999761581421 3099
1672054704898 0.6458333730697632 3149
1672054719198 0.6517857313156128 3199
1672054733682 0.625 3249
1672054758302 0.5892857313156128 3299
1672054772562 0.6761904954910278 3349
1672054786965 0.5568181872367859 3399
1672054801291 0.36666667461395264 3449
1672054825909 0.8785714507102966 3499
1672054840213 0.949999988079071 3549
1672054854659 0.7083333730697632 3599
1672054869183 0.8785714507102966 3649
1672054893684 0.20000000298023224 3699
1672054907981 0.6666666865348816 3749
1672054922446 0.8928571939468384 3799
1672054936750 0.5138888955116272 3849
1672054951034 0.7000000476837158 3899
1672054975429 0.6642857193946838 3949
1672054989822 0.7208333015441895 3999
1672055004127 0.6000000238418579 4049
1672055018512 0.5267857313156128 4099
1672055043119 0.5928571224212646 4149
1672055057524 0.735119104385376 4199
1672055071755 0.7500000596046448 4249
1672055086010 0.7939394116401672 4299
1672055110560 0.7249999642372131 4349
1672055124912 0.949999988079071 4399
1672055139195 0.5571428537368774 4449
1672055153422 0.7430556416511536 4499
1672055167786 0.5821428894996643 4549
1672055192274 0.6761904954910278 4599
1672055206491 0.7972222566604614 4649
1672055220857 0.7142857313156128 4699
1672055235577 0.5 4749
1672055260275 0.6000000238418579 4799
1672055274708 0.5928571224212646 4849
1672055289314 0.6857143044471741 4899
1672055304278 0.6388888955116272 4949
1672055329278 0.6875 4999
1672055343693 0.5392857193946838 5049
1672055358189 0.523809552192688 5099
1672055372531 0.7833333611488342 5149
1672055386943 0.625 5199
1672055411789 0.7666666507720947 5249
1672055426283 0.7416666746139526 5299
1672055440584 0.798701286315918 5349
1672055455034 0.5833333730697632 5399
1672055480081 0.48571428656578064 5449
1672055494441 0.7416666746139526 5499
1672055508803 0.887499988079071 5549
1672055523160 0.5 5599
1672055547935 0.49761903285980225 5649
1672055562392 0.6666666865348816 5699
1672055576839 0.6484127044677734 5749
1672055591119 0.8017857074737549 5799
1672055605407 0.7285714149475098 5849
1672055630497 0.8041666746139526 5899
1672055644842 0.824999988079071 5949
1672055659219 0.773809552192688 5999
1672055673562 0.523809552192688 6049
1672055698366 0.3222222328186035 6099
1672055712850 0.5267857313156128 6149
1672055727182 0.36666667461395264 6199
1672055741526 0.7777778506278992 6249
1672055766267 0.7420635223388672 6299
1672055780825 0.5416666865348816 6349
1672055795157 0.5821428894996643 6399
1672055809651 0.4583333432674408 6449
1672055823996 0.826388955116272 6499
1672055848921 0.8666666746139526 6549
1672055863338 0.7416666746139526 6599
1672055877719 0.5375000238418579 6649
1672055892121 0.6071428656578064 6699
1672055917135 0.8597221970558167 6749
1672055931515 0.5952380895614624 6799
1672055946095 0.6416666507720947 6849
1672055960478 0.8865079879760742 6899
1672055985221 0.75 6949
1672055999696 0.4375 6999
1672056014173 0.6595238447189331 7049
1672056028587 0.5 7099
1672056042979 0.8500000238418579 7149
1672056068110 0.8214285969734192 7199
1672056082487 0.690079391002655 7249
1672056097016 0.625 7299
1672056111425 0.8392857313156128 7349
1672056136590 0.7416666746139526 7399
1672056150858 0.6791666746139526 7449
1672056165226 0.3303571343421936 7499
1672056179576 0.6439393758773804 7549
1672056204417 0.5976190567016602 7599
1672056218878 0.7833333611488342 7649
1672056233158 0.6726190447807312 7699
1672056247566 0.2916666865348816 7749
1672056261835 0.5357142686843872 7799
1672056286547 0.4333333373069763 7849
1672056300890 0.7250000238418579 7899
1672056315314 0.5684524178504944 7949
1672056329680 0.6666666269302368 7999
1672056354357 0.7972222566604614 8049
1672056368698 0.5809524059295654 8099
1672056383129 0.7749999761581421 8149
1672056397433 0.7916666865348816 8199
1672056422223 0.5083333253860474 8249
1672056436546 0.7559524178504944 8299
1672056451023 0.8166666626930237 8349
1672056465346 0.4642857313156128 8399
1672056479968 0.4958333373069763 8449
1672056504803 0.6833333373069763 8499
1672056518973 0.6041666865348816 8549
1672056533173 0.7222222685813904 8599
1672056547635 0.826388955116272 8649
1672056572467 0.8095238208770752 8699
1672056586852 0.1428571492433548 8749
1672056601234 0.5791667103767395 8799
1672056615633 0.9285714626312256 8849
1672056640523 0.737500011920929 8899
1672056654866 0.49761903285980225 8949
1672056669332 0.2857142686843872 8999
1672056683754 0.7767857313156128 9049
1672056698074 0.7147727608680725 9099
1672056722690 0.9142857193946838 9149
1672056737062 0.8660714626312256 9199
1672056751324 0.8184523582458496 9249
1672056765542 0.4888888895511627 9299
1672056790575 0.7166666984558105 9349
1672056804945 0.7976190447807312 9399
1672056819425 0.747619092464447 9449
1672056833732 0.8785714507102966 9499
1672056858574 0.8666666746139526 9549
1672056872841 0.7083333730697632 9599
1672056887282 0.7460317611694336 9649
1672056901586 0.6166666746139526 9699
1672056916139 0.6166666746139526 9749
1672056940853 0.44999998807907104 9799
1672056955421 0.7222222089767456 9849
1672056969705 0.8875000476837158 9899
1672056983975 0.7559524178504944 9949
1672057008845 0.7595238089561462 9999
1672057023308 0.5833333730697632 10049
1672057037699 0.949999988079071 10099
1672057052155 0.6666666865348816 10149
1672057077375 0.8642857074737549 10199
1672057091604 0.6642857193946838 10249
1672057105776 0.49166667461395264 10299
1672057120425 0.6142857074737549 10349
1672057134733 0.4166666865348816 10399
1672057159284 0.8184524178504944 10449
1672057173556 0.8472222089767456 10499
1672057188130 0.550000011920929 10549
1672057202602 0.5333333015441895 10599
1672057227234 0.8392857313156128 10649
1672057241463 0.7708333730697632 10699
1672057255748 0.6814394593238831 10749
1672057270013 0.6666666865348816 10799
1672057284059 0.5 10849
1672057309223 0.5666666626930237 10899
1672057323580 0.7208333611488342 10949
1672057337897 0.37012988328933716 10999
1672057352116 0.6458333730697632 11049
1672057376700 0.6666666865348816 11099
1672057391069 0.5595238208770752 11149
1672057405451 0.7708333730697632 11199
1672057419972 0.75 11249
1672057444735 0.7000000476837158 11299
1672057459308 0.4583333730697632 11349
1672057473698 0.7083333730697632 11399
1672057488029 0.773809552192688 11449
1672057502273 0.797619104385376 11499
1672057526638 0.6722222566604614 11549
1672057540881 0.75 11599
1672057555085 0.4809523820877075 11649
1672057569681 0.8439394235610962 11699
1672057594563 0.6809524297714233 11749
1672057609109 0.44999998807907104 11799
1672057623484 0.7142857313156128 11849
1672057637831 0.6541666984558105 11899
1672057662425 0.6666666865348816 11949
1672057676652 0.5359848737716675 11999
1672057691130 0.73333340883255 12049
1672057705333 0.797619104385376 12099
1672057719570 0.6071428656578064 12149
1672057744553 0.7490079402923584 12199
1672057758895 0.6365079283714294 12249
1672057773183 0.6041666865348816 12299
1672057787480 0.3976190686225891 12349
1672057812814 0.7651515603065491 12399
1672057827035 0.8999999761581421 12449
1672057841213 0.6583333611488342 12499
1672057855400 0.5 12549
1672057880208 0.6309524178504944 12599
1672057894419 0.6666666865348816 12649
1672057908789 0.8333333730697632 12699
1672057923010 0.8517857193946838 12749
1672057937294 0.8333333730697632 12799
1672057962275 0.8928571343421936 12849
1672057976547 0.6875 12899
1672057990778 0.5392857193946838 12949
1672058005013 0.375 12999
1672058029926 0.8333333730697632 13049
1672058044366 0.7192460894584656 13099
1672058058766 0.6642857193946838 13149
1672058073220 0.8309524059295654 13199
1672058097799 0.8333333730697632 13249
1672058112100 0.5178571343421936 13299
1672058126358 0.6059523820877075 13349
1672058140720 0.5690476298332214 13399
1672058154968 0.2678571343421936 13449
1672058179575 0.8068181872367859 13499
1672058194063 0.75 13549
1672058208420 0.8452380895614624 13599
1672058222629 0.7803571224212646 13649
1672058247131 0.7333333492279053 13699
1672058261368 0.699999988079071 13749
1672058275764 0.6041666865348816 13799
1672058290110 0.776388943195343 13849
1672058314808 0.8333333730697632 13899
1672058329067 0.5166666507720947 13949
1672058343735 0.6904762387275696 13999
1672058357960 0.7291666865348816 14049
1672058372157 0.523809552192688 14099
1672058396768 0.6017857193946838 14149
1672058410961 0.6428571343421936 14199
1672058425103 0.4642857313156128 14249
1672058439275 0.5333333611488342 14299
1672058463753 0.5 14349
1672058478459 0.908730149269104 14399
1672058492715 0.6875 14449
1672058507109 0.7665584683418274 14499
1672058531926 0.3958333134651184 14549
1672058546145 0.797619104385376 14599
1672058560392 0.6666666865348816 14649
1672058574687 0.699999988079071 14699
1672058588939 0.8888888955116272 14749
1672058613563 0.7522727251052856 14799
1672058628183 0.75 14849
1672058642406 0.5833333730697632 14899
1672058656835 0.7059524059295654 14949
1672058681657 0.550000011920929 14999
1672058695849 0.7250000238418579 15049
1672058710086 0.4791666865348816 15099
1672058724614 0.7000000476837158 15149
1672058749269 0.4642857015132904 15199
1672058763824 0.4928571283817291 15249
1672058778126 0.4583333730697632 15299
1672058792765 0.6583333611488342 15349
1672058807043 0.5625 15399
1672058831690 0.4333333373069763 15449
1672058845923 0.6970238089561462 15499
1672058860316 0.8939394354820251 15549
1672058874600 0.8304473757743835 15599
1672058899576 0.5541666746139526 15649
1672058913987 0.8500000238418579 15699
1672058928366 0.8222222328186035 15749
1672058942756 0.7698413133621216 15799
1672058967553 0.5416666865348816 15849
1672058981848 0.6428571343421936 15899
1672058996465 0.5178571343421936 15949
1672059010779 0.4928571581840515 15999
1672059025145 0.5611110925674438 16049
1672059049751 0.638888955116272 16099
1672059064123 0.41428571939468384 16149
1672059078309 0.8095238208770752 16199
1672059092519 0.4900793731212616 16249
1672059117014 0.4523809552192688 16299
1672059131292 0.4166666865348816 16349
1672059145557 0.7817460298538208 16399
1672059160048 0.6196581125259399 16449
1672059184909 0.6499999761581421 16499
1672059199165 0.625 16549
1672059213575 0.7892857193946838 16599
1672059227981 0.8809524178504944 16649
1672059242233 0.2750000059604645 16699
1672059266842 0.60317462682724 16749
1672059281422 0.574999988079071 16799
1672059295756 0.8095238208770752 16849
1672059310124 0.8125 16899
1672059334618 0.8531745672225952 16949
1672059349129 0.6166666746139526 16999
1672059363541 0.6095238327980042 17049
1672059377824 0.7595238089561462 17099
1672059402692 0.8309524059295654 17149
1672059417063 0.4583333730697632 17199
1672059431278 0.6642857193946838 17249
1672059445523 0.4541666507720947 17299
1672059459740 0.5522727370262146 17349
1672059484627 0.636904776096344 17399
1672059499026 0.7847222089767456 17449
1672059513426 0.7000000476837158 17499
1672059527670 0.699999988079071 17549
1672059552491 0.949999988079071 17599
1672059566748 0.6555556058883667 17649
1672059581065 0.824999988079071 17699
1672059595274 0.8071428537368774 17749
1672059620336 0.7698413133621216 17799
1672059634878 0.8740079402923584 17849
1672059649217 0.8809524178504944 17899
1672059663436 0.5 17949
1672059677635 0.5222222208976746 17999
1672059702095 0.6000000238418579 18049
1672059716259 0.7785714268684387 18099
1672059730459 0.800000011920929 18149
1672059744609 0.8865079283714294 18199
1672059769593 0.7083333730697632 18249
1672059784024 0.7041667103767395 18299
1672059798298 0.5 18349
1672059812592 0.512499988079071 18399
1672059837230 0.5571428537368774 18449
1672059851488 0.7916666865348816 18499
1672059865886 0.75 18549
1672059880400 0.6535714268684387 18599
1672059894678 0.7388888597488403 18649
1672059919737 0.6345238089561462 18699
1672059934270 0.7916666865348816 18749
1672059948547 0.8374999761581421 18799
1672059962856 0.8309524059295654 18849
1672059987382 0.8333333730697632 18899
1672060001784 0.550000011920929 18949
1672060016078 0.8557692170143127 18999
1672060030398 0.3693181872367859 19049
1672060055408 0.5666666626930237 19099
1672060069699 0.7059524059295654 19149
1672060084043 0.5222222805023193 19199
1672060098367 0.9217171669006348 19249
1672060112678 0.41428571939468384 19299
1672060137299 0.7946428656578064 19349
1672060151530 0.773809552192688 19399
1672060165999 0.9222222566604614 19449
1672060180320 0.7541666626930237 19499
1672060205030 0.6916666626930237 19549
1672060219218 0.9007936716079712 19599
1672060233425 0.638888955116272 19649
1672060299647 0.6833333969116211 19699
1672060324336 0.6722222566604614 19749
1672060338540 0.8017857074737549 19799
1672060352791 0.638888955116272 19849
1672060367182 0.7502706050872803 19899
1672060381587 0.810606062412262 19949
1672060406099 0.7708333730697632 19999
1672060420353 0.7420635223388672 20049
1672060434603 0.9166666865348816 20099
1672060448869 0.5416666865348816 20149
1672060473850 0.7559524178504944 20199
1672060488194 0.5595238208770752 20249
1672060502695 0.8500000238418579 20299
1672060517211 0.875 20349
1672060541966 0.8309524059295654 20399
1672060556224 0.7666667103767395 20449
1672060570525 0.512499988079071 20499
1672060584824 0.5814393758773804 20549
1672060599108 0.5833333730697632 20599
1672060623956 0.6499999761581421 20649
1672060638609 0.6101190447807312 20699
1672060652908 0.49166667461395264 20749
1672060667471 0.5392857193946838 20799
1672060692357 0.5151515007019043 20849
1672060706643 0.5416666865348816 20899
1672060720993 0.7000000476837158 20949
1672060735239 0.7510822415351868 20999
1672060760216 0.8309524059295654 21049
1672060774639 0.7892857193946838 21099
1672060789212 0.8041666746139526 21149
1672060803576 0.75 21199
1672060817813 0.637499988079071 21249
1672060842677 0.7803571224212646 21299
1672060856929 0.615079402923584 21349
1672060871191 0.38333335518836975 21399
1672060885572 0.5 21449
1672060910240 0.672619104385376 21499
1672060924923 0.6041666865348816 21549
1672060939214 0.6428571939468384 21599
1672060953458 0.9017857313156128 21649
1672060967537 0.0 21699
1672060992419 0.797619104385376 21749
1672061006743 0.6809523701667786 21799
1672061021052 0.8309524059295654 21849
1672061035659 0.6761904954910278 21899
1672061060393 0.6222222447395325 21949
1672061074774 0.5178571343421936 21999
1672061089025 0.6309524178504944 22049
1672061103258 0.797619104385376 22099
1672061127975 0.7416666746139526 22149
1672061142227 0.5833333730697632 22199
1672061156517 0.6666666865348816 22249
1672061170902 0.6189393997192383 22299
1672061185294 0.46666669845581055 22349
1672061210154 0.6796537041664124 22399
1672061224400 0.8309524059295654 22449
1672061238636 0.5095238089561462 22499
1672061252896 0.7722222805023193 22549
1672061277556 0.7500000596046448 22599
1672061291808 0.7833333611488342 22649
1672061306179 0.5833333730697632 22699
1672061320573 0.5333333015441895 22749
1672061345470 0.7724359035491943 22799
1672061359699 0.6071428656578064 22849
1672061373948 0.44999998807907104 22899
1672061388198 0.7000000476837158 22949
1672061402420 0.7250000238418579 22999
1672061427138 0.8388888835906982 23049
1672061441561 0.6666666865348816 23099
1672061455882 0.7095237970352173 23149
1672061470162 0.6865079402923584 23199
1672061494985 0.6597222089767456 23249
1672061509234 0.1428571343421936 23299
1672061523570 0.7416666746139526 23349
1672061537828 0.6499999761581421 23399
1672061562670 0.5666666626930237 23449
1672061577081 0.7309524416923523 23499
1672061591335 0.5416666865348816 23549
1672061605741 0.5392857193946838 23599
1672061620102 0.7059524059295654 23649
1672061644803 0.8740079402923584 23699
1672061659123 0.7833333611488342 23749
1672061673446 0.6095238327980042 23799
1672061687811 0.8500000238418579 23849
1672061712661 0.9365079402923584 23899
1672061726862 0.8333333730697632 23949
1672061741358 0.8809524178504944 23999
1672061755540 0.8611111640930176 24049
1672061780563 0.7708333730697632 24099
1672061794863 0.8999999761581421 24149
1672061809213 0.625 24199
1672061823726 0.8999999761581421 24249
1672061838002 0.7083333730697632 24299
1672061864468 0.6642857193946838 24349
1672061878647 0.8428571224212646 24399
1672061892847 0.7749999761581421 24449
1672061907044 0.5939394235610962 24499
1672061931631 0.6583333611488342 24549
1672061945995 0.6309524178504944 24599
1672061960558 0.6166666746139526 24649
1672061974966 0.6785714626312256 24699
1672061999649 0.7166666984558105 24749
1672062013931 0.4285714328289032 24799
1672062028296 0.5666667222976685 24849
1672062042530 0.6160714626312256 24899
1672062056744 0.8333333730697632 24949
1672062081209 0.7321428656578064 24999
1672062095629 0.7142857313156128 25049
1672062110057 0.7978896498680115 25099
1672062124522 0.40952378511428833 25149
1672062149413 0.5166666507720947 25199
1672062163701 0.5892857313156128 25249
1672062178001 0.7666667103767395 25299
1672062192315 0.8452381491661072 25349
1672062217235 0.762499988079071 25399
1672062231514 0.7222222089767456 25449
1672062246079 0.7689393758773804 25499
1672062260345 0.574999988079071 25549
1672062274720 0.7142857313156128 25599
1672062299479 0.9642857313156128 25649
1672062313720 0.824999988079071 25699
1672062327975 0.6916666626930237 25749
1672062342182 0.5 25799
1672062366836 0.6416666507720947 25849
1672062381054 0.7589285969734192 25899
1672062395555 0.5392857193946838 25949
1672062409898 0.797619104385376 25999
1672062434962 0.8184524178504944 26049
1672062449273 0.4833333492279053 26099
1672062463565 0.5416666865348816 26149
1672062477878 0.4642857313156128 26199
1672062492126 0.49761903285980225 26249
1672062516742 0.5595238208770752 26299
1672062531228 0.8642857074737549 26349
1672062545746 0.625 26399
1672062559937 0.7291666865348816 26449
1672062584586 0.523809552192688 26499
1672062598931 0.824999988079071 26549
1672062613183 0.5625 26599
1672062627433 0.6309523582458496 26649
1672062652485 0.6916666626930237 26699
1672062666963 0.8106061220169067 26749
1672062681353 0.5555555820465088 26799
1672062695785 0.8184524178504944 26849
1672062710011 0.7410714626312256 26899
1672062734748 0.7532467842102051 26949
1672062749010 0.409722238779068 26999
1672062763597 0.5476190447807312 27049
1672062777976 0.75 27099
1672062802726 0.9097222089767456 27149
1672062817104 0.6309523582458496 27199
1672062831409 0.4642857313156128 27249
1672062845719 0.5809524059295654 27299
1672062870409 0.888888955116272 27349
1672062884682 0.8541666865348816 27399
1672062899007 0.7539682984352112 27449
1672062913297 0.8785714507102966 27499
1672062927744 0.7803571820259094 27549
1672062952890 0.5222222805023193 27599
1672062967245 0.7476190328598022 27649
1672062981590 0.7541666626930237 27699
1672062995933 0.49166667461395264 27749
1672063020417 0.7476190328598022 27799
1672063034686 0.6583333611488342 27849
1672063049166 0.7689394354820251 27899
1672063063839 0.5428571701049805 27949
1672063088614 0.6499999761581421 27999
1672063102860 0.781818151473999 28049
1672063117131 0.8035714626312256 28099
1672063131379 0.9642857313156128 28149
1672063145676 0.6916666626930237 28199
1672063170323 0.5642856955528259 28249
1672063184733 0.5833333730697632 28299
1672063199116 0.7892857193946838 28349
1672063213530 0.8041666746139526 28399
1672063238305 0.8500000238418579 28449
1672063252599 0.8392857313156128 28499
1672063266893 0.49166667461395264 28549
1672063281175 0.7392857074737549 28599
1672063306156 0.9375 28649
1672063320438 0.8388888835906982 28699
1672063335030 0.6375000476837158 28749
1672063349259 0.380952388048172 28799
1672063363635 0.6476190686225891 28849
1672063388669 0.7142857313156128 28899
1672063403090 0.7559524178504944 28949
1672063417363 0.699999988079071 28999
1672063431663 0.8517857193946838 29049
1672063456450 0.3142857253551483 29099
1672063470828 0.5357142686843872 29149
1672063485383 0.6000000238418579 29199
1672063499811 0.7416666746139526 29249
1672063524422 0.7142857313156128 29299
1672063538768 0.5972222089767456 29349
1672063553079 0.8166666626930237 29399
1672063567445 0.7416666746139526 29449
1672063581865 0.46666666865348816 29499
1672063606729 0.6964285969734192 29549
1672063621150 0.7952381372451782 29599
1672063635564 0.761904776096344 29649
1672063649827 0.6517857313156128 29699
1672063674494 0.7321428656578064 29749
1672063688722 0.4333333373069763 29799
1672063702987 0.875 29849
1672063717215 0.5714285373687744 29899
1672063742240 0.625 29949
1672063756518 0.735714316368103 29999
1672063770766 0.9365079402923584 30049
1672063784989 0.85317462682724 30099
1672063799370 0.7541666626930237 30149
1672063823979 0.5523809194564819 30199
1672063838275 0.625 30249
1672063852579 0.8500000238418579 30299
1672063866869 0.639285683631897 30349
1672063891874 0.7666666507720947 30399
1672063906161 0.7083333730697632 30449
1672063920508 0.7083333730697632 30499
1672063934948 0.8517857193946838 30549
1672063959624 0.36666667461395264 30599
1672063973847 0.6791666746139526 30649
1672063988150 0.6642857193946838 30699
1672064002438 0.8160714507102966 30749
1672064016824 0.6845238208770752 30799
1672064042075 0.5059523582458496 30849
1672064056371 0.5375000238418579 30899
1672064070625 0.7708333730697632 30949
1672064084885 0.762499988079071 30999
1672064109774 0.8166666626930237 31049
1672064123971 0.949999988079071 31099
1672064138223 0.4392857253551483 31149
1672064152422 0.4791666865348816 31199
1672064177297 0.9166666865348816 31249
1672064191705 0.7666667103767395 31299
1672064206210 0.5416666865348816 31349
1672064220467 0.6527777910232544 31399
1672064234850 0.4809523820877075 31449
1672064259641 0.4583333432674408 31499
1672064273918 0.6684523820877075 31549
1672064288220 0.7365080118179321 31599
1672064302623 0.8666666746139526 31649
1672064327451 1.0 31699
1672064342007 0.5833333730697632 31749
1672064356320 0.4166666865348816 31799
1672064370604 0.6642857789993286 31849
1672064395359 0.747619092464447 31899
1672064409608 0.3678571283817291 31949
1672064424034 0.9142857193946838 31999
1672064438296 0.5772727131843567 32049
1672064452807 0.8351647853851318 32099
1672064477595 0.7222222089767456 32149
1672064491851 0.7867965698242188 32199
1672064506080 0.8392857313156128 32249
1672064520328 0.9017857313156128 32299
1672064544961 0.6726190447807312 32349
1672064559127 0.5142857432365417 32399
1672064573582 0.5333333611488342 32449
1672064587905 0.6166666746139526 32499
1672064601882 0.25 32549
