1672053677762 0.7083333730697632 49
1672053691978 0.9166666865348816 99
1672053706274 0.75 149
1672053721076 0.75 199
1672053745076 0.8333333134651184 249
1672053759266 0.75 299
1672053773433 0.875 349
1672053787624 0.6875 399
1672053811782 0.5625 449
1672053826004 0.9166666865348816 499
1672053840475 0.7916666865348816 549
1672053854810 0.75 599
1672053868990 0.7916666865348816 649
1672053893153 0.625 699
1672053907370 0.8125 749
1672053921578 0.6666666865348816 799
1672053935800 0.2916666865348816 849
1672053960446 0.8333333730697632 899
1672053974925 0.6499999761581421 949
1672053989264 0.6666666865348816 999
1672054003467 0.949999988079071 1049
1672054027617 0.8541666865348816 1099
1672054041870 0.6666666865348816 1149
1672054056108 0.6875 1199
1672054070366 0.6875 1249
1672054084573 0.75 1299
1672054109251 0.9375 1349
1672054123661 0.6041666865348816 1399
1672054137953 1.0 1449
1672054152201 0.6666666865348816 1499
1672054176497 0.9166666865348816 1549
1672054190711 0.9166666865348816 1599
1672054204956 0.7916666865348816 1649
1672054219295 0.4000000059604645 1699
1672054243823 0.5249999761581421 1749
1672054258160 0.8333333730697632 1799
1672054272386 1.0 1849
1672054286601 0.9375 1899
1672054300804 0.9583333134651184 1949
1672054325411 0.875 1999
1672054339578 0.8541666865348816 2049
1672054353786 0.6166666746139526 2099
1672054368276 1.0 2149
1672054392860 0.7333333492279053 2199
1672054407068 0.8333333730697632 2249
1672054421249 0.625 2299
1672054435472 0.9375 2349
1672054459634 1.0 2399
1672054474031 0.9375 2449
1672054488299 0.949999988079071 2499
1672054502847 0.8333333730697632 2549
1672054517210 0.75 2599
1672054541462 0.5 2649
1672054555760 0.75 2699
1672054570025 0.8125 2749
1672054584265 0.75 2799
1672054608791 0.8333333730697632 2849
1672054623201 0.5 2899
1672054637551 0.75 2949
1672054651780 0.9166666865348816 2999
1672054676304 0.8541666865348816 3049
1672054690610 0.6875 3099
1672054704898 0.875 3149
1672054719198 0.75 3199
1672054733682 0.6666666865348816 3249
1672054758302 0.625 3299
1672054772562 0.9166666865348816 3349
1672054786965 0.699999988079071 3399
1672054801291 0.375 3449
1672054825909 0.9375 3499
1672054840213 1.0 3549
1672054854659 0.9375 3599
1672054869183 0.9166666865348816 3649
1672054893684 0.25 3699
1672054907981 0.6708333492279053 3749
1672054922446 1.0 3799
1672054936750 0.6666666865348816 3849
1672054951034 0.8333333730697632 3899
1672054975429 0.875 3949
1672054989822 0.8999999761581421 3999
1672055004127 0.75 4049
1672055018512 0.6875 4099
1672055043119 0.9166666865348816 4149
1672055057524 0.9375 4199
1672055071755 1.0 4249
1672055086010 1.0 4299
1672055110560 1.0 4349
1672055124912 0.9166666865348816 4399
1672055139195 0.75 4449
1672055153422 1.0 4499
1672055167786 0.7916666865348816 4549
1672055192274 0.9166666865348816 4599
1672055206491 1.0 4649
1672055220857 0.9166666865348816 4699
1672055235577 0.75 4749
1672055260275 0.75 4799
1672055274708 0.574999988079071 4849
1672055289314 1.0 4899
1672055304278 0.6000000238418579 4949
1672055329278 0.7708333134651184 4999
1672055343693 0.75 5049
1672055358189 0.6666666865348816 5099
1672055372531 0.8333333730697632 5149
1672055386943 0.7916666865348816 5199
1672055411789 1.0 5249
1672055426283 0.7916666865348816 5299
1672055440584 0.9166666865348816 5349
1672055455034 0.6499999761581421 5399
1672055480081 0.6666666865348816 5449
1672055494441 0.7916666865348816 5499
1672055508803 1.0 5549
1672055523160 0.6666666865348816 5599
1672055547935 0.5208333730697632 5649
1672055562392 0.875 5699
1672055576839 1.0 5749
1672055591119 0.8541666865348816 5799
1672055605407 0.8333333134651184 5849
1672055630497 0.875 5899
1672055644842 1.0 5949
1672055659219 0.875 5999
1672055673562 0.6666666865348816 6049
1672055698366 0.375 6099
1672055712850 0.6666666865348816 6149
1672055727182 0.5 6199
1672055741526 1.0 6249
1672055766267 0.75 6299
1672055780825 0.625 6349
1672055795157 0.7291666865348816 6399
1672055809651 0.625 6449
1672055823996 0.9375 6499
1672055848921 0.875 6549
1672055863338 0.875 6599
1672055877719 0.5833333134651184 6649
1672055892121 0.75 6699
1672055917135 0.949999988079071 6749
1672055931515 0.625 6799
1672055946095 0.875 6849
1672055960478 0.887499988079071 6899
1672055985221 0.875 6949
1672055999696 0.5416666865348816 6999
1672056014173 0.6666666865348816 7049
1672056028587 0.5 7099
1672056042979 1.0 7149
1672056068110 0.9166666865348816 7199
1672056082487 0.949999988079071 7249
1672056097016 0.625 7299
1672056111425 0.9166666865348816 7349
1672056136590 1.0 7399
1672056150858 0.8666666746139526 7449
1672056165226 0.4166666865348816 7499
1672056179576 0.75 7549
1672056204417 0.6666666865348816 7599
1672056218878 0.9166666865348816 7649
1672056233158 0.875 7699
1672056247566 0.4166666865348816 7749
1672056261835 0.6666666865348816 7799
1672056286547 0.625 7849
1672056300890 0.75 7899
1672056315314 0.75 7949
1672056329680 1.0 7999
1672056354357 1.0 8049
1672056368698 0.6875 8099
1672056383129 0.7708333730697632 8149
1672056397433 0.8333333134651184 8199
1672056422223 0.5833333134651184 8249
1672056436546 0.9375 8299
1672056451023 0.9166666865348816 8349
1672056465346 0.5833333730697632 8399
1672056479968 0.5625 8449
1672056504803 0.875 8499
1672056518973 0.6666666865348816 8549
1672056533173 1.0 8599
1672056547635 1.0 8649
1672056572467 1.0 8699
1672056586852 0.25 8749
1672056601234 0.8125 8799
1672056615633 1.0 8849
1672056640523 0.8333333134651184 8899
1672056654866 0.5833333730697632 8949
1672056669332 0.375 8999
1672056683754 0.9375 9049
1672056698074 0.9375 9099
1672056722690 0.9375 9149
1672056737062 0.8999999761581421 9199
1672056751324 0.9166666865348816 9249
1672056765542 0.75 9299
1672056790575 0.699999988079071 9349
1672056804945 1.0 9399
1672056819425 0.7083333730697632 9449
1672056833732 0.8541666865348816 9499
1672056858574 1.0 9549
1672056872841 0.875 9599
1672056887282 1.0 9649
1672056901586 0.75 9699
1672056916139 0.75 9749
1672056940853 0.5 9799
1672056955421 0.875 9849
1672056969705 0.887499988079071 9899
1672056983975 0.9166666865348816 9949
1672057008845 0.9166666865348816 9999
1672057023308 0.625 10049
1672057037699 1.0 10099
1672057052155 0.875 10149
1672057077375 1.0 10199
1672057091604 0.6875 10249
1672057105776 0.6875 10299
1672057120425 0.6666666865348816 10349
1672057134733 0.4166666865348816 10399
1672057159284 0.8541666865348816 10449
1672057173556 0.875 10499
1672057188130 0.625 10549
1672057202602 0.5416666865348816 10599
1672057227234 0.875 10649
1672057241463 1.0 10699
1672057255748 0.875 10749
1672057270013 0.75 10799
1672057284059 0.5 10849
1672057309223 0.75 10899
1672057323580 0.7916666865348816 10949
1672057337897 0.4166666865348816 10999
1672057352116 0.75 11049
1672057376700 0.75 11099
1672057391069 0.9375 11149
1672057405451 1.0 11199
1672057419972 0.9375 11249
1672057444735 0.8999999761581421 11299
1672057459308 0.4166666865348816 11349
1672057473698 1.0 11399
1672057488029 1.0 11449
1672057502273 0.9166666865348816 11499
1672057526638 0.6666666865348816 11549
1672057540881 0.75 11599
1672057555085 0.6041666865348816 11649
1672057569681 0.9166666865348816 11699
1672057594563 0.7291666865348816 11749
1672057609109 0.5 11799
1672057623484 0.75 11849
1672057637831 0.7916666865348816 11899
1672057662425 0.8999999761581421 11949
1672057676652 0.5416666865348816 11999
1672057691130 0.8166667222976685 12049
1672057705333 0.9166666865348816 12099
1672057719570 0.5625 12149
1672057744553 0.9375 12199
1672057758895 0.75 12249
1672057773183 0.6875 12299
1672057787480 0.5 12349
1672057812814 0.875 12399
1672057827035 1.0 12449
1672057841213 0.9166666865348816 12499
1672057855400 0.5625 12549
1672057880208 0.625 12599
1672057894419 0.6666666865348816 12649
1672057908789 1.0 12699
1672057923010 0.9375 12749
1672057937294 1.0 12799
1672057962275 1.0 12849
1672057976547 0.75 12899
1672057990778 0.6875 12949
1672058005013 0.375 12999
1672058029926 0.9166666865348816 13049
1672058044366 0.8166666626930237 13099
1672058058766 0.7083333730697632 13149
1672058073220 0.9166666865348816 13199
1672058097799 0.9166666865348816 13249
1672058112100 0.75 13299
1672058126358 0.7083333134651184 13349
1672058140720 0.7916666865348816 13399
1672058154968 0.2916666865348816 13449
1672058179575 0.875 13499
1672058194063 0.8999999761581421 13549
1672058208420 0.9375 13599
1672058222629 0.9166666865348816 13649
1672058247131 0.9166666865348816 13699
1672058261368 0.9375 13749
1672058275764 0.5666666626930237 13799
1672058290110 0.9166666865348816 13849
1672058314808 0.7916666865348816 13899
1672058329067 0.5625 13949
1672058343735 0.7916666865348816 13999
1672058357960 0.875 14049
1672058372157 0.75 14099
1672058396768 0.75 14149
1672058410961 0.75 14199
1672058425103 0.4833333492279053 14249
1672058439275 0.5416666865348816 14299
1672058463753 0.4583333432674408 14349
1672058478459 1.0 14399
1672058492715 0.75 14449
1672058507109 0.875 14499
1672058531926 0.5625 14549
1672058546145 0.75 14599
1672058560392 1.0 14649
1672058574687 0.75 14699
1672058588939 0.824999988079071 14749
1672058613563 0.7916666865348816 14799
1672058628183 0.8333333730697632 14849
1672058642406 0.6666666865348816 14899
1672058656835 0.9166666865348816 14949
1672058681657 0.625 14999
1672058695849 0.875 15049
1672058710086 0.4375 15099
1672058724614 0.699999988079071 15149
1672058749269 0.75 15199
1672058763824 0.6666666865348816 15249
1672058778126 0.5666667222976685 15299
1672058792765 0.824999988079071 15349
1672058807043 0.9375 15399
1672058831690 0.5833333730697632 15449
1672058845923 0.7500000596046448 15499
1672058860316 0.9583333134651184 15549
1672058874600 0.9583333134651184 15599
1672058899576 0.7291666865348816 15649
1672058913987 0.949999988079071 15699
1672058928366 0.9375 15749
1672058942756 0.8041666746139526 15799
1672058967553 0.6666666865348816 15849
1672058981848 0.75 15899
1672058996465 0.75 15949
1672059010779 0.75 15999
1672059025145 0.6666666865348816 16049
1672059049751 0.699999988079071 16099
1672059064123 0.5 16149
1672059078309 0.9166666865348816 16199
1672059092519 0.6666666865348816 16249
1672059117014 0.5833333134651184 16299
1672059131292 0.625 16349
1672059145557 0.8666666746139526 16399
1672059160048 0.75 16449
1672059184909 0.6666666865348816 16499
1672059199165 0.625 16549
1672059213575 0.8166667222976685 16599
1672059227981 1.0 16649
1672059242233 0.3125 16699
1672059266842 0.75 16749
1672059281422 0.75 16799
1672059295756 0.875 16849
1672059310124 1.0 16899
1672059334618 0.8125 16949
1672059349129 1.0 16999
1672059363541 0.9166666865348816 17049
1672059377824 0.7916666865348816 17099
1672059402692 0.9375 17149
1672059417063 0.6666666865348816 17199
1672059431278 0.6666666865348816 17249
1672059445523 0.4375 17299
1672059459740 0.6666666865348816 17349
1672059484627 0.875 17399
1672059499026 0.9375 17449
1672059513426 0.7708333730697632 17499
1672059527670 0.75 17549
1672059552491 0.9166666865348816 17599
1672059566748 0.75 17649
1672059581065 0.8333333134651184 17699
1672059595274 0.8333333730697632 17749
1672059620336 0.9375 17799
1672059634878 0.949999988079071 17849
1672059649217 1.0 17899
1672059663436 0.5833333134651184 17949
1672059677635 0.574999988079071 17999
1672059702095 0.625 18049
1672059716259 0.75 18099
1672059730459 0.9166666865348816 18149
1672059744609 1.0 18199
1672059769593 1.0 18249
1672059784024 0.6875 18299
1672059798298 0.5 18349
1672059812592 0.6875 18399
1672059837230 0.6666666865348816 18449
1672059851488 0.875 18499
1672059865886 1.0 18549
1672059880400 0.75 18599
1672059894678 1.0 18649
1672059919737 0.7291666865348816 18699
1672059934270 1.0 18749
1672059948547 0.8999999761581421 18799
1672059962856 0.8666666746139526 18849
1672059987382 0.875 18899
1672060001784 0.5333333015441895 18949
1672060016078 0.8374999761581421 18999
1672060030398 0.4000000059604645 19049
1672060055408 0.75 19099
1672060069699 0.7916666865348816 19149
1672060084043 0.6666666865348816 19199
1672060098367 0.9583333134651184 19249
1672060112678 0.4583333432674408 19299
1672060137299 0.875 19349
1672060151530 1.0 19399
1672060165999 1.0 19449
1672060180320 0.8333333730697632 19499
1672060205030 0.8666666746139526 19549
1672060219218 0.9375 19599
1672060233425 0.699999988079071 19649
1672060299647 0.9166666865348816 19699
1672060324336 0.699999988079071 19749
1672060338540 0.7916666865348816 19799
1672060352791 0.625 19849
1672060367182 0.949999988079071 19899
1672060381587 1.0 19949
1672060406099 0.7916666865348816 19999
1672060420353 0.7916666865348816 20049
1672060434603 1.0 20099
1672060448869 0.9375 20149
1672060473850 0.9375 20199
1672060488194 0.7250000238418579 20249
1672060502695 0.875 20299
1672060517211 0.875 20349
1672060541966 0.8333333730697632 20399
1672060556224 0.875 20449
1672060570525 0.5625 20499
1672060584824 0.75 20549
1672060599108 0.75 20599
1672060623956 0.7916666865348816 20649
1672060638609 0.7083333730697632 20699
1672060652908 0.625 20749
1672060667471 0.5416666865348816 20799
1672060692357 0.5833333730697632 20849
1672060706643 0.5416666865348816 20899
1672060720993 0.75 20949
1672060735239 0.875 20999
1672060760216 0.875 21049
1672060774639 0.7916666865348816 21099
1672060789212 0.7916666865348816 21149
1672060803576 0.875 21199
1672060817813 0.6041666865348816 21249
1672060842677 0.8333333730697632 21299
1672060856929 0.75 21349
1672060871191 0.3750000298023224 21399
1672060885572 0.5416666865348816 21449
1672060910240 0.875 21499
1672060924923 0.75 21549
1672060939214 0.8333333730697632 21599
1672060953458 1.0 21649
1672060967537 0.0 21699
1672060992419 1.0 21749
1672061006743 0.9375 21799
1672061021052 0.8125 21849
1672061035659 0.8333333730697632 21899
1672061060393 0.6166666746139526 21949
1672061074774 0.75 21999
1672061089025 0.6666666865348816 22049
1672061103258 0.9166666865348816 22099
1672061127975 0.7916666865348816 22149
1672061142227 0.75 22199
1672061156517 0.75 22249
1672061170902 0.875 22299
1672061185294 0.625 22349
1672061210154 0.6458333730697632 22399
1672061224400 0.9166666865348816 22449
1672061238636 0.699999988079071 22499
1672061252896 0.75 22549
1672061277556 0.9166666865348816 22599
1672061291808 1.0 22649
1672061306179 0.5416666865348816 22699
1672061320573 0.75 22749
1672061345470 0.7976190447807312 22799
1672061359699 0.7916666865348816 22849
1672061373948 0.5416666865348816 22899
1672061388198 0.9166666865348816 22949
1672061402420 0.7083333730697632 22999
1672061427138 1.0 23049
1672061441561 0.7916666865348816 23099
1672061455882 0.9166666865348816 23149
1672061470162 0.699999988079071 23199
1672061494985 0.6875 23249
1672061509234 0.1666666716337204 23299
1672061523570 0.875 23349
1672061537828 0.75 23399
1672061562670 0.75 23449
1672061577081 0.6875 23499
1672061591335 0.5416666865348816 23549
1672061605741 0.625 23599
1672061620102 0.8125 23649
1672061644803 0.9375 23699
1672061659123 0.9166666865348816 23749
1672061673446 0.824999988079071 23799
1672061687811 0.8666666746139526 23849
1672061712661 1.0 23899
1672061726862 1.0 23949
1672061741358 1.0 23999
1672061755540 0.7749999761581421 24049
1672061780563 0.9375 24099
1672061794863 0.8333333730697632 24149
1672061809213 0.8333333134651184 24199
1672061823726 1.0 24249
1672061838002 0.875 24299
1672061864468 0.75 24349
1672061878647 0.875 24399
1672061892847 1.0 24449
1672061907044 0.5 24499
1672061931631 1.0 24549
1672061945995 0.6875 24599
1672061960558 0.875 24649
1672061974966 0.9642857313156128 24699
1672061999649 0.7916666865348816 24749
1672062013931 0.5 24799
1672062028296 0.6166666746139526 24849
1672062042530 0.6499999761581421 24899
1672062056744 1.0 24949
1672062081209 1.0 24999
1672062095629 0.75 25049
1672062110057 0.9375 25099
1672062124522 0.6666666865348816 25149
1672062149413 0.6499999761581421 25199
1672062163701 0.5625 25249
1672062178001 0.875 25299
1672062192315 0.9375 25349
1672062217235 1.0 25399
1672062231514 0.762499988079071 25449
1672062246079 0.7083333134651184 25499
1672062260345 0.6666666865348816 25549
1672062274720 0.6875 25599
1672062299479 1.0 25649
1672062313720 0.9166666865348816 25699
1672062327975 0.875 25749
1672062342182 0.75 25799
1672062366836 0.75 25849
1672062381054 0.7749999761581421 25899
1672062395555 0.75 25949
1672062409898 0.875 25999
1672062434962 0.9375 26049
1672062449273 0.5833333730697632 26099
1672062463565 0.625 26149
1672062477878 0.5 26199
1672062492126 0.6666666865348816 26249
1672062516742 0.5416666865348816 26299
1672062531228 0.8541666865348816 26349
1672062545746 0.8333333730697632 26399
1672062559937 0.875 26449
1672062584586 0.6666666865348816 26499
1672062598931 0.875 26549
1672062613183 0.5625 26599
1672062627433 0.8125 26649
1672062652485 0.8333333730697632 26699
1672062666963 0.8333333134651184 26749
1672062681353 0.625 26799
1672062695785 1.0 26849
1672062710011 0.9375 26899
1672062734748 0.8666666746139526 26949
1672062749010 0.44999998807907104 26999
1672062763597 0.8333333134651184 27049
1672062777976 0.75 27099
1672062802726 0.949999988079071 27149
1672062817104 0.6875 27199
1672062831409 0.5 27249
1672062845719 0.75 27299
1672062870409 1.0 27349
1672062884682 1.0 27399
1672062899007 0.949999988079071 27449
1672062913297 1.0 27499
1672062927744 0.8666666746139526 27549
1672062952890 0.49166667461395264 27599
1672062967245 1.0 27649
1672062981590 1.0 27699
1672062995933 1.0 27749
1672063020417 0.8125 27799
1672063034686 0.875 27849
1672063049166 0.7916666865348816 27899
1672063063839 0.75 27949
1672063088614 0.75 27999
1672063102860 0.949999988079071 28049
1672063117131 1.0 28099
1672063131379 0.9375 28149
1672063145676 0.7916666865348816 28199
1672063170323 0.6875 28249
1672063184733 0.75 28299
1672063199116 0.8125 28349
1672063213530 0.9166666865348816 28399
1672063238305 0.8666666746139526 28449
1672063252599 1.0 28499
1672063266893 0.5 28549
1672063281175 0.887499988079071 28599
1672063306156 1.0 28649
1672063320438 1.0 28699
1672063335030 0.699999988079071 28749
1672063349259 0.5 28799
1672063363635 0.7083333134651184 28849
1672063388669 0.75 28899
1672063403090 0.8125 28949
1672063417363 0.6666666865348816 28999
1672063431663 0.7916666865348816 29049
1672063456450 0.5 29099
1672063470828 0.75 29149
1672063485383 0.875 29199
1672063499811 0.8666666746139526 29249
1672063524422 1.0 29299
1672063538768 0.625 29349
1672063553079 0.8333333730697632 29399
1672063567445 0.824999988079071 29449
1672063581865 0.5 29499
1672063606729 0.75 29549
1672063621150 0.9375 29599
1672063635564 0.7916666865348816 29649
1672063649827 0.75 29699
1672063674494 0.875 29749
1672063688722 0.75 29799
1672063702987 1.0 29849
1672063717215 0.5625 29899
1672063742240 0.75 29949
1672063756518 0.9375 29999
1672063770766 1.0 30049
1672063784989 0.875 30099
1672063799370 0.7875000238418579 30149
1672063823979 0.7916666865348816 30199
1672063838275 0.625 30249
1672063852579 0.875 30299
1672063866869 0.875 30349
1672063891874 1.0 30399
1672063906161 0.7083333134651184 30449
1672063920508 0.875 30499
1672063934948 0.875 30549
1672063959624 0.5 30599
1672063973847 0.9166666865348816 30649
1672063988150 0.75 30699
1672064002438 0.8166666626930237 30749
1672064016824 0.75 30799
1672064042075 0.5 30849
1672064056371 0.4833333492279053 30899
1672064070625 0.875 30949
1672064084885 1.0 30999
1672064109774 1.0 31049
1672064123971 1.0 31099
1672064138223 0.5833333730697632 31149
1672064152422 0.6041666865348816 31199
1672064177297 0.875 31249
1672064191705 0.9166666865348816 31299
1672064206210 0.75 31349
1672064220467 0.7916666865348816 31399
1672064234850 0.75 31449
1672064259641 0.625 31499
1672064273918 0.75 31549
1672064288220 1.0 31599
1672064302623 0.9166666865348816 31649
1672064327451 1.0 31699
1672064342007 0.6666666865348816 31749
1672064356320 0.375 31799
1672064370604 0.7083333730697632 31849
1672064395359 0.9375 31899
1672064409608 0.375 31949
1672064424034 1.0 31999
1672064438296 0.625 32049
1672064452807 0.8333333134651184 32099
1672064477595 0.7833333611488342 32149
1672064491851 1.0 32199
1672064506080 0.875 32249
1672064520328 0.8374999761581421 32299
1672064544961 1.0 32349
1672064559127 0.6666666865348816 32399
1672064573582 0.5416666865348816 32449
1672064587905 0.7083333730697632 32499
1672064601882 0.25 32549
