1672053735013 0.5737146139144897 216
1672053806484 0.5914602875709534 433
1672053878551 0.5905147194862366 650
1672053950475 0.6034227609634399 867
1672054022677 0.6031901240348816 1084
1672054094568 0.5898595452308655 1301
1672054166929 0.5847756266593933 1518
1672054238867 0.5814793705940247 1735
1672054311153 0.594027042388916 1952
1672054383487 0.5981736779212952 2169
1672054455171 0.5900962948799133 2386
1672054527626 0.6023505926132202 2603
1672054599788 0.5972777605056763 2820
1672054672032 0.596659779548645 3037
1672054744706 0.602144181728363 3254
1672054817084 0.6007486581802368 3471
1672054889814 0.5995967984199524 3688
1672054962260 0.599845826625824 3905
1672055034758 0.6105063557624817 4122
1672055107004 0.6097853183746338 4339
1672055179300 0.6113899350166321 4556
1672055252031 0.6079108119010925 4773
1672055325914 0.6117753386497498 4990
1672055398984 0.616421639919281 5207
1672055472015 0.6134778261184692 5424
1672055544834 0.6146559119224548 5641
1672055617801 0.6122405529022217 5858
1672055690714 0.6196654438972473 6075
1672055763525 0.6257431507110596 6292
1672055836624 0.6223974227905273 6509
1672055909630 0.6301389932632446 6726
1672055982794 0.6237930059432983 6943
1672056056184 0.6271689534187317 7160
1672056129351 0.6209565997123718 7377
1672056202250 0.618706226348877 7594
1672056274891 0.6278557181358337 7811
1672056347663 0.6321057677268982 8028
1672056420338 0.6257719993591309 8245
1672056493578 0.6309811472892761 8462
1672056566025 0.6340972185134888 8679
1672056638909 0.6274621486663818 8896
1672056711743 0.6192981004714966 9113
1672056784220 0.631524920463562 9330
1672056857289 0.6342980265617371 9547
1672056930183 0.6262152194976807 9764
1672057003002 0.6426204442977905 9981
1672057076399 0.6368676424026489 10198
1672057148864 0.6377565860748291 10415
1672057221676 0.6302986741065979 10632
1672057293849 0.639061450958252 10849
1672057366582 0.6381819248199463 11066
1672057439421 0.6286567449569702 11283
1672057512021 0.6436223983764648 11500
1672057584489 0.6274731159210205 11717
1672057657460 0.6354707479476929 11934
1672057729938 0.6302381157875061 12151
1672057802955 0.6388879418373108 12368
1672057875443 0.6504197716712952 12585
1672057948131 0.6379039883613586 12802
1672058020636 0.6360032558441162 13019
1672058093415 0.6497260928153992 13236
1672058165788 0.6382080912590027 13453
1672058238217 0.6499904990196228 13670
1672058310670 0.6400372385978699 13887
1672058383301 0.6487172842025757 14104
1672058455094 0.6407886743545532 14321
1672058528042 0.6503495573997498 14538
1672058600422 0.6360088586807251 14755
1672058673251 0.6461437344551086 14972
1672058745718 0.6425254940986633 15189
1672058818740 0.6405588388442993 15406
1672058891273 0.6559537649154663 15623
1672058964239 0.6495169401168823 15840
1672059036991 0.6377649307250977 16057
1672059109170 0.6347041726112366 16274
1672059181854 0.6424579620361328 16491
1672059254390 0.6432260274887085 16708
1672059327056 0.6531544327735901 16925
1672059399942 0.6433305740356445 17142
1672059472378 0.6503096222877502 17359
1672059545056 0.6459895968437195 17576
1672059617927 0.639876127243042 17793
1672059690322 0.6496394276618958 18010
1672059762464 0.6543490290641785 18227
1672059835042 0.6484144926071167 18444
1672059908093 0.6440256237983704 18661
1672059980671 0.6576961278915405 18878
1672060053545 0.6432618498802185 19095
1672060126100 0.6472625732421875 19312
1672060198621 0.6405064463615417 19529
1672060322753 0.6726671457290649 19746
1672060395192 0.6461519598960876 19963
1672060467640 0.6630855798721313 20180
1672060540700 0.6529480218887329 20397
1672060613262 0.6458010673522949 20614
1672060686508 0.6371621489524841 20831
1672060759197 0.6644935011863708 21048
1672060832254 0.6407845616340637 21265
1672060904667 0.6639224290847778 21482
1672060977460 0.6451719999313354 21699
1672061050342 0.6666281819343567 21916
1672061122728 0.6539498567581177 22133
1672061195308 0.6449477076530457 22350
1672061267660 0.6541756391525269 22567
1672061340481 0.6548293232917786 22784
1672061412678 0.6511862874031067 23001
1672061485424 0.6579796671867371 23218
1672061557822 0.65108722448349 23435
1672061630662 0.6604788303375244 23652
1672061703287 0.6692238450050354 23869
1672061776087 0.6596765518188477 24086
1672061850344 0.6481034755706787 24303
1672061922699 0.6594027876853943 24520
1672061995479 0.6524056792259216 24737
1672062067672 0.6557143926620483 24954
1672062140684 0.6468731760978699 25171
1672062213384 0.6533114314079285 25388
1672062286291 0.661183774471283 25605
1672062358493 0.6507101058959961 25822
1672062431359 0.6585355997085571 26039
1672062503772 0.6537902355194092 26256
1672062576406 0.6613652110099792 26473
1672062649058 0.6568043231964111 26690
1672062722009 0.6680044531822205 26907
1672062794623 0.6643325090408325 27124
1672062867345 0.6461643576622009 27341
1672062940126 0.6524511575698853 27558
1672063012840 0.6574938297271729 27775
1672063085920 0.6617051959037781 27992
1672063158172 0.6476700305938721 28209
1672063230978 0.6542238593101501 28426
1672063303646 0.6620314717292786 28643
1672063376772 0.6549807786941528 28860
1672063449368 0.6556785702705383 29077
1672063522300 0.6577512621879578 29294
1672063595094 0.665895938873291 29511
1672063667774 0.6591343283653259 29728
1672063740380 0.6684392690658569 29945
1672063812751 0.671969473361969 30162
1672063885465 0.6512208580970764 30379
1672063958021 0.6613129377365112 30596
1672064030802 0.6579383611679077 30813
1672064103604 0.6513487100601196 31030
1672064175999 0.654995858669281 31247
1672064248930 0.6683415770530701 31464
1672064321636 0.6630484461784363 31681
1672064394373 0.6598156094551086 31898
1672064467159 0.6467603445053101 32115
1672064539419 0.6609551310539246 32332
1672064611675 0.6547330617904663 32549
