1672053677762 0.78125 49
1672053691978 0.75 99
1672053706274 0.875 149
1672053721076 0.875 199
1672053745076 0.8125 249
1672053759266 0.875 299
1672053773433 0.8125 349
1672053787624 0.75 399
1672053811782 0.875 449
1672053826004 0.84375 499
1672053840475 0.71875 549
1672053854810 0.71875 599
1672053868990 0.78125 649
1672053893153 0.75 699
1672053907370 0.75 749
1672053921578 0.65625 799
1672053935800 0.71875 849
1672053960446 0.75 899
1672053974925 0.78125 949
1672053989264 0.84375 999
1672054003467 0.75 1049
1672054027617 0.71875 1099
1672054041870 0.875 1149
1672054056108 0.90625 1199
1672054070366 0.8125 1249
1672054084573 0.90625 1299
1672054109251 0.9375 1349
1672054123661 0.78125 1399
1672054137953 0.75 1449
1672054152201 0.8125 1499
1672054176497 0.84375 1549
1672054190711 0.71875 1599
1672054204956 0.84375 1649
1672054219295 0.6875 1699
1672054243823 0.71875 1749
1672054258160 0.78125 1799
1672054272386 0.875 1849
1672054286601 0.75 1899
1672054300804 0.875 1949
1672054325411 0.8125 1999
1672054339578 0.8125 2049
1672054353786 0.84375 2099
1672054368276 0.8125 2149
1672054392860 0.75 2199
1672054407068 0.6875 2249
1672054421249 0.78125 2299
1672054435472 0.78125 2349
1672054459634 0.71875 2399
1672054474031 0.90625 2449
1672054488299 0.84375 2499
1672054502847 0.78125 2549
1672054517210 0.65625 2599
1672054541462 0.90625 2649
1672054555760 0.78125 2699
1672054570025 0.78125 2749
1672054584265 0.75 2799
1672054608791 0.75 2849
1672054623201 0.65625 2899
1672054637551 0.8125 2949
1672054651780 0.84375 2999
1672054676304 0.75 3049
1672054690610 0.8125 3099
1672054704898 0.75 3149
1672054719198 0.78125 3199
1672054733682 0.8125 3249
1672054758302 0.75 3299
1672054772562 0.71875 3349
1672054786965 0.8125 3399
1672054801291 0.71875 3449
1672054825909 0.90625 3499
1672054840213 0.96875 3549
1672054854659 0.71875 3599
1672054869183 0.875 3649
1672054893684 0.78125 3699
1672054907981 0.6875 3749
1672054922446 0.90625 3799
1672054936750 0.78125 3849
1672054951034 0.8125 3899
1672054975429 0.6875 3949
1672054989822 0.78125 3999
1672055004127 0.8125 4049
1672055018512 0.8125 4099
1672055043119 0.71875 4149
1672055057524 0.78125 4199
1672055071755 0.78125 4249
1672055086010 0.78125 4299
1672055110560 0.84375 4349
1672055124912 0.96875 4399
1672055139195 0.75 4449
1672055153422 0.78125 4499
1672055167786 0.71875 4549
1672055192274 0.78125 4599
1672055206491 0.875 4649
1672055220857 0.78125 4699
1672055235577 0.8125 4749
1672055260275 0.8125 4799
1672055274708 0.75 4849
1672055289314 0.75 4899
1672055304278 0.75 4949
1672055329278 0.75 4999
1672055343693 0.8125 5049
1672055358189 0.75 5099
1672055372531 0.875 5149
1672055386943 0.65625 5199
1672055411789 0.8125 5249
1672055426283 0.875 5299
1672055440584 0.8125 5349
1672055455034 0.71875 5399
1672055480081 0.65625 5449
1672055494441 0.84375 5499
1672055508803 0.90625 5549
1672055523160 0.59375 5599
1672055547935 0.8125 5649
1672055562392 0.84375 5699
1672055576839 0.71875 5749
1672055591119 0.84375 5799
1672055605407 0.8125 5849
1672055630497 0.84375 5899
1672055644842 0.90625 5949
1672055659219 0.78125 5999
1672055673562 0.75 6049
1672055698366 0.6875 6099
1672055712850 0.6875 6149
1672055727182 0.75 6199
1672055741526 0.84375 6249
1672055766267 0.78125 6299
1672055780825 0.75 6349
1672055795157 0.65625 6399
1672055809651 0.75 6449
1672055823996 0.8125 6499
1672055848921 0.9375 6549
1672055863338 0.875 6599
1672055877719 0.75 6649
1672055892121 0.71875 6699
1672055917135 0.875 6749
1672055931515 0.78125 6799
1672055946095 0.8125 6849
1672055960478 0.875 6899
1672055985221 0.875 6949
1672055999696 0.75 6999
1672056014173 0.75 7049
1672056028587 0.875 7099
1672056042979 0.90625 7149
1672056068110 0.84375 7199
1672056082487 0.78125 7249
1672056097016 0.875 7299
1672056111425 0.84375 7349
1672056136590 0.8125 7399
1672056150858 0.6875 7449
1672056165226 0.75 7499
1672056179576 0.84375 7549
1672056204417 0.71875 7599
1672056218878 0.90625 7649
1672056233158 0.71875 7699
1672056247566 0.71875 7749
1672056261835 0.6875 7799
1672056286547 0.75 7849
1672056300890 0.78125 7899
1672056315314 0.875 7949
1672056329680 0.75 7999
1672056354357 0.84375 8049
1672056368698 0.84375 8099
1672056383129 0.8125 8149
1672056397433 0.875 8199
1672056422223 0.75 8249
1672056436546 0.8125 8299
1672056451023 0.90625 8349
1672056465346 0.6875 8399
1672056479968 0.75 8449
1672056504803 0.84375 8499
1672056518973 0.78125 8549
1672056533173 0.84375 8599
1672056547635 0.875 8649
1672056572467 0.8125 8699
1672056586852 0.84375 8749
1672056601234 0.71875 8799
1672056615633 0.9375 8849
1672056640523 0.8125 8899
1672056654866 0.78125 8949
1672056669332 0.75 8999
1672056683754 0.84375 9049
1672056698074 0.78125 9099
1672056722690 0.9375 9149
1672056737062 0.875 9199
1672056751324 0.84375 9249
1672056765542 0.75 9299
1672056790575 0.8125 9349
1672056804945 0.875 9399
1672056819425 0.84375 9449
1672056833732 0.90625 9499
1672056858574 0.90625 9549
1672056872841 0.875 9599
1672056887282 0.78125 9649
1672056901586 0.875 9699
1672056916139 0.875 9749
1672056940853 0.75 9799
1672056955421 0.84375 9849
1672056969705 0.875 9899
1672056983975 0.84375 9949
1672057008845 0.8125 9999
1672057023308 0.75 10049
1672057037699 0.9375 10099
1672057052155 0.78125 10149
1672057077375 0.90625 10199
1672057091604 0.75 10249
1672057105776 0.75 10299
1672057120425 0.8125 10349
1672057134733 0.75 10399
1672057159284 0.84375 10449
1672057173556 0.90625 10499
1672057188130 0.75 10549
1672057202602 0.75 10599
1672057227234 0.90625 10649
1672057241463 0.8125 10699
1672057255748 0.75 10749
1672057270013 0.75 10799
1672057284059 0.625 10849
1672057309223 0.78125 10899
1672057323580 0.8125 10949
1672057337897 0.71875 10999
1672057352116 0.71875 11049
1672057376700 0.84375 11099
1672057391069 0.65625 11149
1672057405451 0.8125 11199
1672057419972 0.8125 11249
1672057444735 0.78125 11299
1672057459308 0.75 11349
1672057473698 0.8125 11399
1672057488029 0.8125 11449
1672057502273 0.875 11499
1672057526638 0.8125 11549
1672057540881 0.9375 11599
1672057555085 0.8125 11649
1672057569681 0.875 11699
1672057594563 0.8125 11749
1672057609109 0.875 11799
1672057623484 0.90625 11849
1672057637831 0.75 11899
1672057662425 0.6875 11949
1672057676652 0.78125 11999
1672057691130 0.75 12049
1672057705333 0.875 12099
1672057719570 0.78125 12149
1672057744553 0.8125 12199
1672057758895 0.84375 12249
1672057773183 0.6875 12299
1672057787480 0.65625 12349
1672057812814 0.84375 12399
1672057827035 0.9375 12449
1672057841213 0.78125 12499
1672057855400 0.78125 12549
1672057880208 0.84375 12599
1672057894419 0.84375 12649
1672057908789 0.90625 12699
1672057923010 0.875 12749
1672057937294 0.90625 12799
1672057962275 0.90625 12849
1672057976547 0.84375 12899
1672057990778 0.84375 12949
1672058005013 0.78125 12999
1672058029926 0.875 13049
1672058044366 0.78125 13099
1672058058766 0.75 13149
1672058073220 0.90625 13199
1672058097799 0.90625 13249
1672058112100 0.78125 13299
1672058126358 0.78125 13349
1672058140720 0.65625 13399
1672058154968 0.65625 13449
1672058179575 0.84375 13499
1672058194063 0.8125 13549
1672058208420 0.875 13599
1672058222629 0.78125 13649
1672058247131 0.84375 13699
1672058261368 0.78125 13749
1672058275764 0.84375 13799
1672058290110 0.78125 13849
1672058314808 0.90625 13899
1672058329067 0.78125 13949
1672058343735 0.71875 13999
1672058357960 0.8125 14049
1672058372157 0.78125 14099
1672058396768 0.875 14149
1672058410961 0.875 14199
1672058425103 0.65625 14249
1672058439275 0.75 14299
1672058463753 0.71875 14349
1672058478459 0.90625 14399
1672058492715 0.875 14449
1672058507109 0.84375 14499
1672058531926 0.6875 14549
1672058546145 0.875 14599
1672058560392 0.6875 14649
1672058574687 0.84375 14699
1672058588939 0.90625 14749
1672058613563 0.8125 14799
1672058628183 0.8125 14849
1672058642406 0.71875 14899
1672058656835 0.8125 14949
1672058681657 0.875 14999
1672058695849 0.84375 15049
1672058710086 0.71875 15099
1672058724614 0.90625 15149
1672058749269 0.65625 15199
1672058763824 0.6875 15249
1672058778126 0.6875 15299
1672058792765 0.78125 15349
1672058807043 0.71875 15399
1672058831690 0.71875 15449
1672058845923 0.75 15499
1672058860316 0.9375 15549
1672058874600 0.875 15599
1672058899576 0.6875 15649
1672058913987 0.84375 15699
1672058928366 0.8125 15749
1672058942756 0.84375 15799
1672058967553 0.875 15849
1672058981848 0.78125 15899
1672058996465 0.8125 15949
1672059010779 0.75 15999
1672059025145 0.75 16049
1672059049751 0.875 16099
1672059064123 0.84375 16149
1672059078309 0.875 16199
1672059092519 0.78125 16249
1672059117014 0.75 16299
1672059131292 0.78125 16349
1672059145557 0.84375 16399
1672059160048 0.75 16449
1672059184909 0.8125 16499
1672059199165 0.90625 16549
1672059213575 0.8125 16599
1672059227981 0.9375 16649
1672059242233 0.65625 16699
1672059266842 0.84375 16749
1672059281422 0.90625 16799
1672059295756 0.875 16849
1672059310124 0.875 16899
1672059334618 0.90625 16949
1672059349129 0.8125 16999
1672059363541 0.6875 17049
1672059377824 0.84375 17099
1672059402692 0.84375 17149
1672059417063 0.78125 17199
1672059431278 0.875 17249
1672059445523 0.78125 17299
1672059459740 0.8125 17349
1672059484627 0.75 17399
1672059499026 0.84375 17449
1672059513426 0.75 17499
1672059527670 0.9375 17549
1672059552491 0.96875 17599
1672059566748 0.78125 17649
1672059581065 0.90625 17699
1672059595274 0.8125 17749
1672059620336 0.875 17799
1672059634878 0.875 17849
1672059649217 0.90625 17899
1672059663436 0.8125 17949
1672059677635 0.84375 17999
1672059702095 0.8125 18049
1672059716259 0.84375 18099
1672059730459 0.84375 18149
1672059744609 0.875 18199
1672059769593 0.8125 18249
1672059784024 0.78125 18299
1672059798298 0.84375 18349
1672059812592 0.8125 18399
1672059837230 0.75 18449
1672059851488 0.875 18499
1672059865886 0.875 18549
1672059880400 0.71875 18599
1672059894678 0.8125 18649
1672059919737 0.71875 18699
1672059934270 0.84375 18749
1672059948547 0.875 18799
1672059962856 0.84375 18849
1672059987382 0.9375 18899
1672060001784 0.84375 18949
1672060016078 0.84375 18999
1672060030398 0.625 19049
1672060055408 0.8125 19099
1672060069699 0.8125 19149
1672060084043 0.75 19199
1672060098367 0.90625 19249
1672060112678 0.75 19299
1672060137299 0.8125 19349
1672060151530 0.84375 19399
1672060165999 0.9375 19449
1672060180320 0.8125 19499
1672060205030 0.71875 19549
1672060219218 0.90625 19599
1672060233425 0.84375 19649
1672060299647 0.8125 19699
1672060324336 0.78125 19749
1672060338540 0.84375 19799
1672060352791 0.875 19849
1672060367182 0.78125 19899
1672060381587 0.90625 19949
1672060406099 0.84375 19999
1672060420353 0.78125 20049
1672060434603 0.9375 20099
1672060448869 0.71875 20149
1672060473850 0.78125 20199
1672060488194 0.75 20249
1672060502695 0.90625 20299
1672060517211 0.9375 20349
1672060541966 0.875 20399
1672060556224 0.84375 20449
1672060570525 0.6875 20499
1672060584824 0.84375 20549
1672060599108 0.78125 20599
1672060623956 0.75 20649
1672060638609 0.65625 20699
1672060652908 0.75 20749
1672060667471 0.75 20799
1672060692357 0.75 20849
1672060706643 0.75 20899
1672060720993 0.78125 20949
1672060735239 0.8125 20999
1672060760216 0.90625 21049
1672060774639 0.8125 21099
1672060789212 0.8125 21149
1672060803576 0.8125 21199
1672060817813 0.875 21249
1672060842677 0.8125 21299
1672060856929 0.84375 21349
1672060871191 0.65625 21399
1672060885572 0.75 21449
1672060910240 0.71875 21499
1672060924923 0.84375 21549
1672060939214 0.71875 21599
1672060953458 0.90625 21649
1672060967537 1.0 21699
1672060992419 0.875 21749
1672061006743 0.8125 21799
1672061021052 0.90625 21849
1672061035659 0.75 21899
1672061060393 0.84375 21949
1672061074774 0.8125 21999
1672061089025 0.78125 22049
1672061103258 0.875 22099
1672061127975 0.84375 22149
1672061142227 0.875 22199
1672061156517 0.9375 22249
1672061170902 0.78125 22299
1672061185294 0.71875 22349
1672061210154 0.75 22399
1672061224400 0.90625 22449
1672061238636 0.75 22499
1672061252896 0.84375 22549
1672061277556 0.78125 22599
1672061291808 0.90625 22649
1672061306179 0.84375 22699
1672061320573 0.8125 22749
1672061345470 0.875 22799
1672061359699 0.75 22849
1672061373948 0.75 22899
1672061388198 0.78125 22949
1672061402420 0.84375 22999
1672061427138 0.90625 23049
1672061441561 0.78125 23099
1672061455882 0.8125 23149
1672061470162 0.90625 23199
1672061494985 0.84375 23249
1672061509234 0.59375 23299
1672061523570 0.84375 23349
1672061537828 0.90625 23399
1672061562670 0.78125 23449
1672061577081 0.84375 23499
1672061591335 0.65625 23549
1672061605741 0.71875 23599
1672061620102 0.8125 23649
1672061644803 0.875 23699
1672061659123 0.84375 23749
1672061673446 0.6875 23799
1672061687811 0.875 23849
1672061712661 0.9375 23899
1672061726862 0.875 23949
1672061741358 0.90625 23999
1672061755540 0.90625 24049
1672061780563 0.8125 24099
1672061794863 0.90625 24149
1672061809213 0.78125 24199
1672061823726 0.9375 24249
1672061838002 0.875 24299
1672061864468 0.875 24349
1672061878647 0.875 24399
1672061892847 0.84375 24449
1672061907044 0.78125 24499
1672061931631 0.78125 24549
1672061945995 0.9375 24599
1672061960558 0.8125 24649
1672061974966 0.78125 24699
1672061999649 0.8125 24749
1672062013931 0.90625 24799
1672062028296 0.8125 24849
1672062042530 0.78125 24899
1672062056744 0.875 24949
1672062081209 0.8125 24999
1672062095629 0.96875 25049
1672062110057 0.78125 25099
1672062124522 0.6875 25149
1672062149413 0.625 25199
1672062163701 0.875 25249
1672062178001 0.875 25299
1672062192315 0.84375 25349
1672062217235 0.84375 25399
1672062231514 0.75 25449
1672062246079 0.875 25499
1672062260345 0.875 25549
1672062274720 0.9375 25599
1672062299479 0.96875 25649
1672062313720 0.90625 25699
1672062327975 0.84375 25749
1672062342182 0.75 25799
1672062366836 0.8125 25849
1672062381054 0.78125 25899
1672062395555 0.71875 25949
1672062409898 0.90625 25999
1672062434962 0.875 26049
1672062449273 0.78125 26099
1672062463565 0.84375 26149
1672062477878 0.78125 26199
1672062492126 0.78125 26249
1672062516742 0.75 26299
1672062531228 0.90625 26349
1672062545746 0.6875 26399
1672062559937 0.84375 26449
1672062584586 0.78125 26499
1672062598931 0.90625 26549
1672062613183 0.8125 26599
1672062627433 0.78125 26649
1672062652485 0.8125 26699
1672062666963 0.90625 26749
1672062681353 0.8125 26799
1672062695785 0.875 26849
1672062710011 0.8125 26899
1672062734748 0.75 26949
1672062749010 0.84375 26999
1672062763597 0.71875 27049
1672062777976 0.90625 27099
1672062802726 0.90625 27149
1672062817104 0.875 27199
1672062831409 0.84375 27249
1672062845719 0.6875 27299
1672062870409 0.9375 27349
1672062884682 0.90625 27399
1672062899007 0.8125 27449
1672062913297 0.90625 27499
1672062927744 0.78125 27549
1672062952890 0.8125 27599
1672062967245 0.875 27649
1672062981590 0.8125 27699
1672062995933 0.6875 27749
1672063020417 0.8125 27799
1672063034686 0.8125 27849
1672063049166 0.84375 27899
1672063063839 0.75 27949
1672063088614 0.90625 27999
1672063102860 0.75 28049
1672063117131 0.875 28099
1672063131379 0.96875 28149
1672063145676 0.84375 28199
1672063170323 0.8125 28249
1672063184733 0.84375 28299
1672063199116 0.875 28349
1672063213530 0.875 28399
1672063238305 0.875 28449
1672063252599 0.90625 28499
1672063266893 0.8125 28549
1672063281175 0.8125 28599
1672063306156 0.9375 28649
1672063320438 0.90625 28699
1672063335030 0.78125 28749
1672063349259 0.8125 28799
1672063363635 0.8125 28849
1672063388669 0.84375 28899
1672063403090 0.875 28949
1672063417363 0.875 28999
1672063431663 0.875 29049
1672063456450 0.84375 29099
1672063470828 0.78125 29149
1672063485383 0.75 29199
1672063499811 0.8125 29249
1672063524422 0.84375 29299
1672063538768 0.78125 29349
1672063553079 0.875 29399
1672063567445 0.84375 29449
1672063581865 0.8125 29499
1672063606729 0.78125 29549
1672063621150 0.84375 29599
1672063635564 0.78125 29649
1672063649827 0.875 29699
1672063674494 0.8125 29749
1672063688722 0.75 29799
1672063702987 0.9375 29849
1672063717215 0.78125 29899
1672063742240 0.84375 29949
1672063756518 0.78125 29999
1672063770766 0.9375 30049
1672063784989 0.875 30099
1672063799370 0.75 30149
1672063823979 0.625 30199
1672063838275 0.8125 30249
1672063852579 0.90625 30299
1672063866869 0.78125 30349
1672063891874 0.875 30399
1672063906161 0.875 30449
1672063920508 0.71875 30499
1672063934948 0.875 30549
1672063959624 0.8125 30599
1672063973847 0.75 30649
1672063988150 0.9375 30699
1672064002438 0.84375 30749
1672064016824 0.8125 30799
1672064042075 0.78125 30849
1672064056371 0.75 30899
1672064070625 0.84375 30949
1672064084885 0.84375 30999
1672064109774 0.90625 31049
1672064123971 0.96875 31099
1672064138223 0.78125 31149
1672064152422 0.65625 31199
1672064177297 0.96875 31249
1672064191705 0.84375 31299
1672064206210 0.84375 31349
1672064220467 0.75 31399
1672064234850 0.75 31449
1672064259641 0.78125 31499
1672064273918 0.71875 31549
1672064288220 0.8125 31599
1672064302623 0.90625 31649
1672064327451 1.0 31699
1672064342007 0.75 31749
1672064356320 0.875 31799
1672064370604 0.78125 31849
1672064395359 0.8125 31899
1672064409608 0.71875 31949
1672064424034 0.9375 31999
1672064438296 0.8125 32049
1672064452807 0.8125 32099
1672064477595 0.75 32149
1672064491851 0.8125 32199
1672064506080 0.90625 32249
1672064520328 0.90625 32299
1672064544961 0.84375 32349
1672064559127 0.8125 32399
1672064573582 0.78125 32449
1672064587905 0.78125 32499
1672064601882 0.875 32549
