1672053735013 0.7659043073654175 216
1672053806484 0.7921966314315796 433
1672053878551 0.7913569808006287 650
1672053950475 0.7909441590309143 867
1672054022677 0.7980540990829468 1084
1672054094568 0.7830058336257935 1301
1672054166929 0.7776493430137634 1518
1672054238867 0.7737957835197449 1735
1672054311153 0.7882440090179443 1952
1672054383487 0.7924857139587402 2169
1672054455171 0.7838425636291504 2386
1672054527626 0.7958768010139465 2603
1672054599788 0.7778007984161377 2820
1672054672032 0.7893257141113281 3037
1672054744706 0.7869530320167542 3254
1672054817084 0.7906633615493774 3471
1672054889814 0.7823232412338257 3688
1672054962260 0.782572329044342 3905
1672055034758 0.788254976272583 4122
1672055107004 0.7925572395324707 4339
1672055179300 0.7893834710121155 4556
1672055252031 0.8030058145523071 4773
1672055325914 0.7761519551277161 4990
1672055398984 0.7922255992889404 5207
1672055472015 0.7862896919250488 5424
1672055544834 0.7864740490913391 5641
1672055617801 0.7888137102127075 5858
1672055690714 0.7811809182167053 6075
1672055763525 0.7985329627990723 6292
1672055836624 0.7877071499824524 6509
1672055909630 0.7942004799842834 6726
1672055982794 0.7769694924354553 6943
1672056056184 0.7950674891471863 7160
1672056129351 0.7907212376594543 7377
1672056202250 0.7906745076179504 7594
1672056274891 0.7865704298019409 7811
1672056347663 0.7886705994606018 8028
1672056420338 0.7920039892196655 8245
1672056493578 0.7793422341346741 8462
1672056566025 0.7878090739250183 8679
1672056638909 0.7801528573036194 8896
1672056711743 0.7709716558456421 9113
1672056784220 0.7891138195991516 9330
1672056857289 0.789009153842926 9547
1672056930183 0.7843918204307556 9764
1672057003002 0.7982892990112305 9981
1672057076399 0.7888440489768982 10198
1672057148864 0.7796614766120911 10415
1672057221676 0.7789788842201233 10632
1672057293849 0.793523371219635 10849
1672057366582 0.7844894528388977 11066
1672057439421 0.7798266410827637 11283
1672057512021 0.7874374985694885 11500
1672057584489 0.7706896066665649 11717
1672057657460 0.7870838046073914 11934
1672057729938 0.7829287648200989 12151
1672057802955 0.7804239392280579 12368
1672057875443 0.7979247570037842 12585
1672057948131 0.7861079573631287 12802
1672058020636 0.7801157236099243 13019
1672058093415 0.8019846677780151 13236
1672058165788 0.79171222448349 13453
1672058238217 0.7965015769004822 13670
1672058310670 0.7836939692497253 13887
1672058383301 0.7924938797950745 14104
1672058455094 0.7843160033226013 14321
1672058528042 0.7909331321716309 14538
1672058600422 0.782283365726471 14755
1672058673251 0.7928792238235474 14972
1672058745718 0.7797303795814514 15189
1672058818740 0.7924938797950745 15406
1672058891273 0.7825434803962708 15623
1672058964239 0.7934243083000183 15840
1672059036991 0.7771759629249573 16057
1672059109170 0.7783787846565247 16274
1672059181854 0.7784655690193176 16491
1672059254390 0.7824567556381226 16708
1672059327056 0.7900290489196777 16925
1672059399942 0.7771373391151428 17142
1672059472378 0.7761244773864746 17359
1672059545056 0.780828595161438 17576
1672059617927 0.7806551456451416 17793
1672059690322 0.7906773090362549 18010
1672059762464 0.7912689447402954 18227
1672059835042 0.7864355444908142 18444
1672059908093 0.779210090637207 18661
1672059980671 0.7872227430343628 18878
1672060053545 0.7930692434310913 19095
1672060126100 0.788139283657074 19312
1672060198621 0.7720755338668823 19529
1672060322753 0.8070686459541321 19746
1672060395192 0.7818112969398499 19963
1672060467640 0.7934186458587646 20180
1672060540700 0.7891138195991516 20397
1672060613262 0.7851996421813965 20614
1672060686508 0.7747811675071716 20831
1672060759197 0.7932757139205933 21048
1672060832254 0.7700578570365906 21265
1672060904667 0.7885357141494751 21482
1672060977460 0.7708836197853088 21699
1672061050342 0.7949959635734558 21916
1672061122728 0.7901349067687988 22133
1672061195308 0.7868002653121948 22350
1672061267660 0.7901293635368347 22567
1672061340481 0.7941977977752686 22784
1672061412678 0.7856565117835999 23001
1672061485424 0.7966558337211609 23218
1672061557822 0.7787284255027771 23435
1672061630662 0.7864837050437927 23652
1672061703287 0.8051638603210449 23869
1672061776087 0.7916819453239441 24086
1672061850344 0.7807790040969849 24303
1672061922699 0.7890449166297913 24520
1672061995479 0.7889568209648132 24737
1672062067672 0.7857363820075989 24954
1672062140684 0.7836416363716125 25171
1672062213384 0.7808354496955872 25388
1672062286291 0.7908629179000854 25605
1672062358493 0.7891812324523926 25822
1672062431359 0.7924085855484009 26039
1672062503772 0.7824140191078186 26256
1672062576406 0.7833608388900757 26473
1672062649058 0.7898074388504028 26690
1672062722009 0.7949120402336121 26907
1672062794623 0.7955299615859985 27124
1672062867345 0.7819157242774963 27341
1672062940126 0.7856648564338684 27558
1672063012840 0.7991027235984802 27775
1672063085920 0.7853757739067078 27992
1672063158172 0.7745665907859802 28209
1672063230978 0.7850867509841919 28426
1672063303646 0.7943545579910278 28643
1672063376772 0.7870603203773499 28860
1672063449368 0.7878228425979614 29077
1672063522300 0.7894302606582642 29294
1672063595094 0.7880897521972656 29511
1672063667774 0.7871842384338379 29728
1672063740380 0.7943105101585388 29945
1672063812751 0.8007941842079163 30162
1672063885465 0.7766667604446411 30379
1672063958021 0.7902312278747559 30596
1672064030802 0.7841619253158569 30813
1672064103604 0.7773438692092896 31030
1672064175999 0.781772792339325 31247
1672064248930 0.7943710684776306 31464
1672064321636 0.7908093333244324 31681
1672064394373 0.785180389881134 31898
1672064467159 0.7730705142021179 32115
1672064539419 0.780038595199585 32332
1672064611675 0.7835508584976196 32549
