1671602055567 0.0 22
1671602068803 0.0 45
1671602082292 0.0 68
1671602095856 0.0 91
1671602109223 0.0 114
1671602122747 0.0 137
1671602136503 0.0 160
1671602150093 0.0 183
1671602163576 0.0 206
1671602177354 0.0 229
1671602190985 0.0 252
1671602204517 0.0 275
1671602218252 0.0 298
1671602232050 0.0 321
1671602245962 0.0 344
1671602259642 0.0 367
1671602273027 0.0 390
1671602286818 0.0 413
1671602300274 0.0 436
1671602314265 0.0 459
1671602327982 0.0 482
1671602341880 0.0 505
1671602355304 0.0 528
1671602368860 0.0 551
1671602382270 0.0 574
1671602395817 0.0 597
1671602409675 0.0 620
1671602423201 0.0 643
1671602436658 0.0 666
1671602450359 0.0 689
1671602464394 0.0 712
1671602478280 0.0 735
1671602492065 0.0 758
1671602505609 0.0 781
1671602519108 0.0 804
1671602532993 0.0 827
1671602546728 0.0 850
1671602560658 0.0 873
1671602574274 0.0 896
1671602588032 0.0 919
1671602601711 0.0 942
1671602615491 0.0 965
1671602629332 0.0 988
1671602643065 0.0 1011
1671602656720 0.0 1034
1671602670305 0.0 1057
1671602684317 0.0 1080
1671602697855 0.0 1103
1671602711460 0.0 1126
1671602725027 0.0 1149
1671602738860 0.0 1172
1671602752626 0.0 1195
1671602766402 0.0 1218
1671602779989 0.0 1241
1671602793631 0.0 1264
1671602807219 0.0 1287
1671602821199 0.0 1310
1671602834929 0.0 1333
1671602848545 0.0 1356
1671602862178 0.0 1379
1671602875727 0.0 1402
1671602889228 0.0 1425
1671602902777 0.0 1448
1671602916454 0.0 1471
1671602930287 0.0 1494
1671602943950 0.0 1517
1671602957695 0.0 1540
1671602971185 0.0 1563
1671602984807 0.0 1586
1671602998328 0.0 1609
1671603012101 0.0 1632
1671603025755 0.0 1655
1671603039188 0.0 1678
1671603052831 0.0 1701
1671603066307 0.0 1724
1671603079846 0.0 1747
1671603093620 0.0 1770
1671603107371 0.0 1793
1671603120949 0.0 1816
1671603134511 0.0 1839
1671603148304 0.0 1862
1671603161966 0.0 1885
1671603175578 0.0 1908
1671603189353 0.0 1931
1671603203491 0.0 1954
1671603217371 0.0 1977
1671603231059 0.0 2000
1671603244508 0.0 2023
1671603258089 0.0 2046
1671603271891 0.0 2069
1671603285481 0.0 2092
1671603299287 0.0 2115
1671603312813 0.0 2138
1671603326493 0.0 2161
1671603340651 0.0 2184
1671603354237 0.0 2207
1671603368004 0.0 2230
1671603381723 0.0 2253
1671603395438 0.0 2276
1671603409119 0.0 2299
1671603422869 0.0 2322
1671603436428 0.0 2345
1671603450227 0.0 2368
1671603463900 0.0 2391
1671603477489 0.0 2414
1671603491584 0.0 2437
1671603505837 0.0 2460
1671603519430 0.0 2483
1671603533286 0.0 2506
1671603546643 0.0 2529
1671603560359 0.0 2552
1671603573942 0.0 2575
1671603587503 0.0 2598
1671603601136 0.0 2621
1671603614825 0.0 2644
1671603628392 0.0 2667
1671603642085 0.0 2690
1671603655664 0.0 2713
1671603669321 0.0 2736
1671603683128 0.0 2759
1671603696756 0.0 2782
1671603710353 0.0 2805
1671603724055 0.0 2828
1671603737639 0.0 2851
1671603751000 0.0 2874
1671603764893 0.0 2897
1671603778475 0.0 2920
1671603792304 0.0 2943
1671603806093 0.0 2966
1671603819661 0.0 2989
1671603833346 0.0 3012
1671603847136 0.0 3035
1671603860704 0.0 3058
1671603874648 0.0 3081
1671603888122 0.0 3104
1671603901653 0.0 3127
1671603915153 0.0 3150
1671603928822 0.0 3173
1671603942558 0.0 3196
1671603956431 0.0 3219
1671603970054 0.0 3242
1671603983456 0.0 3265
1671603997172 0.0 3288
1671604011042 0.0 3311
1671604024540 0.0 3334
1671604038454 0.0 3357
1671604052106 0.0 3380
1671604065722 0.0 3403
1671604079377 0.0 3426
1671604092861 0.0 3449
