1671602055567 22.0 22
1671602068803 19.75 45
1671602082292 17.0 68
1671602095856 17.0 91
1671602109223 19.75 114
1671602122747 17.0 137
1671602136503 17.0 160
1671602150093 22.0 183
1671602163576 22.0 206
1671602177354 19.75 229
1671602190985 17.0 252
1671602204517 19.75 275
1671602218252 22.0 298
1671602232050 19.75 321
1671602245962 17.0 344
1671602259642 19.75 367
1671602273027 17.0 390
1671602286818 19.75 413
1671602300274 19.75 436
1671602314265 19.75 459
1671602327982 21.75 482
1671602341880 19.75 505
1671602355304 22.0 528
1671602368860 19.75 551
1671602382270 19.75 574
1671602395817 19.75 597
1671602409675 22.0 620
1671602423201 19.75 643
1671602436658 19.75 666
1671602450359 17.0 689
1671602464394 21.75 712
1671602478280 21.75 735
1671602492065 17.0 758
1671602505609 19.75 781
1671602519108 21.75 804
1671602532993 16.5 827
1671602546728 16.75 850
1671602560658 19.5 873
1671602574274 19.75 896
1671602588032 17.25 919
1671602601711 19.5 942
1671602615491 19.75 965
1671602629332 22.0 988
1671602643065 22.0 1011
1671602656720 22.0 1034
1671602670305 22.0 1057
1671602684317 22.0 1080
1671602697855 20.0 1103
1671602711460 21.75 1126
1671602725027 22.0 1149
1671602738860 21.75 1172
1671602752626 19.5 1195
1671602766402 19.75 1218
1671602779989 21.0 1241
1671602793631 21.25 1264
1671602807219 21.5 1287
1671602821199 20.0 1310
1671602834929 20.0 1333
1671602848545 22.0 1356
1671602862178 22.0 1379
1671602875727 22.0 1402
1671602889228 22.0 1425
1671602902777 22.0 1448
1671602916454 22.0 1471
1671602930287 21.0 1494
1671602943950 19.25 1517
1671602957695 19.5 1540
1671602971185 19.5 1563
1671602984807 19.5 1586
1671602998328 19.25 1609
1671603012101 19.25 1632
1671603025755 19.25 1655
1671603039188 22.0 1678
1671603052831 21.75 1701
1671603066307 22.0 1724
1671603079846 19.25 1747
1671603093620 21.75 1770
1671603107371 19.25 1793
1671603120949 19.0 1816
1671603134511 19.0 1839
1671603148304 21.5 1862
1671603161966 19.5 1885
1671603175578 19.75 1908
1671603189353 21.5 1931
1671603203491 21.25 1954
1671603217371 21.5 1977
1671603231059 21.75 2000
1671603244508 21.75 2023
1671603258089 21.25 2046
1671603271891 19.0 2069
1671603285481 19.75 2092
1671603299287 21.75 2115
1671603312813 21.0 2138
1671603326493 21.5 2161
1671603340651 16.75 2184
1671603354237 19.5 2207
1671603368004 19.75 2230
1671603381723 21.75 2253
1671603395438 20.75 2276
1671603409119 21.75 2299
1671603422869 19.5 2322
1671603436428 21.75 2345
1671603450227 20.5 2368
1671603463900 21.5 2391
1671603477489 21.75 2414
1671603491584 21.5 2437
1671603505837 19.5 2460
1671603519430 21.5 2483
1671603533286 19.75 2506
1671603546643 18.75 2529
1671603560359 16.25 2552
1671603573942 19.5 2575
1671603587503 19.0 2598
1671603601136 21.5 2621
1671603614825 19.5 2644
1671603628392 19.5 2667
1671603642085 19.5 2690
1671603655664 19.5 2713
1671603669321 21.5 2736
1671603683128 19.25 2759
1671603696756 21.0 2782
1671603710353 19.5 2805
1671603724055 21.25 2828
1671603737639 19.5 2851
1671603751000 19.5 2874
1671603764893 19.5 2897
1671603778475 19.5 2920
1671603792304 21.5 2943
1671603806093 19.0 2966
1671603819661 20.5 2989
1671603833346 18.75 3012
1671603847136 19.5 3035
1671603860704 19.5 3058
1671603874648 21.5 3081
1671603888122 19.0 3104
1671603901653 19.0 3127
1671603915153 17.0 3150
1671603928822 19.0 3173
1671603942558 20.0 3196
1671603956431 19.5 3219
1671603970054 18.75 3242
1671603983456 19.5 3265
1671603997172 17.0 3288
1671604011042 17.0 3311
1671604024540 20.75 3334
1671604038454 19.0 3357
1671604052106 16.25 3380
1671604065722 17.0 3403
1671604079377 19.25 3426
1671604092861 21.5 3449
