1671602055567 0 22
1671602058511 1 22
1671602068803 1 45
1671602071905 2 45
1671602073587 2 49
1671602082292 2 68
1671602085389 3 68
1671602095856 3 91
1671602098881 4 91
1671602101738 4 99
1671602109223 4 114
1671602112379 5 114
1671602122747 5 137
1671602125928 6 137
1671602129897 6 149
1671602136503 6 160
1671602139637 7 160
1671602150093 7 183
1671602153150 8 183
1671602158305 8 199
1671602163576 8 206
1671602166911 9 206
1671602177354 9 229
1671602180514 10 229
1671602186740 10 249
1671602190985 10 252
1671602194002 11 252
1671602204517 11 275
1671602207608 12 275
1671602218252 12 298
1671602221402 13 298
1671602222216 13 299
1671602232050 13 321
1671602235260 14 321
1671602245962 14 344
1671602249099 15 344
1671602251067 15 349
1671602259642 15 367
1671602262745 16 367
1671602273027 16 390
1671602276151 17 390
1671602279320 17 399
1671602286818 17 413
1671602289879 18 413
1671602300274 18 436
1671602303368 19 436
1671602308094 19 449
1671602314265 19 459
1671602317400 20 459
1671602327982 20 482
1671602331110 21 482
1671602336501 21 499
1671602341880 21 505
1671602344909 22 505
1671602355304 22 528
1671602358438 23 528
1671602364965 23 549
1671602368860 23 551
1671602371900 24 551
1671602382270 24 574
1671602385394 25 574
1671602395817 25 597
1671602399014 26 597
1671602400129 26 599
1671602409675 26 620
1671602412803 27 620
1671602423201 27 643
1671602426312 28 643
1671602428601 28 649
1671602436658 28 666
1671602439818 29 666
1671602450359 29 689
1671602453435 30 689
1671602456876 30 699
1671602464394 30 712
1671602467508 31 712
1671602478280 31 735
1671602481441 32 735
1671602486148 32 749
1671602492065 32 758
1671602495187 33 758
1671602505609 33 781
1671602508699 34 781
1671602514387 34 799
1671602519108 34 804
1671602522242 35 804
1671602532993 35 827
1671602536090 36 827
1671602542939 36 849
1671602546728 36 850
1671602550173 37 850
1671602560658 37 873
1671602563789 38 873
1671602574274 38 896
1671602577385 39 896
1671602578792 39 899
1671602588032 39 919
1671602591197 40 919
1671602601711 40 942
1671602604894 41 942
1671602607449 41 949
1671602615491 41 965
1671602618768 42 965
1671602629332 42 988
1671602632504 43 988
1671602636191 43 999
1671602643065 43 1011
1671602646215 44 1011
1671602656720 44 1034
1671602659803 45 1034
1671602664763 45 1049
1671602670305 45 1057
1671602673406 46 1057
1671602684317 46 1080
1671602687406 47 1080
1671602693404 47 1099
1671602697855 47 1103
1671602700919 48 1103
1671602711460 48 1126
1671602714577 49 1126
1671602721430 49 1149
1671602725027 49 1149
1671602728229 50 1149
1671602738860 50 1172
1671602741977 51 1172
1671602752626 51 1195
1671602755698 52 1195
1671602757405 52 1199
1671602766402 52 1218
1671602769470 53 1218
1671602779989 53 1241
1671602783110 54 1241
1671602785966 54 1249
1671602793631 54 1264
1671602796714 55 1264
1671602807219 55 1287
1671602810586 56 1287
1671602814673 56 1299
1671602821199 56 1310
1671602824324 57 1310
1671602834929 57 1333
1671602838009 58 1333
1671602843211 58 1349
1671602848545 58 1356
1671602851660 59 1356
1671602862178 59 1379
1671602865305 60 1379
1671602871554 60 1399
1671602875727 60 1402
1671602878820 61 1402
1671602889228 61 1425
1671602892330 62 1425
1671602902777 62 1448
1671602905896 63 1448
1671602906727 63 1449
1671602916454 63 1471
1671602919661 64 1471
1671602930287 64 1494
1671602933482 65 1494
1671602935465 65 1499
1671602943950 65 1517
1671602947092 66 1517
1671602957695 66 1540
1671602960843 67 1540
1671602963955 67 1549
1671602971185 67 1563
1671602974290 68 1563
1671602984807 68 1586
1671602987875 69 1586
1671602992153 69 1599
1671602998328 69 1609
1671603001484 70 1609
1671603012101 70 1632
1671603015174 71 1632
1671603020718 71 1649
1671603025755 71 1655
1671603028811 72 1655
1671603039188 72 1678
1671603042269 73 1678
1671603048817 73 1699
1671603052831 73 1701
1671603055861 74 1701
1671603066307 74 1724
1671603069439 75 1724
1671603079846 75 1747
1671603082977 76 1747
1671603084110 76 1749
1671603093620 76 1770
1671603096782 77 1770
1671603107371 77 1793
1671603110445 78 1793
1671603112765 78 1799
1671603120949 78 1816
1671603124084 79 1816
1671603134511 79 1839
1671603137649 80 1839
1671603141205 80 1849
1671603148304 80 1862
1671603151354 81 1862
1671603161966 81 1885
1671603165041 82 1885
1671603169639 82 1899
1671603175578 82 1908
1671603178631 83 1908
1671603189353 83 1931
1671603192742 84 1931
1671603198450 84 1949
1671603203491 84 1954
1671603206656 85 1954
1671603217371 85 1977
1671603220485 86 1977
1671603227315 86 1999
1671603231059 86 2000
1671603234143 87 2000
1671603244508 87 2023
1671603247607 88 2023
1671603258089 88 2046
1671603261223 89 2046
1671603262618 89 2049
1671603271891 89 2069
1671603274955 90 2069
1671603285481 90 2092
1671603288588 91 2092
1671603291150 91 2099
1671603299287 91 2115
1671603302377 92 2115
1671603312813 92 2138
1671603316005 93 2138
1671603319734 93 2149
1671603326493 93 2161
1671603329988 94 2161
1671603340651 94 2184
1671603343754 95 2184
1671603348620 95 2199
1671603354237 95 2207
1671603357361 96 2207
1671603368004 96 2230
1671603371157 97 2230
1671603377185 97 2249
1671603381723 97 2253
1671603384903 98 2253
1671603395438 98 2276
1671603398488 99 2276
1671603405396 99 2299
1671603409119 99 2299
1671603412402 100 2299
1671603422869 100 2322
1671603425917 101 2322
1671603436428 101 2345
1671603439880 102 2345
1671603441563 102 2349
1671603450227 102 2368
1671603453305 103 2368
1671603463900 103 2391
1671603466966 104 2391
1671603469822 104 2399
1671603477489 104 2414
1671603480991 105 2414
1671603491584 105 2437
1671603495061 106 2437
1671603499055 106 2449
1671603505837 106 2460
1671603508993 107 2460
1671603519430 107 2483
1671603522629 108 2483
1671603527748 108 2499
1671603533286 108 2506
1671603536350 109 2506
1671603546643 109 2529
1671603549990 110 2529
1671603556234 110 2549
1671603560359 110 2552
1671603563530 111 2552
1671603573942 111 2575
1671603577046 112 2575
1671603587503 112 2598
1671603590655 113 2598
1671603591524 113 2599
1671603601136 113 2621
1671603604293 114 2621
1671603614825 114 2644
1671603617926 115 2644
1671603619882 115 2649
1671603628392 115 2667
1671603631512 116 2667
1671603642085 116 2690
1671603645119 117 2690
1671603648223 117 2699
1671603655664 117 2713
1671603658853 118 2713
1671603669321 118 2736
1671603672443 119 2736
1671603676764 119 2749
1671603683128 119 2759
1671603686344 120 2759
1671603696756 120 2782
1671603699847 121 2782
1671603705328 121 2799
1671603710353 121 2805
1671603713459 122 2805
1671603724055 122 2828
1671603727089 123 2828
1671603733654 123 2849
1671603737639 123 2851
1671603740708 124 2851
1671603751000 124 2874
1671603754072 125 2874
1671603764893 125 2897
1671603767965 126 2897
1671603769127 126 2899
1671603778475 126 2920
1671603781614 127 2920
1671603792304 127 2943
1671603795654 128 2943
1671603797944 128 2949
1671603806093 128 2966
1671603809229 129 2966
1671603819661 129 2989
1671603822763 130 2989
1671603826195 130 2999
1671603833346 130 3012
1671603836502 131 3012
1671603847136 131 3035
1671603850230 132 3035
1671603854786 132 3049
1671603860704 132 3058
1671603863872 133 3058
1671603874648 133 3081
1671603877697 134 3081
1671603883431 134 3099
1671603888122 134 3104
1671603891245 135 3104
1671603901653 135 3127
1671603904709 136 3127
1671603911568 136 3149
1671603915153 136 3150
1671603918255 137 3150
1671603928822 137 3173
1671603931941 138 3173
1671603942558 138 3196
1671603945666 139 3196
1671603947113 139 3199
1671603956431 139 3219
1671603959554 140 3219
1671603970054 140 3242
1671603973057 141 3242
1671603975627 141 3249
1671603983456 141 3265
1671603986586 142 3265
1671603997172 142 3288
1671604000309 143 3288
1671604004086 143 3299
1671604011042 143 3311
1671604014133 144 3311
1671604024540 144 3334
1671604027720 145 3334
1671604032666 145 3349
1671604038454 145 3357
1671604041564 146 3357
1671604052106 146 3380
1671604055207 147 3380
1671604061178 147 3399
1671604065722 147 3403
1671604068817 148 3403
1671604079377 148 3426
1671604082466 149 3426
1671604089360 149 3449
1671604092861 149 3449
1671604096148 150 3449
