1671602058511 0.5952650308609009 22
1671602071905 0.5399919152259827 45
1671602085389 0.5322840809822083 68
1671602098881 0.5434221029281616 91
1671602112379 0.5506591796875 114
1671602125928 0.5494216084480286 137
1671602139637 0.5350282192230225 160
1671602153150 0.5283292531967163 183
1671602166911 0.5532956123352051 206
1671602180514 0.5534705519676208 229
1671602194002 0.5434356331825256 252
1671602207608 0.5598735213279724 275
1671602221402 0.5427629947662354 298
1671602235260 0.5525019764900208 321
1671602249099 0.5604923963546753 344
1671602262745 0.5468657612800598 367
1671602276151 0.5602636933326721 390
1671602289879 0.5481436252593994 413
1671602303368 0.5550309419631958 436
1671602317400 0.5358084440231323 459
1671602331110 0.5477670431137085 482
1671602344909 0.5542641878128052 505
1671602358438 0.5534840226173401 528
1671602371900 0.5605461597442627 551
1671602385394 0.5525692701339722 574
1671602399014 0.5534167289733887 597
1671602412803 0.5511434674263 620
1671602426312 0.5559994578361511 643
1671602439818 0.5490718483924866 666
1671602453435 0.5498923659324646 689
1671602467508 0.53127521276474 712
1671602481441 0.5588378310203552 735
1671602495187 0.5449286699295044 758
1671602508699 0.5609093904495239 781
1671602522242 0.5507398247718811 804
1671602536090 0.5517756342887878 827
1671602550173 0.5506322383880615 850
1671602563789 0.5464891195297241 873
1671602577385 0.541094958782196 896
1671602591197 0.548439621925354 919
1671602604894 0.5441888570785522 942
1671602618768 0.5443234443664551 965
1671602632504 0.5716034770011902 988
1671602646215 0.5395076870918274 1011
1671602659803 0.5510492324829102 1034
1671602673406 0.5538068413734436 1057
1671602687406 0.5627791285514832 1080
1671602700919 0.5378934741020203 1103
1671602714577 0.5650928020477295 1126
1671602728229 0.5576943755149841 1149
1671602741977 0.5664514303207397 1172
1671602755698 0.5557035207748413 1195
1671602769470 0.550645649433136 1218
1671602783110 0.5653887391090393 1241
1671602796714 0.5509819984436035 1264
1671602810586 0.5485337972640991 1287
1671602824324 0.5699085593223572 1310
1671602838009 0.5759887099266052 1333
1671602851660 0.5687113404273987 1356
1671602865305 0.5605865120887756 1379
1671602878820 0.577024519443512 1402
1671602892330 0.5638821721076965 1425
1671602905896 0.5693031549453735 1448
1671602919661 0.5576675534248352 1471
1671602933482 0.5502151846885681 1494
1671602947092 0.5833467841148376 1517
1671602960843 0.5695184469223022 1540
1671602974290 0.5819612145423889 1563
1671602987875 0.5590530037879944 1586
1671603001484 0.5867232084274292 1609
1671603015174 0.5644471645355225 1632
1671603028811 0.5825262665748596 1655
1671603042269 0.5597255825996399 1678
1671603055861 0.5612322092056274 1701
1671603069439 0.5638014674186707 1724
1671603082977 0.5773473381996155 1747
1671603096782 0.5680252909660339 1770
1671603110445 0.5887947678565979 1793
1671603124084 0.5721011757850647 1816
1671603137649 0.5665455460548401 1839
1671603151354 0.575625479221344 1862
1671603165041 0.5928437113761902 1885
1671603178631 0.5793920159339905 1908
1671603192742 0.5940139889717102 1931
1671603206656 0.5620930790901184 1954
1671603220485 0.5850147604942322 1977
1671603234143 0.5625773072242737 2000
1671603247607 0.5662227869033813 2023
1671603261223 0.5937449336051941 2046
1671603274955 0.5712268352508545 2069
1671603288588 0.5915254354476929 2092
1671603302377 0.5721012353897095 2115
1671603316005 0.5615415573120117 2138
1671603329988 0.5842076539993286 2161
1671603343754 0.5871939659118652 2184
1671603357361 0.5735270380973816 2207
1671603371157 0.5814770460128784 2230
1671603384903 0.5556765794754028 2253
1671603398488 0.5710116028785706 2276
1671603412402 0.5698950290679932 2299
1671603425917 0.573459804058075 2322
1671603439880 0.5942695736885071 2345
1671603453305 0.5685902833938599 2368
1671603466966 0.5688727498054504 2391
1671603480991 0.5759618282318115 2414
1671603495061 0.5863061547279358 2437
1671603508993 0.5801183581352234 2460
1671603522629 0.5851358771324158 2483
1671603536350 0.5912429690361023 2506
1671603549990 0.6004977226257324 2529
1671603563530 0.5657654404640198 2552
1671603577046 0.5875168442726135 2575
1671603590655 0.5902474522590637 2598
1671603604293 0.5899919271469116 2621
1671603617926 0.6048560738563538 2644
1671603631512 0.5808582305908203 2667
1671603645119 0.5810061693191528 2690
1671603658853 0.5622410178184509 2713
1671603672443 0.5931127071380615 2736
1671603686344 0.5976728796958923 2759
1671603699847 0.5875706076622009 2782
1671603713459 0.5706483721733093 2805
1671603727089 0.5813021063804626 2828
1671603740708 0.5852569341659546 2851
1671603754072 0.5759214758872986 2874
1671603767965 0.5776836276054382 2897
1671603781614 0.5799435377120972 2920
1671603795654 0.5629405379295349 2943
1671603809229 0.5956820249557495 2966
1671603822763 0.582445502281189 2989
1671603836502 0.5889292359352112 3012
1671603850230 0.5690745115280151 3035
1671603863872 0.5834140777587891 3058
1671603877697 0.577145516872406 3081
1671603891245 0.5915254950523376 3104
1671603904709 0.5967984795570374 3127
1671603918255 0.5643664598464966 3150
1671603931941 0.5807506442070007 3173
1671603945666 0.5879203677177429 3196
1671603959554 0.5706080198287964 3219
1671603973057 0.5918751358985901 3242
1671603986586 0.5811810493469238 3265
1671604000309 0.5745493769645691 3288
1671604014133 0.5874361395835876 3311
1671604027720 0.601614236831665 3334
1671604041564 0.5766881704330444 3357
1671604055207 0.5961527824401855 3380
1671604068817 0.5930858254432678 3403
1671604082466 0.5729486346244812 3426
1671604096148 0.5857546329498291 3449
