1671602073587 0.71875 49
1671602101738 0.59375 99
1671602129897 0.75 149
1671602158305 0.8125 199
1671602186740 0.84375 249
1671602222216 0.75 299
1671602251067 0.65625 349
1671602279320 0.71875 399
1671602308094 0.75 449
1671602336501 0.5 499
1671602364965 0.65625 549
1671602400129 0.65625 599
1671602428601 0.75 649
1671602456876 0.75 699
1671602486148 0.625 749
1671602514387 0.6875 799
1671602542939 0.71875 849
1671602578792 0.71875 899
1671602607449 0.6875 949
1671602636191 0.84375 999
1671602664763 0.59375 1049
1671602693404 0.78125 1099
1671602721430 0.75 1149
1671602757405 0.65625 1199
1671602785966 0.75 1249
1671602814673 0.71875 1299
1671602843211 0.59375 1349
1671602871554 0.625 1399
1671602906727 0.6875 1449
1671602935465 0.6875 1499
1671602963955 0.875 1549
1671602992153 0.84375 1599
1671603020718 0.71875 1649
1671603048817 0.65625 1699
1671603084110 0.75 1749
1671603112765 0.71875 1799
1671603141205 0.6875 1849
1671603169639 0.625 1899
1671603198450 0.75 1949
1671603227315 0.75 1999
1671603262618 0.71875 2049
1671603291150 0.6875 2099
1671603319734 0.75 2149
1671603348620 0.6875 2199
1671603377185 0.6875 2249
1671603405396 0.5 2299
1671603441563 0.75 2349
1671603469822 0.65625 2399
1671603499055 0.71875 2449
1671603527748 0.78125 2499
1671603556234 0.78125 2549
1671603591524 0.65625 2599
1671603619882 0.78125 2649
1671603648223 0.84375 2699
1671603676764 0.8125 2749
1671603705328 0.78125 2799
1671603733654 0.71875 2849
1671603769127 0.78125 2899
1671603797944 0.78125 2949
1671603826195 0.6875 2999
1671603854786 0.59375 3049
1671603883431 0.75 3099
1671603911568 0.78125 3149
1671603947113 0.78125 3199
1671603975627 0.71875 3249
1671604004086 0.75 3299
1671604032666 0.8125 3349
1671604061178 0.71875 3399
1671604089360 0.5 3449
