1671602073587 1.0 49
1671602101738 0.5416666865348816 99
1671602129897 1.0 149
1671602158305 1.0 199
1671602186740 0.9375 249
1671602222216 0.9166666865348816 299
1671602251067 0.9166666865348816 349
1671602279320 0.875 399
1671602308094 0.6875 449
1671602336501 0.75 499
1671602364965 1.0 549
1671602400129 0.75 599
1671602428601 0.7916666865348816 649
1671602456876 0.8541666865348816 699
1671602486148 1.0 749
1671602514387 0.875 799
1671602542939 0.7083333134651184 849
1671602578792 1.0 899
1671602607449 1.0 949
1671602636191 0.75 999
1671602664763 0.9166666865348816 1049
1671602693404 0.9166666865348816 1099
1671602721430 0.5 1149
1671602757405 0.5625 1199
1671602785966 0.9166666865348816 1249
1671602814673 0.875 1299
1671602843211 0.6041666865348816 1349
1671602871554 1.0 1399
1671602906727 0.875 1449
1671602935465 0.7916666865348816 1499
1671602963955 0.75 1549
1671602992153 0.949999988079071 1599
1671603020718 0.875 1649
1671603048817 1.0 1699
1671603084110 0.875 1749
1671603112765 0.9375 1799
1671603141205 0.9166666865348816 1849
1671603169639 0.75 1899
1671603198450 0.9166666865348816 1949
1671603227315 0.9166666865348816 1999
1671603262618 0.9166666865348816 2049
1671603291150 1.0 2099
1671603319734 1.0 2149
1671603348620 1.0 2199
1671603377185 0.9166666865348816 2249
1671603405396 0.25 2299
1671603441563 0.875 2349
1671603469822 1.0 2399
1671603499055 0.875 2449
1671603527748 0.875 2499
1671603556234 0.9166666865348816 2549
1671603591524 0.9375 2599
1671603619882 1.0 2649
1671603648223 1.0 2699
1671603676764 1.0 2749
1671603705328 1.0 2799
1671603733654 1.0 2849
1671603769127 0.9166666865348816 2899
1671603797944 0.8333333134651184 2949
1671603826195 0.9166666865348816 2999
1671603854786 0.5 3049
1671603883431 1.0 3099
1671603911568 0.9166666865348816 3149
1671603947113 0.75 3199
1671603975627 0.75 3249
1671604004086 1.0 3299
1671604032666 0.949999988079071 3349
1671604061178 0.9375 3399
1671604089360 0.25 3449
