1671602073587 0.5249999761581421 49
1671602101738 0.3583333492279053 99
1671602129897 0.5892857313156128 149
1671602158305 0.5833333134651184 199
1671602186740 0.75 249
1671602222216 0.6000000238418579 299
1671602251067 0.40416669845581055 349
1671602279320 0.6083333492279053 399
1671602308094 0.4761905074119568 449
1671602336501 0.3095238208770752 499
1671602364965 0.5357142686843872 549
1671602400129 0.3750000298023224 599
1671602428601 0.6458333134651184 649
1671602456876 0.6541666984558105 699
1671602486148 0.44583335518836975 749
1671602514387 0.4833333492279053 799
1671602542939 0.5583333373069763 849
1671602578792 0.4928571581840515 899
1671602607449 0.4958333373069763 949
1671602636191 0.550000011920929 999
1671602664763 0.42499998211860657 1049
1671602693404 0.6625000238418579 1099
1671602721430 0.5 1149
1671602757405 0.550000011920929 1199
1671602785966 0.550000011920929 1249
1671602814673 0.4625000059604645 1299
1671602843211 0.4416666626930237 1349
1671602871554 0.40833336114883423 1399
1671602906727 0.5636904835700989 1449
1671602935465 0.5583333373069763 1499
1671602963955 0.5416666865348816 1549
1671602992153 0.7916666865348816 1599
1671603020718 0.5410714149475098 1649
1671603048817 0.4958333373069763 1699
1671603084110 0.6339285969734192 1749
1671603112765 0.612500011920929 1799
1671603141205 0.5666666626930237 1849
1671603169639 0.2839285731315613 1899
1671603198450 0.6458333134651184 1949
1671603227315 0.5416666865348816 1999
1671603262618 0.5083333253860474 2049
1671603291150 0.4208333492279053 2099
1671603319734 0.6291667222976685 2149
1671603348620 0.4333333373069763 2199
1671603377185 0.6500000357627869 2249
1671603405396 0.25 2299
1671603441563 0.5833333730697632 2349
1671603469822 0.5062499642372131 2399
1671603499055 0.637499988079071 2449
1671603527748 0.6041666865348816 2499
1671603556234 0.6666666865348816 2549
1671603591524 0.5625 2599
1671603619882 0.550000011920929 2649
1671603648223 0.6875000596046448 2699
1671603676764 0.6416666507720947 2749
1671603705328 0.6309523582458496 2799
1671603733654 0.4583333730697632 2849
1671603769127 0.7392857074737549 2899
1671603797944 0.6083333492279053 2949
1671603826195 0.6202380657196045 2999
1671603854786 0.0982142835855484 3049
1671603883431 0.5750000476837158 3099
1671603911568 0.6499999761581421 3149
1671603947113 0.5166667103767395 3199
1671603975627 0.4345238208770752 3249
1671604004086 0.6041666865348816 3299
1671604032666 0.675000011920929 3349
1671604061178 0.5666666626930237 3399
1671604089360 0.25 3449
