1671602073587 0.6875000596046448 49
1671602101738 0.42370128631591797 99
1671602129897 0.7277930378913879 149
1671602158305 0.699999988079071 199
1671602186740 0.8095238208770752 249
1671602222216 0.699999988079071 299
1671602251067 0.5166666507720947 349
1671602279320 0.6970238089561462 399
1671602308094 0.5211039185523987 449
1671602336501 0.4318181872367859 499
1671602364965 0.6564394235610962 549
1671602400129 0.49166667461395264 599
1671602428601 0.6367965340614319 649
1671602456876 0.7351190447807312 699
1671602486148 0.5583333373069763 749
1671602514387 0.6041666865348816 799
1671602542939 0.6180555820465088 849
1671602578792 0.6496753096580505 899
1671602607449 0.6347222328186035 949
1671602636191 0.615079402923584 999
1671602664763 0.5773809552192688 1049
1671602693404 0.766865074634552 1099
1671602721430 0.5 1149
1671602757405 0.5208333730697632 1199
1671602785966 0.6805555820465088 1249
1671602814673 0.6041666865348816 1299
1671602843211 0.5 1349
1671602871554 0.5436508059501648 1399
1671602906727 0.6799242496490479 1449
1671602935465 0.5833333730697632 1499
1671602963955 0.6166666746139526 1549
1671602992153 0.849494993686676 1599
1671603020718 0.6309523582458496 1649
1671603048817 0.648809552192688 1699
1671603084110 0.7003968358039856 1749
1671603112765 0.7291666865348816 1799
1671603141205 0.6583333015441895 1849
1671603169639 0.3986111283302307 1899
1671603198450 0.7023809552192688 1949
1671603227315 0.6761904954910278 1999
1671603262618 0.638888955116272 2049
1671603291150 0.5791666507720947 2099
1671603319734 0.7684524059295654 2149
1671603348620 0.5734127163887024 2199
1671603377185 0.7124999761581421 2249
1671603405396 0.25 2299
1671603441563 0.6803571581840515 2349
1671603469822 0.6407203674316406 2399
1671603499055 0.7182539701461792 2449
1671603527748 0.675000011920929 2499
1671603556234 0.7539682388305664 2549
1671603591524 0.6791666746139526 2599
1671603619882 0.6900793313980103 2649
1671603648223 0.8142856955528259 2699
1671603676764 0.7595238089561462 2749
1671603705328 0.7611263394355774 2799
1671603733654 0.6166666746139526 2849
1671603769127 0.7849358916282654 2899
1671603797944 0.6814393997192383 2949
1671603826195 0.6672619581222534 2999
1671603854786 0.16249999403953552 3049
1671603883431 0.7291666865348816 3099
1671603911568 0.7470238208770752 3149
1671603947113 0.5928571224212646 3199
1671603975627 0.5484848618507385 3249
1671604004086 0.7142857313156128 3299
1671604032666 0.7763888835906982 3349
1671604061178 0.699999988079071 3399
1671604089360 0.25 3449
