1671602058511 0.625800371170044 22
1671602071905 0.6598385572433472 45
1671602085389 0.6473535895347595 68
1671602098881 0.6548318862915039 91
1671602112379 0.6580323576927185 114
1671602125928 0.6604124903678894 137
1671602139637 0.6497144103050232 160
1671602153150 0.6350095272064209 183
1671602166911 0.6687713265419006 206
1671602180514 0.6679640412330627 229
1671602194002 0.6602360010147095 252
1671602207608 0.6754376888275146 275
1671602221402 0.6532663702964783 298
1671602235260 0.671116828918457 321
1671602249099 0.6728243231773376 344
1671602262745 0.6487180590629578 367
1671602276151 0.6666502356529236 390
1671602289879 0.6701987385749817 413
1671602303368 0.6623184084892273 436
1671602317400 0.6551920771598816 459
1671602331110 0.6703357100486755 482
1671602344909 0.6635433435440063 505
1671602358438 0.6597077250480652 528
1671602371900 0.6643598079681396 551
1671602385394 0.6642861366271973 574
1671602399014 0.6723483800888062 597
1671602412803 0.6513293385505676 620
1671602426312 0.6599608659744263 643
1671602439818 0.6626018285751343 666
1671602453435 0.6648442149162292 689
1671602467508 0.6232709884643555 712
1671602481441 0.6738482713699341 735
1671602495187 0.6592862606048584 758
1671602508699 0.6728455424308777 781
1671602522242 0.6654161214828491 804
1671602536090 0.6572211384773254 827
1671602550173 0.6524864435195923 850
1671602563789 0.6474102139472961 873
1671602577385 0.6529276967048645 896
1671602591197 0.6644152402877808 919
1671602604894 0.6575705409049988 942
1671602618768 0.6502052545547485 965
1671602632504 0.6838570833206177 988
1671602646215 0.6540591716766357 1011
1671602659803 0.6625614762306213 1034
1671602673406 0.6615546345710754 1057
1671602687406 0.6753031015396118 1080
1671602700919 0.6536375284194946 1103
1671602714577 0.68125981092453 1126
1671602728229 0.6609283089637756 1149
1671602741977 0.6692674160003662 1172
1671602755698 0.6685620546340942 1195
1671602769470 0.632775604724884 1218
1671602783110 0.6721960306167603 1241
1671602796714 0.6639937162399292 1264
1671602810586 0.6621673107147217 1287
1671602824324 0.6849814057350159 1310
1671602838009 0.6893981099128723 1333
1671602851660 0.6685934066772461 1356
1671602865305 0.6694527268409729 1379
1671602878820 0.6670741438865662 1402
1671602892330 0.657727837562561 1425
1671602905896 0.6768196225166321 1448
1671602919661 0.6680195927619934 1471
1671602933482 0.6597127318382263 1494
1671602947092 0.6959889531135559 1517
1671602960843 0.6572872400283813 1540
1671602974290 0.6833037734031677 1563
1671602987875 0.6611791253089905 1586
1671603001484 0.6840577721595764 1609
1671603015174 0.6614390015602112 1632
1671603028811 0.6873476505279541 1655
1671603042269 0.6621174812316895 1678
1671603055861 0.671120285987854 1701
1671603069439 0.6669213771820068 1724
1671603082977 0.6867822408676147 1747
1671603096782 0.6655631065368652 1770
1671603110445 0.688863217830658 1793
1671603124084 0.6821719408035278 1816
1671603137649 0.6782506108283997 1839
1671603151354 0.6830189824104309 1862
1671603165041 0.6904475688934326 1885
1671603178631 0.6820513606071472 1908
1671603192742 0.6993535161018372 1931
1671603206656 0.6690723299980164 1954
1671603220485 0.6762435436248779 1977
1671603234143 0.6771227717399597 2000
1671603247607 0.6655095219612122 2023
1671603261223 0.6988705396652222 2046
1671603274955 0.6704824566841125 2069
1671603288588 0.6825699210166931 2092
1671603302377 0.6711481809616089 2115
1671603316005 0.6623193621635437 2138
1671603329988 0.6844237446784973 2161
1671603343754 0.6880223155021667 2184
1671603357361 0.6845680475234985 2207
1671603371157 0.6825335621833801 2230
1671603384903 0.6536341905593872 2253
1671603398488 0.6797098517417908 2276
1671603412402 0.6667783260345459 2299
1671603425917 0.6785372495651245 2322
1671603439880 0.6960369348526001 2345
1671603453305 0.6738975048065186 2368
1671603466966 0.6710771918296814 2391
1671603480991 0.6813325881958008 2414
1671603495061 0.6893852949142456 2437
1671603508993 0.6740105152130127 2460
1671603522629 0.6847779750823975 2483
1671603536350 0.6858510971069336 2506
1671603549990 0.697532594203949 2529
1671603563530 0.6662968993186951 2552
1671603577046 0.6912564039230347 2575
1671603590655 0.6914889812469482 2598
1671603604293 0.6830973625183105 2621
1671603617926 0.7087097764015198 2644
1671603631512 0.6896072030067444 2667
1671603645119 0.674734354019165 2690
1671603658853 0.6656903624534607 2713
1671603672443 0.689227283000946 2736
1671603686344 0.7061629295349121 2759
1671603699847 0.6839211583137512 2782
1671603713459 0.6708893775939941 2805
1671603727089 0.6811927556991577 2828
1671603740708 0.6901419758796692 2851
1671603754072 0.6767795085906982 2874
1671603767965 0.6725410223007202 2897
1671603781614 0.6815005540847778 2920
1671603795654 0.6699419617652893 2943
1671603809229 0.6979272365570068 2966
1671603822763 0.6829960942268372 2989
1671603836502 0.6926444172859192 3012
1671603850230 0.67109215259552 3035
1671603863872 0.6827853918075562 3058
1671603877697 0.6773127317428589 3081
1671603891245 0.686798632144928 3104
1671603904709 0.6951230764389038 3127
1671603918255 0.6629927754402161 3150
1671603931941 0.6825087666511536 3173
1671603945666 0.6890648603439331 3196
1671603959554 0.671590268611908 3219
1671603973057 0.6857468485832214 3242
1671603986586 0.6824654936790466 3265
1671604000309 0.6782146096229553 3288
1671604014133 0.689985454082489 3311
1671604027720 0.6970555186271667 3334
1671604041564 0.6845024228096008 3357
1671604055207 0.6948369741439819 3380
1671604068817 0.6958968639373779 3403
1671604082466 0.6689514517784119 3426
1671604096148 0.6777480244636536 3449
