1671604666767 0.0 22
1671604679962 0.0 45
1671604693517 0.0 68
1671604706880 0.0 91
1671604720369 0.0 114
1671604733977 0.0 137
1671604748043 0.0 160
1671604761692 0.0 183
1671604775287 13.0 206
1671604789084 0.0 229
1671604802809 0.0 252
1671604816535 0.0 275
1671604830038 12.25 298
1671604843519 0.0 321
1671604857254 0.0 344
1671604870937 0.0 367
1671604884527 0.0 390
1671604897985 0.0 413
1671604911618 0.0 436
1671604925385 0.0 459
1671604939029 0.25 482
1671604952556 0.0 505
1671604966122 13.0 528
1671604979462 9.5 551
1671604993008 0.0 574
1671605006767 0.0 597
1671605020361 0.0 620
1671605034165 0.0 643
1671605047752 0.0 666
1671605061168 0.0 689
1671605074737 0.0 712
1671605088717 2.0 735
1671605102162 0.0 758
1671605115793 0.0 781
1671605129339 0.25 804
1671605142960 0.0 827
1671605156490 0.0 850
1671605170159 0.0 873
1671605183783 0.0 896
1671605197312 0.0 919
1671605210839 0.0 942
1671605224363 0.0 965
1671605238147 12.25 988
1671605251804 12.25 1011
1671605265587 11.0 1034
1671605279187 12.25 1057
1671605292767 14.0 1080
1671605306533 0.0 1103
1671605320068 0.0 1126
1671605333576 12.25 1149
1671605347341 10.5 1172
1671605360847 0.0 1195
1671605374502 0.0 1218
1671605387935 0.0 1241
1671605401638 9.75 1264
1671605415548 5.5 1287
1671605429198 0.0 1310
1671605442769 0.25 1333
1671605456258 12.25 1356
1671605469793 10.0 1379
1671605483381 11.0 1402
1671605496900 12.25 1425
1671605510632 10.0 1448
1671605524322 12.25 1471
1671605537906 1.0 1494
1671605551688 0.0 1517
1671605565227 0.0 1540
1671605579262 0.0 1563
1671605592834 0.0 1586
1671605606348 0.0 1609
1671605619920 0.0 1632
1671605633481 0.0 1655
1671605647067 10.5 1678
1671605660990 9.75 1701
1671605674471 10.5 1724
1671605687928 0.0 1747
1671605701453 10.25 1770
1671605715193 0.0 1793
1671605728842 0.0 1816
1671605742640 0.0 1839
1671605756161 11.0 1862
1671605769766 0.25 1885
1671605783333 0.25 1908
1671605796928 10.0 1931
1671605810873 5.75 1954
1671605824541 10.0 1977
1671605838306 5.75 2000
1671605851918 10.0 2023
1671605865626 10.0 2046
1671605879349 0.0 2069
1671605893123 10.0 2092
1671605906830 11.25 2115
1671605920457 10.0 2138
1671605933881 10.0 2161
1671605947767 0.0 2184
1671605961352 0.0 2207
1671605974877 2.0 2230
1671605988537 10.0 2253
1671606002018 10.25 2276
1671606015687 10.75 2299
1671606029454 10.25 2322
1671606043143 10.25 2345
1671606056650 2.0 2368
1671606070427 10.25 2391
1671606083992 10.75 2414
1671606097555 10.75 2437
1671606111492 2.25 2460
1671606125363 10.5 2483
1671606139011 9.5 2506
1671606152533 0.0 2529
1671606166344 0.0 2552
1671606179935 1.25 2575
1671606193372 0.0 2598
1671606207381 10.0 2621
1671606221210 0.25 2644
1671606235092 2.25 2667
1671606248954 0.25 2690
1671606262733 0.0 2713
1671606276436 11.25 2736
1671606289957 0.0 2759
1671606303678 10.0 2782
1671606317472 0.0 2805
1671606331325 0.25 2828
1671606344955 0.0 2851
1671606358895 6.25 2874
1671606372639 0.25 2897
1671606386376 9.75 2920
1671606399996 10.25 2943
1671606413726 0.25 2966
1671606427245 10.25 2989
1671606441138 0.0 3012
1671606454740 0.25 3035
1671606468478 3.25 3058
1671606482012 10.25 3081
1671606495701 0.0 3104
1671606509548 0.0 3127
1671606523157 0.0 3150
1671606536907 0.0 3173
1671606550540 10.25 3196
1671606564145 0.0 3219
1671606577782 0.0 3242
1671606591430 1.5 3265
1671606605138 0.0 3288
1671606619295 0.0 3311
1671606632735 6.25 3334
1671606646432 0.0 3357
1671606660022 0.0 3380
1671606673813 0.0 3403
1671606687470 0.0 3426
1671606701047 10.5 3449
