1671604666767 0 22
1671604669724 1 22
1671604679962 1 45
1671604683195 2 45
1671604684880 2 49
1671604693517 2 68
1671604696594 3 68
1671604706880 3 91
1671604709977 4 91
1671604712828 4 99
1671604720369 4 114
1671604723504 5 114
1671604733977 5 137
1671604737064 6 137
1671604740975 6 149
1671604748043 6 160
1671604751169 7 160
1671604761692 7 183
1671604764751 8 183
1671604769875 8 199
1671604775287 8 206
1671604778564 9 206
1671604789084 9 229
1671604792167 10 229
1671604798407 10 249
1671604802809 10 252
1671604806080 11 252
1671604816535 11 275
1671604819683 12 275
1671604830038 12 298
1671604833055 13 298
1671604833896 13 299
1671604843519 13 321
1671604846680 14 321
1671604857254 14 344
1671604860387 15 344
1671604862438 15 349
1671604870937 15 367
1671604874000 16 367
1671604884527 16 390
1671604887606 17 390
1671604890752 17 399
1671604897985 17 413
1671604901061 18 413
1671604911618 18 436
1671604914776 19 436
1671604919176 19 449
1671604925385 19 459
1671604928507 20 459
1671604939029 20 482
1671604942147 21 482
1671604947528 21 499
1671604952556 21 505
1671604955635 22 505
1671604966122 22 528
1671604969143 23 528
1671604975635 23 549
1671604979462 23 551
1671604982614 24 551
1671604993008 24 574
1671604996176 25 574
1671605006767 25 597
1671605009862 26 597
1671605010981 26 599
1671605020361 26 620
1671605023701 27 620
1671605034165 27 643
1671605037304 28 643
1671605039579 28 649
1671605047752 28 666
1671605050887 29 666
1671605061168 29 689
1671605064223 30 689
1671605067584 30 699
1671605074737 30 712
1671605077959 31 712
1671605088717 31 735
1671605091822 32 735
1671605096345 32 749
1671605102162 32 758
1671605105332 33 758
1671605115793 33 781
1671605118923 34 781
1671605124631 34 799
1671605129339 34 804
1671605132481 35 804
1671605142960 35 827
1671605146019 36 827
1671605152823 36 849
1671605156490 36 850
1671605159591 37 850
1671605170159 37 873
1671605173271 38 873
1671605183783 38 896
1671605186867 39 896
1671605188239 39 899
1671605197312 39 919
1671605200419 40 919
1671605210839 40 942
1671605213914 41 942
1671605216514 41 949
1671605224363 41 965
1671605227438 42 965
1671605238147 42 988
1671605241210 43 988
1671605245069 43 999
1671605251804 43 1011
1671605254970 44 1011
1671605265587 44 1034
1671605268690 45 1034
1671605273519 45 1049
1671605279187 45 1057
1671605282346 46 1057
1671605292767 46 1080
1671605295888 47 1080
1671605301874 47 1099
1671605306533 47 1103
1671605309695 48 1103
1671605320068 48 1126
1671605323224 49 1126
1671605330088 49 1149
1671605333576 49 1149
1671605336821 50 1149
1671605347341 50 1172
1671605350432 51 1172
1671605360847 51 1195
1671605364041 52 1195
1671605365719 52 1199
1671605374502 52 1218
1671605377603 53 1218
1671605387935 53 1241
1671605391169 54 1241
1671605393994 54 1249
1671605401638 54 1264
1671605404817 55 1264
1671605415548 55 1287
1671605418643 56 1287
1671605422614 56 1299
1671605429198 56 1310
1671605432363 57 1310
1671605442769 57 1333
1671605445790 58 1333
1671605450967 58 1349
1671605456258 58 1356
1671605459367 59 1356
1671605469793 59 1379
1671605473009 60 1379
1671605479245 60 1399
1671605483381 60 1402
1671605486437 61 1402
1671605496900 61 1425
1671605500016 62 1425
1671605510632 62 1448
1671605513674 63 1448
1671605514498 63 1449
1671605524322 63 1471
1671605527490 64 1471
1671605537906 64 1494
1671605541038 65 1494
1671605543076 65 1499
1671605551688 65 1517
1671605554755 66 1517
1671605565227 66 1540
1671605568321 67 1540
1671605571677 67 1549
1671605579262 67 1563
1671605582351 68 1563
1671605592834 68 1586
1671605595958 69 1586
1671605600213 69 1599
1671605606348 69 1609
1671605609474 70 1609
1671605619920 70 1632
1671605623002 71 1632
1671605628401 71 1649
1671605633481 71 1655
1671605636585 72 1655
1671605647067 72 1678
1671605650171 73 1678
1671605656722 73 1699
1671605660990 73 1701
1671605664112 74 1701
1671605674471 74 1724
1671605677589 75 1724
1671605687928 75 1747
1671605691021 76 1747
1671605692126 76 1749
1671605701453 76 1770
1671605704741 77 1770
1671605715193 77 1793
1671605718253 78 1793
1671605720510 78 1799
1671605728842 78 1816
1671605731971 79 1816
1671605742640 79 1839
1671605745666 80 1839
1671605749102 80 1849
1671605756161 80 1862
1671605759275 81 1862
1671605769766 81 1885
1671605772903 82 1885
1671605777404 82 1899
1671605783333 82 1908
1671605786464 83 1908
1671605796928 83 1931
1671605800163 84 1931
1671605805860 84 1949
1671605810873 84 1954
1671605813931 85 1954
1671605824541 85 1977
1671605827612 86 1977
1671605834473 86 1999
1671605838306 86 2000
1671605841436 87 2000
1671605851918 87 2023
1671605855041 88 2023
1671605865626 88 2046
1671605868699 89 2046
1671605870092 89 2049
1671605879349 89 2069
1671605882445 90 2069
1671605893123 90 2092
1671605896161 91 2092
1671605898715 91 2099
1671605906830 91 2115
1671605909924 92 2115
1671605920457 92 2138
1671605923520 93 2138
1671605927199 93 2149
1671605933881 93 2161
1671605937033 94 2161
1671605947767 94 2184
1671605950782 95 2184
1671605955581 95 2199
1671605961352 95 2207
1671605964418 96 2207
1671605974877 96 2230
1671605978082 97 2230
1671605984048 97 2249
1671605988537 97 2253
1671605991663 98 2253
1671606002018 98 2276
1671606005171 99 2276
1671606012193 99 2299
1671606015687 99 2299
1671606018783 100 2299
1671606029454 100 2322
1671606032554 101 2322
1671606043143 101 2345
1671606046191 102 2345
1671606047881 102 2349
1671606056650 102 2368
1671606059819 103 2368
1671606070427 103 2391
1671606073521 104 2391
1671606076320 104 2399
1671606083992 104 2414
1671606087131 105 2414
1671606097555 105 2437
1671606100710 106 2437
1671606104720 106 2449
1671606111492 106 2460
1671606114569 107 2460
1671606125363 107 2483
1671606128487 108 2483
1671606133623 108 2499
1671606139011 108 2506
1671606142098 109 2506
1671606152533 109 2529
1671606155606 110 2529
1671606161877 110 2549
1671606166344 110 2552
1671606169548 111 2552
1671606179935 111 2575
1671606183065 112 2575
1671606193372 112 2598
1671606196471 113 2598
1671606197305 113 2599
1671606207381 113 2621
1671606210472 114 2621
1671606221210 114 2644
1671606224343 115 2644
1671606226444 115 2649
1671606235092 115 2667
1671606238263 116 2667
1671606248954 116 2690
1671606252158 117 2690
1671606255384 117 2699
1671606262733 117 2713
1671606265838 118 2713
1671606276436 118 2736
1671606279553 119 2736
1671606283836 119 2749
1671606289957 119 2759
1671606293103 120 2759
1671606303678 120 2782
1671606306772 121 2782
1671606312208 121 2799
1671606317472 121 2805
1671606320566 122 2805
1671606331325 122 2828
1671606334498 123 2828
1671606341015 123 2849
1671606344955 123 2851
1671606348028 124 2851
1671606358895 124 2874
1671606362072 125 2874
1671606372639 125 2897
1671606375816 126 2897
1671606376920 126 2899
1671606386376 126 2920
1671606389427 127 2920
1671606399996 127 2943
1671606403139 128 2943
1671606405398 128 2949
1671606413726 128 2966
1671606416882 129 2966
1671606427245 129 2989
1671606430300 130 2989
1671606433741 130 2999
1671606441138 130 3012
1671606444358 131 3012
1671606454740 131 3035
1671606457846 132 3035
1671606462373 132 3049
1671606468478 132 3058
1671606471543 133 3058
1671606482012 133 3081
1671606485157 134 3081
1671606490836 134 3099
1671606495701 134 3104
1671606498880 135 3104
1671606509548 135 3127
1671606512629 136 3127
1671606519432 136 3149
1671606523157 136 3150
1671606526286 137 3150
1671606536907 137 3173
1671606540021 138 3173
1671606550540 138 3196
1671606553654 139 3196
1671606555098 139 3199
1671606564145 139 3219
1671606567205 140 3219
1671606577782 140 3242
1671606580875 141 3242
1671606583412 141 3249
1671606591430 141 3265
1671606594591 142 3265
1671606605138 142 3288
1671606608282 143 3288
1671606612091 143 3299
1671606619295 143 3311
1671606622367 144 3311
1671606632735 144 3334
1671606635868 145 3334
1671606640695 145 3349
1671606646432 145 3357
1671606649535 146 3357
1671606660022 146 3380
1671606663175 147 3380
1671606669118 147 3399
1671606673813 147 3403
1671606676913 148 3403
1671606687470 148 3426
1671606690577 149 3426
1671606697496 149 3449
1671606701047 149 3449
1671606703946 150 3449
