1671604666767 22.0 22
1671604679962 22.0 45
1671604693517 22.0 68
1671604706880 22.0 91
1671604720369 22.0 114
1671604733977 22.0 137
1671604748043 22.0 160
1671604761692 22.0 183
1671604775287 9.0 206
1671604789084 22.0 229
1671604802809 22.0 252
1671604816535 22.0 275
1671604830038 9.75 298
1671604843519 22.0 321
1671604857254 22.0 344
1671604870937 22.0 367
1671604884527 22.0 390
1671604897985 22.0 413
1671604911618 22.0 436
1671604925385 22.0 459
1671604939029 21.75 482
1671604952556 22.0 505
1671604966122 9.0 528
1671604979462 12.5 551
1671604993008 22.0 574
1671605006767 22.0 597
1671605020361 22.0 620
1671605034165 22.0 643
1671605047752 22.0 666
1671605061168 22.0 689
1671605074737 22.0 712
1671605088717 20.0 735
1671605102162 22.0 758
1671605115793 22.0 781
1671605129339 21.75 804
1671605142960 22.0 827
1671605156490 22.0 850
1671605170159 22.0 873
1671605183783 22.0 896
1671605197312 22.0 919
1671605210839 22.0 942
1671605224363 22.0 965
1671605238147 9.75 988
1671605251804 9.75 1011
1671605265587 11.0 1034
1671605279187 9.75 1057
1671605292767 8.0 1080
1671605306533 22.0 1103
1671605320068 22.0 1126
1671605333576 9.75 1149
1671605347341 11.5 1172
1671605360847 22.0 1195
1671605374502 22.0 1218
1671605387935 22.0 1241
1671605401638 12.25 1264
1671605415548 16.5 1287
1671605429198 22.0 1310
1671605442769 21.75 1333
1671605456258 9.75 1356
1671605469793 12.0 1379
1671605483381 11.0 1402
1671605496900 9.75 1425
1671605510632 12.0 1448
1671605524322 9.75 1471
1671605537906 21.0 1494
1671605551688 22.0 1517
1671605565227 22.0 1540
1671605579262 22.0 1563
1671605592834 22.0 1586
1671605606348 22.0 1609
1671605619920 22.0 1632
1671605633481 22.0 1655
1671605647067 11.5 1678
1671605660990 12.25 1701
1671605674471 11.5 1724
1671605687928 22.0 1747
1671605701453 11.75 1770
1671605715193 22.0 1793
1671605728842 22.0 1816
1671605742640 22.0 1839
1671605756161 11.0 1862
1671605769766 21.75 1885
1671605783333 21.75 1908
1671605796928 12.0 1931
1671605810873 16.25 1954
1671605824541 12.0 1977
1671605838306 16.25 2000
1671605851918 12.0 2023
1671605865626 12.0 2046
1671605879349 22.0 2069
1671605893123 12.0 2092
1671605906830 10.75 2115
1671605920457 12.0 2138
1671605933881 12.0 2161
1671605947767 22.0 2184
1671605961352 22.0 2207
1671605974877 20.0 2230
1671605988537 12.0 2253
1671606002018 11.75 2276
1671606015687 11.25 2299
1671606029454 11.75 2322
1671606043143 11.75 2345
1671606056650 20.0 2368
1671606070427 11.75 2391
1671606083992 11.25 2414
1671606097555 11.25 2437
1671606111492 19.75 2460
1671606125363 11.5 2483
1671606139011 12.5 2506
1671606152533 22.0 2529
1671606166344 22.0 2552
1671606179935 20.75 2575
1671606193372 22.0 2598
1671606207381 12.0 2621
1671606221210 21.75 2644
1671606235092 19.75 2667
1671606248954 21.75 2690
1671606262733 22.0 2713
1671606276436 10.75 2736
1671606289957 22.0 2759
1671606303678 12.0 2782
1671606317472 22.0 2805
1671606331325 21.75 2828
1671606344955 22.0 2851
1671606358895 15.75 2874
1671606372639 21.75 2897
1671606386376 12.25 2920
1671606399996 11.75 2943
1671606413726 21.75 2966
1671606427245 11.75 2989
1671606441138 22.0 3012
1671606454740 21.75 3035
1671606468478 18.75 3058
1671606482012 11.75 3081
1671606495701 22.0 3104
1671606509548 22.0 3127
1671606523157 22.0 3150
1671606536907 22.0 3173
1671606550540 11.75 3196
1671606564145 22.0 3219
1671606577782 22.0 3242
1671606591430 20.5 3265
1671606605138 22.0 3288
1671606619295 22.0 3311
1671606632735 15.75 3334
1671606646432 22.0 3357
1671606660022 22.0 3380
1671606673813 22.0 3403
1671606687470 22.0 3426
1671606701047 11.5 3449
