1671604684880 0.5833333730697632 49
1671604712828 0.3083333373069763 99
1671604740975 0.5 149
1671604769875 0.1875 199
1671604798407 0.5208333730697632 249
1671604833896 0.25 299
1671604862438 0.4583333432674408 349
1671604890752 0.4166666865348816 399
1671604919176 0.3125 449
1671604947528 0.375 499
1671604975635 0.3375000059604645 549
1671605010981 0.2083333432674408 599
1671605039579 0.5666667222976685 649
1671605067584 0.4375000298023224 699
1671605096345 0.25 749
1671605124631 0.1458333432674408 799
1671605152823 0.2708333432674408 849
1671605188239 0.375 899
1671605216514 0.6041666865348816 949
1671605245069 0.1875 999
1671605273519 0.3333333432674408 1049
1671605301874 0.3958333432674408 1099
1671605330088 0.5 1149
1671605365719 0.4166666865348816 1199
1671605393994 0.3958333432674408 1249
1671605422614 0.2916666865348816 1299
1671605450967 0.2916666865348816 1349
1671605479245 0.4375 1399
1671605514498 0.4416666626930237 1449
1671605543076 0.2083333432674408 1499
1671605571677 0.4166666865348816 1549
1671605600213 0.6375000476837158 1599
1671605628401 0.3166666626930237 1649
1671605656722 1.0 1699
1671605692126 0.3958333432674408 1749
1671605720510 0.2291666716337204 1799
1671605749102 0.4583333432674408 1849
1671605777404 0.5 1899
1671605805860 0.2916666865348816 1949
1671605834473 0.5416666865348816 1999
1671605870092 0.5208333730697632 2049
1671605898715 0.3333333432674408 2099
1671605927199 0.4791666865348816 2149
1671605955581 0.6875 2199
1671605984048 0.4583333432674408 2249
1671606012193 0.0 2299
1671606047881 0.625 2349
1671606076320 0.4749999940395355 2399
1671606104720 0.2291666865348816 2449
1671606133623 0.5625 2499
1671606161877 0.3958333432674408 2549
1671606197305 0.375 2599
1671606226444 0.3125 2649
1671606255384 0.1875 2699
1671606283836 0.625 2749
1671606312208 0.6666666865348816 2799
1671606341015 0.7916666865348816 2849
1671606376920 0.5 2899
1671606405398 0.5416666865348816 2949
1671606433741 0.6000000238418579 2999
1671606462373 0.5 3049
1671606490836 0.625 3099
1671606519432 0.3499999940395355 3149
1671606555098 0.6000000238418579 3199
1671606583412 0.375 3249
1671606612091 0.4166666865348816 3299
1671606640695 0.5874999761581421 3349
1671606669118 0.6041666865348816 3399
1671606697496 0.25 3449
