1671604684880 0.75 49
1671604712828 0.625 99
1671604740975 0.699999988079071 149
1671604769875 0.5 199
1671604798407 1.0 249
1671604833896 0.75 299
1671604862438 0.75 349
1671604890752 0.5 399
1671604919176 0.5 449
1671604947528 0.75 499
1671604975635 0.5 549
1671605010981 0.5 599
1671605039579 0.6666666865348816 649
1671605067584 1.0 699
1671605096345 0.25 749
1671605124631 0.5 799
1671605152823 0.5 849
1671605188239 0.75 899
1671605216514 1.0 949
1671605245069 0.5 999
1671605273519 0.625 1049
1671605301874 0.75 1099
1671605330088 0.5 1149
1671605365719 0.75 1199
1671605393994 0.75 1249
1671605422614 0.5 1299
1671605450967 0.5 1349
1671605479245 0.3125 1399
1671605514498 0.75 1449
1671605543076 0.5 1499
1671605571677 0.75 1549
1671605600213 0.9166666865348816 1599
1671605628401 0.5 1649
1671605656722 0.625 1699
1671605692126 1.0 1749
1671605720510 0.375 1799
1671605749102 0.6875 1849
1671605777404 0.5 1899
1671605805860 0.5 1949
1671605834473 0.75 1999
1671605870092 1.0 2049
1671605898715 0.5 2099
1671605927199 0.875 2149
1671605955581 0.5 2199
1671605984048 0.875 2249
1671606012193 0.0 2299
1671606047881 0.6666666865348816 2349
1671606076320 0.625 2399
1671606104720 0.75 2449
1671606133623 0.5333333015441895 2499
1671606161877 1.0 2549
1671606197305 0.75 2599
1671606226444 0.5 2649
1671606255384 0.3333333432674408 2699
1671606283836 1.0 2749
1671606312208 1.0 2799
1671606341015 0.9166666865348816 2849
1671606376920 1.0 2899
1671606405398 0.6875 2949
1671606433741 1.0 2999
1671606462373 0.5 3049
1671606490836 0.75 3099
1671606519432 0.5 3149
1671606555098 0.75 3199
1671606583412 0.32499998807907104 3249
1671606612091 0.6666666865348816 3299
1671606640695 0.75 3349
1671606669118 1.0 3399
1671606697496 0.25 3449
