1671604669724 0.5318760275840759 22
1671604683195 0.49591073393821716 45
1671604696594 0.5120661854743958 68
1671604709977 0.5156667828559875 91
1671604723504 0.5215855240821838 114
1671604737064 0.5166352987289429 137
1671604751169 0.5092254281044006 160
1671604764751 0.5216572284698486 183
1671604778564 0.51642906665802 206
1671604792167 0.5383104681968689 229
1671604806080 0.5383104681968689 252
1671604819683 0.5547753572463989 275
1671604833055 0.5275311470031738 298
1671604846680 0.5251367688179016 321
1671604860387 0.5604743957519531 344
1671604874000 0.5147251486778259 367
1671604887606 0.49215319752693176 390
1671604901061 0.5313514471054077 413
1671604914776 0.5153887271881104 436
1671604928507 0.5238230228424072 459
1671604942147 0.5375567674636841 482
1671604955635 0.5074657201766968 505
1671604969143 0.49215319752693176 528
1671604982614 0.49214422702789307 551
1671604996176 0.5107690691947937 574
1671605009862 0.5365303754806519 597
1671605023701 0.5187517404556274 620
1671605037304 0.5061787962913513 643
1671605050887 0.5669984817504883 666
1671605064223 0.5198233127593994 689
1671605077959 0.5135592818260193 712
1671605091822 0.516765296459198 735
1671605105332 0.47893670201301575 758
1671605118923 0.5190920829772949 781
1671605132481 0.5068783760070801 804
1671605146019 0.5143215656280518 827
1671605159591 0.5084855556488037 850
1671605173271 0.4999551773071289 873
1671605186867 0.5206618309020996 896
1671605200419 0.5050713419914246 919
1671605213914 0.5002914667129517 942
1671605227438 0.5193288922309875 965
1671605241210 0.5022330284118652 988
1671605254970 0.4969778060913086 1011
1671605268690 0.517424464225769 1034
1671605282346 0.5310465693473816 1057
1671605295888 0.5527710318565369 1080
1671605309695 0.48380935192108154 1103
1671605323224 0.5356066823005676 1126
1671605336821 0.5493139624595642 1149
1671605350432 0.4977087378501892 1172
1671605364041 0.49736350774765015 1195
1671605377603 0.5161017179489136 1218
1671605391169 0.505335807800293 1241
1671605404817 0.5077168345451355 1264
1671605418643 0.5214779376983643 1287
1671605432363 0.5272886157035828 1310
1671605445790 0.5534570813179016 1333
1671605459367 0.5112142562866211 1356
1671605473009 0.5447224974632263 1379
1671605486437 0.526399552822113 1402
1671605500016 0.5416416525840759 1425
1671605513674 0.5312919616699219 1448
1671605527490 0.5244417190551758 1471
1671605541038 0.5296341776847839 1494
1671605554755 0.5073715448379517 1517
1671605568321 0.5215851068496704 1540
1671605582351 0.5436235070228577 1563
1671605595958 0.4947628378868103 1586
1671605609474 0.5516993999481201 1609
1671605623002 0.49958300590515137 1632
1671605636585 0.5054565668106079 1655
1671605650171 0.5248856544494629 1678
1671605664112 0.527176558971405 1701
1671605677589 0.517441987991333 1724
1671605691021 0.5344498157501221 1747
1671605704741 0.5462021827697754 1770
1671605718253 0.5492601990699768 1793
1671605731971 0.5332208275794983 1816
1671605745666 0.5356470346450806 1839
1671605759275 0.4999547302722931 1862
1671605772903 0.5454219579696655 1885
1671605786464 0.5047709345817566 1908
1671605800163 0.5247377157211304 1931
1671605813931 0.5325307250022888 1954
1671605827612 0.517289936542511 1977
1671605841436 0.5435386896133423 2000
1671605855041 0.5102502107620239 2023
1671605868699 0.536400318145752 2046
1671605882445 0.5288897752761841 2069
1671605896161 0.518562912940979 2092
1671605909924 0.5225271582603455 2115
1671605923520 0.5234059691429138 2138
1671605937033 0.5411083698272705 2161
1671605950782 0.5336427092552185 2184
1671605964418 0.518984854221344 2207
1671605978082 0.561030387878418 2230
1671605991663 0.5288494229316711 2253
1671606005171 0.5181488394737244 2276
1671606018783 0.5273517966270447 2299
1671606032554 0.5244014859199524 2322
1671606046191 0.5377944111824036 2345
1671606059819 0.5226559638977051 2368
1671606073521 0.5280333757400513 2391
1671606087131 0.532284140586853 2414
1671606100710 0.5208591222763062 2437
1671606114569 0.5312169194221497 2460
1671606128487 0.5284728407859802 2483
1671606142098 0.5366917848587036 2506
1671606155606 0.5379876494407654 2529
1671606169548 0.5393760204315186 2552
1671606183065 0.5036677718162537 2575
1671606196471 0.5558874011039734 2598
1671606210472 0.4891893267631531 2621
1671606224343 0.5781275629997253 2644
1671606238263 0.5422636270523071 2667
1671606252158 0.5359877943992615 2690
1671606265838 0.518074631690979 2713
1671606279553 0.5615191459655762 2736
1671606293103 0.5343376994132996 2759
1671606306772 0.5451170206069946 2782
1671606320566 0.5347278714179993 2805
1671606334498 0.4850596487522125 2828
1671606348028 0.5078564882278442 2851
1671606362072 0.5036181211471558 2874
1671606375816 0.48573222756385803 2897
1671606389427 0.549475371837616 2920
1671606403139 0.5391579270362854 2943
1671606416882 0.559160590171814 2966
1671606430300 0.5301497578620911 2989
1671606444358 0.5576406121253967 3012
1671606457846 0.5366783142089844 3035
1671606471543 0.5698502659797668 3058
1671606485157 0.5598286986351013 3081
1671606498880 0.5468837022781372 3104
1671606512629 0.5353779792785645 3127
1671606526286 0.5623082518577576 3150
1671606540021 0.553656816482544 3173
1671606553654 0.519396185874939 3196
1671606567205 0.5315666794776917 3219
1671606580875 0.5093982219696045 3242
1671606594591 0.5065644979476929 3265
1671606608282 0.5120885968208313 3288
1671606622367 0.5168550610542297 3311
1671606635868 0.5179042220115662 3334
1671606649535 0.5188817381858826 3357
1671606663175 0.5254999995231628 3380
1671606676913 0.537059485912323 3403
1671606690577 0.5088512301445007 3426
1671606703946 0.5234764814376831 3449
