1671604669724 0.594955563545227 22
1671604683195 0.6581920981407166 45
1671604696594 0.6991525292396545 68
1671604709977 0.6977401375770569 91
1671604723504 0.6807909607887268 114
1671604737064 0.7250470519065857 137
1671604751169 0.6887005567550659 160
1671604764751 0.7382296919822693 183
1671604778564 0.7175140976905823 206
1671604792167 0.7288135886192322 229
1671604806080 0.7664783596992493 252
1671604819683 0.7725047469139099 275
1671604833055 0.7080979943275452 298
1671604846680 0.7165724635124207 321
1671604860387 0.7697740197181702 344
1671604874000 0.6826741695404053 367
1671604887606 0.6694915294647217 390
1671604901061 0.7222222089767456 413
1671604914776 0.7033898234367371 436
1671604928507 0.737758994102478 459
1671604942147 0.7641242742538452 482
1671604955635 0.7283427715301514 505
1671604969143 0.6753295660018921 528
1671604982614 0.6112993955612183 551
1671604996176 0.7236347198486328 574
1671605009862 0.7452919483184814 597
1671605023701 0.709039568901062 620
1671605037304 0.7165725231170654 643
1671605050887 0.7497175931930542 666
1671605064223 0.6891713738441467 689
1671605077959 0.6768361926078796 712
1671605091822 0.7339925169944763 735
1671605105332 0.5947269201278687 758
1671605118923 0.6850282549858093 781
1671605132481 0.7109228372573853 804
1671605146019 0.7062146663665771 827
1671605159591 0.6445385813713074 850
1671605173271 0.645009458065033 873
1671605186867 0.6807909607887268 896
1671605200419 0.7142184972763062 919
1671605213914 0.6650659441947937 942
1671605227438 0.7193974256515503 965
1671605241210 0.6873822808265686 988
1671605254970 0.6468927264213562 1011
1671605268690 0.6939737200737 1034
1671605282346 0.7231638431549072 1057
1671605295888 0.701789140701294 1080
1671605309695 0.6009281873703003 1103
1671605323224 0.7010357975959778 1126
1671605336821 0.7382298111915588 1149
1671605350432 0.6671374440193176 1172
1671605364041 0.6930320262908936 1195
1671605377603 0.6705272793769836 1218
1671605391169 0.6964218616485596 1241
1671605404817 0.6982108950614929 1264
1671605418643 0.7322034239768982 1287
1671605432363 0.7198681235313416 1310
1671605445790 0.7627118825912476 1333
1671605459367 0.720809817314148 1356
1671605473009 0.7033898234367371 1379
1671605486437 0.6847457885742188 1402
1671605500016 0.7278718948364258 1425
1671605513674 0.6689265370368958 1448
1671605527490 0.7029190063476562 1471
1671605541038 0.6718456149101257 1494
1671605554755 0.6930320262908936 1517
1671605568321 0.651129961013794 1540
1671605582351 0.7269302606582642 1563
1671605595958 0.6647834777832031 1586
1671605609474 0.6892655491828918 1609
1671605623002 0.66864413022995 1632
1671605636585 0.6333333849906921 1655
1671605650171 0.700564980506897 1678
1671605664112 0.6841807961463928 1701
1671605677589 0.7142184972763062 1724
1671605691021 0.7144067883491516 1747
1671605704741 0.7355931997299194 1770
1671605718253 0.7514124512672424 1793
1671605731971 0.6807910203933716 1816
1671605745666 0.7241054773330688 1839
1671605759275 0.6558380126953125 1862
1671605772903 0.6608286499977112 1885
1671605786464 0.6704331636428833 1908
1671605800163 0.6618643999099731 1931
1671605813931 0.7322975397109985 1954
1671605827612 0.6587570309638977 1977
1671605841436 0.7269303202629089 2000
1671605855041 0.7128060460090637 2023
1671605868699 0.7165725231170654 2046
1671605882445 0.7326741814613342 2069
1671605896161 0.7226930856704712 2092
1671605909924 0.6930320262908936 2115
1671605923520 0.694915235042572 2138
1671605937033 0.7363464832305908 2161
1671605950782 0.7066855430603027 2184
1671605964418 0.644444465637207 2207
1671605978082 0.7388888597488403 2230
1671605991663 0.7419962286949158 2253
1671606005171 0.7076271176338196 2276
1671606018783 0.6789077520370483 2299
1671606032554 0.7105461359024048 2322
1671606046191 0.7184557318687439 2345
1671606059819 0.7158191800117493 2368
1671606073521 0.740301251411438 2391
1671606087131 0.6798493266105652 2414
1671606100710 0.7224105596542358 2437
1671606114569 0.6915254592895508 2460
1671606128487 0.6704331636428833 2483
1671606142098 0.6725988984107971 2506
1671606155606 0.7250471115112305 2529
1671606169548 0.691525399684906 2552
1671606183065 0.6497175693511963 2575
1671606196471 0.7457627058029175 2598
1671606210472 0.6245762705802917 2621
1671606224343 0.7806025743484497 2644
1671606238263 0.6698681712150574 2667
1671606252158 0.7109227776527405 2690
1671606265838 0.6724105477333069 2713
1671606279553 0.7252354025840759 2736
1671606293103 0.7369115948677063 2759
1671606306772 0.7137476205825806 2782
1671606320566 0.6991525292396545 2805
1671606334498 0.6310465335845947 2828
1671606348028 0.6421846151351929 2851
1671606362072 0.6768361926078796 2874
1671606375816 0.6534839868545532 2897
1671606389427 0.7617703080177307 2920
1671606403139 0.6953860521316528 2943
1671606416882 0.7241054773330688 2966
1671606430300 0.7126177549362183 2989
1671606444358 0.7422786951065063 3012
1671606457846 0.7203390002250671 3035
1671606471543 0.7212806344032288 3058
1671606485157 0.6840866208076477 3081
1671606498880 0.7359698414802551 3104
1671606512629 0.6819208860397339 3127
1671606526286 0.6728813648223877 3150
1671606540021 0.7393597364425659 3173
1671606553654 0.669774055480957 3196
1671606567205 0.7033898234367371 3219
1671606580875 0.7143126130104065 3242
1671606594591 0.6404896378517151 3265
1671606608282 0.6766477823257446 3288
1671606622367 0.6814501285552979 3311
1671606635868 0.7048022747039795 3334
1671606649535 0.678625226020813 3357
1671606663175 0.6903013586997986 3380
1671606676913 0.7132768630981445 3403
1671606690577 0.6911488175392151 3426
1671606703946 0.6963276863098145 3449
