1671604684880 0.6499999761581421 49
1671604712828 0.3928571343421936 99
1671604740975 0.5734848976135254 149
1671604769875 0.2666666805744171 199
1671604798407 0.6666666865348816 249
1671604833896 0.3630952537059784 299
1671604862438 0.5416666865348816 349
1671604890752 0.44999998807907104 399
1671604919176 0.3499999940395355 449
1671604947528 0.5 499
1671604975635 0.4017857313156128 549
1671605010981 0.2916666865348816 599
1671605039579 0.6041666865348816 649
1671605067584 0.5892857313156128 699
1671605096345 0.25 749
1671605124631 0.22499999403953552 799
1671605152823 0.3392857313156128 849
1671605188239 0.5 899
1671605216514 0.7166666984558105 949
1671605245069 0.2666666805744171 999
1671605273519 0.4166666865348816 1049
1671605301874 0.5 1099
1671605330088 0.5 1149
1671605365719 0.5333333611488342 1199
1671605393994 0.5059524178504944 1249
1671605422614 0.36666667461395264 1299
1671605450967 0.36666667461395264 1349
1671605479245 0.3541666865348816 1399
1671605514498 0.5541666746139526 1449
1671605543076 0.2916666865348816 1499
1671605571677 0.5333333611488342 1549
1671605600213 0.6851190328598022 1599
1671605628401 0.38749998807907104 1649
1671605656722 0.7470238208770752 1699
1671605692126 0.5583333373069763 1749
1671605720510 0.28333333134651184 1799
1671605749102 0.5267857313156128 1849
1671605777404 0.5 1899
1671605805860 0.36666667461395264 1949
1671605834473 0.6166666746139526 1999
1671605870092 0.6416667103767395 2049
1671605898715 0.4000000059604645 2099
1671605927199 0.574999988079071 2149
1671605955581 0.5476190447807312 2199
1671605984048 0.5833333730697632 2249
1671606012193 0.0 2299
1671606047881 0.5833333730697632 2349
1671606076320 0.4761905074119568 2399
1671606104720 0.3499999940395355 2449
1671606133623 0.4472222328186035 2499
1671606161877 0.5583333373069763 2549
1671606197305 0.44999998807907104 2599
1671606226444 0.380952388048172 2649
1671606255384 0.2380952388048172 2699
1671606283836 0.7500000596046448 2749
1671606312208 0.7833333611488342 2799
1671606341015 0.8428571224212646 2849
1671606376920 0.6499999761581421 2899
1671606405398 0.5809524059295654 2949
1671606433741 0.7178571224212646 2999
1671606462373 0.5 3049
1671606490836 0.6595238447189331 3099
1671606519432 0.3928571343421936 3149
1671606555098 0.6428571343421936 3199
1671606583412 0.347222238779068 3249
1671606612091 0.49166667461395264 3299
1671606640695 0.6517857313156128 3349
1671606669118 0.7166666984558105 3399
1671606697496 0.25 3449
