1671604669724 0.5475518107414246 22
1671604683195 0.427871972322464 45
1671604696594 0.4379473030567169 68
1671604709977 0.4424804747104645 91
1671604723504 0.4706214368343353 114
1671604737064 0.43101966381073 137
1671604751169 0.4541027545928955 160
1671604764751 0.4354049265384674 183
1671604778564 0.4369114935398102 206
1671604792167 0.4619585871696472 229
1671604806080 0.4468926787376404 252
1671604819683 0.4866289794445038 275
1671604833055 0.468549907207489 298
1671604846680 0.44934090971946716 321
1671604860387 0.472222238779068 344
1671604874000 0.46007534861564636 367
1671604887606 0.4137476682662964 390
1671604901061 0.4540489614009857 413
1671604914776 0.4393058717250824 436
1671604928507 0.4362523555755615 459
1671604942147 0.4460451900959015 482
1671604955635 0.4162900149822235 505
1671604969143 0.4220339357852936 528
1671604982614 0.45875704288482666 551
1671604996176 0.42331182956695557 574
1671605009862 0.4597390294075012 597
1671605023701 0.44256120920181274 620
1671605037304 0.4220338761806488 643
1671605050887 0.5020715594291687 666
1671605064223 0.4616760313510895 689
1671605077959 0.4792843759059906 712
1671605091822 0.43022599816322327 735
1671605105332 0.4489103853702545 758
1671605118923 0.4680791199207306 781
1671605132481 0.4216572940349579 804
1671605146019 0.4378530979156494 827
1671605159591 0.4688323736190796 850
1671605173271 0.44632768630981445 873
1671605186867 0.4726930558681488 896
1671605200419 0.4179849624633789 919
1671605213914 0.4524482190608978 942
1671605227438 0.43282219767570496 965
1671605241210 0.4216572344303131 988
1671605254970 0.44048967957496643 1011
1671605268690 0.4655636250972748 1034
1671605282346 0.4505784213542938 1057
1671605295888 0.5145951509475708 1080
1671605309695 0.45715633034706116 1103
1671605323224 0.4767419993877411 1126
1671605336821 0.4775894582271576 1149
1671605350432 0.4353107511997223 1172
1671605364041 0.4141242802143097 1195
1671605377603 0.45301318168640137 1218
1671605391169 0.43258002400398254 1241
1671605404817 0.4274011254310608 1264
1671605418643 0.4361582100391388 1287
1671605432363 0.45169490575790405 1310
1671605445790 0.4713747799396515 1333
1671605459367 0.42043307423591614 1356
1671605473009 0.4941619634628296 1379
1671605486437 0.4651601314544678 1402
1671605500016 0.4748184382915497 1425
1671605513674 0.4907721281051636 1448
1671605527490 0.4400188624858856 1471
1671605541038 0.4731638431549072 1494
1671605554755 0.42109227180480957 1517
1671605568321 0.48440948128700256 1540
1671605582351 0.4677966237068176 1563
1671605595958 0.43596988916397095 1586
1671605609474 0.5109227895736694 1609
1671605623002 0.43506860733032227 1632
1671605636585 0.47043317556381226 1655
1671605650171 0.4572504758834839 1678
1671605664112 0.4969329833984375 1701
1671605677589 0.4373822808265686 1724
1671605691021 0.47278720140457153 1747
1671605704741 0.475894570350647 1770
1671605718253 0.4775894582271576 1793
1671605731971 0.47984933853149414 1816
1671605745666 0.46666669845581055 1839
1671605759275 0.43681731820106506 1862
1671605772903 0.49679848551750183 1885
1671605786464 0.4406779706478119 1908
1671605800163 0.47028517723083496 1931
1671605813931 0.45169490575790405 1954
1671605827612 0.47683611512184143 1977
1671605841436 0.46873822808265686 2000
1671605855041 0.4261770248413086 2023
1671605868699 0.4717514216899872 2046
1671605882445 0.45433148741722107 2069
1671605896161 0.4341808259487152 2092
1671605909924 0.46252354979515076 2115
1671605923520 0.4606403410434723 2138
1671605937033 0.4713747799396515 2161
1671605950782 0.45866289734840393 2184
1671605964418 0.4951035678386688 2207
1671605978082 0.49896422028541565 2230
1671605991663 0.4499058127403259 2253
1671606005171 0.44090667366981506 2276
1671606018783 0.4713747799396515 2299
1671606032554 0.45875704288482666 2322
1671606046191 0.4693031907081604 2345
1671606059819 0.4491525888442993 2368
1671606073521 0.4416196048259735 2391
1671606087131 0.4903954863548279 2414
1671606100710 0.4403013288974762 2437
1671606114569 0.4743879437446594 2460
1671606128487 0.4806026220321655 2483
1671606142098 0.5183615684509277 2506
1671606155606 0.45838046073913574 2529
1671606169548 0.5045197606086731 2552
1671606183065 0.44576266407966614 2575
1671606196471 0.4726930260658264 2598
1671606210472 0.4481167495250702 2621
1671606224343 0.49642181396484375 2644
1671606238263 0.5062685012817383 2667
1671606252158 0.46741995215415955 2690
1671606265838 0.44717514514923096 2713
1671606279553 0.49265533685684204 2736
1671606293103 0.46873822808265686 2759
1671606306772 0.47250470519065857 2782
1671606320566 0.46826741099357605 2805
1671606334498 0.4440677762031555 2828
1671606348028 0.4603444039821625 2851
1671606362072 0.4348399341106415 2874
1671606375816 0.41111111640930176 2897
1671606389427 0.4659133851528168 2920
1671606403139 0.48935970664024353 2943
1671606416882 0.5045197606086731 2966
1671606430300 0.46403011679649353 2989
1671606444358 0.48408663272857666 3012
1671606457846 0.45461392402648926 3035
1671606471543 0.5105461478233337 3058
1671606485157 0.5390234589576721 3081
1671606498880 0.47570618987083435 3104
1671606512629 0.5032014846801758 3127
1671606526286 0.5271186828613281 3150
1671606540021 0.4954264163970947 3173
1671606553654 0.4646892547607422 3196
1671606567205 0.46080172061920166 3219
1671606580875 0.4426150619983673 3242
1671606594591 0.4557439088821411 3265
1671606608282 0.4510357975959778 3288
1671606622367 0.45433148741722107 3311
1671606635868 0.4424670338630676 3334
1671606649535 0.4603578448295593 3357
1671606663175 0.456645131111145 3380
1671606676913 0.4754237234592438 3403
1671606690577 0.4308851361274719 3426
1671606703946 0.45306697487831116 3449
