1671604669724 2.6304057564858487 22
1671604683195 2.2614029503601465 45
1671604696594 2.259327185078719 68
1671604709977 2.2592937682001297 91
1671604723504 2.2685605832025755 114
1671604737064 2.2604256755496888 137
1671604751169 2.263871966044898 160
1671604764751 2.2626938410413207 183
1671604778564 2.258306582605234 206
1671604792167 2.259956082627225 229
1671604806080 2.260475611270675 252
1671604819683 2.26777696017189 275
1671604833055 2.2630960450428153 298
1671604846680 2.2571626028626364 321
1671604860387 2.256139186797539 344
1671604874000 2.2649537541419438 367
1671604887606 2.2598082226476657 390
1671604901061 2.2566097066560076 413
1671604914776 2.2542211766218014 436
1671604928507 2.258271253965084 459
1671604942147 2.256197075008045 482
1671604955635 2.2558116553902114 505
1671604969143 2.262311305418662 528
1671604982614 2.2591402995195264 551
1671604996176 2.2564415929003023 574
1671605009862 2.2572174271635688 597
1671605023701 2.255648079556366 620
1671605037304 2.255792062115044 643
1671605050887 2.2555049481051106 666
1671605064223 2.257434670402844 689
1671605077959 2.2583682053116987 712
1671605091822 2.2554300010720754 735
1671605105332 2.251426299989665 758
1671605118923 2.2580880335452393 781
1671605132481 2.2545956877752262 804
1671605146019 2.2486208935905263 827
1671605159591 2.256027823480638 850
1671605173271 2.2549092368209527 873
1671605186867 2.25840335022954 896
1671605200419 2.2502084219282454 919
1671605213914 2.2555036361818583 942
1671605227438 2.2528559432288837 965
1671605241210 2.250721088508518 988
1671605254970 2.2521066535748053 1011
1671605268690 2.2561386383385895 1034
1671605282346 2.250935983962891 1057
1671605295888 2.2587363167521763 1080
1671605309695 2.258605798932825 1103
1671605323224 2.2484778447763256 1126
1671605336821 2.2509089312347923 1149
1671605350432 2.252595312579016 1172
1671605364041 2.252933034860419 1195
1671605377603 2.2515240442652593 1218
1671605391169 2.2499606072544065 1241
1671605404817 2.254580976036039 1264
1671605418643 2.2448152691639844 1287
1671605432363 2.251315288288893 1310
1671605445790 2.2460403105538416 1333
1671605459367 2.2492918666960104 1356
1671605473009 2.249614042071785 1379
1671605486437 2.253234253353336 1402
1671605500016 2.252789394193837 1425
1671605513674 2.249229606255787 1448
1671605527490 2.2481238373585306 1471
1671605541038 2.2463276699395784 1494
1671605554755 2.2508879955978123 1517
1671605568321 2.253931333582354 1540
1671605582351 2.251978025994814 1563
1671605595958 2.2473875945563084 1586
1671605609474 2.244947631431301 1609
1671605623002 2.2465721892826127 1632
1671605636585 2.252274953770106 1655
1671605650171 2.242548884745689 1678
1671605664112 2.24953576186755 1701
1671605677589 2.245010954701422 1724
1671605691021 2.2442120566319237 1747
1671605704741 2.251562004170662 1770
1671605718253 2.2478870452510695 1793
1671605731971 2.2459625256724784 1816
1671605745666 2.2466867157897616 1839
1671605759275 2.2471827407238103 1862
1671605772903 2.2427477341181175 1885
1671605786464 2.246012666803739 1908
1671605800163 2.2449745523259477 1931
1671605813931 2.2421746487093435 1954
1671605827612 2.2483060597782414 1977
1671605841436 2.2447075445510642 2000
1671605855041 2.2395164508993526 2023
1671605868699 2.2426940580649553 2046
1671605882445 2.2444251702956404 2069
1671605896161 2.239998426539363 2092
1671605909924 2.2438506501116104 2115
1671605923520 2.249426921592506 2138
1671605937033 2.241626506102929 2161
1671605950782 2.2454585619489174 2184
1671605964418 2.2521687223142157 2207
1671605978082 2.2508796650925773 2230
1671605991663 2.2425250379527895 2253
1671606005171 2.2435798533492664 2276
1671606018783 2.252729920365022 2299
1671606032554 2.2398363190850037 2322
1671606046191 2.242179114959142 2345
1671606059819 2.2430565851164803 2368
1671606073521 2.2412213842378566 2391
1671606087131 2.2418816332812703 2414
1671606100710 2.2392862156211586 2437
1671606114569 2.2490751914032745 2460
1671606128487 2.2483260160713745 2483
1671606142098 2.2417848441047856 2506
1671606155606 2.2364207850416506 2529
1671606169548 2.2438647966627556 2552
1671606183065 2.2419994046884817 2575
1671606196471 2.23851282911385 2598
1671606210472 2.238202903880102 2621
1671606224343 2.23785933774818 2644
1671606238263 2.242508829968269 2667
1671606252158 2.2368475094722426 2690
1671606265838 2.238353229835224 2713
1671606279553 2.245751013128754 2736
1671606293103 2.240641134913485 2759
1671606306772 2.245972340436077 2782
1671606320566 2.240598854529211 2805
1671606334498 2.2450176319399247 2828
1671606348028 2.2404187600892236 2851
1671606362072 2.2347278783164177 2874
1671606375816 2.241935686110042 2897
1671606389427 2.2382813450935335 2920
1671606403139 2.2488707770032894 2943
1671606416882 2.2408831927218515 2966
1671606430300 2.2391296717718605 2989
1671606444358 2.2340845954283393 3012
1671606457846 2.239986679250864 3035
1671606471543 2.2401099627229946 3058
1671606485157 2.244494100040526 3081
1671606498880 2.239229013313533 3104
1671606512629 2.2390404704233386 3127
1671606526286 2.242726466868796 3150
1671606540021 2.2393561987960453 3173
1671606553654 2.240438307223195 3196
1671606567205 2.2329464355166606 3219
1671606580875 2.23526841998011 3242
1671606594591 2.2388691895359765 3265
1671606608282 2.237023150009414 3288
1671606622367 2.2345237890396716 3311
1671606635868 2.2338025534092023 3334
1671606649535 2.234217523151087 3357
1671606663175 2.2403116354992 3380
1671606676913 2.239305813223185 3403
1671606690577 2.233279565535461 3426
1671606703946 2.2354609859206716 3449
