1671604684880 0.84375 49
1671604712828 0.78125 99
1671604740975 0.71875 149
1671604769875 0.78125 199
1671604798407 0.8125 249
1671604833896 0.6875 299
1671604862438 0.875 349
1671604890752 0.75 399
1671604919176 0.875 449
1671604947528 0.875 499
1671604975635 0.78125 549
1671605010981 0.8125 599
1671605039579 0.8125 649
1671605067584 0.78125 699
1671605096345 0.84375 749
1671605124631 0.75 799
1671605152823 0.71875 849
1671605188239 0.84375 899
1671605216514 0.84375 949
1671605245069 0.75 999
1671605273519 0.75 1049
1671605301874 0.75 1099
1671605330088 0.75 1149
1671605365719 0.8125 1199
1671605393994 0.84375 1249
1671605422614 0.84375 1299
1671605450967 0.8125 1349
1671605479245 0.71875 1399
1671605514498 0.78125 1449
1671605543076 0.8125 1499
1671605571677 0.875 1549
1671605600213 0.75 1599
1671605628401 0.78125 1649
1671605656722 0.78125 1699
1671605692126 0.78125 1749
1671605720510 0.65625 1799
1671605749102 0.78125 1849
1671605777404 0.9375 1899
1671605805860 0.8125 1949
1671605834473 0.875 1999
1671605870092 0.8125 2049
1671605898715 0.875 2099
1671605927199 0.75 2149
1671605955581 0.84375 2199
1671605984048 0.71875 2249
1671606012193 0.5 2299
1671606047881 0.75 2349
1671606076320 0.75 2399
1671606104720 0.71875 2449
1671606133623 0.71875 2499
1671606161877 0.75 2549
1671606197305 0.75 2599
1671606226444 0.84375 2649
1671606255384 0.65625 2699
1671606283836 0.84375 2749
1671606312208 0.84375 2799
1671606341015 0.875 2849
1671606376920 0.75 2899
1671606405398 0.84375 2949
1671606433741 0.8125 2999
1671606462373 1.0 3049
1671606490836 0.78125 3099
1671606519432 0.75 3149
1671606555098 0.90625 3199
1671606583412 0.84375 3249
1671606612091 0.78125 3299
1671606640695 0.8125 3349
1671606669118 0.84375 3399
1671606697496 0.5 3449
