1671698869740 22.0 22
1671698883358 22.0 45
1671698897752 22.0 68
1671698911597 22.0 91
1671698925405 22.0 114
1671698939588 22.0 137
1671698953785 22.0 160
1671698968045 22.0 183
1671698982263 22.0 206
1671698996193 22.0 229
1671699010320 22.0 252
1671699024441 22.0 275
1671699038616 22.0 298
1671699052622 22.0 321
1671699066621 22.0 344
1671699080774 22.0 367
1671699095077 22.0 390
1671699109182 22.0 413
1671699123732 22.0 436
1671699137574 22.0 459
1671699151837 22.0 482
1671699165804 22.0 505
1671699179906 22.0 528
1671699194233 22.0 551
1671699208208 22.0 574
1671699222362 22.0 597
1671699236337 22.0 620
1671699250288 22.0 643
1671699264176 22.0 666
1671699278244 22.0 689
1671699292320 22.0 712
1671699306669 22.0 735
1671699320589 22.0 758
1671699334829 22.0 781
1671699348774 22.0 804
1671699362664 22.0 827
1671699376663 22.0 850
1671699390686 22.0 873
1671699404860 22.0 896
1671699419034 22.0 919
1671699433095 22.0 942
1671699447256 22.0 965
1671699461402 22.0 988
1671699475605 22.0 1011
1671699489658 22.0 1034
1671699503841 22.0 1057
1671699517798 22.0 1080
1671699531816 22.0 1103
1671699546082 22.0 1126
1671699560281 22.0 1149
1671699574295 22.0 1172
1671699588224 22.0 1195
1671699602349 22.0 1218
1671699616414 22.0 1241
1671699630530 22.0 1264
1671699644600 22.0 1287
1671699659012 22.0 1310
1671699673140 22.0 1333
1671699687130 22.0 1356
1671699701080 22.0 1379
1671699715309 22.0 1402
1671699729212 22.0 1425
1671699743130 22.0 1448
1671699757275 22.0 1471
1671699771345 22.0 1494
1671699785514 22.0 1517
1671699799474 22.0 1540
1671699813432 22.0 1563
1671699827883 22.0 1586
1671699841886 22.0 1609
1671699855759 22.0 1632
1671699869674 22.0 1655
1671699883646 22.0 1678
1671699897752 22.0 1701
1671699911749 22.0 1724
1671699926145 22.0 1747
1671699940330 22.0 1770
1671699954450 22.0 1793
1671699968560 22.0 1816
1671699982700 22.0 1839
1671699996692 22.0 1862
1671700010728 22.0 1885
1671700024832 22.0 1908
1671700039106 22.0 1931
1671700053205 22.0 1954
1671700067332 22.0 1977
1671700081275 22.0 2000
1671700095493 22.0 2023
1671700109600 22.0 2046
1671700123618 22.0 2069
1671700137725 22.0 2092
1671700151634 22.0 2115
1671700165819 22.0 2138
1671700179849 22.0 2161
1671700193778 22.0 2184
1671700207575 22.0 2207
1671700221603 22.0 2230
1671700235706 22.0 2253
1671700249787 22.0 2276
1671700263770 22.0 2299
1671700277756 22.0 2322
1671700291597 22.0 2345
1671700305999 22.0 2368
1671700320203 22.0 2391
1671700334397 22.0 2414
1671700348499 22.0 2437
1671700362604 22.0 2460
1671700376765 22.0 2483
1671700391056 22.0 2506
1671700405117 22.0 2529
1671700419229 22.0 2552
1671700433623 22.0 2575
1671700447857 22.0 2598
1671700462679 22.0 2621
1671700477503 22.0 2644
1671700491960 22.0 2667
1671700506512 22.0 2690
1671700520970 22.0 2713
1671700535397 22.0 2736
1671700549659 22.0 2759
1671700564017 22.0 2782
1671700578430 22.0 2805
1671700592819 22.0 2828
1671700607299 22.0 2851
1671700621600 22.0 2874
1671700635950 22.0 2897
1671700650410 22.0 2920
1671700664905 22.0 2943
1671700679253 22.0 2966
1671700693442 22.0 2989
1671700707935 22.0 3012
1671700722098 22.0 3035
1671700736248 22.0 3058
1671700750508 22.0 3081
1671700764802 22.0 3104
1671700779202 22.0 3127
1671700793329 22.0 3150
1671700807359 22.0 3173
1671700821724 22.0 3196
1671700836056 22.0 3219
1671700850502 22.0 3242
1671700864740 22.0 3265
1671700879171 22.0 3288
1671700893312 22.0 3311
1671700907574 22.0 3334
1671700921653 22.0 3357
1671700936098 22.0 3380
1671700950278 22.0 3403
1671700964495 22.0 3426
1671700978732 22.0 3449
