1671698888361 1.8132928603185938 49
1671698917603 1.1709617840043962 99
1671698946900 1.9619791430310562 149
1671698976683 1.6784926590989104 199
1671699005812 1.9787828711650224 249
1671699042779 1.9273879537802994 299
1671699071873 1.3765320448124507 349
1671699101573 1.875744550157476 399
1671699131269 1.2482056543774376 449
1671699160584 1.1201019710693043 499
1671699189800 1.6223408992348334 549
1671699226779 2.4226101095720844 599
1671699255816 2.0540397317999832 649
1671699284938 1.607081692545672 699
1671699314488 1.830596871835478 749
1671699343719 1.600812609560753 799
1671699372785 1.5390854002939243 849
1671699409667 1.4717349688212775 899
1671699439014 2.1374805186726915 949
1671699468527 1.2641302016734994 999
1671699497770 1.5369957971664112 1049
1671699527118 2.120707342618786 1099
1671699556337 0.7376015259177491 1149
1671699593260 0.8232620356205026 1199
1671699622655 1.945251453453088 1249
1671699652053 1.835053064136692 1299
1671699681557 2.0617395892141417 1349
1671699710658 2.542573087396339 1399
1671699747283 1.7886756252882954 1449
1671699776639 1.2738646260942459 1499
1671699805927 2.3474851799323924 1549
1671699835419 1.433875753984275 1599
1671699864413 1.48148842261738 1649
1671699893522 1.8637200464123655 1699
1671699930624 1.0729271498347446 1749
1671699960065 1.7860739545413093 1799
1671699989504 1.8628091871879362 1849
1671700018551 1.6952646798974302 1899
1671700048174 2.223806206770999 1949
1671700077419 1.5488930560564078 1999
1671700114308 2.3352131333245456 2049
1671700143565 1.8301975262114398 2099
1671700172724 1.8398977893334707 2149
1671700201822 1.7095315694205429 2199
1671700230846 1.6642789791294499 2249
1671700260026 1.4618145603975932 2299
1671700296599 2.612677310179882 2349
1671700326397 2.0824480756808543 2399
1671700355871 1.354762119936844 2449
1671700385182 1.6575627620094802 2499
1671700414768 1.6006680049720752 2549
1671700452188 2.2108268044101202 2599
1671700482909 1.5766347736791908 2649
1671700513095 1.509729270693673 2699
1671700542961 2.2094638999507508 2749
1671700572900 1.1398608411992197 2799
1671700602925 1.4113959787607608 2849
1671700640361 1.428285504965468 2899
1671700670492 1.6113244359731895 2949
1671700700355 1.6452329864923403 2999
1671700730063 1.740360049143816 3049
1671700759757 2.2929230095577777 3099
1671700789482 1.2049303377389162 3149
1671700826626 2.032422466796712 3199
1671700856456 1.9183557118102703 3249
1671700886121 1.3466749913929952 3299
1671700915702 2.0362173047559677 3349
1671700945502 1.5375731385949547 3399
1671700974752 1.0035256106789665 3449
