1671698872630 0.7301318645477295 22
1671698886524 0.9646892547607422 45
1671698900894 0.950564980506897 68
1671698914631 0.9392655491828918 91
1671698928565 0.9519773721694946 114
1671698942768 0.9491525292396545 137
1671698957094 0.9717513918876648 160
1671698971271 0.9830508232116699 183
1671698985477 0.9971751570701599 206
1671698999385 0.9618644118309021 229
1671699013498 0.950564980506897 252
1671699027640 0.9872881174087524 275
1671699041856 0.950564980506897 298
1671699055826 0.9731638431549072 321
1671699069760 0.9731638431549072 344
1671699084032 0.9378530979156494 367
1671699098318 0.9632768630981445 390
1671699112333 0.9830508232116699 413
1671699126854 0.9618644118309021 436
1671699140766 0.950564980506897 459
1671699155061 0.9844632744789124 482
1671699168874 0.9519773721694946 505
1671699183132 0.9519773721694946 528
1671699197405 0.9519773721694946 551
1671699211281 0.950564980506897 574
1671699225562 0.9745762944221497 597
1671699239391 0.9731638431549072 620
1671699253464 0.9491525292396545 643
1671699267285 0.9618644118309021 666
1671699281432 0.950564980506897 689
1671699295414 0.9533898234367371 712
1671699309792 0.9971751570701599 735
1671699323866 0.9858757257461548 758
1671699337920 0.9745762944221497 781
1671699351921 0.9632768630981445 804
1671699365753 0.9392655491828918 827
1671699379822 0.9632768630981445 850
1671699393811 0.9293785095214844 873
1671699408119 0.9844632744789124 896
1671699422220 0.9632768630981445 919
1671699436168 0.9519773721694946 942
1671699450363 0.950564980506897 965
1671699464550 0.9774011373519897 988
1671699478734 0.9519773721694946 1011
1671699492772 0.9632768630981445 1034
1671699506977 0.9632768630981445 1057
1671699520986 0.9759886860847473 1080
1671699534987 0.9632768630981445 1103
1671699549233 0.9844632744789124 1126
1671699563403 0.9632768630981445 1149
1671699577464 0.9307909607887268 1172
1671699591410 0.9491525292396545 1195
1671699605516 0.9632768630981445 1218
1671699619617 0.9618644118309021 1241
1671699633662 0.9519773721694946 1264
1671699647795 0.9491525292396545 1287
1671699662258 0.9844632744789124 1310
1671699676347 0.9830508232116699 1333
1671699690358 0.9392655491828918 1356
1671699704282 0.9519773721694946 1379
1671699718426 0.9392655491828918 1402
1671699732356 0.9609228372573853 1425
1671699746334 0.9830508232116699 1448
1671699760464 0.9477401375770569 1471
1671699774508 0.9533898234367371 1494
1671699788602 0.9717513918876648 1517
1671699802624 0.9708098769187927 1540
1671699816625 0.979284405708313 1563
1671699831074 0.9503632187843323 1586
1671699845012 0.9618644118309021 1609
1671699858848 0.9463276863098145 1632
1671699872822 0.9830508232116699 1655
1671699886846 0.9468926787376404 1678
1671699900886 0.9731638431549072 1701
1671699914959 0.944915235042572 1724
1671699929356 0.9872881174087524 1747
1671699943484 0.9260827898979187 1770
1671699957672 0.9788135886192322 1793
1671699971701 0.9830508232116699 1816
1671699985839 0.9830508232116699 1839
1671699999803 0.9717513918876648 1862
1671700013875 0.9618644118309021 1885
1671700028090 0.9632768630981445 1908
1671700042256 0.9971751570701599 1931
1671700056334 0.9610170125961304 1954
1671700070491 0.9350282549858093 1977
1671700084410 0.9698681235313416 2000
1671700098661 0.9392655491828918 2023
1671700112752 0.9788135886192322 2046
1671700126843 0.9392655491828918 2069
1671700140879 0.9463276863098145 2092
1671700154747 0.9307909607887268 2115
1671700168922 0.9129002690315247 2138
1671700183003 0.9576271176338196 2161
1671700196920 0.9610170125961304 2184
1671700210735 0.9821093082427979 2207
1671700224762 0.944915235042572 2230
1671700238805 0.9241997003555298 2253
1671700252974 0.9583669304847717 2276
1671700266958 0.9477401375770569 2299
1671700280892 0.9496233463287354 2322
1671700294723 0.9821091890335083 2345
1671700309329 0.950564980506897 2368
1671700323419 0.9604519605636597 2391
1671700337505 0.9689265489578247 2414
1671700351735 0.9581921100616455 2437
1671700365837 0.9519773721694946 2460
1671700379905 0.9558380246162415 2483
1671700394203 0.9723164439201355 2506
1671700408391 0.9693974256515503 2529
1671700422427 0.9241997003555298 2552
1671700436806 0.9807909727096558 2575
1671700451233 0.9807909727096558 2598
1671700466087 0.9384180903434753 2621
1671700480795 0.9891714453697205 2644
1671700495249 0.9816384315490723 2667
1671700509800 0.9533898234367371 2690
1671700524361 0.9350282549858093 2713
1671700538543 0.9322034120559692 2736
1671700552926 0.9957627058029175 2759
1671700567358 0.9533898234367371 2782
1671700581717 0.9384180903434753 2805
1671700596117 0.9623351693153381 2828
1671700610560 0.9632768630981445 2851
1671700624908 0.9693974256515503 2874
1671700639173 0.9100753664970398 2897
1671700653665 0.9675140976905823 2920
1671700668098 0.9506590962409973 2943
1671700682553 0.9573445916175842 2966
1671700696726 0.9463276863098145 2989
1671700711193 0.9778720140457153 3012
1671700725383 0.9336158037185669 3035
1671700739452 0.9430320262908936 3058
1671700753800 0.9524481892585754 3081
1671700768125 0.9717513918876648 3104
1671700782460 0.9764595031738281 3127
1671700796515 0.9552731513977051 3150
1671700810634 0.965630829334259 3173
1671700825066 0.9524482488632202 3196
1671700839309 0.9317325949668884 3219
1671700853771 0.9482109546661377 3242
1671700868065 0.9538607001304626 3265
1671700882300 0.9463276863098145 3288
1671700896506 0.9665725827217102 3311
1671700910769 0.9562146663665771 3334
1671700924996 0.9675140976905823 3357
1671700939365 0.9665724635124207 3380
1671700953483 0.9591336846351624 3403
1671700967720 0.9359698295593262 3426
1671700981700 0.9364407062530518 3449
