1671698872630 1.9030821736186732 22
1671698886524 1.7794000885597312 45
1671698900894 1.772991287548681 68
1671698914631 1.7800580101905397 91
1671698928565 1.77926507344111 114
1671698942768 1.7893448264230851 137
1671698957094 1.775730050971303 160
1671698971271 1.7914552931039147 183
1671698985477 1.7884429005062017 206
1671698999385 1.7862311759431255 229
1671699013498 1.7756747852913894 252
1671699027640 1.7747088448296047 275
1671699041856 1.7791953962580371 298
1671699055826 1.7736823766258163 321
1671699069760 1.7735591423623052 344
1671699084032 1.7753937004110643 367
1671699098318 1.7868835799079088 390
1671699112333 1.7711621642714863 413
1671699126854 1.7769655318107687 436
1671699140766 1.7786495200879886 459
1671699155061 1.789697682388411 482
1671699168874 1.7835845285292893 505
1671699183132 1.7813258417113111 528
1671699197405 1.7777334699520846 551
1671699211281 1.7720317379636574 574
1671699225562 1.775880919749447 597
1671699239391 1.7712492593234317 620
1671699253464 1.7748330513795383 643
1671699267285 1.7884730298452618 666
1671699281432 1.7717624395972682 689
1671699295414 1.779618335234522 712
1671699309792 1.7705173758876998 735
1671699323866 1.7748217471957173 758
1671699337920 1.7753594090704763 781
1671699351921 1.7720867628559633 804
1671699365753 1.7735147488755238 827
1671699379822 1.7735195965850696 850
1671699393811 1.7755212896263048 873
1671699408119 1.7697053846547313 896
1671699422220 1.7687868424883189 919
1671699436168 1.7749846973286274 942
1671699450363 1.7695826571949225 965
1671699464550 1.7747658660952237 988
1671699478734 1.7735410646247418 1011
1671699492772 1.767786434383294 1034
1671699506977 1.7691239739115645 1057
1671699520986 1.774988634689636 1080
1671699534987 1.7780402116272134 1103
1671699549233 1.7674607958429416 1126
1671699563403 1.7708401706093657 1149
1671699577464 1.7724750636775084 1172
1671699591410 1.7696596025005755 1195
1671699605516 1.7713187680635971 1218
1671699619617 1.7654029864216998 1241
1671699633662 1.7759353645685916 1264
1671699647795 1.7657080265744214 1287
1671699662258 1.7689041383744435 1310
1671699676347 1.7711706261450526 1333
1671699690358 1.778285446082026 1356
1671699704282 1.77006630862262 1379
1671699718426 1.7684913561859752 1402
1671699732356 1.770575699962905 1425
1671699746334 1.7765501096945149 1448
1671699760464 1.7784002244664174 1471
1671699774508 1.7648895631963528 1494
1671699788602 1.7717775428245852 1517
1671699802624 1.7693002746734974 1540
1671699816625 1.7752628511469182 1563
1671699831074 1.7710227486980428 1586
1671699845012 1.7705259680534877 1609
1671699858848 1.7642740404083503 1632
1671699872822 1.7654395588893848 1655
1671699886846 1.7651556776565624 1678
1671699900886 1.7629255724552446 1701
1671699914959 1.7625911065264874 1724
1671699929356 1.7625387113777922 1747
1671699943484 1.7667785478844928 1770
1671699957672 1.7678181699304765 1793
1671699971701 1.768098706158866 1816
1671699985839 1.7632653049719287 1839
1671699999803 1.7625429163609803 1862
1671700013875 1.7601796051380239 1885
1671700028090 1.7624973342500636 1908
1671700042256 1.7697375990550221 1931
1671700056334 1.7679268971533424 1954
1671700070491 1.7766292369683774 1977
1671700084410 1.7777954534910878 2000
1671700098661 1.7696311463073147 2023
1671700112752 1.7655917963459442 2046
1671700126843 1.7613833624283115 2069
1671700140879 1.771103994731729 2092
1671700154747 1.774652014912443 2115
1671700168922 1.7713450333290854 2138
1671700183003 1.7605270371388222 2161
1671700196920 1.7651833150307936 2184
1671700210735 1.7704196751883206 2207
1671700224762 1.8036572706399803 2230
1671700238805 1.7751669363402909 2253
1671700252974 1.7826661601964982 2276
1671700266958 1.7621814891773722 2299
1671700280892 1.76584935518956 2322
1671700294723 1.7661418687600423 2345
1671700309329 1.7656541788028501 2368
1671700323419 1.7572964544516956 2391
1671700337505 1.7592839905926976 2414
1671700351735 1.7664982548385215 2437
1671700365837 1.7615466860641855 2460
1671700379905 1.7691804023779176 2483
1671700394203 1.7580329376432067 2506
1671700408391 1.7616081998437516 2529
1671700422427 1.7552673603718383 2552
1671700436806 1.755295025462239 2575
1671700451233 1.7597682005920308 2598
1671700466087 1.7646003498961338 2621
1671700480795 1.7663500545665212 2644
1671700495249 1.7565979497895048 2667
1671700509800 1.7565969397753525 2690
1671700524361 1.7676561076288577 2713
1671700538543 1.758865079661303 2736
1671700552926 1.7571521679744515 2759
1671700567358 1.763759346027049 2782
1671700581717 1.752885357774908 2805
1671700596117 1.753391948050775 2828
1671700610560 1.7609139896126174 2851
1671700624908 1.7540614807616022 2874
1671700639173 1.800736291481959 2897
1671700653665 1.767780655962283 2920
1671700668098 1.759723985266441 2943
1671700682553 1.7544029874378784 2966
1671700696726 1.7557829346965768 2989
1671700711193 1.753002797525099 3012
1671700725383 1.750435135054137 3035
1671700739452 1.7846177414506215 3058
1671700753800 1.7592248100220165 3081
1671700768125 1.7592384696145282 3104
1671700782460 1.7550711365055882 3127
1671700796515 1.7495694724313862 3150
1671700810634 1.7477182290948488 3173
1671700825066 1.7523558253053548 3196
1671700839309 1.7725310072368874 3219
1671700853771 1.753862961454808 3242
1671700868065 1.748921005598551 3265
1671700882300 1.7582905607501857 3288
1671700896506 1.7527270247095583 3311
1671700910769 1.7765970843733203 3334
1671700924996 1.7564438676969483 3357
1671700939365 1.7515638925018264 3380
1671700953483 1.7512597721534455 3403
1671700967720 1.7550151132990073 3426
1671700981700 1.7536009050380506 3449
