1672132893876 13.25 22
1672132907493 13.25 45
1672132921388 13.25 68
1672132935352 13.0 91
1672132949223 13.25 114
1672132962995 13.0 137
1672132977268 12.25 160
1672132991533 13.25 183
1672133005392 13.0 206
1672133019124 13.0 229
1672133032982 13.0 252
1672133046759 13.0 275
1672133060735 13.0 298
1672133074578 13.0 321
1672133088389 13.75 344
1672133102359 13.0 367
1672133116177 13.0 390
1672133130009 13.0 413
1672133143795 13.0 436
1672133157859 13.0 459
1672133171732 13.0 482
1672133185460 13.0 505
