1672132893876 0 22
1672132896781 1 22
1672132907493 1 45
1672132910557 2 45
1672132912397 2 49
1672132921388 2 68
1672132924558 3 68
1672132935352 3 91
1672132938498 4 91
1672132941519 4 99
1672132949223 4 114
1672132952325 5 114
1672132962995 5 137
1672132966105 6 137
1672132970257 6 149
1672132977268 6 160
1672132980366 7 160
1672132991533 7 183
1672132994677 8 183
1672132999936 8 199
1672133005392 8 206
1672133008501 9 206
1672133019124 9 229
1672133022194 10 229
1672133028566 10 249
1672133032982 10 252
1672133036102 11 252
1672133046759 11 275
1672133049882 12 275
1672133060735 12 298
1672133063851 13 298
1672133064800 13 299
1672133074578 13 321
1672133077690 14 321
1672133088389 14 344
1672133091483 15 344
1672133093613 15 349
1672133102359 15 367
1672133105454 16 367
1672133116177 16 390
1672133119287 17 390
1672133122628 17 399
1672133130009 17 413
1672133133083 18 413
1672133143795 18 436
1672133146908 19 436
1672133151308 19 449
1672133157859 19 459
1672133161009 20 459
1672133171732 20 482
1672133174792 21 482
1672133180316 21 499
1672133185460 21 505
