1672132896781 0.5127118825912476 22
1672132910557 0.48446327447891235 45
1672132924558 0.4858756959438324 68
1672132938498 0.4858756959438324 91
1672132952325 0.5240113139152527 114
1672132966105 0.4901129901409149 137
1672132980366 0.4901129901409149 160
1672132994677 0.5748587846755981 183
1672133008501 0.4858756959438324 206
1672133022194 0.4957627058029175 229
1672133036102 0.48728814721107483 252
1672133049882 0.5466101765632629 275
1672133063851 0.4901129901409149 298
1672133077690 0.48728814721107483 321
1672133091483 0.5098869800567627 344
1672133105454 0.4901129901409149 367
1672133119287 0.4929378628730774 390
1672133133083 0.5070621371269226 413
1672133146908 0.4957627058029175 436
1672133161009 0.5 459
1672133174792 0.508474588394165 482
