1672132896781 0.40894538164138794 22
1672132910557 0.4228813946247101 45
1672132924558 0.42645952105522156 68
1672132938498 0.4225316345691681 91
1672132952325 0.36581921577453613 114
1672132966105 0.43112725019454956 137
1672132980366 0.4423190653324127 160
1672132994677 0.37589454650878906 183
1672133008501 0.43022599816322327 206
1672133022194 0.4401129484176636 229
1672133036102 0.4659133851528168 252
1672133049882 0.4034839868545532 275
1672133063851 0.42523542046546936 298
1672133077690 0.4431261718273163 321
1672133091483 0.4298493266105652 344
1672133105454 0.4278719127178192 367
1672133119287 0.4217514097690582 390
1672133133083 0.45404893159866333 413
1672133146908 0.4288673996925354 436
1672133161009 0.43559321761131287 459
1672133174792 0.41064029932022095 482
