1672132896781 0.3317977786064148 22
1672132910557 0.319661945104599 45
1672132924558 0.3325103521347046 68
1672132938498 0.32986322045326233 91
1672132952325 0.31959018111228943 114
1672132966105 0.3400021195411682 137
1672132980366 0.33722782135009766 160
1672132994677 0.32966551184654236 183
1672133008501 0.33563360571861267 206
1672133022194 0.3553582429885864 229
1672133036102 0.35351988673210144 252
1672133049882 0.3377141058444977 275
1672133063851 0.33189278841018677 298
1672133077690 0.33928877115249634 321
1672133091483 0.33582761883735657 344
1672133105454 0.3338746428489685 367
1672133119287 0.32762372493743896 390
1672133133083 0.3506290018558502 413
1672133146908 0.33586224913597107 436
1672133161009 0.342354953289032 459
1672133174792 0.34037184715270996 482
