1672132896781 0.3142722547054291 22
1672132910557 0.2944982647895813 45
1672132924558 0.3131961226463318 68
1672132938498 0.3101022243499756 91
1672132952325 0.3321092426776886 114
1672132966105 0.3281410038471222 137
1672132980366 0.3382028341293335 160
1672132994677 0.37761637568473816 183
1672133008501 0.3128195106983185 206
1672133022194 0.3504708409309387 229
1672133036102 0.33279526233673096 252
1672133049882 0.3501076102256775 275
1672133063851 0.3032015264034271 298
1672133077690 0.3195856809616089 321
1672133091483 0.32500672340393066 344
1672133105454 0.3188323974609375 367
1672133119287 0.30790960788726807 390
1672133133083 0.3354049026966095 413
1672133146908 0.3268226981163025 436
1672133161009 0.31350550055503845 459
1672133174792 0.33323919773101807 482
