1671772571761 0 22
1671772574611 1 22
1671772585297 1 45
1671772588446 2 45
1671772590211 2 49
1671772599002 2 68
1671772602093 3 68
1671772612664 3 91
1671772615743 4 91
1671772618668 4 99
1671772626435 4 114
1671772629603 5 114
1671772640144 5 137
1671772643282 6 137
1671772647518 6 149
1671772653938 6 160
1671772657117 7 160
1671772667784 7 183
1671772670952 8 183
1671772676142 8 199
1671772681700 8 206
1671772684878 9 206
1671772695523 9 229
1671772698684 10 229
1671772704939 10 249
1671772709461 10 252
1671772712608 11 252
1671772723367 11 275
1671772726467 12 275
1671772737017 12 298
1671772740082 13 298
1671772740960 13 299
1671772750698 13 321
1671772753864 14 321
1671772764679 14 344
1671772767772 15 344
1671772769830 15 349
1671772778429 15 367
1671772781532 16 367
1671772792171 16 390
1671772795223 17 390
1671772798418 17 399
1671772806187 17 413
1671772809283 18 413
1671772819964 18 436
1671772823053 19 436
1671772827471 19 449
1671772833819 19 459
1671772836925 20 459
1671772847422 20 482
1671772850569 21 482
1671772855994 21 499
1671772861278 21 505
1671772864413 22 505
1671772875027 22 528
1671772878155 23 528
1671772884708 23 549
1671772888664 23 551
1671772891741 24 551
1671772902462 24 574
1671772905583 25 574
1671772916378 25 597
1671772919511 26 597
1671772920696 26 599
1671772930350 26 620
1671772933471 27 620
1671772944314 27 643
1671772947394 28 643
1671772949770 28 649
1671772958271 28 666
1671772961433 29 666
1671772971989 29 689
1671772975076 30 689
1671772978733 30 699
1671772986013 30 712
1671772989387 31 712
1671773000352 31 735
1671773003476 32 735
1671773008071 32 749
1671773013998 32 758
1671773017070 33 758
1671773027639 33 781
1671773030760 34 781
1671773036486 34 799
1671773041503 34 804
1671773044656 35 804
1671773055477 35 827
1671773058588 36 827
1671773065435 36 849
1671773069147 36 850
1671773072290 37 850
1671773082738 37 873
1671773085833 38 873
1671773096410 38 896
1671773099520 39 896
1671773100974 39 899
1671773110103 39 919
1671773113254 40 919
1671773123980 40 942
1671773127104 41 942
1671773129760 41 949
1671773138001 41 965
1671773141162 42 965
1671773152034 42 988
1671773155193 43 988
1671773158915 43 999
1671773165834 43 1011
1671773168899 44 1011
1671773179540 44 1034
1671773182697 45 1034
1671773187613 45 1049
1671773193303 45 1057
1671773196378 46 1057
1671773207070 46 1080
1671773210178 47 1080
1671773216160 47 1099
1671773220853 47 1103
1671773223905 48 1103
1671773234487 48 1126
1671773237637 49 1126
1671773244539 49 1149
1671773248247 49 1149
1671773251392 50 1149
1671773262222 50 1172
1671773265287 51 1172
1671773275857 51 1195
1671773279009 52 1195
1671773280774 52 1199
1671773289523 52 1218
1671773292611 53 1218
1671773303301 53 1241
1671773306419 54 1241
1671773309292 54 1249
1671773317197 54 1264
1671773320299 55 1264
1671773331152 55 1287
1671773334328 56 1287
1671773338504 56 1299
1671773345218 56 1310
1671773348397 57 1310
1671773359166 57 1333
1671773362288 58 1333
1671773367492 58 1349
1671773373039 58 1356
1671773376092 59 1356
1671773386667 59 1379
1671773389801 60 1379
1671773396090 60 1399
1671773400550 60 1402
1671773403805 61 1402
1671773414675 61 1425
1671773417765 62 1425
1671773428624 62 1448
1671773431782 63 1448
1671773432750 63 1449
1671773442508 63 1471
1671773445662 64 1471
1671773456334 64 1494
1671773459463 65 1494
1671773461507 65 1499
1671773470088 65 1517
1671773473182 66 1517
1671773484120 66 1540
1671773487269 67 1540
1671773490559 67 1549
1671773498210 67 1563
1671773501316 68 1563
1671773512081 68 1586
1671773515142 69 1586
1671773519448 69 1599
1671773525715 69 1609
1671773528752 70 1609
1671773539461 70 1632
1671773542492 71 1632
1671773548187 71 1649
1671773553350 71 1655
1671773556466 72 1655
1671773567224 72 1678
1671773570347 73 1678
1671773576918 73 1699
1671773581229 73 1701
1671773584451 74 1701
1671773594992 74 1724
1671773598233 75 1724
1671773609067 75 1747
1671773612318 76 1747
1671773613530 76 1749
1671773623020 76 1770
1671773626186 77 1770
1671773636791 77 1793
1671773639904 78 1793
1671773642407 78 1799
1671773650858 78 1816
1671773654025 79 1816
1671773664924 79 1839
1671773668056 80 1839
1671773671566 80 1849
1671773678975 80 1862
1671773682174 81 1862
1671773693172 81 1885
1671773696251 82 1885
1671773700836 82 1899
1671773706940 82 1908
1671773710066 83 1908
1671773720986 83 1931
1671773724064 84 1931
1671773729732 84 1949
1671773734583 84 1954
1671773737708 85 1954
1671773748472 85 1977
1671773751555 86 1977
1671773758477 86 1999
1671773762359 86 2000
1671773765555 87 2000
1671773776206 87 2023
1671773779533 88 2023
1671773790192 88 2046
1671773793283 89 2046
1671773794721 89 2049
1671773803914 89 2069
1671773807021 90 2069
1671773817950 90 2092
1671773820983 91 2092
1671773823717 91 2099
1671773831786 91 2115
1671773834942 92 2115
1671773845927 92 2138
1671773849012 93 2138
1671773852917 93 2149
1671773859973 93 2161
1671773863107 94 2161
1671773873618 94 2184
1671773876667 95 2184
1671773881589 95 2199
1671773887310 95 2207
1671773890410 96 2207
1671773901112 96 2230
1671773904276 97 2230
1671773910317 97 2249
1671773914950 97 2253
1671773918016 98 2253
1671773928699 98 2276
1671773931827 99 2276
1671773938777 99 2299
1671773942670 99 2299
1671773945823 100 2299
1671773956475 100 2322
1671773959596 101 2322
1671773970208 101 2345
1671773973408 102 2345
1671773975186 102 2349
1671773984263 102 2368
1671773987456 103 2368
1671773998014 103 2391
1671774001040 104 2391
1671774003894 104 2399
1671774011659 104 2414
1671774014790 105 2414
1671774025692 105 2437
1671774028817 106 2437
1671774032881 106 2449
1671774039523 106 2460
1671774042603 107 2460
1671774053265 107 2483
1671774056298 108 2483
1671774061458 108 2499
1671774066983 108 2506
1671774070096 109 2506
1671774081025 109 2529
1671774084186 110 2529
1671774090535 110 2549
1671774094898 110 2552
1671774097982 111 2552
1671774108733 111 2575
1671774111938 112 2575
1671774122810 112 2598
1671774126014 113 2598
1671774126930 113 2599
1671774137140 113 2621
1671774140318 114 2621
1671774151022 114 2644
1671774154155 115 2644
1671774156224 115 2649
1671774165015 115 2667
1671774168187 116 2667
1671774178802 116 2690
1671774181938 117 2690
1671774185099 117 2699
1671774192716 117 2713
1671774195861 118 2713
1671774206757 118 2736
1671774209976 119 2736
1671774214257 119 2749
1671774220681 119 2759
1671774223761 120 2759
1671774234389 120 2782
1671774237491 121 2782
1671774242964 121 2799
1671774248194 121 2805
1671774251301 122 2805
1671774262131 122 2828
1671774265325 123 2828
1671774271867 123 2849
1671774276045 123 2851
1671774279190 124 2851
1671774289784 124 2874
1671774292944 125 2874
1671774303907 125 2897
1671774307118 126 2897
1671774308329 126 2899
1671774317878 126 2920
1671774321019 127 2920
1671774331686 127 2943
1671774334754 128 2943
1671774337090 128 2949
1671774345310 128 2966
1671774348498 129 2966
1671774359356 129 2989
1671774362524 130 2989
1671774366007 130 2999
1671774373467 130 3012
1671774376594 131 3012
1671774387329 131 3035
1671774390521 132 3035
1671774395135 132 3049
1671774401322 132 3058
1671774404449 133 3058
1671774415149 133 3081
1671774418400 134 3081
1671774424097 134 3099
1671774429227 134 3104
1671774432439 135 3104
1671774443392 135 3127
1671774446526 136 3127
1671774453413 136 3149
1671774457200 136 3150
1671774460454 137 3150
1671774471191 137 3173
1671774474224 138 3173
1671774484995 138 3196
1671774488158 139 3196
1671774489669 139 3199
1671774499116 139 3219
1671774502283 140 3219
1671774513138 140 3242
1671774516326 141 3242
1671774518929 141 3249
1671774527068 141 3265
1671774530211 142 3265
1671774541092 142 3288
1671774544262 143 3288
1671774548281 143 3299
1671774555341 143 3311
1671774558480 144 3311
1671774569078 144 3334
1671774572189 145 3334
1671774577086 145 3349
1671774582813 145 3357
1671774585869 146 3357
1671774596473 146 3380
1671774599565 147 3380
1671774605574 147 3399
1671774610405 147 3403
1671774613523 148 3403
1671774624215 148 3426
1671774627364 149 3426
1671774634472 149 3449
1671774638191 149 3449
1671774641156 150 3449
