1671772571761 0.0 22
1671772585297 0.0 45
1671772599002 0.0 68
1671772612664 0.0 91
1671772626435 0.0 114
1671772640144 0.0 137
1671772653938 0.0 160
1671772667784 0.0 183
1671772681700 0.0 206
1671772695523 0.0 229
1671772709461 0.0 252
1671772723367 0.0 275
1671772737017 0.0 298
1671772750698 0.0 321
1671772764679 0.0 344
1671772778429 0.0 367
1671772792171 0.0 390
1671772806187 0.0 413
1671772819964 0.0 436
1671772833819 0.0 459
1671772847422 0.0 482
1671772861278 0.0 505
1671772875027 0.0 528
1671772888664 0.0 551
1671772902462 0.0 574
1671772916378 0.0 597
1671772930350 0.0 620
1671772944314 0.0 643
1671772958271 0.0 666
1671772971989 0.0 689
1671772986013 0.0 712
1671773000352 0.0 735
1671773013998 0.0 758
1671773027639 0.0 781
1671773041503 0.0 804
1671773055477 0.0 827
1671773069147 0.0 850
1671773082738 0.0 873
1671773096410 0.0 896
1671773110103 0.0 919
1671773123980 0.0 942
1671773138001 0.0 965
1671773152034 0.0 988
1671773165834 0.0 1011
1671773179540 0.0 1034
1671773193303 0.0 1057
1671773207070 0.0 1080
1671773220853 0.0 1103
1671773234487 0.0 1126
1671773248247 0.0 1149
1671773262222 0.0 1172
1671773275857 0.0 1195
1671773289523 0.0 1218
1671773303301 0.0 1241
1671773317197 0.0 1264
1671773331152 0.0 1287
1671773345218 0.0 1310
1671773359166 0.0 1333
1671773373039 0.0 1356
1671773386667 0.0 1379
1671773400550 0.0 1402
1671773414675 0.0 1425
1671773428624 0.0 1448
1671773442508 0.0 1471
1671773456334 0.0 1494
1671773470088 0.0 1517
1671773484120 0.0 1540
1671773498210 0.0 1563
1671773512081 0.0 1586
1671773525715 0.0 1609
1671773539461 0.0 1632
1671773553350 0.0 1655
1671773567224 0.0 1678
1671773581229 0.0 1701
1671773594992 0.0 1724
1671773609067 0.0 1747
1671773623020 0.25 1770
1671773636791 0.0 1793
1671773650858 0.0 1816
1671773664924 0.0 1839
1671773678975 0.0 1862
1671773693172 0.0 1885
1671773706940 0.0 1908
1671773720986 0.0 1931
1671773734583 0.0 1954
1671773748472 0.0 1977
1671773762359 0.0 2000
1671773776206 0.0 2023
1671773790192 0.0 2046
1671773803914 0.0 2069
1671773817950 0.0 2092
1671773831786 0.0 2115
1671773845927 0.0 2138
1671773859973 0.0 2161
1671773873618 0.0 2184
1671773887310 0.0 2207
1671773901112 0.0 2230
1671773914950 0.0 2253
1671773928699 0.0 2276
1671773942670 0.0 2299
1671773956475 0.0 2322
1671773970208 0.0 2345
1671773984263 0.0 2368
1671773998014 0.0 2391
1671774011659 0.0 2414
1671774025692 0.0 2437
1671774039523 0.0 2460
1671774053265 0.0 2483
1671774066983 0.0 2506
1671774081025 0.25 2529
1671774094898 0.0 2552
1671774108733 0.0 2575
1671774122810 0.0 2598
1671774137140 0.0 2621
1671774151022 0.0 2644
1671774165015 0.0 2667
1671774178802 0.0 2690
1671774192716 0.25 2713
1671774206757 0.0 2736
1671774220681 0.0 2759
1671774234389 0.0 2782
1671774248194 0.0 2805
1671774262131 0.0 2828
1671774276045 0.0 2851
1671774289784 0.0 2874
1671774303907 0.0 2897
1671774317878 0.0 2920
1671774331686 0.0 2943
1671774345310 0.0 2966
1671774359356 0.0 2989
1671774373467 0.0 3012
1671774387329 0.0 3035
1671774401322 0.0 3058
1671774415149 0.0 3081
1671774429227 0.0 3104
1671774443392 0.0 3127
1671774457200 0.0 3150
1671774471191 0.0 3173
1671774484995 0.0 3196
1671774499116 0.0 3219
1671774513138 0.0 3242
1671774527068 0.0 3265
1671774541092 0.0 3288
1671774555341 0.0 3311
1671774569078 0.0 3334
1671774582813 0.0 3357
1671774596473 0.0 3380
1671774610405 0.0 3403
1671774624215 0.0 3426
1671774638191 0.0 3449
