1671772574611 0.6857143044471741 22
1671772588446 0.9609228372573853 45
1671772602093 0.950564980506897 68
1671772615743 0.9392655491828918 91
1671772629603 0.9519773721694946 114
1671772643282 0.9482833743095398 137
1671772657117 0.9717513918876648 160
1671772670952 0.9830508232116699 183
1671772684878 0.9850148558616638 206
1671772698684 0.9618644118309021 229
1671772712608 0.9467984437942505 252
1671772726467 0.9872881174087524 275
1671772740082 0.950564980506897 298
1671772753864 0.9731638431549072 321
1671772767772 0.9731638431549072 344
1671772781532 0.9378530979156494 367
1671772795223 0.9562819600105286 390
1671772809283 0.9807909727096558 413
1671772823053 0.9618644118309021 436
1671772836925 0.9460451602935791 459
1671772850569 0.979943573474884 482
1671772864413 0.9465967416763306 505
1671772878155 0.9519773721694946 528
1671772891741 0.9497175216674805 551
1671772905583 0.9467984437942505 574
1671772919511 0.9723164439201355 597
1671772933471 0.9686440229415894 620
1671772947394 0.9431262016296387 643
1671772961433 0.9618644118309021 666
1671772975076 0.9430320262908936 689
1671772989387 0.9496233463287354 712
1671773003476 0.992655336856842 735
1671773017070 0.9820016026496887 758
1671773030760 0.9708098769187927 781
1671773044656 0.9610170125961304 804
1671773058588 0.9392655491828918 827
1671773072290 0.9550713300704956 850
1671773085833 0.9271186590194702 873
1671773099520 0.9805892705917358 896
1671773113254 0.9632768630981445 919
1671773127104 0.9519773721694946 942
1671773141162 0.9474358558654785 965
1671773155193 0.9774011373519897 988
1671773168899 0.9519773721694946 1011
1671773182697 0.9632768630981445 1034
1671773196378 0.9482108950614929 1057
1671773210178 0.9747331738471985 1080
1671773223905 0.9616627097129822 1103
1671773237637 0.9811761975288391 1126
1671773251392 0.9604071378707886 1149
1671773265287 0.9270245432853699 1172
1671773279009 0.9430184960365295 1195
1671773292611 0.9632768630981445 1218
1671773306419 0.957990288734436 1241
1671773320299 0.9519773721694946 1264
1671773334328 0.9459241628646851 1287
1671773348397 0.9811761975288391 1310
1671773362288 0.980539858341217 1333
1671773376092 0.9331315159797668 1356
1671773389801 0.9424356818199158 1379
1671773403805 0.9380099773406982 1402
1671773417765 0.9461080431938171 1425
1671773431782 0.9754102230072021 1448
1671773445662 0.9435969591140747 1471
1671773459463 0.9469819068908691 1494
1671773473182 0.9663707613945007 1517
1671773487269 0.9700564742088318 1540
1671773501316 0.9785311222076416 1563
1671773515142 0.9473417401313782 1586
1671773528752 0.9606088995933533 1609
1671773542492 0.9449824690818787 1632
1671773556466 0.9663707613945007 1655
1671773570347 0.9440230131149292 1678
1671773584451 0.9670298099517822 1701
1671773598233 0.9455429911613464 1724
1671773612318 0.9862608909606934 1747
1671773626186 0.9198853373527527 1770
1671773639904 0.9715496897697449 1793
1671773654025 0.9807909727096558 1816
1671773668056 0.9826472997665405 1839
1671773682174 0.9729621410369873 1862
1671773696251 0.9618644118309021 1885
1671773710066 0.9616627097129822 1908
1671773724064 0.9949153065681458 1931
1671773737708 0.958254873752594 1954
1671773751555 0.929495096206665 1977
1671773765555 0.9680827260017395 2000
1671773779533 0.9351403117179871 2023
1671773793283 0.9769303202629089 2046
1671773807021 0.9344946146011353 2069
1671773820983 0.940929114818573 2092
1671773834942 0.9269168376922607 2115
1671773849012 0.910640299320221 2138
1671773863107 0.9588378071784973 2161
1671773876667 0.9542731046676636 2184
1671773890410 0.9820016026496887 2207
1671773904276 0.9021389484405518 2230
1671773918016 0.9219397306442261 2253
1671773931827 0.9428664445877075 2276
1671773945823 0.9451842904090881 2299
1671773959596 0.948870062828064 2322
1671773973408 0.9801004528999329 2345
1671773987456 0.9479014873504639 2368
1671774001040 0.9546319246292114 2391
1671774014790 0.9685500264167786 2414
1671774028817 0.9591964483261108 2437
1671774042603 0.953815758228302 2460
1671774056298 0.956089198589325 2483
1671774070096 0.9695543050765991 2506
1671774084186 0.9709039926528931 2529
1671774097982 0.9234462976455688 2552
1671774111938 0.9792395830154419 2575
1671774126014 0.9830060005187988 2598
1671774140318 0.9378082752227783 2621
1671774154155 0.9918886423110962 2644
1671774168187 0.9768226742744446 2667
1671774181938 0.955228328704834 2690
1671774195861 0.9320688843727112 2713
1671774209976 0.9177563190460205 2736
1671774223761 0.9922473430633545 2759
1671774237491 0.9429243803024292 2782
1671774251301 0.9394224286079407 2805
1671774265325 0.9642184972763062 2828
1671774279190 0.9504439234733582 2851
1671774292944 0.9709039926528931 2874
1671774307118 0.8290283679962158 2897
1671774321019 0.9693974256515503 2920
1671774334754 0.9422962665557861 2943
1671774348498 0.959039568901062 2966
1671774362524 0.9440230131149292 2989
1671774376594 0.9777194857597351 3012
1671774390521 0.9344497919082642 3035
1671774404449 0.9267105460166931 3058
1671774418400 0.9503496885299683 3081
1671774432439 0.9634202718734741 3104
1671774446526 0.9754102230072021 3127
1671774460454 0.9573445916175842 3150
1671774474224 0.9683701395988464 3173
1671774488158 0.9558380246162415 3196
1671774502283 0.8711557388305664 3219
1671774516326 0.9497175216674805 3242
1671774530211 0.9452784657478333 3265
1671774544262 0.94679856300354 3288
1671774558480 0.9539369344711304 3311
1671774572189 0.951999843120575 3334
1671774585869 0.9681419134140015 3357
1671774599565 0.9715496897697449 3380
1671774613523 0.9512013792991638 3403
1671774627364 0.9320101737976074 3426
1671774641156 0.9292933344841003 3449
