1671772574611 1.8457988494148438 22
1671772588446 1.7497957268402167 45
1671772602093 1.744851675582577 68
1671772615743 1.752023776805124 91
1671772629603 1.7513876020633372 114
1671772643282 1.763077909545629 137
1671772657117 1.7475212642941471 160
1671772670952 1.7639900970088878 183
1671772684878 1.7605070197645925 206
1671772698684 1.758726537341164 229
1671772712608 1.7475140797582336 252
1671772726467 1.746535104128723 275
1671772740082 1.7514695839798387 298
1671772753864 1.7470996101571532 321
1671772767772 1.746310278032717 344
1671772781532 1.747865609753031 367
1671772795223 1.760115539854639 390
1671772809283 1.7433309905997525 413
1671772823053 1.7497521824352178 436
1671772836925 1.751194150727499 459
1671772850569 1.7610129946146866 482
1671772864413 1.7561550887265327 505
1671772878155 1.753342119530228 528
1671772891741 1.749914608261389 551
1671772905583 1.7453509467885833 574
1671772919511 1.7485336785149717 597
1671772933471 1.7439056581836205 620
1671772947394 1.747455184291203 643
1671772961433 1.7599119344026588 666
1671772975076 1.7434823033459717 689
1671772989387 1.7518043032091275 712
1671773003476 1.7423615219189788 735
1671773017070 1.7466619697146952 758
1671773030760 1.7486106612423595 781
1671773044656 1.7445090687280094 804
1671773058588 1.745629866710711 827
1671773072290 1.7463403946095835 850
1671773085833 1.747950156017662 873
1671773099520 1.7423520070901894 896
1671773113254 1.7416937053331265 919
1671773127104 1.7479266512748022 942
1671773141162 1.7437646554895012 965
1671773155193 1.7469668444275017 988
1671773168899 1.7465056474367042 1011
1671773182697 1.7406637956341287 1034
1671773196378 1.7418411730447199 1057
1671773210178 1.7481013102691574 1080
1671773223905 1.7501118651587848 1103
1671773237637 1.740800094106321 1126
1671773251392 1.743812013792189 1149
1671773265287 1.7459732150110459 1172
1671773279009 1.742195350496621 1195
1671773292611 1.7443825321490525 1218
1671773306419 1.7377129485052702 1241
1671773320299 1.7485673263395924 1264
1671773334328 1.7379606257116944 1287
1671773348397 1.7414384810027552 1310
1671773362288 1.7440211615161878 1333
1671773376092 1.7509507470202224 1356
1671773389801 1.7424206342316249 1379
1671773403805 1.7408722318217125 1402
1671773417765 1.7431330085898677 1425
1671773431782 1.7478140427599347 1448
1671773445662 1.7492028858639745 1471
1671773459463 1.7384116403460108 1494
1671773473182 1.7448420923842116 1517
1671773487269 1.7417846892424942 1540
1671773501316 1.7476369090407047 1563
1671773515142 1.7444760855954449 1586
1671773528752 1.744361691975037 1609
1671773542492 1.7375540503105122 1632
1671773556466 1.738598856450191 1655
1671773570347 1.7378067276326785 1678
1671773584451 1.7363174877138126 1701
1671773598233 1.7361204158556651 1724
1671773612318 1.7353348076390376 1747
1671773626186 1.7402297106712208 1770
1671773639904 1.7419332958629141 1793
1671773654025 1.7418685117861006 1816
1671773668056 1.7365303114340582 1839
1671773682174 1.7357765091342683 1862
1671773696251 1.7332340991382171 1885
1671773710066 1.7353159964152773 1908
1671773724064 1.7424768842150489 1931
1671773737708 1.740581621436687 1954
1671773751555 1.7498547502666952 1977
1671773765555 1.7499301320897362 2000
1671773779533 1.7415344670191355 2023
1671773793283 1.738485292356719 2046
1671773807021 1.7341965739244396 2069
1671773820983 1.7436107302352961 2092
1671773834942 1.746693608652268 2115
1671773849012 1.746719473149952 2138
1671773863107 1.7333333933555033 2161
1671773876667 1.7373003373456672 2184
1671773890410 1.7430484273799296 2207
1671773904276 1.774999482175889 2230
1671773918016 1.7480132011956975 2253
1671773931827 1.7553977655592694 2276
1671773945823 1.7359679411432452 2299
1671773959596 1.7381380550784113 2322
1671773973408 1.7398128879122479 2345
1671773987456 1.7385124831724592 2368
1671774001040 1.731383427655711 2391
1671774014790 1.7328746578400274 2414
1671774028817 1.7387951329328524 2437
1671774042603 1.734178326627924 2460
1671774056298 1.740992209143947 2483
1671774070096 1.7314746534152976 2506
1671774084186 1.7342451630253093 2529
1671774097982 1.7285386087543175 2552
1671774111938 1.7279247559419446 2575
1671774126014 1.733638410309573 2598
1671774140318 1.7370491022126346 2621
1671774154155 1.7380591098170932 2644
1671774168187 1.7302476707399799 2667
1671774181938 1.728945117605061 2690
1671774195861 1.7399707773200939 2713
1671774209976 1.7324465089004144 2736
1671774223761 1.73230320380701 2759
1671774237491 1.7369515933176838 2782
1671774251301 1.7260972802618548 2805
1671774265325 1.7266759793798683 2828
1671774279190 1.7346542781258514 2851
1671774292944 1.7275142546715239 2874
1671774307118 1.771626541715009 2897
1671774321019 1.7392966809832726 2920
1671774334754 1.7324786493131885 2943
1671774348498 1.726962205833817 2966
1671774362524 1.727816936931085 2989
1671774376594 1.7260287376777064 3012
1671774390521 1.7241372767013343 3035
1671774404449 1.758306543611343 3058
1671774418400 1.7310149774835502 3081
1671774432439 1.7328928468517766 3104
1671774446526 1.728786942780734 3127
1671774460454 1.7230867632225233 3150
1671774474224 1.720071099050348 3173
1671774488158 1.7255680850498167 3196
1671774502283 1.7460000128489384 3219
1671774516326 1.7254679963737873 3242
1671774530211 1.7212801888100102 3265
1671774544262 1.7295640432756625 3288
1671774558480 1.7259663442286792 3311
1671774572189 1.747781999161709 3334
1671774585869 1.7288377780621222 3357
1671774599565 1.724624530311252 3380
1671774613523 1.7233555599458932 3403
1671774627364 1.72916134640979 3426
1671774641156 1.7262377435942804 3449
