1671772590211 1.7380395145077343 49
1671772618668 1.1393564264418905 99
1671772647518 1.939982201664943 149
1671772676142 1.6181471290292246 199
1671772704939 1.9358788064853232 249
1671772740960 1.9538144055137523 299
1671772769830 1.3246848068884625 349
1671772798418 1.8344818647178271 399
1671772827471 1.2426067564288612 449
1671772855994 1.115832906918842 499
1671772884708 1.6368746110000854 549
1671772920696 2.3784714069253496 599
1671772949770 2.0675123436291876 649
1671772978733 1.6248507257057567 699
1671773008071 1.7663419369533873 749
1671773036486 1.5716911613444569 799
1671773065435 1.5272573069010478 849
1671773100974 1.474953454048421 899
1671773129760 2.0814741213940757 949
1671773158915 1.2790082401630305 999
1671773187613 1.5177320737834807 1049
1671773216160 2.1040878485167585 1099
1671773244539 0.7424875984202673 1149
1671773280774 0.7936650858194765 1199
1671773309292 1.9547895755011104 1249
1671773338504 1.8051627218851036 1299
1671773367492 1.9724277561784644 1349
1671773396090 2.403882532433738 1399
1671773432750 1.7598998015134126 1449
1671773461507 1.217062360826684 1499
1671773490559 2.308830746171141 1549
1671773519448 1.4745182406660517 1599
1671773548187 1.4628656171029757 1649
1671773576918 1.8105404435841574 1699
1671773613530 1.0621933026701602 1749
1671773642407 1.8077475760163835 1799
1671773671566 1.8094905631222398 1849
1671773700836 1.7030000336691309 1899
1671773729732 2.148149637354509 1949
1671773758477 1.5471737783938235 1999
1671773794721 2.294267326974988 2049
1671773823717 1.7479237110600463 2099
1671773852917 1.767984698412113 2149
1671773881589 1.6889780721786882 2199
1671773910317 1.6527795794180757 2249
1671773938777 1.4971331445943656 2299
1671773975186 2.5781500168373777 2349
1671774003894 2.0313785555843684 2399
1671774032881 1.345734970212626 2449
1671774061458 1.6050331761310113 2499
1671774090535 1.621537066405892 2549
1671774126930 2.1326752086824654 2599
1671774156224 1.5303277138228093 2649
1671774185099 1.5312185371723028 2699
1671774214257 2.171690888995363 2749
1671774242964 1.130960430645351 2799
1671774271867 1.4018916360412068 2849
1671774308329 1.4258295759055595 2899
1671774337090 1.6268751735494051 2949
1671774366007 1.5906269030710427 2999
1671774395135 1.6544935404657215 3049
1671774424097 2.24887670890756 3099
1671774453413 1.2271886731643227 3149
1671774489669 1.9798426164027627 3199
1671774518929 1.8980911169249435 3249
1671774548281 1.3360294350927449 3299
1671774577086 1.9816660177519863 3349
1671774605574 1.4417469685222037 3399
1671774634472 1.1279390414119175 3449
