1672312376950 0.0 216
1672312449742 0.0 433
1672312522850 0.0 650
1672312595682 0.0 867
1672312669292 0.0 1084
1672312742179 0.0 1301
1672312815232 0.0 1518
1672312888324 0.0 1735
1672312961445 0.0 1952
1672313035136 0.0 2169
1672313108115 1.5 2386
1672313181677 24.5 2603
1672313255278 4.5 2820
1672313329038 0.0 3037
1672313402430 3.75 3254
1672313476069 1.0 3471
1672313549435 4.5 3688
1672313623275 18.25 3905
1672313696853 24.5 4122
1672313770731 22.25 4339
1672313844138 26.0 4556
1672313917448 26.0 4773
1672313990864 23.25 4990
1672314064737 29.5 5207
1672314137858 18.5 5424
1672314211324 30.0 5641
1672314284858 26.75 5858
1672314358343 20.0 6075
1672314431802 9.25 6292
1672314505141 25.5 6509
1672314578451 15.5 6726
1672314651634 25.25 6943
1672314725884 8.0 7160
1672314799291 19.25 7377
1672314872669 23.5 7594
1672314946049 25.75 7811
1672315019591 8.75 8028
1672315093333 21.0 8245
1672315166413 19.25 8462
1672315239708 22.25 8679
1672315312936 25.75 8896
1672315386383 22.75 9113
1672315459510 21.5 9330
1672315532988 24.0 9547
1672315606746 25.75 9764
1672315680252 25.25 9981
1672315754482 23.5 10198
1672315827781 21.75 10415
1672315901239 24.0 10632
1672315974669 22.5 10849
1672316047815 22.0 11066
1672316121081 23.75 11283
1672316194574 22.5 11500
1672316268149 24.25 11717
1672316341409 25.75 11934
1672316414914 25.5 12151
1672316488827 24.0 12368
1672316562266 22.75 12585
1672316635566 23.25 12802
1672316708664 20.5 13019
1672316782668 23.5 13236
1672316857280 24.75 13453
1672316931056 26.25 13670
1672317005489 24.75 13887
1672317079118 23.75 14104
1672317153271 25.75 14321
1672317227178 24.0 14538
1672317300975 22.25 14755
1672317374294 23.25 14972
1672317448233 27.25 15189
1672317521847 26.0 15406
1672317596060 19.25 15623
1672317669797 23.75 15840
1672317743442 23.75 16057
1672317817609 23.5 16274
1672317891561 23.25 16491
1672317965876 25.0 16708
1672318039729 24.5 16925
1672318113631 23.0 17142
1672318187454 23.25 17359
1672318261351 23.5 17576
1672318334944 23.5 17793
1672318408661 23.75 18010
1672318482071 25.0 18227
1672318555649 23.0 18444
1672318630086 23.75 18661
1672318703913 23.5 18878
1672318777720 25.0 19095
1672318851634 23.5 19312
1672318925712 23.5 19529
1672319000074 23.75 19746
1672319074041 25.25 19963
1672319148219 23.75 20180
1672319221915 23.75 20397
1672319295848 24.0 20614
1672319369907 23.0 20831
1672319444485 23.75 21048
1672319518992 23.75 21265
1672319592991 23.25 21482
1672319667059 23.75 21699
1672319741112 23.5 21916
1672319815105 23.75 22133
1672319888905 23.0 22350
1672319963008 23.75 22567
1672320037146 23.75 22784
1672320111287 23.0 23001
1672320185191 23.75 23218
1672320258579 23.75 23435
1672320332378 23.75 23652
1672320406108 23.5 23869
1672320479712 23.5 24086
1672320553870 23.5 24303
1672320627820 23.75 24520
1672320701499 15.0 24737
1672320775489 21.5 24954
1672320849067 22.0 25171
1672320923207 23.5 25388
1672320996524 21.75 25605
1672321070139 23.25 25822
1672321143360 23.0 26039
1672321217318 23.5 26256
1672321291230 23.75 26473
1672321364959 26.25 26690
1672321438897 24.25 26907
1672321512560 23.75 27124
1672321586453 23.75 27341
1672321659618 23.75 27558
1672321732708 23.75 27775
1672321805720 23.75 27992
1672321879048 22.0 28209
1672321952111 23.75 28426
1672322025781 24.5 28643
1672322098984 23.75 28860
1672322171894 24.25 29077
1672322244650 23.75 29294
1672322317423 24.25 29511
1672322390307 23.5 29728
1672322462913 24.5 29945
1672322535537 23.0 30162
1672322608240 24.0 30379
1672322680846 22.0 30596
1672322753412 25.0 30813
1672322825467 23.75 31030
1672322898342 23.5 31247
1672322970991 23.75 31464
1672323043637 23.75 31681
1672323115920 23.5 31898
1672323188386 23.75 32115
1672323261249 23.75 32332
1672323333743 23.5 32549
