1672312376950 217.0 216
1672312449742 217.0 433
1672312522850 217.0 650
1672312595682 217.0 867
1672312669292 217.0 1084
1672312742179 217.0 1301
1672312815232 217.0 1518
1672312888324 217.0 1735
1672312961445 217.0 1952
1672313035136 217.0 2169
1672313108115 215.5 2386
1672313181677 192.5 2603
1672313255278 212.5 2820
1672313329038 217.0 3037
1672313402430 213.25 3254
1672313476069 216.0 3471
1672313549435 212.5 3688
1672313623275 198.75 3905
1672313696853 192.5 4122
1672313770731 194.75 4339
1672313844138 191.0 4556
1672313917448 191.0 4773
1672313990864 193.75 4990
1672314064737 187.5 5207
1672314137858 198.5 5424
1672314211324 187.0 5641
1672314284858 190.25 5858
1672314358343 197.0 6075
1672314431802 207.75 6292
1672314505141 191.5 6509
1672314578451 201.5 6726
1672314651634 191.75 6943
1672314725884 209.0 7160
1672314799291 197.75 7377
1672314872669 193.5 7594
1672314946049 191.25 7811
1672315019591 208.25 8028
1672315093333 196.0 8245
1672315166413 197.75 8462
1672315239708 194.75 8679
1672315312936 191.25 8896
1672315386383 194.25 9113
1672315459510 195.5 9330
1672315532988 193.0 9547
1672315606746 191.25 9764
1672315680252 191.75 9981
1672315754482 193.5 10198
1672315827781 195.25 10415
1672315901239 193.0 10632
1672315974669 194.5 10849
1672316047815 195.0 11066
1672316121081 193.25 11283
1672316194574 194.5 11500
1672316268149 192.75 11717
1672316341409 191.25 11934
1672316414914 191.5 12151
1672316488827 193.0 12368
1672316562266 194.25 12585
1672316635566 193.75 12802
1672316708664 196.5 13019
1672316782668 193.5 13236
1672316857280 192.25 13453
1672316931056 190.75 13670
1672317005489 192.25 13887
1672317079118 193.25 14104
1672317153271 191.25 14321
1672317227178 193.0 14538
1672317300975 194.75 14755
1672317374294 193.75 14972
1672317448233 189.75 15189
1672317521847 191.0 15406
1672317596060 197.75 15623
1672317669797 193.25 15840
1672317743442 193.25 16057
1672317817609 193.5 16274
1672317891561 193.75 16491
1672317965876 192.0 16708
1672318039729 192.5 16925
1672318113631 194.0 17142
1672318187454 193.75 17359
1672318261351 193.5 17576
1672318334944 193.5 17793
1672318408661 193.25 18010
1672318482071 192.0 18227
1672318555649 194.0 18444
1672318630086 193.25 18661
1672318703913 193.5 18878
1672318777720 192.0 19095
1672318851634 193.5 19312
1672318925712 193.5 19529
1672319000074 193.25 19746
1672319074041 191.75 19963
1672319148219 193.25 20180
1672319221915 193.25 20397
1672319295848 193.0 20614
1672319369907 194.0 20831
1672319444485 193.25 21048
1672319518992 193.25 21265
1672319592991 193.75 21482
1672319667059 193.25 21699
1672319741112 193.5 21916
1672319815105 193.25 22133
1672319888905 194.0 22350
1672319963008 193.25 22567
1672320037146 193.25 22784
1672320111287 194.0 23001
1672320185191 193.25 23218
1672320258579 193.25 23435
1672320332378 193.25 23652
1672320406108 193.5 23869
1672320479712 193.5 24086
1672320553870 193.5 24303
1672320627820 193.25 24520
1672320701499 202.0 24737
1672320775489 195.5 24954
1672320849067 195.0 25171
1672320923207 193.5 25388
1672320996524 195.25 25605
1672321070139 193.75 25822
1672321143360 194.0 26039
1672321217318 193.5 26256
1672321291230 193.25 26473
1672321364959 190.75 26690
1672321438897 192.75 26907
1672321512560 193.25 27124
1672321586453 193.25 27341
1672321659618 193.25 27558
1672321732708 193.25 27775
1672321805720 193.25 27992
1672321879048 195.0 28209
1672321952111 193.25 28426
1672322025781 192.5 28643
1672322098984 193.25 28860
1672322171894 192.75 29077
1672322244650 193.25 29294
1672322317423 192.75 29511
1672322390307 193.5 29728
1672322462913 192.5 29945
1672322535537 194.0 30162
1672322608240 193.0 30379
1672322680846 195.0 30596
1672322753412 192.0 30813
1672322825467 193.25 31030
1672322898342 193.5 31247
1672322970991 193.25 31464
1672323043637 193.25 31681
1672323115920 193.5 31898
1672323188386 193.25 32115
1672323261249 193.25 32332
1672323333743 193.5 32549
