1672312321697 0 49
1672312336114 0 99
1672312350840 0 149
1672312365559 0 199
1672312376950 0 216
1672312379974 1 216
1672312390205 1 249
1672312404665 1 299
1672312419126 1 349
1672312433605 1 399
1672312449742 1 433
1672312453011 2 433
1672312458435 2 449
1672312472974 2 499
1672312487305 2 549
1672312501943 2 599
1672312516255 2 649
1672312522850 2 650
1672312526147 3 650
1672312540968 3 699
1672312555324 3 749
1672312569716 3 799
1672312584085 3 849
1672312595682 3 867
1672312598963 4 867
1672312609172 4 899
1672312623703 4 949
1672312638230 4 999
1672312652598 4 1049
1672312669292 4 1084
1672312672526 5 1084
1672312677564 5 1099
1672312691934 5 1149
1672312706293 5 1199
1672312720653 5 1249
1672312735025 5 1299
1672312742179 5 1301
1672312745398 6 1301
1672312760041 6 1349
1672312774415 6 1399
1672312788916 6 1449
1672312803280 6 1499
1672312815232 6 1518
1672312818439 7 1518
1672312828016 7 1549
1672312842391 7 1599
1672312856859 7 1649
1672312871379 7 1699
1672312888324 7 1735
1672312891526 8 1735
1672312896263 8 1749
1672312910696 8 1799
1672312925253 8 1849
1672312939692 8 1899
1672312954112 8 1949
1672312961445 8 1952
1672312964767 9 1952
1672312979094 9 1999
1672312993704 9 2049
1672313008156 9 2099
1672313022763 9 2149
1672313035136 9 2169
1672313038434 10 2169
1672313047791 10 2199
1672313062325 10 2249
1672313076690 10 2299
1672313091060 10 2349
1672313108115 10 2386
1672313111350 11 2386
1672313115857 11 2399
1672313130314 11 2449
1672313144765 11 2499
1672313159335 11 2549
1672313173992 11 2599
1672313181677 11 2603
1672313184970 12 2603
1672313199169 12 2649
1672313213677 12 2699
1672313228141 12 2749
1672313242628 12 2799
1672313255278 12 2820
1672313258500 13 2820
1672313267750 13 2849
1672313282196 13 2899
1672313296833 13 2949
1672313311578 13 2999
1672313329038 13 3037
1672313332242 14 3037
1672313336569 14 3049
1672313350997 14 3099
1672313365436 14 3149
1672313379864 14 3199
1672313394279 14 3249
1672313402430 14 3254
1672313405716 15 3254
1672313419454 15 3299
1672313434136 15 3349
1672313448628 15 3399
1672313463179 15 3449
1672313476069 15 3471
1672313479388 16 3471
1672313488422 16 3499
1672313502867 16 3549
1672313517430 16 3599
1672313531836 16 3649
1672313549435 16 3688
1672313552717 17 3688
1672313556681 17 3699
1672313571324 17 3749
1672313585849 17 3799
1672313600362 17 3849
1672313614807 17 3899
1672313623275 17 3905
1672313626557 18 3905
1672313640057 18 3949
1672313654715 18 3999
1672313669207 18 4049
1672313683798 18 4099
1672313696853 18 4122
1672313700106 19 4122
1672313708720 19 4149
1672313723187 19 4199
1672313737658 19 4249
1672313752444 19 4299
1672313770731 19 4339
1672313773912 20 4339
1672313777502 20 4349
1672313791982 20 4399
1672313806455 20 4449
1672313820996 20 4499
1672313835598 20 4549
1672313844138 20 4556
1672313847498 21 4556
1672313860568 21 4599
1672313875112 21 4649
1672313889491 21 4699
1672313904006 21 4749
1672313917448 21 4773
1672313920702 22 4773
1672313928987 22 4799
1672313943402 22 4849
1672313957816 22 4899
1672313972419 22 4949
1672313990864 22 4990
1672313994166 23 4990
1672313997489 23 4999
1672314012115 23 5049
1672314026557 23 5099
1672314041353 23 5149
1672314055795 23 5199
1672314064737 23 5207
1672314068036 24 5207
1672314080863 24 5249
1672314095214 24 5299
1672314109765 24 5349
1672314124110 24 5399
1672314137858 24 5424
1672314141143 25 5424
1672314149191 25 5449
1672314163616 25 5499
1672314178333 25 5549
1672314192799 25 5599
1672314211324 25 5641
1672314214647 26 5641
1672314217698 26 5649
1672314232319 26 5699
1672314246781 26 5749
1672314261200 26 5799
1672314275586 26 5849
1672314284858 26 5858
1672314288136 27 5858
1672314300608 27 5899
1672314315216 27 5949
1672314329784 27 5999
1672314344219 27 6049
1672314358343 27 6075
1672314361637 28 6075
1672314369316 28 6099
1672314384020 28 6149
1672314398509 28 6199
1672314412965 28 6249
1672314431802 28 6292
1672314435023 29 6292
1672314437761 29 6299
1672314452335 29 6349
1672314466911 29 6399
1672314481358 29 6449
1672314495781 29 6499
1672314505141 29 6509
1672314508539 30 6509
1672314520801 30 6549
1672314535197 30 6599
1672314549565 30 6649
1672314563945 30 6699
1672314578451 30 6726
1672314581772 31 6726
1672314589266 31 6749
1672314603681 31 6799
1672314618093 31 6849
1672314632516 31 6899
1672314651634 31 6943
1672314654940 32 6943
1672314657554 32 6949
1672314672134 32 6999
1672314686668 32 7049
1672314701356 32 7099
1672314716164 32 7149
1672314725884 32 7160
1672314729128 33 7160
1672314741018 33 7199
1672314755460 33 7249
1672314770018 33 7299
1672314784577 33 7349
1672314799291 33 7377
1672314802593 34 7377
1672314809569 34 7399
1672314824256 34 7449
1672314838704 34 7499
1672314853298 34 7549
1672314872669 34 7594
1672314875998 35 7594
1672314878151 35 7599
1672314892522 35 7649
1672314906935 35 7699
1672314921424 35 7749
1672314935808 35 7799
1672314946049 35 7811
1672314949312 36 7811
1672314961127 36 7849
1672314975617 36 7899
1672314990212 36 7949
1672315004627 36 7999
1672315019591 36 8028
1672315023066 37 8028
1672315029817 37 8049
1672315044265 37 8099
1672315058728 37 8149
1672315073154 37 8199
1672315093333 37 8245
1672315096582 38 8245
1672315098418 38 8249
1672315112958 38 8299
1672315127340 38 8349
1672315141742 38 8399
1672315156126 38 8449
1672315166413 38 8462
1672315169749 39 8462
1672315181095 39 8499
1672315195428 39 8549
1672315209926 39 8599
1672315224379 39 8649
1672315239708 39 8679
1672315243051 40 8679
1672315249513 40 8699
1672315264099 40 8749
1672315278593 40 8799
1672315293015 40 8849
1672315312936 40 8896
1672315316212 41 8896
1672315317788 41 8899
1672315332373 41 8949
1672315346775 41 8999
1672315361212 41 9049
1672315375621 41 9099
1672315386383 41 9113
1672315389693 42 9113
1672315400862 42 9149
1672315415275 42 9199
1672315429648 42 9249
1672315443999 42 9299
1672315459510 42 9330
1672315462814 43 9330
1672315469008 43 9349
1672315483508 43 9399
1672315498121 43 9449
1672315512526 43 9499
1672315532988 43 9547
1672315536369 44 9547
1672315537722 44 9549
1672315552309 44 9599
1672315566805 44 9649
1672315581322 44 9699
1672315595772 44 9749
1672315606746 44 9764
1672315610033 45 9764
1672315620856 45 9799
1672315635398 45 9849
1672315650058 45 9899
1672315664550 45 9949
1672315680252 45 9981
1672315683616 46 9981
1672315689525 46 9999
1672315704308 46 10049
1672315719083 46 10099
1672315733578 46 10149
1672315754482 46 10198
1672315757733 47 10198
1672315758706 47 10199
1672315773149 47 10249
1672315787530 47 10299
1672315802093 47 10349
1672315816633 47 10399
1672315827781 47 10415
1672315831103 48 10415
1672315841621 48 10449
1672315856226 48 10499
1672315870653 48 10549
1672315885077 48 10599
1672315901239 48 10632
1672315904483 49 10632
1672315910122 49 10649
1672315924597 49 10699
1672315939177 49 10749
1672315953645 49 10799
1672315967879 49 10849
1672315974669 49 10849
1672315977974 50 10849
1672315992986 50 10899
1672316007379 50 10949
1672316021926 50 10999
1672316036292 50 11049
1672316047815 50 11066
1672316051108 51 11066
1672316061266 51 11099
1672316075820 51 11149
1672316090372 51 11199
1672316104794 51 11249
1672316121081 51 11283
1672316124343 52 11283
1672316129752 52 11299
1672316144128 52 11349
1672316158729 52 11399
1672316173148 52 11449
1672316187640 52 11499
1672316194574 52 11500
1672316197922 53 11500
1672316212739 53 11549
1672316227214 53 11599
1672316241973 53 11649
1672316256423 53 11699
1672316268149 53 11717
1672316271526 54 11717
1672316281643 54 11749
1672316296023 54 11799
1672316310448 54 11849
1672316324816 54 11899
1672316341409 54 11934
1672316344952 55 11934
1672316349918 55 11949
1672316364434 55 11999
1672316378977 55 12049
1672316393388 55 12099
1672316407807 55 12149
1672316414914 55 12151
1672316418255 56 12151
1672316432802 56 12199
1672316447501 56 12249
1672316462001 56 12299
1672316476771 56 12349
1672316488827 56 12368
1672316492142 57 12368
1672316501768 57 12399
1672316516355 57 12449
1672316531009 57 12499
1672316545428 57 12549
1672316562266 57 12585
1672316565615 58 12585
1672316570379 58 12599
1672316584957 58 12649
1672316599536 58 12699
1672316613928 58 12749
1672316628266 58 12799
1672316635566 58 12802
1672316638829 59 12802
1672316653041 59 12849
1672316667563 59 12899
1672316682134 59 12949
1672316696506 59 12999
1672316708664 59 13019
1672316711976 60 13019
1672316721347 60 13049
1672316735934 60 13099
1672316750593 60 13149
1672316765140 60 13199
1672316782668 60 13236
1672316785990 61 13236
1672316790474 61 13249
1672316805063 61 13299
1672316819890 61 13349
1672316834595 61 13399
1672316849092 61 13449
1672316857280 61 13453
1672316860659 62 13453
1672316874715 62 13499
1672316889374 62 13549
1672316903937 62 13599
1672316918461 62 13649
1672316931056 62 13670
1672316934344 63 13670
1672316943489 63 13699
1672316958492 63 13749
1672316973035 63 13799
1672316987705 63 13849
1672317005489 63 13887
1672317008740 64 13887
1672317012961 64 13899
1672317027508 64 13949
1672317042053 64 13999
1672317056499 64 14049
1672317071103 64 14099
1672317079118 64 14104
1672317082388 65 14104
1672317096330 65 14149
1672317111023 65 14199
1672317125751 65 14249
1672317140266 65 14299
1672317153271 65 14321
1672317156546 66 14321
1672317165464 66 14349
1672317179936 66 14399
1672317194521 66 14449
1672317208991 66 14499
1672317227178 66 14538
1672317230478 67 14538
1672317234359 67 14549
1672317248994 67 14599
1672317263623 67 14649
1672317278368 67 14699
1672317292871 67 14749
1672317300975 67 14755
1672317304263 68 14755
1672317317604 68 14799
1672317332087 68 14849
1672317346499 68 14899
1672317361056 68 14949
1672317374294 68 14972
1672317377545 69 14972
1672317386102 69 14999
1672317400852 69 15049
1672317415508 69 15099
1672317430061 69 15149
1672317448233 69 15189
1672317451451 70 15189
1672317455066 70 15199
1672317469539 70 15249
1672317484267 70 15299
1672317498895 70 15349
1672317513417 70 15399
1672317521847 70 15406
1672317525153 71 15406
1672317538644 71 15449
1672317553296 71 15499
1672317567788 71 15549
1672317582381 71 15599
1672317596060 71 15623
1672317599409 72 15623
1672317607653 72 15649
1672317622140 72 15699
1672317636759 72 15749
1672317651434 72 15799
1672317669797 72 15840
1672317673142 73 15840
1672317676461 73 15849
1672317691144 73 15899
1672317705585 73 15949
1672317720139 73 15999
1672317734612 73 16049
1672317743442 73 16057
1672317746693 74 16057
1672317759639 74 16099
1672317774187 74 16149
1672317789044 74 16199
1672317803616 74 16249
1672317817609 74 16274
1672317820865 75 16274
1672317828826 75 16299
1672317843477 75 16349
1672317858068 75 16399
1672317872738 75 16449
1672317891561 75 16491
1672317895032 76 16491
1672317898128 76 16499
1672317912626 76 16549
1672317927339 76 16599
1672317941952 76 16649
1672317956650 76 16699
1672317965876 76 16708
1672317969323 77 16708
1672317982002 77 16749
1672317996543 77 16799
1672318011070 77 16849
1672318025733 77 16899
1672318039729 77 16925
1672318043125 78 16925
1672318050698 78 16949
1672318065354 78 16999
1672318079813 78 17049
1672318094277 78 17099
1672318113631 78 17142
1672318116831 79 17142
1672318119581 79 17149
1672318134219 79 17199
1672318148780 79 17249
1672318163296 79 17299
1672318177828 79 17349
1672318187454 79 17359
1672318190761 80 17359
1672318203150 80 17399
1672318217668 80 17449
1672318232322 80 17499
1672318246806 80 17549
1672318261351 80 17576
1672318264660 81 17576
1672318272209 81 17599
1672318286669 81 17649
1672318301190 81 17699
1672318315644 81 17749
1672318334944 81 17793
1672318338230 82 17793
1672318340641 82 17799
1672318355211 82 17849
1672318369799 82 17899
1672318384325 82 17949
1672318399106 82 17999
1672318408661 82 18010
1672318411961 83 18010
1672318423958 83 18049
1672318438536 83 18099
1672318453028 83 18149
1672318467654 83 18199
1672318482071 83 18227
1672318485360 84 18227
1672318492457 84 18249
1672318506974 84 18299
1672318521426 84 18349
1672318536080 84 18399
1672318555649 84 18444
1672318559073 85 18444
1672318561303 85 18449
1672318576093 85 18499
1672318590664 85 18549
1672318605489 85 18599
1672318620078 85 18649
1672318630086 85 18661
1672318633415 86 18661
1672318645071 86 18699
1672318659579 86 18749
1672318674036 86 18799
1672318688919 86 18849
1672318703913 86 18878
1672318707248 87 18878
1672318714028 87 18899
1672318728546 87 18949
1672318743221 87 18999
1672318757716 87 19049
1672318777720 87 19095
1672318781030 88 19095
1672318782936 88 19099
1672318797426 88 19149
1672318812116 88 19199
1672318826768 88 19249
1672318841435 88 19299
1672318851634 88 19312
1672318855025 89 19312
1672318866518 89 19349
1672318881024 89 19399
1672318895780 89 19449
1672318910345 89 19499
1672318925712 89 19529
1672318929138 90 19529
1672318935673 90 19549
1672318950293 90 19599
1672318965264 90 19649
1672318979818 90 19699
1672319000074 90 19746
1672319003405 91 19746
1672319004988 91 19749
1672319019569 91 19799
1672319034152 91 19849
1672319048724 91 19899
1672319063240 91 19949
1672319074041 91 19963
1672319077320 92 19963
1672319088465 92 19999
1672319103388 92 20049
1672319117904 92 20099
1672319132390 92 20149
1672319148219 92 20180
1672319151555 93 20180
1672319157771 93 20199
1672319172225 93 20249
1672319186779 93 20299
1672319201254 93 20349
1672319221915 93 20397
1672319225134 94 20397
1672319226426 94 20399
1672319240998 94 20449
1672319255725 94 20499
1672319270273 94 20549
1672319284951 94 20599
1672319295848 94 20614
1672319299176 95 20614
1672319310148 95 20649
1672319324763 95 20699
1672319339334 95 20749
1672319353927 95 20799
1672319369907 95 20831
1672319373277 96 20831
1672319379319 96 20849
1672319394098 96 20899
1672319408674 96 20949
1672319423243 96 20999
1672319444485 96 21048
1672319447804 97 21048
1672319448782 97 21049
1672319463316 97 21099
1672319477815 97 21149
1672319492969 97 21199
1672319507674 97 21249
1672319518992 97 21265
1672319522301 98 21265
1672319532896 98 21299
1672319547567 98 21349
1672319562278 98 21399
1672319576821 98 21449
1672319592991 98 21482
1672319596264 99 21482
1672319602039 99 21499
1672319616646 99 21549
1672319631287 99 21599
1672319645843 99 21649
1672319660208 99 21699
1672319667059 99 21699
1672319670398 100 21699
1672319685547 100 21749
1672319700311 100 21799
1672319714815 100 21849
1672319729253 100 21899
1672319741112 100 21916
1672319744419 101 21916
1672319754635 101 21949
1672319769151 101 21999
1672319783941 101 22049
1672319798351 101 22099
1672319815105 101 22133
1672319818423 102 22133
1672319823924 102 22149
1672319838444 102 22199
1672319853004 102 22249
1672319867475 102 22299
1672319881965 102 22349
1672319888905 102 22350
1672319892230 103 22350
1672319907110 103 22399
1672319921911 103 22449
1672319936370 103 22499
1672319951006 103 22549
1672319963008 103 22567
1672319966414 104 22567
1672319976405 104 22599
1672319990974 104 22649
1672320005529 104 22699
1672320020102 104 22749
1672320037146 104 22784
1672320040505 105 22784
1672320045726 105 22799
1672320060431 105 22849
1672320074902 105 22899
1672320089487 105 22949
1672320104163 105 22999
1672320111287 105 23001
1672320114586 106 23001
1672320129263 106 23049
1672320143794 106 23099
1672320158321 106 23149
1672320172879 106 23199
1672320185191 106 23218
1672320188530 107 23218
1672320198162 107 23249
1672320212797 107 23299
1672320227370 107 23349
1672320241799 107 23399
1672320258579 107 23435
1672320261920 108 23435
1672320266658 108 23449
1672320281114 108 23499
1672320295788 108 23549
1672320310273 108 23599
1672320324924 108 23649
1672320332378 108 23652
1672320335681 109 23652
1672320349972 109 23699
1672320364721 109 23749
1672320379228 109 23799
1672320393699 109 23849
1672320406108 109 23869
1672320409412 110 23869
1672320418770 110 23899
1672320433410 110 23949
1672320447879 110 23999
1672320462521 110 24049
1672320479712 110 24086
1672320483157 111 24086
1672320487618 111 24099
1672320502284 111 24149
1672320517037 111 24199
1672320531571 111 24249
1672320546081 111 24299
1672320553870 111 24303
1672320557224 112 24303
1672320571215 112 24349
1672320585689 112 24399
1672320600423 112 24449
1672320614973 112 24499
1672320627820 112 24520
1672320631123 113 24520
1672320640251 113 24549
1672320654789 113 24599
1672320669317 113 24649
1672320683884 113 24699
1672320701499 113 24737
1672320704832 114 24737
1672320708962 114 24749
1672320723470 114 24799
1672320738122 114 24849
1672320752889 114 24899
1672320767536 114 24949
1672320775489 114 24954
1672320778824 115 24954
1672320792564 115 24999
1672320807122 115 25049
1672320821645 115 25099
1672320836173 115 25149
1672320849067 115 25171
1672320852371 116 25171
1672320861168 116 25199
1672320875991 116 25249
1672320890673 116 25299
1672320905302 116 25349
1672320923207 116 25388
1672320926522 117 25388
1672320930387 117 25399
1672320944840 117 25449
1672320959284 117 25499
1672320973752 117 25549
1672320988237 117 25599
1672320996524 117 25605
1672320999874 118 25605
1672321013413 118 25649
1672321028037 118 25699
1672321042536 118 25749
1672321056930 118 25799
1672321070139 118 25822
1672321073467 119 25822
1672321082054 119 25849
1672321096556 119 25899
1672321111043 119 25949
1672321125449 119 25999
1672321143360 119 26039
1672321146689 120 26039
1672321150600 120 26049
1672321165273 120 26099
1672321179735 120 26149
1672321194193 120 26199
1672321208664 120 26249
1672321217318 120 26256
1672321220587 121 26256
1672321233766 121 26299
1672321248244 121 26349
1672321262839 121 26399
1672321277509 121 26449
1672321291230 121 26473
1672321294629 122 26473
1672321302890 122 26499
1672321317393 122 26549
1672321332032 122 26599
1672321346495 122 26649
1672321364959 122 26690
1672321368281 123 26690
1672321371586 123 26699
1672321386106 123 26749
1672321400568 123 26799
1672321415382 123 26849
1672321430026 123 26899
1672321438897 123 26907
1672321442341 124 26907
1672321455249 124 26949
1672321469887 124 26999
1672321484350 124 27049
1672321498824 124 27099
1672321512560 124 27124
1672321515870 125 27124
1672321523797 125 27149
1672321538377 125 27199
1672321552797 125 27249
1672321567340 125 27299
1672321586453 125 27341
1672321589727 126 27341
1672321592689 126 27349
1672321607280 126 27399
1672321621680 126 27449
1672321636105 126 27499
1672321650503 126 27549
1672321659618 126 27558
1672321662850 127 27558
1672321675532 127 27599
1672321689931 127 27649
1672321704631 127 27699
1672321718995 127 27749
1672321732708 127 27775
1672321735949 128 27775
1672321743527 128 27799
1672321758028 128 27849
1672321772408 128 27899
1672321786923 128 27949
1672321805720 128 27992
1672321808980 129 27992
1672321811686 129 27999
1672321826455 129 28049
1672321840904 129 28099
1672321855300 129 28149
1672321869775 129 28199
1672321879048 129 28209
1672321882294 130 28209
1672321894569 130 28249
1672321908996 130 28299
1672321923563 130 28349
1672321937987 130 28399
1672321952111 130 28426
1672321955485 131 28426
1672321962850 131 28449
1672321977592 131 28499
1672321992242 131 28549
1672322006725 131 28599
1672322025781 131 28643
1672322028981 132 28643
1672322031551 132 28649
1672322045975 132 28699
1672322060497 132 28749
1672322074813 132 28799
1672322089410 132 28849
1672322098984 132 28860
1672322102277 133 28860
1672322114180 133 28899
1672322128576 133 28949
1672322143011 133 28999
1672322157386 133 29049
1672322171894 133 29077
1672322175166 134 29077
1672322182037 134 29099
1672322196500 134 29149
1672322211056 134 29199
1672322225588 134 29249
1672322244650 134 29294
1672322247889 135 29294
1672322249973 135 29299
1672322264377 135 29349
1672322278807 135 29399
1672322293266 135 29449
1672322307815 135 29499
1672322317423 135 29511
1672322320679 136 29511
1672322332379 136 29549
1672322346940 136 29599
1672322361444 136 29649
1672322375809 136 29699
1672322390307 136 29728
1672322393648 137 29728
1672322400287 137 29749
1672322414546 137 29799
1672322428917 137 29849
1672322443373 137 29899
1672322462913 137 29945
1672322466144 138 29945
1672322468085 138 29949
1672322482692 138 29999
1672322497044 138 30049
1672322511309 138 30099
1672322525593 138 30149
1672322535537 138 30162
1672322538787 139 30162
1672322550009 139 30199
1672322564331 139 30249
1672322578756 139 30299
1672322593292 139 30349
1672322608240 139 30379
1672322611567 140 30379
1672322617931 140 30399
1672322632183 140 30449
1672322646494 140 30499
1672322660972 140 30549
1672322680846 140 30596
1672322684045 141 30596
1672322685583 141 30599
1672322699866 141 30649
1672322714312 141 30699
1672322728736 141 30749
1672322743278 141 30799
1672322753412 141 30813
1672322756666 142 30813
1672322767612 142 30849
1672322781852 142 30899
1672322796136 142 30949
1672322810417 142 30999
1672322825467 142 31030
1672322828740 143 31030
1672322834935 143 31049
1672322849388 143 31099
1672322863861 143 31149
1672322878202 143 31199
1672322898342 143 31247
1672322901604 144 31247
1672322902833 144 31249
1672322917112 144 31299
1672322931449 144 31349
1672322945761 144 31399
1672322960185 144 31449
1672322970991 144 31464
1672322974291 145 31464
1672322985105 145 31499
1672322999512 145 31549
1672323013816 145 31599
1672323028233 145 31649
1672323043637 145 31681
1672323046835 146 31681
1672323052661 146 31699
1672323066920 146 31749
1672323081285 146 31799
1672323095680 146 31849
1672323115920 146 31898
1672323119208 147 31898
1672323120186 147 31899
1672323134462 147 31949
1672323148715 147 31999
1672323163079 147 32049
1672323177473 147 32099
1672323188386 147 32115
1672323191726 148 32115
1672323202215 148 32149
1672323216525 148 32199
1672323230970 148 32249
1672323245444 148 32299
1672323261249 148 32332
1672323264554 149 32332
1672323270093 149 32349
1672323284485 149 32399
1672323298770 149 32449
1672323313188 149 32499
1672323327293 149 32549
1672323333743 149 32549
1672323336794 150 32549
