1672312376950 0.0 216
1672312449742 0.0 433
1672312522850 0.0 650
1672312595682 0.0 867
1672312669292 0.0 1084
1672312742179 0.0 1301
1672312815232 0.0 1518
1672312888324 0.0 1735
1672312961445 0.0 1952
1672313035136 0.0 2169
1672313108115 0.0 2386
1672313181677 0.0 2603
1672313255278 0.0 2820
1672313329038 0.0 3037
1672313402430 0.0 3254
1672313476069 0.0 3471
1672313549435 0.0 3688
1672313623275 0.0 3905
1672313696853 0.0 4122
1672313770731 0.0 4339
1672313844138 0.0 4556
1672313917448 0.0 4773
1672313990864 0.0 4990
1672314064737 0.0 5207
1672314137858 0.0 5424
1672314211324 0.0 5641
1672314284858 0.0 5858
1672314358343 0.0 6075
1672314431802 0.0 6292
1672314505141 0.0 6509
1672314578451 0.0 6726
1672314651634 0.0 6943
1672314725884 0.0 7160
1672314799291 0.0 7377
1672314872669 0.0 7594
1672314946049 0.0 7811
1672315019591 0.0 8028
1672315093333 0.0 8245
1672315166413 0.0 8462
1672315239708 0.0 8679
1672315312936 0.0 8896
1672315386383 0.0 9113
1672315459510 0.0 9330
1672315532988 0.0 9547
1672315606746 0.0 9764
1672315680252 0.0 9981
1672315754482 0.0 10198
1672315827781 0.0 10415
1672315901239 0.0 10632
1672315974669 0.0 10849
1672316047815 0.0 11066
1672316121081 0.0 11283
1672316194574 0.0 11500
1672316268149 0.0 11717
1672316341409 0.0 11934
1672316414914 0.0 12151
1672316488827 0.0 12368
1672316562266 0.0 12585
1672316635566 0.0 12802
1672316708664 0.0 13019
1672316782668 0.0 13236
1672316857280 0.0 13453
1672316931056 0.0 13670
1672317005489 0.0 13887
1672317079118 0.0 14104
1672317153271 0.0 14321
1672317227178 0.0 14538
1672317300975 0.0 14755
1672317374294 0.0 14972
1672317448233 0.0 15189
1672317521847 0.0 15406
1672317596060 0.0 15623
1672317669797 0.0 15840
1672317743442 0.0 16057
1672317817609 0.0 16274
1672317891561 0.0 16491
1672317965876 0.0 16708
1672318039729 0.0 16925
1672318113631 0.0 17142
1672318187454 0.0 17359
1672318261351 0.0 17576
1672318334944 0.0 17793
1672318408661 0.0 18010
1672318482071 0.0 18227
1672318555649 0.0 18444
1672318630086 0.0 18661
1672318703913 0.0 18878
1672318777720 0.0 19095
1672318851634 0.0 19312
1672318925712 0.0 19529
1672319000074 0.0 19746
1672319074041 0.0 19963
1672319148219 0.0 20180
1672319221915 0.0 20397
1672319295848 0.0 20614
1672319369907 0.0 20831
1672319444485 0.0 21048
1672319518992 0.0 21265
1672319592991 0.0 21482
1672319667059 0.0 21699
1672319741112 0.0 21916
1672319815105 0.0 22133
1672319888905 0.0 22350
1672319963008 0.0 22567
1672320037146 0.0 22784
1672320111287 0.0 23001
1672320185191 0.0 23218
1672320258579 0.0 23435
1672320332378 0.0 23652
1672320406108 0.0 23869
1672320479712 0.0 24086
1672320553870 0.0 24303
1672320627820 0.0 24520
1672320701499 0.0 24737
1672320775489 0.0 24954
1672320849067 0.0 25171
1672320923207 0.0 25388
1672320996524 0.0 25605
1672321070139 0.0 25822
1672321143360 0.0 26039
1672321217318 0.0 26256
1672321291230 0.0 26473
1672321364959 0.0 26690
1672321438897 0.0 26907
1672321512560 0.0 27124
1672321586453 0.0 27341
1672321659618 0.0 27558
1672321732708 0.0 27775
1672321805720 0.0 27992
1672321879048 0.0 28209
1672321952111 0.0 28426
1672322025781 0.0 28643
1672322098984 0.0 28860
1672322171894 0.0 29077
1672322244650 0.0 29294
1672322317423 0.0 29511
1672322390307 0.0 29728
1672322462913 0.0 29945
1672322535537 0.0 30162
1672322608240 0.0 30379
1672322680846 0.0 30596
1672322753412 0.0 30813
1672322825467 0.0 31030
1672322898342 0.0 31247
1672322970991 0.0 31464
1672323043637 0.0 31681
1672323115920 0.0 31898
1672323188386 0.0 32115
1672323261249 0.0 32332
1672323333743 0.0 32549
