1672312321697 0.7083333730697632 49
1672312336114 0.9166666865348816 99
1672312350840 0.75 149
1672312365559 0.75 199
1672312390205 0.8333333134651184 249
1672312404665 0.75 299
1672312419126 0.875 349
1672312433605 0.6875 399
1672312458435 0.5625 449
1672312472974 0.9166666865348816 499
1672312487305 0.7916666865348816 549
1672312501943 0.75 599
1672312516255 0.7916666865348816 649
1672312540968 0.625 699
1672312555324 0.8125 749
1672312569716 0.6666666865348816 799
1672312584085 0.2916666865348816 849
1672312609172 0.8333333730697632 899
1672312623703 0.6499999761581421 949
1672312638230 0.6666666865348816 999
1672312652598 0.949999988079071 1049
1672312677564 0.8541666865348816 1099
1672312691934 0.6666666865348816 1149
1672312706293 0.6875 1199
1672312720653 0.6875 1249
1672312735025 0.75 1299
1672312760041 0.9375 1349
1672312774415 0.6041666865348816 1399
1672312788916 1.0 1449
1672312803280 0.6666666865348816 1499
1672312828016 0.9166666865348816 1549
1672312842391 0.9166666865348816 1599
1672312856859 0.7916666865348816 1649
1672312871379 0.4000000059604645 1699
1672312896263 0.5249999761581421 1749
1672312910696 0.8333333730697632 1799
1672312925253 1.0 1849
1672312939692 0.9375 1899
1672312954112 0.9583333134651184 1949
1672312979094 0.875 1999
1672312993704 0.8541666865348816 2049
1672313008156 0.6166666746139526 2099
1672313022763 1.0 2149
1672313047791 0.7333333492279053 2199
1672313062325 0.8333333730697632 2249
1672313076690 0.625 2299
1672313091060 0.9375 2349
1672313115857 1.0 2399
1672313130314 0.9375 2449
1672313144765 0.949999988079071 2499
1672313159335 0.8333333730697632 2549
1672313173992 0.75 2599
1672313199169 0.5 2649
1672313213677 0.75 2699
1672313228141 0.8125 2749
1672313242628 0.75 2799
1672313267750 0.8333333730697632 2849
1672313282196 0.5 2899
1672313296833 0.75 2949
1672313311578 0.9166666865348816 2999
1672313336569 0.8541666865348816 3049
1672313350997 0.6875 3099
1672313365436 0.875 3149
1672313379864 0.75 3199
1672313394279 0.6666666865348816 3249
1672313419454 0.625 3299
1672313434136 0.9166666865348816 3349
1672313448628 0.699999988079071 3399
1672313463179 0.375 3449
1672313488422 0.9375 3499
1672313502867 1.0 3549
1672313517430 0.9375 3599
1672313531836 0.9166666865348816 3649
1672313556681 0.25 3699
1672313571324 0.6708333492279053 3749
1672313585849 1.0 3799
1672313600362 0.6666666865348816 3849
1672313614807 0.8333333730697632 3899
1672313640057 0.875 3949
1672313654715 0.8999999761581421 3999
1672313669207 0.75 4049
1672313683798 0.6875 4099
1672313708720 0.9166666865348816 4149
1672313723187 0.9375 4199
1672313737658 1.0 4249
1672313752444 1.0 4299
1672313777502 1.0 4349
1672313791982 0.9166666865348816 4399
1672313806455 0.75 4449
1672313820996 1.0 4499
1672313835598 0.7916666865348816 4549
1672313860568 0.9166666865348816 4599
1672313875112 1.0 4649
1672313889491 0.9166666865348816 4699
1672313904006 0.75 4749
1672313928987 0.75 4799
1672313943402 0.574999988079071 4849
1672313957816 1.0 4899
1672313972419 0.6000000238418579 4949
1672313997489 0.7708333134651184 4999
1672314012115 0.75 5049
1672314026557 0.6666666865348816 5099
1672314041353 0.8333333730697632 5149
1672314055795 0.7916666865348816 5199
1672314080863 1.0 5249
1672314095214 0.7916666865348816 5299
1672314109765 0.9166666865348816 5349
1672314124110 0.6499999761581421 5399
1672314149191 0.6666666865348816 5449
1672314163616 0.7916666865348816 5499
1672314178333 1.0 5549
1672314192799 0.6666666865348816 5599
1672314217698 0.5208333730697632 5649
1672314232319 0.875 5699
1672314246781 1.0 5749
1672314261200 0.8541666865348816 5799
1672314275586 0.8333333134651184 5849
1672314300608 0.875 5899
1672314315216 1.0 5949
1672314329784 0.875 5999
1672314344219 0.6666666865348816 6049
1672314369316 0.375 6099
1672314384020 0.6666666865348816 6149
1672314398509 0.5 6199
1672314412965 1.0 6249
1672314437761 0.75 6299
1672314452335 0.625 6349
1672314466911 0.7291666865348816 6399
1672314481358 0.625 6449
1672314495781 0.9375 6499
1672314520801 0.875 6549
1672314535197 0.875 6599
1672314549565 0.5833333134651184 6649
1672314563945 0.75 6699
1672314589266 0.949999988079071 6749
1672314603681 0.625 6799
1672314618093 0.875 6849
1672314632516 0.887499988079071 6899
1672314657554 0.875 6949
1672314672134 0.5416666865348816 6999
1672314686668 0.6666666865348816 7049
1672314701356 0.5 7099
1672314716164 1.0 7149
1672314741018 0.9166666865348816 7199
1672314755460 0.949999988079071 7249
1672314770018 0.625 7299
1672314784577 0.9166666865348816 7349
1672314809569 1.0 7399
1672314824256 0.8666666746139526 7449
1672314838704 0.4166666865348816 7499
1672314853298 0.75 7549
1672314878151 0.6666666865348816 7599
1672314892522 0.9166666865348816 7649
1672314906935 0.875 7699
1672314921424 0.4166666865348816 7749
1672314935808 0.6666666865348816 7799
1672314961127 0.625 7849
1672314975617 0.75 7899
1672314990212 0.75 7949
1672315004627 1.0 7999
1672315029817 1.0 8049
1672315044265 0.6875 8099
1672315058728 0.7708333730697632 8149
1672315073154 0.8333333134651184 8199
1672315098418 0.5833333134651184 8249
1672315112958 0.9375 8299
1672315127340 0.9166666865348816 8349
1672315141742 0.5833333730697632 8399
1672315156126 0.5625 8449
1672315181095 0.875 8499
1672315195428 0.6666666865348816 8549
1672315209926 1.0 8599
1672315224379 1.0 8649
1672315249513 1.0 8699
1672315264099 0.25 8749
1672315278593 0.8125 8799
1672315293015 1.0 8849
1672315317788 0.8333333134651184 8899
1672315332373 0.5833333730697632 8949
1672315346775 0.375 8999
1672315361212 0.9375 9049
1672315375621 0.9375 9099
1672315400862 0.9375 9149
1672315415275 0.8999999761581421 9199
1672315429648 0.9166666865348816 9249
1672315443999 0.75 9299
1672315469008 0.699999988079071 9349
1672315483508 1.0 9399
1672315498121 0.7083333730697632 9449
1672315512526 0.8541666865348816 9499
1672315537722 1.0 9549
1672315552309 0.875 9599
1672315566805 1.0 9649
1672315581322 0.75 9699
1672315595772 0.75 9749
1672315620856 0.5 9799
1672315635398 0.875 9849
1672315650058 0.887499988079071 9899
1672315664550 0.9166666865348816 9949
1672315689525 0.9166666865348816 9999
1672315704308 0.625 10049
1672315719083 1.0 10099
1672315733578 0.875 10149
1672315758706 1.0 10199
1672315773149 0.6875 10249
1672315787530 0.6875 10299
1672315802093 0.6666666865348816 10349
1672315816633 0.4166666865348816 10399
1672315841621 0.8541666865348816 10449
1672315856226 0.875 10499
1672315870653 0.625 10549
1672315885077 0.5416666865348816 10599
1672315910122 0.875 10649
1672315924597 1.0 10699
1672315939177 0.875 10749
1672315953645 0.75 10799
1672315967879 0.5 10849
1672315992986 0.75 10899
1672316007379 0.7916666865348816 10949
1672316021926 0.4166666865348816 10999
1672316036292 0.75 11049
1672316061266 0.75 11099
1672316075820 0.9375 11149
1672316090372 1.0 11199
1672316104794 0.9375 11249
1672316129752 0.8999999761581421 11299
1672316144128 0.4166666865348816 11349
1672316158729 1.0 11399
1672316173148 1.0 11449
1672316187640 0.9166666865348816 11499
1672316212739 0.6666666865348816 11549
1672316227214 0.75 11599
1672316241973 0.6041666865348816 11649
1672316256423 0.9166666865348816 11699
1672316281643 0.7291666865348816 11749
1672316296023 0.5 11799
1672316310448 0.75 11849
1672316324816 0.7916666865348816 11899
1672316349918 0.8999999761581421 11949
1672316364434 0.5416666865348816 11999
1672316378977 0.8166667222976685 12049
1672316393388 0.9166666865348816 12099
1672316407807 0.5625 12149
1672316432802 0.9375 12199
1672316447501 0.75 12249
1672316462001 0.6875 12299
1672316476771 0.5 12349
1672316501768 0.875 12399
1672316516355 1.0 12449
1672316531009 0.9166666865348816 12499
1672316545428 0.5625 12549
1672316570379 0.625 12599
1672316584957 0.6666666865348816 12649
1672316599536 1.0 12699
1672316613928 0.9375 12749
1672316628266 1.0 12799
1672316653041 1.0 12849
1672316667563 0.75 12899
1672316682134 0.6875 12949
1672316696506 0.375 12999
1672316721347 0.9166666865348816 13049
1672316735934 0.8166666626930237 13099
1672316750593 0.7083333730697632 13149
1672316765140 0.9166666865348816 13199
1672316790474 0.9166666865348816 13249
1672316805063 0.75 13299
1672316819890 0.7083333134651184 13349
1672316834595 0.7916666865348816 13399
1672316849092 0.2916666865348816 13449
1672316874715 0.875 13499
1672316889374 0.8999999761581421 13549
1672316903937 0.9375 13599
1672316918461 0.9166666865348816 13649
1672316943489 0.9166666865348816 13699
1672316958492 0.9375 13749
1672316973035 0.5666666626930237 13799
1672316987705 0.9166666865348816 13849
1672317012961 0.7916666865348816 13899
1672317027508 0.5625 13949
1672317042053 0.7916666865348816 13999
1672317056499 0.875 14049
1672317071103 0.75 14099
1672317096330 0.75 14149
1672317111023 0.75 14199
1672317125751 0.4833333492279053 14249
1672317140266 0.5416666865348816 14299
1672317165464 0.4583333432674408 14349
1672317179936 1.0 14399
1672317194521 0.75 14449
1672317208991 0.875 14499
1672317234359 0.5625 14549
1672317248994 0.75 14599
1672317263623 1.0 14649
1672317278368 0.75 14699
1672317292871 0.824999988079071 14749
1672317317604 0.7916666865348816 14799
1672317332087 0.8333333730697632 14849
1672317346499 0.6666666865348816 14899
1672317361056 0.9166666865348816 14949
1672317386102 0.625 14999
1672317400852 0.875 15049
1672317415508 0.4375 15099
1672317430061 0.699999988079071 15149
1672317455066 0.75 15199
1672317469539 0.6666666865348816 15249
1672317484267 0.5666667222976685 15299
1672317498895 0.824999988079071 15349
1672317513417 0.9375 15399
1672317538644 0.5833333730697632 15449
1672317553296 0.7500000596046448 15499
1672317567788 0.9583333134651184 15549
1672317582381 0.9583333134651184 15599
1672317607653 0.7291666865348816 15649
1672317622140 0.949999988079071 15699
1672317636759 0.9375 15749
1672317651434 0.8041666746139526 15799
1672317676461 0.6666666865348816 15849
1672317691144 0.75 15899
1672317705585 0.75 15949
1672317720139 0.75 15999
1672317734612 0.6666666865348816 16049
1672317759639 0.699999988079071 16099
1672317774187 0.5 16149
1672317789044 0.9166666865348816 16199
1672317803616 0.6666666865348816 16249
1672317828826 0.5833333134651184 16299
1672317843477 0.625 16349
1672317858068 0.8666666746139526 16399
1672317872738 0.75 16449
1672317898128 0.6666666865348816 16499
1672317912626 0.625 16549
1672317927339 0.8166667222976685 16599
1672317941952 1.0 16649
1672317956650 0.3125 16699
1672317982002 0.75 16749
1672317996543 0.75 16799
1672318011070 0.875 16849
1672318025733 1.0 16899
1672318050698 0.8125 16949
1672318065354 1.0 16999
1672318079813 0.9166666865348816 17049
1672318094277 0.7916666865348816 17099
1672318119581 0.9375 17149
1672318134219 0.6666666865348816 17199
1672318148780 0.6666666865348816 17249
1672318163296 0.4375 17299
1672318177828 0.6666666865348816 17349
1672318203150 0.875 17399
1672318217668 0.9375 17449
1672318232322 0.7708333730697632 17499
1672318246806 0.75 17549
1672318272209 0.9166666865348816 17599
1672318286669 0.75 17649
1672318301190 0.8333333134651184 17699
1672318315644 0.8333333730697632 17749
1672318340641 0.9375 17799
1672318355211 0.949999988079071 17849
1672318369799 1.0 17899
1672318384325 0.5833333134651184 17949
1672318399106 0.574999988079071 17999
1672318423958 0.625 18049
1672318438536 0.75 18099
1672318453028 0.9166666865348816 18149
1672318467654 1.0 18199
1672318492457 1.0 18249
1672318506974 0.6875 18299
1672318521426 0.5 18349
1672318536080 0.6875 18399
1672318561303 0.6666666865348816 18449
1672318576093 0.875 18499
1672318590664 1.0 18549
1672318605489 0.75 18599
1672318620078 1.0 18649
1672318645071 0.7291666865348816 18699
1672318659579 1.0 18749
1672318674036 0.8999999761581421 18799
1672318688919 0.8666666746139526 18849
1672318714028 0.875 18899
1672318728546 0.5333333015441895 18949
1672318743221 0.8374999761581421 18999
1672318757716 0.4000000059604645 19049
1672318782936 0.75 19099
1672318797426 0.7916666865348816 19149
1672318812116 0.6666666865348816 19199
1672318826768 0.9583333134651184 19249
1672318841435 0.4583333432674408 19299
1672318866518 0.875 19349
1672318881024 1.0 19399
1672318895780 1.0 19449
1672318910345 0.8333333730697632 19499
1672318935673 0.8666666746139526 19549
1672318950293 0.9375 19599
1672318965264 0.699999988079071 19649
1672318979818 0.9166666865348816 19699
1672319004988 0.699999988079071 19749
1672319019569 0.7916666865348816 19799
1672319034152 0.625 19849
1672319048724 0.949999988079071 19899
1672319063240 1.0 19949
1672319088465 0.7916666865348816 19999
1672319103388 0.7916666865348816 20049
1672319117904 1.0 20099
1672319132390 0.9375 20149
1672319157771 0.9375 20199
1672319172225 0.7250000238418579 20249
1672319186779 0.875 20299
1672319201254 0.875 20349
1672319226426 0.8333333730697632 20399
1672319240998 0.875 20449
1672319255725 0.5625 20499
1672319270273 0.75 20549
1672319284951 0.75 20599
1672319310148 0.7916666865348816 20649
1672319324763 0.7083333730697632 20699
1672319339334 0.625 20749
1672319353927 0.5416666865348816 20799
1672319379319 0.5833333730697632 20849
1672319394098 0.5416666865348816 20899
1672319408674 0.75 20949
1672319423243 0.875 20999
1672319448782 0.875 21049
1672319463316 0.7916666865348816 21099
1672319477815 0.7916666865348816 21149
1672319492969 0.875 21199
1672319507674 0.6041666865348816 21249
1672319532896 0.8333333730697632 21299
1672319547567 0.75 21349
1672319562278 0.3750000298023224 21399
1672319576821 0.5416666865348816 21449
1672319602039 0.875 21499
1672319616646 0.75 21549
1672319631287 0.8333333730697632 21599
1672319645843 1.0 21649
1672319660208 0.0 21699
1672319685547 1.0 21749
1672319700311 0.9375 21799
1672319714815 0.8125 21849
1672319729253 0.8333333730697632 21899
1672319754635 0.6166666746139526 21949
1672319769151 0.75 21999
1672319783941 0.6666666865348816 22049
1672319798351 0.9166666865348816 22099
1672319823924 0.7916666865348816 22149
1672319838444 0.75 22199
1672319853004 0.75 22249
1672319867475 0.875 22299
1672319881965 0.625 22349
1672319907110 0.6458333730697632 22399
1672319921911 0.9166666865348816 22449
1672319936370 0.699999988079071 22499
1672319951006 0.75 22549
1672319976405 0.9166666865348816 22599
1672319990974 1.0 22649
1672320005529 0.5416666865348816 22699
1672320020102 0.75 22749
1672320045726 0.7976190447807312 22799
1672320060431 0.7916666865348816 22849
1672320074902 0.5416666865348816 22899
1672320089487 0.9166666865348816 22949
1672320104163 0.7083333730697632 22999
1672320129263 1.0 23049
1672320143794 0.7916666865348816 23099
1672320158321 0.9166666865348816 23149
1672320172879 0.699999988079071 23199
1672320198162 0.6875 23249
1672320212797 0.1666666716337204 23299
1672320227370 0.875 23349
1672320241799 0.75 23399
1672320266658 0.75 23449
1672320281114 0.6875 23499
1672320295788 0.5416666865348816 23549
1672320310273 0.625 23599
1672320324924 0.8125 23649
1672320349972 0.9375 23699
1672320364721 0.9166666865348816 23749
1672320379228 0.824999988079071 23799
1672320393699 0.8666666746139526 23849
1672320418770 1.0 23899
1672320433410 1.0 23949
1672320447879 1.0 23999
1672320462521 0.7749999761581421 24049
1672320487618 0.9375 24099
1672320502284 0.8333333730697632 24149
1672320517037 0.8333333134651184 24199
1672320531571 1.0 24249
1672320546081 0.875 24299
1672320571215 0.75 24349
1672320585689 0.875 24399
1672320600423 1.0 24449
1672320614973 0.5 24499
1672320640251 1.0 24549
1672320654789 0.6875 24599
1672320669317 0.875 24649
1672320683884 0.9642857313156128 24699
1672320708962 0.7916666865348816 24749
1672320723470 0.5 24799
1672320738122 0.6166666746139526 24849
1672320752889 0.6499999761581421 24899
1672320767536 1.0 24949
1672320792564 1.0 24999
1672320807122 0.75 25049
1672320821645 0.9375 25099
1672320836173 0.6666666865348816 25149
1672320861168 0.6499999761581421 25199
1672320875991 0.5625 25249
1672320890673 0.875 25299
1672320905302 0.9375 25349
1672320930387 1.0 25399
1672320944840 0.762499988079071 25449
1672320959284 0.7083333134651184 25499
1672320973752 0.6666666865348816 25549
1672320988237 0.6875 25599
1672321013413 1.0 25649
1672321028037 0.9166666865348816 25699
1672321042536 0.875 25749
1672321056930 0.75 25799
1672321082054 0.75 25849
1672321096556 0.7749999761581421 25899
1672321111043 0.75 25949
1672321125449 0.875 25999
1672321150600 0.9375 26049
1672321165273 0.5833333730697632 26099
1672321179735 0.625 26149
1672321194193 0.5 26199
1672321208664 0.6666666865348816 26249
1672321233766 0.5416666865348816 26299
1672321248244 0.8541666865348816 26349
1672321262839 0.8333333730697632 26399
1672321277509 0.875 26449
1672321302890 0.6666666865348816 26499
1672321317393 0.875 26549
1672321332032 0.5625 26599
1672321346495 0.8125 26649
1672321371586 0.8333333730697632 26699
1672321386106 0.8333333134651184 26749
1672321400568 0.625 26799
1672321415382 1.0 26849
1672321430026 0.9375 26899
1672321455249 0.8666666746139526 26949
1672321469887 0.44999998807907104 26999
1672321484350 0.8333333134651184 27049
1672321498824 0.75 27099
1672321523797 0.949999988079071 27149
1672321538377 0.6875 27199
1672321552797 0.5 27249
1672321567340 0.75 27299
1672321592689 1.0 27349
1672321607280 1.0 27399
1672321621680 0.949999988079071 27449
1672321636105 1.0 27499
1672321650503 0.8666666746139526 27549
1672321675532 0.49166667461395264 27599
1672321689931 1.0 27649
1672321704631 1.0 27699
1672321718995 1.0 27749
1672321743527 0.8125 27799
1672321758028 0.875 27849
1672321772408 0.7916666865348816 27899
1672321786923 0.75 27949
1672321811686 0.75 27999
1672321826455 0.949999988079071 28049
1672321840904 1.0 28099
1672321855300 0.9375 28149
1672321869775 0.7916666865348816 28199
1672321894569 0.6875 28249
1672321908996 0.75 28299
1672321923563 0.8125 28349
1672321937987 0.9166666865348816 28399
1672321962850 0.8666666746139526 28449
1672321977592 1.0 28499
1672321992242 0.5 28549
1672322006725 0.887499988079071 28599
1672322031551 1.0 28649
1672322045975 1.0 28699
1672322060497 0.699999988079071 28749
1672322074813 0.5 28799
1672322089410 0.7083333134651184 28849
1672322114180 0.75 28899
1672322128576 0.8125 28949
1672322143011 0.6666666865348816 28999
1672322157386 0.7916666865348816 29049
1672322182037 0.5 29099
1672322196500 0.75 29149
1672322211056 0.875 29199
1672322225588 0.8666666746139526 29249
1672322249973 1.0 29299
1672322264377 0.625 29349
1672322278807 0.8333333730697632 29399
1672322293266 0.824999988079071 29449
1672322307815 0.5 29499
1672322332379 0.75 29549
1672322346940 0.9375 29599
1672322361444 0.7916666865348816 29649
1672322375809 0.75 29699
1672322400287 0.875 29749
1672322414546 0.75 29799
1672322428917 1.0 29849
1672322443373 0.5625 29899
1672322468085 0.75 29949
1672322482692 0.9375 29999
1672322497044 1.0 30049
1672322511309 0.875 30099
1672322525593 0.7875000238418579 30149
1672322550009 0.7916666865348816 30199
1672322564331 0.625 30249
1672322578756 0.875 30299
1672322593292 0.875 30349
1672322617931 1.0 30399
1672322632183 0.7083333134651184 30449
1672322646494 0.875 30499
1672322660972 0.875 30549
1672322685583 0.5 30599
1672322699866 0.9166666865348816 30649
1672322714312 0.75 30699
1672322728736 0.8166666626930237 30749
1672322743278 0.75 30799
1672322767612 0.5 30849
1672322781852 0.4833333492279053 30899
1672322796136 0.875 30949
1672322810417 1.0 30999
1672322834935 1.0 31049
1672322849388 1.0 31099
1672322863861 0.5833333730697632 31149
1672322878202 0.6041666865348816 31199
1672322902833 0.875 31249
1672322917112 0.9166666865348816 31299
1672322931449 0.75 31349
1672322945761 0.7916666865348816 31399
1672322960185 0.75 31449
1672322985105 0.625 31499
1672322999512 0.75 31549
1672323013816 1.0 31599
1672323028233 0.9166666865348816 31649
1672323052661 1.0 31699
1672323066920 0.6666666865348816 31749
1672323081285 0.375 31799
1672323095680 0.7083333730697632 31849
1672323120186 0.9375 31899
1672323134462 0.375 31949
1672323148715 1.0 31999
1672323163079 0.625 32049
1672323177473 0.8333333134651184 32099
1672323202215 0.7833333611488342 32149
1672323216525 1.0 32199
1672323230970 0.875 32249
1672323245444 0.8374999761581421 32299
1672323270093 1.0 32349
1672323284485 0.6666666865348816 32399
1672323298770 0.5416666865348816 32449
1672323313188 0.7083333730697632 32499
1672323327293 0.25 32549
