1672312321697 0.78125 49
1672312336114 0.75 99
1672312350840 0.875 149
1672312365559 0.875 199
1672312390205 0.8125 249
1672312404665 0.875 299
1672312419126 0.8125 349
1672312433605 0.75 399
1672312458435 0.875 449
1672312472974 0.84375 499
1672312487305 0.71875 549
1672312501943 0.71875 599
1672312516255 0.78125 649
1672312540968 0.75 699
1672312555324 0.75 749
1672312569716 0.65625 799
1672312584085 0.71875 849
1672312609172 0.75 899
1672312623703 0.78125 949
1672312638230 0.84375 999
1672312652598 0.75 1049
1672312677564 0.71875 1099
1672312691934 0.875 1149
1672312706293 0.90625 1199
1672312720653 0.8125 1249
1672312735025 0.90625 1299
1672312760041 0.9375 1349
1672312774415 0.78125 1399
1672312788916 0.75 1449
1672312803280 0.8125 1499
1672312828016 0.84375 1549
1672312842391 0.71875 1599
1672312856859 0.84375 1649
1672312871379 0.6875 1699
1672312896263 0.71875 1749
1672312910696 0.78125 1799
1672312925253 0.875 1849
1672312939692 0.75 1899
1672312954112 0.875 1949
1672312979094 0.8125 1999
1672312993704 0.8125 2049
1672313008156 0.84375 2099
1672313022763 0.8125 2149
1672313047791 0.75 2199
1672313062325 0.6875 2249
1672313076690 0.78125 2299
1672313091060 0.78125 2349
1672313115857 0.71875 2399
1672313130314 0.90625 2449
1672313144765 0.84375 2499
1672313159335 0.78125 2549
1672313173992 0.65625 2599
1672313199169 0.90625 2649
1672313213677 0.78125 2699
1672313228141 0.78125 2749
1672313242628 0.75 2799
1672313267750 0.75 2849
1672313282196 0.65625 2899
1672313296833 0.8125 2949
1672313311578 0.84375 2999
1672313336569 0.75 3049
1672313350997 0.8125 3099
1672313365436 0.75 3149
1672313379864 0.78125 3199
1672313394279 0.8125 3249
1672313419454 0.75 3299
1672313434136 0.71875 3349
1672313448628 0.8125 3399
1672313463179 0.71875 3449
1672313488422 0.90625 3499
1672313502867 0.96875 3549
1672313517430 0.71875 3599
1672313531836 0.875 3649
1672313556681 0.78125 3699
1672313571324 0.6875 3749
1672313585849 0.90625 3799
1672313600362 0.78125 3849
1672313614807 0.8125 3899
1672313640057 0.6875 3949
1672313654715 0.78125 3999
1672313669207 0.8125 4049
1672313683798 0.78125 4099
1672313708720 0.75 4149
1672313723187 0.78125 4199
1672313737658 0.78125 4249
1672313752444 0.78125 4299
1672313777502 0.84375 4349
1672313791982 0.96875 4399
1672313806455 0.75 4449
1672313820996 0.78125 4499
1672313835598 0.6875 4549
1672313860568 0.78125 4599
1672313875112 0.875 4649
1672313889491 0.78125 4699
1672313904006 0.8125 4749
1672313928987 0.8125 4799
1672313943402 0.75 4849
1672313957816 0.75 4899
1672313972419 0.75 4949
1672313997489 0.75 4999
1672314012115 0.8125 5049
1672314026557 0.75 5099
1672314041353 0.875 5149
1672314055795 0.65625 5199
1672314080863 0.8125 5249
1672314095214 0.875 5299
1672314109765 0.8125 5349
1672314124110 0.6875 5399
1672314149191 0.65625 5449
1672314163616 0.84375 5499
1672314178333 0.90625 5549
1672314192799 0.59375 5599
1672314217698 0.8125 5649
1672314232319 0.84375 5699
1672314246781 0.71875 5749
1672314261200 0.84375 5799
1672314275586 0.8125 5849
1672314300608 0.8125 5899
1672314315216 0.90625 5949
1672314329784 0.78125 5999
1672314344219 0.75 6049
1672314369316 0.6875 6099
1672314384020 0.6875 6149
1672314398509 0.75 6199
1672314412965 0.84375 6249
1672314437761 0.78125 6299
1672314452335 0.75 6349
1672314466911 0.65625 6399
1672314481358 0.71875 6449
1672314495781 0.8125 6499
1672314520801 0.9375 6549
1672314535197 0.875 6599
1672314549565 0.75 6649
1672314563945 0.71875 6699
1672314589266 0.875 6749
1672314603681 0.78125 6799
1672314618093 0.8125 6849
1672314632516 0.875 6899
1672314657554 0.875 6949
1672314672134 0.75 6999
1672314686668 0.75 7049
1672314701356 0.875 7099
1672314716164 0.90625 7149
1672314741018 0.84375 7199
1672314755460 0.78125 7249
1672314770018 0.875 7299
1672314784577 0.84375 7349
1672314809569 0.8125 7399
1672314824256 0.6875 7449
1672314838704 0.75 7499
1672314853298 0.84375 7549
1672314878151 0.71875 7599
1672314892522 0.90625 7649
1672314906935 0.71875 7699
1672314921424 0.6875 7749
1672314935808 0.6875 7799
1672314961127 0.75 7849
1672314975617 0.78125 7899
1672314990212 0.875 7949
1672315004627 0.75 7999
1672315029817 0.84375 8049
1672315044265 0.84375 8099
1672315058728 0.78125 8149
1672315073154 0.90625 8199
1672315098418 0.75 8249
1672315112958 0.8125 8299
1672315127340 0.90625 8349
1672315141742 0.6875 8399
1672315156126 0.75 8449
1672315181095 0.84375 8499
1672315195428 0.78125 8549
1672315209926 0.84375 8599
1672315224379 0.875 8649
1672315249513 0.8125 8699
1672315264099 0.84375 8749
1672315278593 0.71875 8799
1672315293015 0.9375 8849
1672315317788 0.8125 8899
1672315332373 0.78125 8949
1672315346775 0.75 8999
1672315361212 0.84375 9049
1672315375621 0.78125 9099
1672315400862 0.9375 9149
1672315415275 0.875 9199
1672315429648 0.84375 9249
1672315443999 0.75 9299
1672315469008 0.8125 9349
1672315483508 0.875 9399
1672315498121 0.84375 9449
1672315512526 0.90625 9499
1672315537722 0.90625 9549
1672315552309 0.875 9599
1672315566805 0.75 9649
1672315581322 0.875 9699
1672315595772 0.875 9749
1672315620856 0.75 9799
1672315635398 0.84375 9849
1672315650058 0.875 9899
1672315664550 0.84375 9949
1672315689525 0.8125 9999
1672315704308 0.75 10049
1672315719083 0.9375 10099
1672315733578 0.78125 10149
1672315758706 0.90625 10199
1672315773149 0.75 10249
1672315787530 0.78125 10299
1672315802093 0.8125 10349
1672315816633 0.8125 10399
1672315841621 0.875 10449
1672315856226 0.90625 10499
1672315870653 0.75 10549
1672315885077 0.75 10599
1672315910122 0.90625 10649
1672315924597 0.8125 10699
1672315939177 0.75 10749
1672315953645 0.75 10799
1672315967879 0.625 10849
1672315992986 0.78125 10899
1672316007379 0.8125 10949
1672316021926 0.71875 10999
1672316036292 0.71875 11049
1672316061266 0.84375 11099
1672316075820 0.625 11149
1672316090372 0.8125 11199
1672316104794 0.8125 11249
1672316129752 0.8125 11299
1672316144128 0.75 11349
1672316158729 0.8125 11399
1672316173148 0.8125 11449
1672316187640 0.875 11499
1672316212739 0.8125 11549
1672316227214 0.90625 11599
1672316241973 0.8125 11649
1672316256423 0.875 11699
1672316281643 0.8125 11749
1672316296023 0.875 11799
1672316310448 0.90625 11849
1672316324816 0.78125 11899
1672316349918 0.6875 11949
1672316364434 0.78125 11999
1672316378977 0.75 12049
1672316393388 0.875 12099
1672316407807 0.78125 12149
1672316432802 0.78125 12199
1672316447501 0.84375 12249
1672316462001 0.6875 12299
1672316476771 0.65625 12349
1672316501768 0.84375 12399
1672316516355 0.9375 12449
1672316531009 0.78125 12499
1672316545428 0.78125 12549
1672316570379 0.84375 12599
1672316584957 0.84375 12649
1672316599536 0.90625 12699
1672316613928 0.875 12749
1672316628266 0.90625 12799
1672316653041 0.90625 12849
1672316667563 0.8125 12899
1672316682134 0.84375 12949
1672316696506 0.78125 12999
1672316721347 0.875 13049
1672316735934 0.78125 13099
1672316750593 0.75 13149
1672316765140 0.90625 13199
1672316790474 0.90625 13249
1672316805063 0.78125 13299
1672316819890 0.78125 13349
1672316834595 0.65625 13399
1672316849092 0.65625 13449
1672316874715 0.84375 13499
1672316889374 0.8125 13549
1672316903937 0.875 13599
1672316918461 0.78125 13649
1672316943489 0.84375 13699
1672316958492 0.78125 13749
1672316973035 0.84375 13799
1672316987705 0.8125 13849
1672317012961 0.90625 13899
1672317027508 0.78125 13949
1672317042053 0.6875 13999
1672317056499 0.78125 14049
1672317071103 0.78125 14099
1672317096330 0.875 14149
1672317111023 0.875 14199
1672317125751 0.65625 14249
1672317140266 0.75 14299
1672317165464 0.71875 14349
1672317179936 0.90625 14399
1672317194521 0.875 14449
1672317208991 0.84375 14499
1672317234359 0.6875 14549
1672317248994 0.875 14599
1672317263623 0.6875 14649
1672317278368 0.84375 14699
1672317292871 0.90625 14749
1672317317604 0.8125 14799
1672317332087 0.78125 14849
1672317346499 0.71875 14899
1672317361056 0.78125 14949
1672317386102 0.875 14999
1672317400852 0.84375 15049
1672317415508 0.71875 15099
1672317430061 0.90625 15149
1672317455066 0.65625 15199
1672317469539 0.6875 15249
1672317484267 0.6875 15299
1672317498895 0.8125 15349
1672317513417 0.6875 15399
1672317538644 0.71875 15449
1672317553296 0.8125 15499
1672317567788 0.9375 15549
1672317582381 0.90625 15599
1672317607653 0.6875 15649
1672317622140 0.84375 15699
1672317636759 0.8125 15749
1672317651434 0.84375 15799
1672317676461 0.875 15849
1672317691144 0.78125 15899
1672317705585 0.8125 15949
1672317720139 0.75 15999
1672317734612 0.75 16049
1672317759639 0.875 16099
1672317774187 0.90625 16149
1672317789044 0.875 16199
1672317803616 0.78125 16249
1672317828826 0.75 16299
1672317843477 0.78125 16349
1672317858068 0.84375 16399
1672317872738 0.75 16449
1672317898128 0.8125 16499
1672317912626 0.875 16549
1672317927339 0.8125 16599
1672317941952 0.90625 16649
1672317956650 0.65625 16699
1672317982002 0.84375 16749
1672317996543 0.90625 16799
1672318011070 0.875 16849
1672318025733 0.875 16899
1672318050698 0.90625 16949
1672318065354 0.8125 16999
1672318079813 0.6875 17049
1672318094277 0.84375 17099
1672318119581 0.84375 17149
1672318134219 0.78125 17199
1672318148780 0.875 17249
1672318163296 0.78125 17299
1672318177828 0.8125 17349
1672318203150 0.75 17399
1672318217668 0.8125 17449
1672318232322 0.78125 17499
1672318246806 0.9375 17549
1672318272209 0.96875 17599
1672318286669 0.78125 17649
1672318301190 0.90625 17699
1672318315644 0.8125 17749
1672318340641 0.84375 17799
1672318355211 0.875 17849
1672318369799 0.90625 17899
1672318384325 0.8125 17949
1672318399106 0.84375 17999
1672318423958 0.8125 18049
1672318438536 0.84375 18099
1672318453028 0.84375 18149
1672318467654 0.875 18199
1672318492457 0.8125 18249
1672318506974 0.78125 18299
1672318521426 0.84375 18349
1672318536080 0.8125 18399
1672318561303 0.75 18449
1672318576093 0.875 18499
1672318590664 0.875 18549
1672318605489 0.71875 18599
1672318620078 0.8125 18649
1672318645071 0.71875 18699
1672318659579 0.84375 18749
1672318674036 0.875 18799
1672318688919 0.84375 18849
1672318714028 0.9375 18899
1672318728546 0.84375 18949
1672318743221 0.84375 18999
1672318757716 0.625 19049
1672318782936 0.8125 19099
1672318797426 0.8125 19149
1672318812116 0.75 19199
1672318826768 0.90625 19249
1672318841435 0.75 19299
1672318866518 0.8125 19349
1672318881024 0.84375 19399
1672318895780 0.96875 19449
1672318910345 0.8125 19499
1672318935673 0.71875 19549
1672318950293 0.90625 19599
1672318965264 0.84375 19649
1672318979818 0.75 19699
1672319004988 0.78125 19749
1672319019569 0.84375 19799
1672319034152 0.875 19849
1672319048724 0.78125 19899
1672319063240 0.90625 19949
1672319088465 0.84375 19999
1672319103388 0.78125 20049
1672319117904 0.9375 20099
1672319132390 0.75 20149
1672319157771 0.78125 20199
1672319172225 0.75 20249
1672319186779 0.90625 20299
1672319201254 0.9375 20349
1672319226426 0.875 20399
1672319240998 0.84375 20449
1672319255725 0.6875 20499
1672319270273 0.84375 20549
1672319284951 0.75 20599
1672319310148 0.6875 20649
1672319324763 0.65625 20699
1672319339334 0.71875 20749
1672319353927 0.75 20799
1672319379319 0.75 20849
1672319394098 0.75 20899
1672319408674 0.78125 20949
1672319423243 0.8125 20999
1672319448782 0.90625 21049
1672319463316 0.8125 21099
1672319477815 0.8125 21149
1672319492969 0.8125 21199
1672319507674 0.875 21249
1672319532896 0.8125 21299
1672319547567 0.84375 21349
1672319562278 0.65625 21399
1672319576821 0.71875 21449
1672319602039 0.71875 21499
1672319616646 0.84375 21549
1672319631287 0.71875 21599
1672319645843 0.90625 21649
1672319660208 1.0 21699
1672319685547 0.8125 21749
1672319700311 0.8125 21799
1672319714815 0.90625 21849
1672319729253 0.75 21899
1672319754635 0.84375 21949
1672319769151 0.8125 21999
1672319783941 0.78125 22049
1672319798351 0.875 22099
1672319823924 0.84375 22149
1672319838444 0.875 22199
1672319853004 0.90625 22249
1672319867475 0.78125 22299
1672319881965 0.71875 22349
1672319907110 0.78125 22399
1672319921911 0.90625 22449
1672319936370 0.78125 22499
1672319951006 0.84375 22549
1672319976405 0.78125 22599
1672319990974 0.90625 22649
1672320005529 0.84375 22699
1672320020102 0.78125 22749
1672320045726 0.875 22799
1672320060431 0.75 22849
1672320074902 0.75 22899
1672320089487 0.78125 22949
1672320104163 0.84375 22999
1672320129263 0.90625 23049
1672320143794 0.78125 23099
1672320158321 0.8125 23149
1672320172879 0.90625 23199
1672320198162 0.84375 23249
1672320212797 0.59375 23299
1672320227370 0.84375 23349
1672320241799 0.90625 23399
1672320266658 0.78125 23449
1672320281114 0.84375 23499
1672320295788 0.65625 23549
1672320310273 0.71875 23599
1672320324924 0.8125 23649
1672320349972 0.875 23699
1672320364721 0.84375 23749
1672320379228 0.6875 23799
1672320393699 0.875 23849
1672320418770 0.9375 23899
1672320433410 0.875 23949
1672320447879 0.90625 23999
1672320462521 0.90625 24049
1672320487618 0.84375 24099
1672320502284 0.90625 24149
1672320517037 0.78125 24199
1672320531571 0.9375 24249
1672320546081 0.875 24299
1672320571215 0.875 24349
1672320585689 0.875 24399
1672320600423 0.84375 24449
1672320614973 0.78125 24499
1672320640251 0.8125 24549
1672320654789 0.9375 24599
1672320669317 0.8125 24649
1672320683884 0.78125 24699
1672320708962 0.8125 24749
1672320723470 0.90625 24799
1672320738122 0.8125 24849
1672320752889 0.78125 24899
1672320767536 0.875 24949
1672320792564 0.8125 24999
1672320807122 0.96875 25049
1672320821645 0.78125 25099
1672320836173 0.6875 25149
1672320861168 0.625 25199
1672320875991 0.875 25249
1672320890673 0.875 25299
1672320905302 0.84375 25349
1672320930387 0.8125 25399
1672320944840 0.75 25449
1672320959284 0.84375 25499
1672320973752 0.875 25549
1672320988237 0.9375 25599
1672321013413 0.96875 25649
1672321028037 0.90625 25699
1672321042536 0.84375 25749
1672321056930 0.78125 25799
1672321082054 0.84375 25849
1672321096556 0.78125 25899
1672321111043 0.71875 25949
1672321125449 0.90625 25999
1672321150600 0.875 26049
1672321165273 0.78125 26099
1672321179735 0.84375 26149
1672321194193 0.78125 26199
1672321208664 0.75 26249
1672321233766 0.75 26299
1672321248244 0.90625 26349
1672321262839 0.6875 26399
1672321277509 0.84375 26449
1672321302890 0.78125 26499
1672321317393 0.90625 26549
1672321332032 0.8125 26599
1672321346495 0.78125 26649
1672321371586 0.78125 26699
1672321386106 0.90625 26749
1672321400568 0.8125 26799
1672321415382 0.875 26849
1672321430026 0.8125 26899
1672321455249 0.75 26949
1672321469887 0.84375 26999
1672321484350 0.71875 27049
1672321498824 0.90625 27099
1672321523797 0.90625 27149
1672321538377 0.875 27199
1672321552797 0.84375 27249
1672321567340 0.6875 27299
1672321592689 0.9375 27349
1672321607280 0.90625 27399
1672321621680 0.8125 27449
1672321636105 0.875 27499
1672321650503 0.78125 27549
1672321675532 0.78125 27599
1672321689931 0.875 27649
1672321704631 0.8125 27699
1672321718995 0.6875 27749
1672321743527 0.8125 27799
1672321758028 0.8125 27849
1672321772408 0.84375 27899
1672321786923 0.75 27949
1672321811686 0.90625 27999
1672321826455 0.78125 28049
1672321840904 0.875 28099
1672321855300 0.96875 28149
1672321869775 0.84375 28199
1672321894569 0.8125 28249
1672321908996 0.84375 28299
1672321923563 0.875 28349
1672321937987 0.875 28399
1672321962850 0.875 28449
1672321977592 0.90625 28499
1672321992242 0.8125 28549
1672322006725 0.8125 28599
1672322031551 0.9375 28649
1672322045975 0.90625 28699
1672322060497 0.75 28749
1672322074813 0.78125 28799
1672322089410 0.8125 28849
1672322114180 0.84375 28899
1672322128576 0.875 28949
1672322143011 0.84375 28999
1672322157386 0.875 29049
1672322182037 0.875 29099
1672322196500 0.8125 29149
1672322211056 0.75 29199
1672322225588 0.8125 29249
1672322249973 0.84375 29299
1672322264377 0.78125 29349
1672322278807 0.875 29399
1672322293266 0.84375 29449
1672322307815 0.8125 29499
1672322332379 0.78125 29549
1672322346940 0.84375 29599
1672322361444 0.8125 29649
1672322375809 0.875 29699
1672322400287 0.8125 29749
1672322414546 0.75 29799
1672322428917 0.9375 29849
1672322443373 0.78125 29899
1672322468085 0.84375 29949
1672322482692 0.78125 29999
1672322497044 0.9375 30049
1672322511309 0.875 30099
1672322525593 0.75 30149
1672322550009 0.625 30199
1672322564331 0.75 30249
1672322578756 0.90625 30299
1672322593292 0.78125 30349
1672322617931 0.90625 30399
1672322632183 0.875 30449
1672322646494 0.75 30499
1672322660972 0.875 30549
1672322685583 0.8125 30599
1672322699866 0.75 30649
1672322714312 0.9375 30699
1672322728736 0.84375 30749
1672322743278 0.8125 30799
1672322767612 0.78125 30849
1672322781852 0.75 30899
1672322796136 0.84375 30949
1672322810417 0.84375 30999
1672322834935 0.90625 31049
1672322849388 0.96875 31099
1672322863861 0.71875 31149
1672322878202 0.65625 31199
1672322902833 0.96875 31249
1672322917112 0.84375 31299
1672322931449 0.8125 31349
1672322945761 0.75 31399
1672322960185 0.75 31449
1672322985105 0.78125 31499
1672322999512 0.71875 31549
1672323013816 0.8125 31599
1672323028233 0.90625 31649
1672323052661 1.0 31699
1672323066920 0.75 31749
1672323081285 0.875 31799
1672323095680 0.78125 31849
1672323120186 0.78125 31899
1672323134462 0.71875 31949
1672323148715 0.9375 31999
1672323163079 0.8125 32049
1672323177473 0.78125 32099
1672323202215 0.75 32149
1672323216525 0.8125 32199
1672323230970 0.875 32249
1672323245444 0.90625 32299
1672323270093 0.84375 32349
1672323284485 0.8125 32399
1672323298770 0.78125 32449
1672323313188 0.78125 32499
1672323327293 0.875 32549
