1672312379974 0.6257324814796448 216
1672312453011 0.6452069282531738 433
1672312526147 0.6468252539634705 650
1672312598963 0.6530316472053528 867
1672312672526 0.6551064252853394 1084
1672312745398 0.6425631046295166 1301
1672312818439 0.6382830739021301 1518
1672312891526 0.6341867446899414 1735
1672312964767 0.6427481770515442 1952
1672313038434 0.6503316164016724 2169
1672313111350 0.6431722640991211 2386
1672313184970 0.6539469361305237 2603
1672313258500 0.6440466642379761 2820
1672313332242 0.6477005481719971 3037
1672313405716 0.652263879776001 3254
1672313479388 0.6509526968002319 3471
1672313552717 0.6471325755119324 3688
1672313626557 0.648826003074646 3905
1672313700106 0.658860981464386 4122
1672313773912 0.6557297706604004 4339
1672313847498 0.6588310599327087 4556
1672313920702 0.658477246761322 4773
1672313994166 0.6548749804496765 4990
1672314068036 0.6606346964836121 5207
1672314141143 0.6580014824867249 5424
1672314214647 0.6591439843177795 5641
1672314288136 0.6568489670753479 5858
1672314361637 0.6606596112251282 6075
1672314435023 0.6714170575141907 6292
1672314508539 0.6652565598487854 6509
1672314581772 0.6702557802200317 6726
1672314654940 0.6618643403053284 6943
1672314729128 0.6680759191513062 7160
1672314802593 0.6632802486419678 7377
1672314875998 0.6608240604400635 7594
1672314949312 0.6670717000961304 7811
1672315023066 0.6690976023674011 8028
1672315096582 0.6683945059776306 8245
1672315169749 0.666302502155304 8462
1672315243051 0.6681985259056091 8679
1672315316212 0.6647027730941772 8896
1672315389693 0.6554519534111023 9113
1672315462814 0.6717694401741028 9330
1672315536369 0.6717487573623657 9547
1672315610033 0.66573166847229 9764
1672315683616 0.6786460280418396 9981
1672315757733 0.6724738478660583 10198
1672315831103 0.6724702715873718 10415
1672315904483 0.665221631526947 10632
1672315977974 0.6771897077560425 10849
1672316051108 0.6732614040374756 11066
1672316124343 0.6651347875595093 11283
1672316197922 0.6745386123657227 11500
1672316271526 0.6644138097763062 11717
1672316344952 0.6730933785438538 11934
1672316418255 0.6696390509605408 12151
1672316492142 0.6729277968406677 12368
1672316565615 0.6868604421615601 12585
1672316638829 0.672776460647583 12802
1672316711976 0.6701788306236267 13019
1672316785990 0.68619304895401 13236
1672316860659 0.6748155951499939 13453
1672316934344 0.6836746335029602 13670
1672317008740 0.6730554699897766 13887
1672317082388 0.6811307668685913 14104
1672317156546 0.6748818159103394 14321
1672317230478 0.6834906339645386 14538
1672317304263 0.6716132164001465 14755
1672317377545 0.6800125241279602 14972
1672317451451 0.6733736991882324 15189
1672317525153 0.6762001514434814 15406
1672317599409 0.681864857673645 15623
1672317673142 0.6839966773986816 15840
1672317746693 0.667367160320282 16057
1672317820865 0.6698098182678223 16274
1672317895032 0.6725924611091614 16491
1672317969323 0.6728121042251587 16708
1672318043125 0.6827540993690491 16925
1672318116831 0.6720730662345886 17142
1672318190761 0.6779091954231262 17359
1672318264660 0.6751670837402344 17576
1672318338230 0.6719979047775269 17793
1672318411961 0.6827887296676636 18010
1672318485360 0.6873300671577454 18227
1672318559073 0.6823424696922302 18444
1672318633415 0.6698324084281921 18661
1672318707248 0.6843223571777344 18878
1672318781030 0.6809512376785278 19095
1672318855025 0.6824656128883362 19312
1672318929138 0.673160195350647 19529
1672319003405 0.6995173096656799 19746
1672319077320 0.6772093176841736 19963
1672319151555 0.6917759776115417 20180
1672319225134 0.6824832558631897 20397
1672319299176 0.6776680946350098 20614
1672319373277 0.6691357493400574 20831
1672319447804 0.6932191252708435 21048
1672319522301 0.6707819700241089 21265
1672319596264 0.6861434578895569 21482
1672319670398 0.6741571426391602 21699
1672319744419 0.6909322738647461 21916
1672319818423 0.6846957802772522 22133
1672319892230 0.6782236695289612 22350
1672319966414 0.6837741732597351 22567
1672320040505 0.6853950023651123 22784
1672320114586 0.6805071234703064 23001
1672320188530 0.69194096326828 23218
1672320261920 0.6804714202880859 23435
1672320335681 0.6864081621170044 23652
1672320409412 0.7011820077896118 23869
1672320483157 0.6899234652519226 24086
1672320557224 0.6800772547721863 24303
1672320631123 0.6867322325706482 24520
1672320704832 0.6843840479850769 24737
1672320778824 0.6854059100151062 24954
1672320852371 0.6796902418136597 25171
1672320926522 0.6802392601966858 25388
1672320999874 0.6858075261116028 25605
1672321073467 0.6825110912322998 25822
1672321146689 0.6873695850372314 26039
1672321220587 0.682173490524292 26256
1672321294629 0.6878856420516968 26473
1672321368281 0.6884552240371704 26690
1672321442341 0.690264880657196 26907
1672321515870 0.6932828426361084 27124
1672321589727 0.6790080666542053 27341
1672321662850 0.6810851097106934 27558
1672321735949 0.6908665895462036 27775
1672321808980 0.6900331377983093 27992
1672321882294 0.6769070625305176 28209
1672321955485 0.6846781373023987 28426
1672322028981 0.6920945048332214 28643
1672322102277 0.684079647064209 28860
1672322175166 0.684796929359436 29077
1672322247889 0.6885160207748413 29294
1672322320679 0.6889667510986328 29511
1672322393648 0.6889515519142151 29728
1672322466144 0.6953428387641907 29945
1672322538787 0.6958537697792053 30162
1672322611567 0.677162766456604 30379
1672322684045 0.6887079477310181 30596
1672322756666 0.6864650249481201 30813
1672322828740 0.6802269816398621 31030
1672322901604 0.6820154190063477 31247
1672322974291 0.6956624984741211 31464
1672323046835 0.6920403242111206 31681
1672323119208 0.6876440644264221 31898
1672323191726 0.6745982766151428 32115
1672323264554 0.6833806037902832 32332
1672323336794 0.6839820742607117 32549
