1672312379974 0.7659043073654175 216
1672312453011 0.7921966314315796 433
1672312526147 0.7913569808006287 650
1672312598963 0.7909441590309143 867
1672312672526 0.7980540990829468 1084
1672312745398 0.7830058336257935 1301
1672312818439 0.7776493430137634 1518
1672312891526 0.7737957835197449 1735
1672312964767 0.7882440090179443 1952
1672313038434 0.7924857139587402 2169
1672313111350 0.7838425636291504 2386
1672313184970 0.7958768010139465 2603
1672313258500 0.7778007984161377 2820
1672313332242 0.7893257141113281 3037
1672313405716 0.7869530320167542 3254
1672313479388 0.7906633615493774 3471
1672313552717 0.7823232412338257 3688
1672313626557 0.782572329044342 3905
1672313700106 0.788254976272583 4122
1672313773912 0.7914011478424072 4339
1672313847498 0.7893834710121155 4556
1672313920702 0.8030058145523071 4773
1672313994166 0.7761519551277161 4990
1672314068036 0.7922255992889404 5207
1672314141143 0.7868676781654358 5424
1672314214647 0.7864740490913391 5641
1672314288136 0.7888137102127075 5858
1672314361637 0.7811809182167053 6075
1672314435023 0.7985329627990723 6292
1672314508539 0.7877071499824524 6509
1672314581772 0.7938151359558105 6726
1672314654940 0.7769694924354553 6943
1672314729128 0.7950674891471863 7160
1672314802593 0.7907212376594543 7377
1672314875998 0.7906745076179504 7594
1672314949312 0.7865704298019409 7811
1672315023066 0.7886705994606018 8028
1672315096582 0.7920039892196655 8245
1672315169749 0.7793422341346741 8462
1672315243051 0.7878090739250183 8679
1672315316212 0.7801528573036194 8896
1672315389693 0.7709716558456421 9113
1672315462814 0.7879577279090881 9330
1672315536369 0.789009153842926 9547
1672315610033 0.7843918204307556 9764
1672315683616 0.7982892990112305 9981
1672315757733 0.7888440489768982 10198
1672315831103 0.7796614766120911 10415
1672315904483 0.7789788842201233 10632
1672315977974 0.793523371219635 10849
1672316051108 0.7844894528388977 11066
1672316124343 0.7798266410827637 11283
1672316197922 0.7874374985694885 11500
1672316271526 0.7706896066665649 11717
1672316344952 0.7870838046073914 11934
1672316418255 0.7829287648200989 12151
1672316492142 0.7804239392280579 12368
1672316565615 0.7979247570037842 12585
1672316638829 0.7861079573631287 12802
1672316711976 0.7801157236099243 13019
1672316785990 0.8019846677780151 13236
1672316860659 0.79171222448349 13453
1672316934344 0.7965015769004822 13670
1672317008740 0.7836939692497253 13887
1672317082388 0.7924938797950745 14104
1672317156546 0.7843160033226013 14321
1672317230478 0.7909331321716309 14538
1672317304263 0.782283365726471 14755
1672317377545 0.7928792238235474 14972
1672317451451 0.7797303795814514 15189
1672317525153 0.7924938797950745 15406
1672317599409 0.7825434803962708 15623
1672317673142 0.7934243083000183 15840
1672317746693 0.7771759629249573 16057
1672317820865 0.7783787846565247 16274
1672317895032 0.7784655690193176 16491
1672317969323 0.7824567556381226 16708
1672318043125 0.7900290489196777 16925
1672318116831 0.7771373391151428 17142
1672318190761 0.7761244773864746 17359
1672318264660 0.7805973887443542 17576
1672318338230 0.7806551456451416 17793
1672318411961 0.7906773090362549 18010
1672318485360 0.7912689447402954 18227
1672318559073 0.7864355444908142 18444
1672318633415 0.779210090637207 18661
1672318707248 0.7872227430343628 18878
1672318781030 0.7930692434310913 19095
1672318855025 0.788139283657074 19312
1672318929138 0.7720755338668823 19529
1672319003405 0.8070686459541321 19746
1672319077320 0.7818112969398499 19963
1672319151555 0.7934186458587646 20180
1672319225134 0.7891138195991516 20397
1672319299176 0.7851996421813965 20614
1672319373277 0.7747811675071716 20831
1672319447804 0.7932757139205933 21048
1672319522301 0.7700578570365906 21265
1672319596264 0.7885357141494751 21482
1672319670398 0.7708836197853088 21699
1672319744419 0.7949959635734558 21916
1672319818423 0.7901349067687988 22133
1672319892230 0.7868002653121948 22350
1672319966414 0.7901293635368347 22567
1672320040505 0.7941977977752686 22784
1672320114586 0.7856565117835999 23001
1672320188530 0.7966558337211609 23218
1672320261920 0.7787284255027771 23435
1672320335681 0.7864837050437927 23652
1672320409412 0.8051638603210449 23869
1672320483157 0.7916819453239441 24086
1672320557224 0.7807790040969849 24303
1672320631123 0.7884668707847595 24520
1672320704832 0.7885715365409851 24737
1672320778824 0.7851582765579224 24954
1672320852371 0.7836416363716125 25171
1672320926522 0.7808354496955872 25388
1672320999874 0.7908629179000854 25605
1672321073467 0.7891812324523926 25822
1672321146689 0.7924085855484009 26039
1672321220587 0.7824140191078186 26256
1672321294629 0.7833608388900757 26473
1672321368281 0.7898074388504028 26690
1672321442341 0.7949120402336121 26907
1672321515870 0.7955299615859985 27124
1672321589727 0.7819157242774963 27341
1672321662850 0.7854720950126648 27558
1672321735949 0.7991027235984802 27775
1672321808980 0.7853757739067078 27992
1672321882294 0.7748556137084961 28209
1672321955485 0.7850867509841919 28426
1672322028981 0.7943545579910278 28643
1672322102277 0.7870603203773499 28860
1672322175166 0.7876301407814026 29077
1672322247889 0.7894302606582642 29294
1672322320679 0.7880897521972656 29511
1672322393648 0.7874732613563538 29728
1672322466144 0.7943105101585388 29945
1672322538787 0.8007941842079163 30162
1672322611567 0.7766667604446411 30379
1672322684045 0.7902312278747559 30596
1672322756666 0.7841619253158569 30813
1672322828740 0.7773438692092896 31030
1672322901604 0.7815415859222412 31247
1672322974291 0.7943710684776306 31464
1672323046835 0.7908093333244324 31681
1672323119208 0.7849491834640503 31898
1672323191726 0.7730705142021179 32115
1672323264554 0.780038595199585 32332
1672323336794 0.7835508584976196 32549
