1672312379974 1.6755126895968433 216
1672312453011 1.6419134505998214 433
1672312526147 1.63953386044454 650
1672312598963 1.6389888859704675 867
1672312672526 1.6320224970870973 1084
1672312745398 1.628727626185575 1301
1672312818439 1.622604284576414 1518
1672312891526 1.6199823058135614 1735
1672312964767 1.6129359913630872 1952
1672313038434 1.6047302205305447 2169
1672313111350 1.6029359299043795 2386
1672313184970 1.607081341485691 2603
1672313258500 1.5979071481286018 2820
1672313332242 1.6013183812372536 3037
1672313405716 1.5959318570585705 3254
1672313479388 1.5904760999906584 3471
1672313552717 1.5897508408252818 3688
1672313626557 1.5864207876435323 3905
1672313700106 1.5818746095077691 4122
1672313773912 1.5806975634435854 4339
1672313847498 1.5813605774941455 4556
1672313920702 1.5780506313200626 4773
1672313994166 1.5827225104283886 4990
1672314068036 1.5754872928754164 5207
1672314141143 1.579172268247873 5424
1672314214647 1.5718031228702913 5641
1672314288136 1.5748584585801058 5858
1672314361637 1.5747206091393875 6075
1672314435023 1.5722226546420384 6292
1672314508539 1.5689239236760173 6509
1672314581772 1.5722317891558062 6726
1672314654940 1.5684992461755984 6943
1672314729128 1.5691834138133167 7160
1672314802593 1.5704703610207973 7377
1672314875998 1.5653691461485615 7594
1672314949312 1.5612229074227442 7811
1672315023066 1.5657740672341602 8028
1672315096582 1.5640431555715013 8245
1672315169749 1.5585621480352585 8462
1672315243051 1.5634259207248191 8679
1672315316212 1.5611842568276622 8896
1672315389693 1.5577136002595053 9113
1672315462814 1.5560370424201475 9330
1672315536369 1.5589011578486214 9547
1672315610033 1.5609928732790939 9764
1672315683616 1.5532593166023185 9981
1672315757733 1.5564337823255758 10198
1672315831103 1.5561862834781377 10415
1672315904483 1.554099093727855 10632
1672315977974 1.549737092793735 10849
1672316051108 1.5482808962018364 11066
1672316124343 1.5529811400953162 11283
1672316197922 1.548228173918543 11500
1672316271526 1.5489963368591222 11717
1672316344952 1.5453553170528986 11934
1672316418255 1.550488190245002 12151
1672316492142 1.5503472224515418 12368
1672316565615 1.547001354446646 12585
1672316638829 1.54331468803954 12802
1672316711976 1.543868713272869 13019
1672316785990 1.5416064850883615 13236
1672316860659 1.5462672107553241 13453
1672316934344 1.5393912027850292 13670
1672317008740 1.544342313606515 13887
1672317082388 1.5444920488666178 14104
1672317156546 1.5398317854843144 14321
1672317230478 1.539175847446435 14538
1672317304263 1.5355855912084109 14755
1672317377545 1.5377132609599913 14972
1672317451451 1.536445632951161 15189
1672317525153 1.5396126175904217 15406
1672317599409 1.5379572942281443 15623
1672317673142 1.5370486343727419 15840
1672317746693 1.5362347899152433 16057
1672317820865 1.536673870939584 16274
1672317895032 1.5329593881874817 16491
1672317969323 1.5332514375890884 16708
1672318043125 1.530723500529598 16925
1672318116831 1.5319453940621999 17142
1672318190761 1.5347483854156991 17359
1672318264660 1.5340053219367207 17576
1672318338230 1.5350964839678478 17793
1672318411961 1.5339826418403228 18010
1672318485360 1.5287314709890705 18227
1672318559073 1.5293767990148435 18444
1672318633415 1.5338159550026813 18661
1672318707248 1.5301680436457443 18878
1672318781030 1.5326573470272975 19095
1672318855025 1.5276681779597778 19312
1672318929138 1.5296357963650649 19529
1672319003405 1.5265956556163212 19746
1672319077320 1.5276624869676763 19963
1672319151555 1.5296954862869523 20180
1672319225134 1.5275217782641808 20397
1672319299176 1.531499261634422 20614
1672319373277 1.5288412096376727 20831
1672319447804 1.523358238205775 21048
1672319522301 1.529469395086976 21265
1672319596264 1.5242938371063506 21482
1672319670398 1.5242567260773348 21699
1672319744419 1.524805632188708 21916
1672319818423 1.522769799582014 22133
1672319892230 1.5222781039175257 22350
1672319966414 1.5253525935812473 22567
1672320040505 1.5250945754794911 22784
1672320114586 1.5241978673435863 23001
1672320188530 1.5250479727982085 23218
1672320261920 1.5220032817871763 23435
1672320335681 1.5223983075651109 23652
1672320409412 1.5213685273302815 23869
1672320483157 1.5234178507096856 24086
1672320557224 1.5214353571545276 24303
1672320631123 1.5227420842894912 24520
1672320704832 1.5189125550140958 24737
1672320778824 1.518065529315239 24954
1672320852371 1.520384481293026 25171
1672320926522 1.520900981141321 25388
1672320999874 1.5230958099253498 25605
1672321073467 1.5197996825944855 25822
1672321146689 1.515559431355312 26039
1672321220587 1.5196236037219881 26256
1672321294629 1.5142020971415648 26473
1672321368281 1.5139657660914387 26690
1672321442341 1.517008723614292 26907
1672321515870 1.5143460970118643 27124
1672321589727 1.5127345577185318 27341
1672321662850 1.5156632362341438 27558
1672321735949 1.5151586428217985 27775
1672321808980 1.512649864621715 27992
1672321882294 1.517406463990503 28209
1672321955485 1.5144288984794425 28426
1672322028981 1.512535976852045 28643
1672322102277 1.5137810252318247 28860
1672322175166 1.509419170008301 29077
1672322247889 1.5108989711479441 29294
1672322320679 1.514152711665872 29511
1672322393648 1.5175988672358582 29728
1672322466144 1.5132885635634725 29945
1672322538787 1.5116998418235608 30162
1672322611567 1.51057122454397 30379
1672322684045 1.5112009795402785 30596
1672322756666 1.508033985244037 30813
1672322828740 1.5100695952260816 31030
1672322901604 1.5096341764840042 31247
1672322974291 1.5092916665014011 31464
1672323046835 1.5122047468742774 31681
1672323119208 1.5126531932494374 31898
1672323191726 1.5090919040219444 32115
1672323264554 1.5057270614035962 32332
1672323336794 1.5086903083921452 32549
