1672312379974 0.5737146139144897 216
1672312453011 0.5914602875709534 433
1672312526147 0.5905147194862366 650
1672312598963 0.6034227609634399 867
1672312672526 0.6031901240348816 1084
1672312745398 0.5898595452308655 1301
1672312818439 0.5847756266593933 1518
1672312891526 0.5814793705940247 1735
1672312964767 0.594027042388916 1952
1672313038434 0.598270058631897 2169
1672313111350 0.5900962948799133 2386
1672313184970 0.6024662256240845 2603
1672313258500 0.5971813797950745 2820
1672313332242 0.5962937474250793 3037
1672313405716 0.6019130349159241 3254
1672313479388 0.6002669334411621 3471
1672313552717 0.5988646149635315 3688
1672313626557 0.5994604825973511 3905
1672313700106 0.611277163028717 4122
1672313773912 0.6075888276100159 4339
1672313847498 0.6107348203659058 4556
1672313920702 0.6071016192436218 4773
1672313994166 0.6113707423210144 4990
1672314068036 0.6140517592430115 5207
1672314141143 0.6112428307533264 5424
1672314214647 0.6150220036506653 5641
1672314288136 0.6114698648452759 5858
1672314361637 0.6198058724403381 6075
1672314435023 0.6227181553840637 6292
1672314508539 0.62233966588974 6509
1672314581772 0.6293930411338806 6726
1672314654940 0.6215193867683411 6943
1672314729128 0.6264368295669556 7160
1672314802593 0.6188370585441589 7377
1672314875998 0.616162896156311 7594
1672314949312 0.6276466250419617 7811
1672315023066 0.6305064558982849 8028
1672315096582 0.6256812214851379 8245
1672315169749 0.6287076473236084 8462
1672315243051 0.6325172185897827 8679
1672315316212 0.6260748505592346 8896
1672315389693 0.6175832152366638 9113
1672315462814 0.6311973333358765 9330
1672315536369 0.633662223815918 9547
1672315610033 0.6259069442749023 9764
1672315683616 0.6408478021621704 9981
1672315757733 0.6364465355873108 10198
1672315831103 0.6391439437866211 10415
1672315904483 0.6293489933013916 10632
1672315977974 0.6380017399787903 10849
1672316051108 0.6360239386558533 11066
1672316124343 0.6265565156936646 11283
1672316197922 0.6425626277923584 11500
1672316271526 0.6281530261039734 11717
1672316344952 0.6359744071960449 11934
1672316418255 0.6310858726501465 12151
1672316492142 0.6380979418754578 12368
1672316565615 0.6503647565841675 12585
1672316638829 0.634053111076355 12802
1672316711976 0.6353647112846375 13019
1672316785990 0.6505986452102661 13236
1672316860659 0.6366281509399414 13453
1672316934344 0.6478545069694519 13670
1672317008740 0.6373589634895325 13887
1672317082388 0.6476548314094543 14104
1672317156546 0.640692412853241 14321
1672317230478 0.6491357684135437 14538
1672317304263 0.6354252099990845 14755
1672317377545 0.6443325281143188 14972
1672317451451 0.6436952948570251 15189
1672317525153 0.6404486894607544 15406
1672317599409 0.6564161777496338 15623
1672317673142 0.6482149362564087 15840
1672317746693 0.6356070041656494 16057
1672317820865 0.6362180709838867 16274
1672317895032 0.6395677924156189 16491
1672317969323 0.638775110244751 16708
1672318043125 0.6497054696083069 16925
1672318116831 0.6417505741119385 17142
1672318190761 0.6488646268844604 17359
1672318264660 0.6443215608596802 17576
1672318338230 0.6379686594009399 17793
1672318411961 0.649895429611206 18010
1672318485360 0.6549766063690186 18227
1672318559073 0.645986795425415 18444
1672318633415 0.6391783356666565 18661
1672318707248 0.6540958285331726 18878
1672318781030 0.6417121291160583 19095
1672318855025 0.6463625431060791 19312
1672318929138 0.6394082307815552 19529
1672319003405 0.6698154807090759 19746
1672319077320 0.646229088306427 19963
1672319151555 0.662887454032898 20180
1672319225134 0.6507707834243774 20397
1672319299176 0.6425791382789612 20614
1672319373277 0.6345031261444092 20831
1672319447804 0.6655092835426331 21048
1672319522301 0.6398761868476868 21265
1672319596264 0.6585110425949097 21482
1672319670398 0.6423974633216858 21699
1672319744419 0.6657941341400146 21916
1672319818423 0.6522156596183777 22133
1672319892230 0.6445623636245728 22350
1672319966414 0.6535508632659912 22567
1672320040505 0.6515730619430542 22784
1672320114586 0.6506413221359253 23001
1672320188530 0.6580210328102112 23218
1672320261920 0.6512717008590698 23435
1672320335681 0.6589182019233704 23652
1672320409412 0.6671290993690491 23869
1672320483157 0.6598940491676331 24086
1672320557224 0.6461766362190247 24303
1672320631123 0.6588825583457947 24520
1672320704832 0.6510707139968872 24737
1672320778824 0.6545775532722473 24954
1672320852371 0.6468015909194946 25171
1672320926522 0.6483402252197266 25388
1672320999874 0.6578311324119568 25605
1672321073467 0.6508835554122925 25822
1672321146689 0.654026985168457 26039
1672321220587 0.6536939144134521 26256
1672321294629 0.6627277135848999 26473
1672321368281 0.6568648815155029 26690
1672321442341 0.6637806296348572 26907
1672321515870 0.6625791788101196 27124
1672321589727 0.6469736695289612 27341
1672321662850 0.6526437997817993 27558
1672321735949 0.6566653251647949 27775
1672321808980 0.6623988747596741 27992
1672321882294 0.6466997265815735 28209
1672321955485 0.6549944281578064 28426
1672322028981 0.6625131368637085 28643
1672322102277 0.6534777879714966 28860
1672322175166 0.653790295124054 29077
1672322247889 0.6588633060455322 29294
1672322320679 0.6665510535240173 29511
1672322393648 0.6610418558120728 29728
1672322466144 0.6684392690658569 29945
1672322538787 0.6688480973243713 30162
1672322611567 0.6491453647613525 30379
1672322684045 0.659303605556488 30596
1672322756666 0.6583952903747559 30813
1672322828740 0.651425838470459 31030
1672322901604 0.6524139642715454 31247
1672322974291 0.667204737663269 31464
1672323046835 0.6633567214012146 31681
1672323119208 0.6602008938789368 31898
1672323191726 0.6441949605941772 32115
1672323264554 0.6573134660720825 32332
1672323336794 0.6559441685676575 32549
