1672312379974 0.7692196369171143 216
1672312453011 0.7807803750038147 433
1672312526147 0.7807803750038147 650
1672312598963 0.7807803750038147 867
1672312672526 0.7807803750038147 1084
1672312745398 0.7807803750038147 1301
1672312818439 0.7807803750038147 1518
1672312891526 0.7807803750038147 1735
1672312964767 0.7807803750038147 1952
1672313038434 0.7812138795852661 2169
1672313111350 0.7813583612442017 2386
1672313184970 0.7829479575157166 2603
1672313258500 0.7820809483528137 2820
1672313332242 0.7843930721282959 3037
1672313405716 0.7843930721282959 3254
1672313479388 0.7858381271362305 3471
1672313552717 0.7874277234077454 3688
1672313626557 0.7890173196792603 3905
1672313700106 0.7916185259819031 4122
1672313773912 0.7919074892997742 4339
1672313847498 0.7947976589202881 4556
1672313920702 0.7890173196792603 4773
1672313994166 0.7962427735328674 4990
1672314068036 0.794508695602417 5207
1672314141143 0.7968208193778992 5424
1672314214647 0.7968208193778992 5641
1672314288136 0.7952312231063843 5858
1672314361637 0.801300585269928 6075
1672314435023 0.7992774844169617 6292
1672314508539 0.8008670806884766 6509
1672314581772 0.8015896081924438 6726
1672314654940 0.8047688007354736 6943
1672314729128 0.8014450669288635 7160
1672314802593 0.8017340898513794 7377
1672314875998 0.7978323698043823 7594
1672314949312 0.8076589703559875 7811
1672315023066 0.8060693740844727 8028
1672315096582 0.8034682273864746 8245
1672315169749 0.808092474937439 8462
1672315243051 0.8067919015884399 8679
1672315316212 0.8036127090454102 8896
1672315389693 0.8099710941314697 9113
1672315462814 0.8095375895500183 9330
1672315536369 0.8065028786659241 9547
1672315610033 0.8060693740844727 9764
1672315683616 0.8072254061698914 9981
1672315757733 0.810693621635437 10198
1672315831103 0.8147398829460144 10415
1672315904483 0.808092474937439 10632
1672315977974 0.8131502866744995 10849
1672316051108 0.8112716674804688 11066
1672316124343 0.8104045987129211 11283
1672316197922 0.8131502866744995 11500
1672316271526 0.8141618371009827 11717
1672316344952 0.8147398829460144 11934
1672316418255 0.8127167820930481 12151
1672316492142 0.8151733875274658 12368
1672316565615 0.81488436460495 12585
1672316638829 0.8121387362480164 12802
1672316711976 0.8158959746360779 13019
1672316785990 0.8166185021400452 13236
1672316860659 0.810693621635437 13453
1672316934344 0.8171965479850769 13670
1672317008740 0.8161849975585938 13887
1672317082388 0.8174855709075928 14104
1672317156546 0.8153179287910461 14321
1672317230478 0.8164739608764648 14538
1672317304263 0.8177745938301086 14755
1672317377545 0.8174855709075928 14972
1672317451451 0.8173410296440125 15189
1672317525153 0.8167629837989807 15406
1672317599409 0.8209537863731384 15623
1672317673142 0.8186416029930115 15840
1672317746693 0.8173410296440125 16057
1672317820865 0.8180635571479797 16274
1672317895032 0.8150289058685303 16491
1672317969323 0.8187861442565918 16708
1672318043125 0.8192196488380432 16925
1672318116831 0.8195086717605591 17142
1672318190761 0.8199421763420105 17359
1672318264660 0.8189306259155273 17576
1672318338230 0.8180635571479797 17793
1672318411961 0.8192196488380432 18010
1672318485360 0.819797694683075 18227
1672318559073 0.8219653367996216 18444
1672318633415 0.8174855709075928 18661
1672318707248 0.8222543597221375 18878
1672318781030 0.815606951713562 19095
1672318855025 0.8203757405281067 19312
1672318929138 0.819797694683075 19529
1672319003405 0.8245664834976196 19746
1672319077320 0.8192196488380432 19963
1672319151555 0.8231213688850403 20180
1672319225134 0.8190751671791077 20397
1672319299176 0.8216763138771057 20614
1672319373277 0.8193641901016235 20831
1672319447804 0.8245664834976196 21048
1672319522301 0.8192196488380432 21265
1672319596264 0.8219653367996216 21482
1672319670398 0.8208092451095581 21699
1672319744419 0.8242774605751038 21916
1672319818423 0.8247109651565552 22133
1672319892230 0.8208092451095581 22350
1672319966414 0.8222543597221375 22567
1672320040505 0.8212427496910095 22784
1672320114586 0.8248555064201355 23001
1672320188530 0.8225433230400085 23218
1672320261920 0.8232659101486206 23435
1672320335681 0.8222543597221375 23652
1672320409412 0.8265895843505859 23869
1672320483157 0.8221098184585571 24086
1672320557224 0.8235549330711365 24303
1672320631123 0.823699414730072 24520
1672320704832 0.8267341256141663 24737
1672320778824 0.8242774605751038 24954
1672320852371 0.8229768872261047 25171
1672320926522 0.8226878643035889 25388
1672320999874 0.8251445293426514 25605
1672321073467 0.8200867176055908 25822
1672321146689 0.8270231485366821 26039
1672321220587 0.8232659101486206 26256
1672321294629 0.8270231485366821 26473
1672321368281 0.8268786072731018 26690
1672321442341 0.8248555064201355 26907
1672321515870 0.8252890110015869 27124
1672321589727 0.824999988079071 27341
1672321662850 0.8264451026916504 27558
1672321735949 0.8271676301956177 27775
1672321808980 0.8281791806221008 27992
1672321882294 0.8261560797691345 28209
1672321955485 0.8242774605751038 28426
1672322028981 0.8260115385055542 28643
1672322102277 0.8245664834976196 28860
1672322175166 0.8261560797691345 29077
1672322247889 0.8281791806221008 29294
1672322320679 0.8273121118545532 29511
1672322393648 0.8263005614280701 29728
1672322466144 0.8261560797691345 29945
1672322538787 0.8270231485366821 30162
1672322611567 0.8260115385055542 30379
1672322684045 0.8277456760406494 30596
1672322756666 0.8267341256141663 30813
1672322828740 0.8264451026916504 31030
1672322901604 0.8271676301956177 31247
1672322974291 0.828612744808197 31464
1672323046835 0.8290462493896484 31681
1672323119208 0.8267341256141663 31898
1672323191726 0.824999988079071 32115
1672323264554 0.8274566531181335 32332
1672323336794 0.8284682035446167 32549
