1672312321697 0.6666666865348816 49
1672312336114 0.4583333432674408 99
1672312350840 0.512499988079071 149
1672312365559 0.6875 199
1672312390205 0.7083333134651184 249
1672312404665 0.5416666865348816 299
1672312419126 0.7500000596046448 349
1672312433605 0.5666667222976685 399
1672312458435 0.6499999761581421 449
1672312472974 0.7291666865348816 499
1672312487305 0.5083333253860474 549
1672312501943 0.4375 599
1672312516255 0.5416666865348816 649
1672312540968 0.5625 699
1672312555324 0.7249999642372131 749
1672312569716 0.5625 799
1672312584085 0.375 849
1672312609172 0.5833333730697632 899
1672312623703 0.5874999761581421 949
1672312638230 0.5416666865348816 999
1672312652598 0.625 1049
1672312677564 0.6458333134651184 1099
1672312691934 0.625 1149
1672312706293 0.6875 1199
1672312720653 0.5625 1249
1672312735025 0.625 1299
1672312760041 0.9375 1349
1672312774415 0.8541666865348816 1399
1672312788916 0.5249999761581421 1449
1672312803280 0.6458333134651184 1499
1672312828016 0.6875000596046448 1549
1672312842391 0.550000011920929 1599
1672312856859 0.7291666865348816 1649
1672312871379 0.3125 1699
1672312896263 0.5446428656578064 1749
1672312910696 0.5833333730697632 1799
1672312925253 0.7333333492279053 1849
1672312939692 0.6946429014205933 1899
1672312954112 0.7916666865348816 1949
1672312979094 0.6666666865348816 1999
1672312993704 0.6875 2049
1672313008156 0.6666666865348816 2099
1672313022763 0.612500011920929 2149
1672313047791 0.7291666865348816 2199
1672313062325 0.5583333373069763 2249
1672313076690 0.4375 2299
1672313091060 0.6083333492279053 2349
1672313115857 0.5375000238418579 2399
1672313130314 0.875 2449
1672313144765 0.7916666865348816 2499
1672313159335 0.6041666865348816 2549
1672313173992 0.38333332538604736 2599
1672313199169 0.4166666865348816 2649
1672313213677 0.4333333373069763 2699
1672313228141 0.6041666269302368 2749
1672313242628 0.6000000238418579 2799
1672313267750 0.574999988079071 2849
1672313282196 0.2708333432674408 2899
1672313296833 0.5166666507720947 2949
1672313311578 0.6875 2999
1672313336569 0.6541666984558105 3049
1672313350997 0.5208333730697632 3099
1672313365436 0.5249999761581421 3149
1672313379864 0.5874999761581421 3199
1672313394279 0.6666666865348816 3249
1672313419454 0.625 3299
1672313434136 0.5583333373069763 3349
1672313448628 0.5 3399
1672313463179 0.4166666865348816 3449
1672313488422 0.8541666865348816 3499
1672313502867 0.9166666865348816 3549
1672313517430 0.5874999761581421 3599
1672313531836 0.875 3649
1672313556681 0.1666666716337204 3699
1672313571324 0.6708333492279053 3749
1672313585849 0.8125 3799
1672313600362 0.45000001788139343 3849
1672313614807 0.6250000596046448 3899
1672313640057 0.5416666865348816 3949
1672313654715 0.7166666984558105 3999
1672313669207 0.5625 4049
1672313683798 0.4583333432674408 4099
1672313708720 0.49166667461395264 4149
1672313723187 0.625 4199
1672313737658 0.625 4249
1672313752444 0.6904761791229248 4299
1672313777502 0.5833333730697632 4349
1672313791982 1.0 4399
1672313806455 0.4541666507720947 4449
1672313820996 0.6000000238418579 4499
1672313835598 0.4583333432674408 4549
1672313860568 0.6000000238418579 4599
1672313875112 0.699999988079071 4649
1672313889491 0.6041666865348816 4699
1672313904006 0.375 4749
1672313928987 0.5 4799
1672313943402 0.6166666746139526 4849
1672313957816 0.5333333611488342 4899
1672313972419 0.6875 4949
1672313997489 0.6458333134651184 4999
1672314012115 0.4375 5049
1672314026557 0.4375 5099
1672314041353 0.7916666865348816 5149
1672314055795 0.5285714268684387 5199
1672314080863 0.625 5249
1672314095214 0.8333333730697632 5299
1672314109765 0.7083333134651184 5349
1672314124110 0.4375 5399
1672314149191 0.3916666805744171 5449
1672314163616 0.8333333134651184 5499
1672314178333 0.8166666626930237 5549
1672314192799 0.4958333373069763 5599
1672314217698 0.5 5649
1672314232319 0.625 5699
1672314246781 0.5166666507720947 5749
1672314261200 0.8166667222976685 5799
1672314275586 0.6666666865348816 5849
1672314300608 0.6916667222976685 5899
1672314315216 0.75 5949
1672314329784 0.75 5999
1672314344219 0.4375 6049
1672314369316 0.28333333134651184 6099
1672314384020 0.4375 6149
1672314398509 0.2916666865348816 6199
1672314412965 0.6499999761581421 6249
1672314437761 0.7875000238418579 6299
1672314452335 0.5 6349
1672314466911 0.5333333015441895 6399
1672314481358 0.3125 6449
1672314495781 0.75 6499
1672314520801 0.9166666865348816 6549
1672314535197 0.7500000596046448 6599
1672314549565 0.5249999761581421 6649
1672314563945 0.5375000238418579 6699
1672314589266 0.8166666626930237 6749
1672314603681 0.5874999761581421 6799
1672314618093 0.5625 6849
1672314632516 0.8999999761581421 6899
1672314657554 0.75 6949
1672314672134 0.3791666626930237 6999
1672314686668 0.6666666865348816 7049
1672314701356 0.5 7099
1672314716164 0.8125 7149
1672314741018 0.75 7199
1672314755460 0.6000000238418579 7249
1672314770018 0.625 7299
1672314784577 0.7875000238418579 7349
1672314809569 0.625 7399
1672314824256 0.5999999642372131 7449
1672314838704 0.2750000059604645 7499
1672314853298 0.5833333134651184 7549
1672314878151 0.5833333730697632 7599
1672314892522 0.75 7649
1672314906935 0.612500011920929 7699
1672314921424 0.22499999403953552 7749
1672314935808 0.4749999940395355 7799
1672314961127 0.3333333432674408 7849
1672314975617 0.8374999761581421 7899
1672314990212 0.4625000059604645 7949
1672315004627 0.6000000238418579 7999
1672315029817 0.699999988079071 8049
1672315044265 0.5416666865348816 8099
1672315058728 0.7541667222976685 8149
1672315073154 0.9166666865348816 8199
1672315098418 0.4583333432674408 8249
1672315112958 0.7083333134651184 8299
1672315127340 0.7916666865348816 8349
1672315141742 0.3958333432674408 8399
1672315156126 0.449404776096344 8449
1672315181095 0.5833333730697632 8499
1672315195428 0.5666666626930237 8549
1672315209926 0.574999988079071 8599
1672315224379 0.7249999642372131 8649
1672315249513 0.7250000238418579 8699
1672315264099 0.10000000149011612 8749
1672315278593 0.5 8799
1672315293015 0.875 8849
1672315317788 0.6916666626930237 8899
1672315332373 0.4375 8949
1672315346775 0.2666666805744171 8999
1672315361212 0.7333333492279053 9049
1672315375621 0.625 9099
1672315400862 0.9166666865348816 9149
1672315415275 0.875 9199
1672315429648 0.7541667222976685 9249
1672315443999 0.38749998807907104 9299
1672315469008 0.7833333015441895 9349
1672315483508 0.6875 9399
1672315498121 0.8541666865348816 9449
1672315512526 0.9375 9499
1672315537722 0.7916666865348816 9549
1672315552309 0.625 9599
1672315566805 0.574999988079071 9649
1672315581322 0.5416666865348816 9699
1672315595772 0.5416666865348816 9749
1672315620856 0.4166666865348816 9799
1672315635398 0.6583333015441895 9849
1672315650058 0.887499988079071 9899
1672315664550 0.6875 9949
1672315689525 0.6666666865348816 9999
1672315704308 0.625 10049
1672315719083 0.9166666865348816 10099
1672315733578 0.6458333730697632 10149
1672315758706 0.7708333730697632 10199
1672315773149 0.6666666865348816 10249
1672315787530 0.4833333492279053 10299
1672315802093 0.6041666865348816 10349
1672315816633 0.4166666865348816 10399
1672315841621 0.8541666865348816 10449
1672315856226 0.824999988079071 10499
1672315870653 0.5 10549
1672315885077 0.5625 10599
1672315910122 0.8125 10649
1672315924597 0.6619048118591309 10699
1672315939177 0.5666666626930237 10749
1672315953645 0.625 10799
1672315967879 0.5 10849
1672315992986 0.4583333730697632 10899
1672316007379 0.7749999761581421 10949
1672316021926 0.3333333134651184 10999
1672316036292 0.6708332896232605 11049
1672316061266 0.625 11099
1672316075820 0.40833336114883423 11149
1672316090372 0.6499999761581421 11199
1672316104794 0.6708332896232605 11249
1672316129752 0.6458333730697632 11299
1672316144128 0.5416666865348816 11349
1672316158729 0.5833333730697632 11399
1672316173148 0.6625000238418579 11449
1672316187640 0.7291666865348816 11499
1672316212739 0.699999988079071 11549
1672316227214 0.6666666865348816 11599
1672316241973 0.4791666865348816 11649
1672316256423 0.7916666865348816 11699
1672316281643 0.7083333134651184 11749
1672316296023 0.4166666865348816 11799
1672316310448 0.6875 11849
1672316324816 0.6499999761581421 11899
1672316349918 0.5625 11949
1672316364434 0.6000000238418579 11999
1672316378977 0.6916667222976685 12049
1672316393388 0.7291666865348816 12099
1672316407807 0.6666666865348816 12149
1672316432802 0.6208333373069763 12199
1672316447501 0.5541666746139526 12249
1672316462001 0.612500011920929 12299
1672316476771 0.3333333432674408 12349
1672316501768 0.7678571343421936 12399
1672316516355 0.8333333730697632 12449
1672316531009 0.5833333730697632 12499
1672316545428 0.5 12549
1672316570379 0.6875 12599
1672316584957 0.6666666865348816 12649
1672316599536 0.75 12699
1672316613928 0.7916666865348816 12749
1672316628266 0.75 12799
1672316653041 0.8500000238418579 12849
1672316667563 0.6083333492279053 12899
1672316682134 0.5 12949
1672316696506 0.375 12999
1672316721347 0.7916666865348816 13049
1672316735934 0.699999988079071 13099
1672316750593 0.6666666865348816 13149
1672316765140 0.8125 13199
1672316790474 0.7916666865348816 13249
1672316805063 0.4333333373069763 13299
1672316819890 0.5625 13349
1672316834595 0.4541666507720947 13399
1672316849092 0.25 13449
1672316874715 0.7678571343421936 13499
1672316889374 0.7333333492279053 13549
1672316903937 0.8125 13599
1672316918461 0.6916667222976685 13649
1672316943489 0.6250000596046448 13699
1672316958492 0.5874999761581421 13749
1672316973035 0.6666666865348816 13799
1672316987705 0.762499988079071 13849
1672317012961 0.9166666865348816 13899
1672317027508 0.4833333492279053 13949
1672317042053 0.6041666865348816 13999
1672317056499 0.625 14049
1672317071103 0.4124999940395355 14099
1672317096330 0.5041667222976685 14149
1672317111023 0.6000000238418579 14199
1672317125751 0.4583333432674408 14249
1672317140266 0.625 14299
1672317165464 0.625 14349
1672317179936 0.8374999761581421 14399
1672317194521 0.6499999761581421 14449
1672317208991 0.6875 14499
1672317234359 0.36250001192092896 14549
1672317248994 0.9375 14599
1672317263623 0.512499988079071 14649
1672317278368 0.6666666865348816 14699
1672317292871 1.0 14749
1672317317604 0.75 14799
1672317332087 0.6250000596046448 14849
1672317346499 0.5416666865348816 14899
1672317361056 0.5625 14949
1672317386102 0.5 14999
1672317400852 0.6666666865348816 15049
1672317415508 0.5625 15099
1672317430061 0.699999988079071 15149
1672317455066 0.3916666507720947 15199
1672317469539 0.4375 15249
1672317484267 0.4375 15299
1672317498895 0.6166666746139526 15349
1672317513417 0.42500001192092896 15399
1672317538644 0.3958333432674408 15449
1672317553296 0.7708333730697632 15499
1672317567788 0.875 15549
1672317582381 0.824999988079071 15599
1672317607653 0.5 15649
1672317622140 0.7833333611488342 15699
1672317636759 0.7416666746139526 15749
1672317651434 0.7916666865348816 15799
1672317676461 0.5 15849
1672317691144 0.6000000238418579 15899
1672317705585 0.4333333373069763 15949
1672317720139 0.4124999940395355 15999
1672317734612 0.5714285373687744 16049
1672317759639 0.625 16099
1672317774187 0.4166666865348816 16149
1672317789044 0.75 16199
1672317803616 0.40833333134651184 16249
1672317828826 0.375 16299
1672317843477 0.3333333432674408 16349
1672317858068 0.75 16399
1672317872738 0.5392857193946838 16449
1672317898128 0.6666666865348816 16499
1672317912626 0.5 16549
1672317927339 0.8374999761581421 16599
1672317941952 0.75 16649
1672317956650 0.25 16699
1672317982002 0.512499988079071 16749
1672317996543 0.5 16799
1672318011070 0.8500000238418579 16849
1672318025733 0.7333333492279053 16899
1672318050698 0.949999988079071 16949
1672318065354 0.4583333730697632 16999
1672318079813 0.5375000238418579 17049
1672318094277 0.7916666865348816 17099
1672318119581 0.7541667222976685 17149
1672318134219 0.3499999940395355 17199
1672318148780 0.6875 17249
1672318163296 0.5208333730697632 17299
1672318177828 0.5416666865348816 17349
1672318203150 0.5208333730697632 17399
1672318217668 0.6833333373069763 17449
1672318232322 0.7333333492279053 17499
1672318246806 0.6666666865348816 17549
1672318272209 1.0 17599
1672318286669 0.6583333611488342 17649
1672318301190 0.9166666865348816 17699
1672318315644 0.8125 17749
1672318340641 0.6583333015441895 17799
1672318355211 0.8374999761581421 17849
1672318369799 0.8125 17899
1672318384325 0.4583333432674408 17949
1672318399106 0.5 17999
1672318423958 0.5833333134651184 18049
1672318438536 0.9375 18099
1672318453028 0.8125 18149
1672318467654 0.8041666746139526 18199
1672318492457 0.5833333134651184 18249
1672318506974 0.7708333134651184 18299
1672318521426 0.5 18349
1672318536080 0.4375 18399
1672318561303 0.4791666865348816 18449
1672318576093 0.8333333730697632 18499
1672318590664 0.6666666865348816 18549
1672318605489 0.5833333730697632 18599
1672318620078 0.637499988079071 18649
1672318645071 0.5666666626930237 18699
1672318659579 0.7083333134651184 18749
1672318674036 0.8333333730697632 18799
1672318688919 0.8041666746139526 18849
1672318714028 0.875 18899
1672318728546 0.574999988079071 18949
1672318743221 0.9017857313156128 18999
1672318757716 0.3928571343421936 19049
1672318782936 0.4583333730697632 19099
1672318797426 0.6875 19149
1672318812116 0.512499988079071 19199
1672318826768 0.8999999761581421 19249
1672318841435 0.3958333432674408 19299
1672318866518 0.7875000238418579 19349
1672318881024 0.6625000238418579 19399
1672318895780 0.949999988079071 19449
1672318910345 0.7333333492279053 19499
1672318935673 0.6166666746139526 19549
1672318950293 0.887499988079071 19599
1672318965264 0.625 19649
1672318979818 0.5416666865348816 19699
1672319004988 0.6499999761581421 19749
1672319019569 0.8541666865348816 19799
1672319034152 0.699999988079071 19849
1672319048724 0.6291666626930237 19899
1672319063240 0.7083333134651184 19949
1672319088465 0.8166666626930237 19999
1672319103388 0.7708333730697632 20049
1672319117904 0.875 20099
1672319132390 0.4375000298023224 20149
1672319157771 0.6499999761581421 20199
1672319172225 0.5833333730697632 20249
1672319186779 0.8333333134651184 20299
1672319201254 0.875 20349
1672319226426 0.8541666865348816 20399
1672319240998 0.7083333730697632 20449
1672319255725 0.4791666865348816 20499
1672319270273 0.4833333194255829 20549
1672319284951 0.5 20599
1672319310148 0.5625 20649
1672319324763 0.5458333492279053 20699
1672319339334 0.4166666865348816 20749
1672319353927 0.5625 20799
1672319379319 0.49166667461395264 20849
1672319394098 0.5416666865348816 20899
1672319408674 0.7291666865348816 20949
1672319423243 0.7458333373069763 20999
1672319448782 0.8541666865348816 21049
1672319463316 0.8374999761581421 21099
1672319477815 0.8374999761581421 21149
1672319492969 0.6666666865348816 21199
1672319507674 0.6875 21249
1672319532896 0.7749999761581421 21299
1672319547567 0.550000011920929 21349
1672319562278 0.4166666865348816 21399
1672319576821 0.4791666865348816 21449
1672319602039 0.5625 21499
1672319616646 0.5249999761581421 21549
1672319631287 0.5416666865348816 21599
1672319645843 0.8374999761581421 21649
1672319660208 0.0 21699
1672319685547 0.6083333492279053 21749
1672319700311 0.6041666865348816 21799
1672319714815 0.9166666865348816 21849
1672319729253 0.6416666507720947 21899
1672319754635 0.6666666865348816 21949
1672319769151 0.4333333373069763 21999
1672319783941 0.6041666865348816 22049
1672319798351 0.7291666865348816 22099
1672319823924 0.7083333730697632 22149
1672319838444 0.5 22199
1672319853004 0.625 22249
1672319867475 0.5 22299
1672319881965 0.375 22349
1672319907110 0.7916666865348816 22399
1672319921911 0.8125 22449
1672319936370 0.4749999940395355 22499
1672319951006 0.824999988079071 22549
1672319976405 0.6666666865348816 22599
1672319990974 0.6666666865348816 22649
1672320005529 0.6666666865348816 22699
1672320020102 0.42500001192092896 22749
1672320045726 0.875 22799
1672320060431 0.5208333134651184 22849
1672320074902 0.4583333432674408 22899
1672320089487 0.5833333730697632 22949
1672320104163 0.8125 22999
1672320129263 0.7416666746139526 23049
1672320143794 0.6000000238418579 23099
1672320158321 0.5833333730697632 23149
1672320172879 0.6875 23199
1672320198162 0.637499988079071 23249
1672320212797 0.125 23299
1672320227370 0.6666666865348816 23349
1672320241799 0.5833333730697632 23399
1672320266658 0.4583333432674408 23449
1672320281114 0.8333333134651184 23499
1672320295788 0.5416666865348816 23549
1672320310273 0.4791666865348816 23599
1672320324924 0.6666666865348816 23649
1672320349972 0.8500000238418579 23699
1672320364721 0.7083333730697632 23749
1672320379228 0.5083333253860474 23799
1672320393699 0.8666666746139526 23849
1672320418770 0.887499988079071 23899
1672320433410 0.75 23949
1672320447879 0.8125 23999
1672320462521 1.0 24049
1672320487618 0.75 24099
1672320502284 1.0 24149
1672320517037 0.5416666865348816 24199
1672320531571 0.8333333730697632 24249
1672320546081 0.7083333730697632 24299
1672320571215 0.6041666865348816 24349
1672320585689 0.8333333730697632 24399
1672320600423 0.6666666865348816 24449
1672320614973 0.75 24499
1672320640251 0.625 24549
1672320654789 0.625 24599
1672320669317 0.5 24649
1672320683884 0.5684523582458496 24699
1672320708962 0.6666666865348816 24749
1672320723470 0.375 24799
1672320738122 0.5333333611488342 24849
1672320752889 0.625 24899
1672320767536 0.75 24949
1672320792564 0.6208333373069763 24999
1672320807122 0.6875 25049
1672320821645 0.7303571701049805 25099
1672320836173 0.3125 25149
1672320861168 0.4791666865348816 25199
1672320875991 0.625 25249
1672320890673 0.7083333730697632 25299
1672320905302 0.7749999761581421 25349
1672320930387 0.6291666626930237 25399
1672320944840 0.7124999761581421 25449
1672320959284 0.875 25499
1672320973752 0.5833333134651184 25549
1672320988237 0.75 25599
1672321013413 0.9375 25649
1672321028037 0.8333333134651184 25699
1672321042536 0.5833333730697632 25749
1672321056930 0.4333333373069763 25799
1672321082054 0.625 25849
1672321096556 0.7916666865348816 25899
1672321111043 0.4583333432674408 25949
1672321125449 0.8125 25999
1672321150600 0.75 26049
1672321165273 0.4166666865348816 26099
1672321179735 0.5 26149
1672321194193 0.4375 26199
1672321208664 0.45000001788139343 26249
1672321233766 0.625 26299
1672321248244 0.9166666865348816 26349
1672321262839 0.5083333253860474 26399
1672321277509 0.6499999761581421 26449
1672321302890 0.4375 26499
1672321317393 0.7916666865348816 26549
1672321332032 0.5625 26599
1672321346495 0.5833333730697632 26649
1672321371586 0.6458333730697632 26699
1672321386106 0.875 26749
1672321400568 0.574999988079071 26799
1672321415382 0.7124999761581421 26849
1672321430026 0.6708332896232605 26899
1672321455249 0.6666666865348816 26949
1672321469887 0.4000000059604645 26999
1672321484350 0.4375 27049
1672321498824 0.75 27099
1672321523797 0.8999999761581421 27149
1672321538377 0.625 27199
1672321552797 0.4375 27249
1672321567340 0.4791666865348816 27299
1672321592689 0.824999988079071 27349
1672321607280 0.7749999761581421 27399
1672321621680 0.675000011920929 27449
1672321636105 0.7541666626930237 27499
1672321650503 0.7250000238418579 27549
1672321675532 0.5625 27599
1672321689931 0.6041666865348816 27649
1672321704631 0.6083333492279053 27699
1672321718995 0.3333333432674408 27749
1672321743527 0.7291666865348816 27799
1672321758028 0.5416666865348816 27849
1672321772408 0.75 27899
1672321786923 0.4333333373069763 27949
1672321811686 0.5833333730697632 27999
1672321826455 0.7083333730697632 28049
1672321840904 0.7083333134651184 28099
1672321855300 1.0 28149
1672321869775 0.6666666865348816 28199
1672321894569 0.5625 28249
1672321908996 0.5 28299
1672321923563 0.7916666865348816 28349
1672321937987 0.7749999761581421 28399
1672321962850 0.8666666746139526 28449
1672321977592 0.7708333730697632 28499
1672321992242 0.5416666865348816 28549
1672322006725 0.699999988079071 28599
1672322031551 0.8999999761581421 28649
1672322045975 0.7416666746139526 28699
1672322060497 0.5166666507720947 28749
1672322074813 0.3125 28799
1672322089410 0.6875 28849
1672322114180 0.6875 28899
1672322128576 0.8333333730697632 28949
1672322143011 0.625 28999
1672322157386 0.9375 29049
1672322182037 0.25 29099
1672322196500 0.4749999940395355 29149
1672322211056 0.5625 29199
1672322225588 0.699999988079071 29249
1672322249973 0.6041666269302368 29299
1672322264377 0.574999988079071 29349
1672322278807 0.8333333730697632 29399
1672322293266 0.699999988079071 29449
1672322307815 0.5 29499
1672322332379 0.7250000238418579 29549
1672322346940 0.7291666865348816 29599
1672322361444 0.8374999761581421 29649
1672322375809 0.5874999761581421 29699
1672322400287 0.6625000238418579 29749
1672322414546 0.3125 29799
1672322428917 0.8333333134651184 29849
1672322443373 0.6041666865348816 29899
1672322468085 0.7083333134651184 29949
1672322482692 0.7083333730697632 29999
1672322497044 0.887499988079071 30049
1672322511309 0.887499988079071 30099
1672322525593 0.7416666746139526 30149
1672322550009 0.4791666865348816 30199
1672322564331 0.5208333134651184 30249
1672322578756 0.8333333730697632 30299
1672322593292 0.5416666865348816 30349
1672322617931 0.7083333730697632 30399
1672322632183 0.875 30449
1672322646494 0.6666666865348816 30499
1672322660972 0.8541666865348816 30549
1672322685583 0.2916666865348816 30599
1672322699866 0.6083333492279053 30649
1672322714312 0.6041666865348816 30699
1672322728736 0.875 30749
1672322743278 0.75 30799
1672322767612 0.6041666865348816 30849
1672322781852 0.5625 30899
1672322796136 0.7749999761581421 30949
1672322810417 0.6499999761581421 30999
1672322834935 0.7083333730697632 31049
1672322849388 0.9166666865348816 31099
1672322863861 0.36250001192092896 31149
1672322878202 0.4124999940395355 31199
1672322902833 1.0 31249
1672322917112 0.7083333730697632 31299
1672322931449 0.40833333134651184 31349
1672322945761 0.5833333730697632 31399
1672322960185 0.375 31449
1672322985105 0.4583333432674408 31499
1672322999512 0.6083332896232605 31549
1672323013816 0.6166666746139526 31599
1672323028233 0.8333333730697632 31649
1672323052661 1.0 31699
1672323066920 0.5416666865348816 31749
1672323081285 0.5 31799
1672323095680 0.6458333134651184 31849
1672323120186 0.5874999761581421 31899
1672323134462 0.3750000298023224 31949
1672323148715 0.8541666865348816 31999
1672323163079 0.5416666865348816 32049
1672323177473 0.761904776096344 32099
1672323202215 0.6875 32149
1672323216525 0.6833333373069763 32199
1672323230970 0.7291666865348816 32249
1672323245444 1.0 32299
1672323270093 0.5208333730697632 32349
1672323284485 0.5 32399
1672323298770 0.5833333730697632 32449
1672323313188 0.625 32499
1672323327293 0.25 32549
