1672053683720 0 49
1672053698007 0 99
1672053712540 0 149
1672053726786 0 199
1672053738071 0 216
1672053740995 1 216
1672053751055 1 249
1672053765206 1 299
1672053779374 1 349
1672053793613 1 399
1672053809508 1 433
1672053812754 2 433
1672053817948 2 449
1672053832189 2 499
1672053846409 2 549
1672053860613 2 599
1672053875087 2 649
1672053881523 2 650
1672053884686 3 650
1672053899320 3 699
1672053913587 3 749
1672053927857 3 799
1672053942137 3 849
1672053953440 3 867
1672053956582 4 867
1672053966397 4 899
1672053980672 4 949
1672053995041 4 999
1672054009556 4 1049
1672054025746 4 1084
1672054028876 5 1084
1672054033823 5 1099
1672054048189 5 1149
1672054062473 5 1199
1672054076702 5 1249
1672054090996 5 1299
1672054097632 5 1301
1672054100767 6 1301
1672054115130 6 1349
1672054129735 6 1399
1672054143951 6 1449
1672054158179 6 1499
1672054169825 6 1518
1672054172963 7 1518
1672054182671 7 1549
1672054196922 7 1599
1672054211171 7 1649
1672054225407 7 1699
1672054241842 7 1735
1672054245036 8 1735
1672054249747 8 1749
1672054264623 8 1799
1672054279048 8 1849
1672054293456 8 1899
1672054307963 8 1949
1672054315000 8 1952
1672054318180 9 1952
1672054332334 9 1999
1672054346649 9 2049
1672054360958 9 2099
1672054375360 9 2149
1672054387326 9 2169
1672054390511 10 2169
1672054399748 10 2199
1672054413991 10 2249
1672054428516 10 2299
1672054442731 10 2349
1672054459518 10 2386
1672054462721 11 2386
1672054467125 11 2399
1672054481426 11 2449
1672054495881 11 2499
1672054510180 11 2549
1672054524748 11 2599
1672054532095 11 2603
1672054535221 12 2603
1672054549023 12 2649
1672054563455 12 2699
1672054577732 12 2749
1672054592021 12 2799
1672054604338 12 2820
1672054607585 13 2820
1672054616584 13 2849
1672054631026 13 2899
1672054645570 13 2949
1672054659911 13 2999
1672054677085 13 3037
1672054680237 14 3037
1672054684353 14 3049
1672054698677 14 3099
1672054713023 14 3149
1672054727434 14 3199
1672054741854 14 3249
1672054749537 14 3254
1672054752680 15 3254
1672054766572 15 3299
1672054781083 15 3349
1672054795428 15 3399
1672054809754 15 3449
1672054822301 15 3471
1672054825448 16 3471
1672054834248 16 3499
1672054848529 16 3549
1672054862868 16 3599
1672054877204 16 3649
1672054894721 16 3688
1672054897832 17 3688
1672054901647 17 3699
1672054916040 17 3749
1672054930414 17 3799
1672054944641 17 3849
1672054958833 17 3899
1672054966968 17 3905
1672054970210 18 3905
1672054983579 18 3949
1672054998061 18 3999
1672055012316 18 4049
1672055026656 18 4099
1672055039498 18 4122
1672055042663 19 4122
1672055051179 19 4149
1672055065770 19 4199
1672055080097 19 4249
1672055094412 19 4299
1672055112025 19 4339
1672055115171 20 4339
1672055118726 20 4349
1672055133072 20 4399
1672055147785 20 4449
1672055162006 20 4499
1672055176227 20 4549
1672055184429 20 4556
1672055187514 21 4556
1672055200489 21 4599
1672055215059 21 4649
1672055229341 21 4699
1672055243661 21 4749
1672055256882 21 4773
1672055260063 22 4773
1672055268180 22 4799
1672055282608 22 4849
1672055296821 22 4899
1672055311012 22 4949
1672055328975 22 4990
1672055332120 23 4990
1672055335401 23 4999
1672055350040 23 5049
1672055364375 23 5099
1672055378709 23 5149
1672055393099 23 5199
1672055401927 23 5207
1672055405091 24 5207
1672055417927 24 5249
1672055432156 24 5299
1672055446424 24 5349
1672055460676 24 5399
1672055474243 24 5424
1672055477433 25 5424
1672055485680 25 5449
1672055499978 25 5499
1672055514302 25 5549
1672055528649 25 5599
1672055547066 25 5641
1672055550226 26 5641
1672055553215 26 5649
1672055567590 26 5699
1672055581970 26 5749
1672055596241 26 5799
1672055610625 26 5849
1672055619759 26 5858
1672055622842 27 5858
1672055635297 27 5899
1672055649618 27 5949
1672055663888 27 5999
1672055678186 27 6049
1672055692184 27 6075
1672055695404 28 6075
1672055703044 28 6099
1672055717408 28 6149
1672055731897 28 6199
1672055746527 28 6249
1672055765167 28 6292
1672055768333 29 6292
1672055771022 29 6299
1672055785373 29 6349
1672055799716 29 6399
1672055814061 29 6449
1672055828395 29 6499
1672055837640 29 6509
1672055840784 30 6509
1672055852903 30 6549
1672055867343 30 6599
1672055881955 30 6649
1672055896265 30 6699
1672055910134 30 6726
1672055913256 31 6726
1672055920481 31 6749
1672055934859 31 6799
1672055949137 31 6849
1672055963607 31 6899
1672055982488 31 6943
1672055985677 32 6943
1672055988145 32 6949
1672056002701 32 6999
1672056017135 32 7049
1672056031406 32 7099
1672056045652 32 7149
1672056055131 32 7160
1672056058386 33 7160
1672056070225 33 7199
1672056084517 33 7249
1672056098964 33 7299
1672056113207 33 7349
1672056127805 33 7377
1672056130997 34 7377
1672056137974 34 7399
1672056152297 34 7449
1672056166706 34 7499
1672056180996 34 7549
1672056200140 34 7594
1672056203297 35 7594
1672056205555 35 7599
1672056219806 35 7649
1672056234173 35 7699
1672056248597 35 7749
1672056262912 35 7799
1672056272832 35 7811
1672056276030 36 7811
1672056287607 36 7849
1672056301879 36 7899
1672056316277 36 7949
1672056330527 36 7999
1672056345228 36 8028
1672056348342 37 8028
1672056355002 37 8049
1672056369303 37 8099
1672056383860 37 8149
1672056398200 37 8199
1672056417741 37 8245
1672056420922 38 8245
1672056422786 38 8249
1672056437091 38 8299
1672056451528 38 8349
1672056465950 38 8399
1672056480248 38 8449
1672056490548 38 8462
1672056493658 39 8462
1672056504992 39 8499
1672056519410 39 8549
1672056533792 39 8599
1672056548107 39 8649
1672056563393 39 8679
1672056566517 40 8679
1672056572850 40 8699
1672056587266 40 8749
1672056601524 40 8799
1672056615786 40 8849
1672056635755 40 8896
1672056638878 41 8896
1672056640404 41 8899
1672056654788 41 8949
1672056669105 41 8999
1672056683354 41 9049
1672056697935 41 9099
1672056708232 41 9113
1672056711412 42 9113
1672056722447 42 9149
1672056736697 42 9199
1672056750896 42 9249
1672056765259 42 9299
1672056780453 42 9330
1672056783688 43 9330
1672056789788 43 9349
1672056804165 43 9399
1672056818443 43 9449
1672056832757 43 9499
1672056852819 43 9547
1672056855970 44 9547
1672056857230 44 9549
1672056871540 44 9599
1672056885827 44 9649
1672056900131 44 9699
1672056914548 44 9749
1672056925215 44 9764
1672056928404 45 9764
1672056939456 45 9799
1672056953834 45 9849
1672056968117 45 9899
1672056982428 45 9949
1672056997998 45 9981
1672057001099 46 9981
1672057006929 46 9999
1672057021254 46 10049
1672057035557 46 10099
1672057049993 46 10149
1672057070458 46 10198
1672057073604 47 10198
1672057074579 47 10199
1672057088867 47 10249
1672057103153 47 10299
1672057117457 47 10349
1672057131917 47 10399
1672057142786 47 10415
1672057145860 48 10415
1672057156311 48 10449
1672057170740 48 10499
1672057185207 48 10549
1672057200062 48 10599
1672057215819 48 10632
1672057218979 49 10632
1672057224512 49 10649
1672057238831 49 10699
1672057253134 49 10749
1672057267461 49 10799
1672057281538 49 10849
1672057288028 49 10849
1672057291186 50 10849
1672057306203 50 10899
1672057320621 50 10949
1672057335009 50 10999
1672057349228 50 11049
1672057360392 50 11066
1672057363551 51 11066
1672057373625 51 11099
1672057387941 51 11149
1672057402426 51 11199
1672057416745 51 11249
1672057432689 51 11283
1672057435846 52 11283
1672057441244 52 11299
1672057455541 52 11349
1672057469787 52 11399
1672057484268 52 11449
1672057498515 52 11499
1672057505297 52 11500
1672057508510 53 11500
1672057523161 53 11549
1672057537382 53 11599
1672057551730 53 11649
1672057566126 53 11699
1672057577517 53 11717
1672057580673 54 11717
1672057590609 54 11749
1672057604876 54 11799
1672057619155 54 11849
1672057633437 54 11899
1672057649740 54 11934
1672057652985 55 11934
1672057657942 55 11949
1672057672274 55 11999
1672057686754 55 12049
1672057701038 55 12099
1672057715462 55 12149
1672057722382 55 12151
1672057725537 56 12151
1672057740204 56 12199
1672057754547 56 12249
1672057768891 56 12299
1672057783251 56 12349
1672057794989 56 12368
1672057798232 57 12368
1672057807774 57 12399
1672057822236 57 12449
1672057836646 57 12499
1672057850938 57 12549
1672057867601 57 12585
1672057870760 58 12585
1672057875408 58 12599
1672057889687 58 12649
1672057904116 58 12699
1672057918398 58 12749
1672057932729 58 12799
1672057940095 58 12802
1672057943256 59 12802
1672057957517 59 12849
1672057972090 59 12899
1672057986383 59 12949
1672058000833 59 12999
1672058013024 59 13019
1672058016209 60 13019
1672058025490 60 13049
1672058039945 60 13099
1672058054218 60 13149
1672058068672 60 13199
1672058085408 60 13236
1672058088623 61 13236
1672058093201 61 13249
1672058107421 61 13299
1672058121817 61 13349
1672058136056 61 13399
1672058150305 61 13449
1672058158108 61 13453
1672058161268 62 13453
1672058175088 62 13499
1672058189365 62 13549
1672058203782 62 13599
1672058218224 62 13649
1672058230613 62 13670
1672058233824 63 13670
1672058242820 63 13699
1672058257254 63 13749
1672058271738 63 13799
1672058286272 63 13849
1672058303445 63 13887
1672058306615 64 13887
1672058310658 64 13899
1672058324907 64 13949
1672058339361 64 13999
1672058353648 64 14049
1672058368086 64 14099
1672058375902 64 14104
1672058379098 65 14104
1672058392814 65 14149
1672058407313 65 14199
1672058421628 65 14249
1672058435962 65 14299
1672058448590 65 14321
1672058451930 66 14321
1672058460649 66 14349
1672058475088 66 14399
1672058489362 66 14449
1672058503780 66 14499
1672058521434 66 14538
1672058524638 67 14538
1672058528507 67 14549
1672058542931 67 14599
1672058557223 67 14649
1672058571516 67 14699
1672058585847 67 14749
1672058593652 67 14755
1672058596842 68 14755
1672058610088 68 14799
1672058624392 68 14849
1672058638877 68 14899
1672058653380 68 14949
1672058666185 68 14972
1672058669451 69 14972
1672058677853 69 14999
1672058692260 69 15049
1672058706521 69 15099
1672058720817 69 15149
1672058738472 69 15189
1672058741648 70 15189
1672058745251 70 15199
1672058759847 70 15249
1672058774311 70 15299
1672058788623 70 15349
1672058803078 70 15399
1672058811341 70 15406
1672058814542 71 15406
1672058827469 71 15449
1672058841737 71 15499
1672058856008 71 15549
1672058870338 71 15599
1672058883489 71 15623
1672058886602 72 15623
1672058894858 72 15649
1672058909291 72 15699
1672058923772 72 15749
1672058938071 72 15799
1672058956226 72 15840
1672058959466 73 15840
1672058962711 73 15849
1672058977014 73 15899
1672058991356 73 15949
1672059005678 73 15999
1672059020026 73 16049
1672059028533 73 16057
1672059031688 74 16057
1672059044986 74 16099
1672059059511 74 16149
1672059073934 74 16199
1672059088316 74 16249
1672059101661 74 16274
1672059104838 75 16274
1672059112735 75 16299
1672059127034 75 16349
1672059141316 75 16399
1672059155716 75 16449
1672059174414 75 16491
1672059177568 76 16491
1672059180529 76 16499
1672059194843 76 16549
1672059209189 76 16599
1672059223468 76 16649
1672059237763 76 16699
1672059246616 76 16708
1672059249839 77 16708
1672059262276 77 16749
1672059276570 77 16799
1672059291198 77 16849
1672059305525 77 16899
1672059319451 77 16925
1672059322518 78 16925
1672059330040 78 16949
1672059344383 78 16999
1672059358653 78 17049
1672059372976 78 17099
1672059391494 78 17142
1672059394698 79 17142
1672059397391 79 17149
1672059411735 79 17199
1672059426229 79 17249
1672059440598 79 17299
1672059455038 79 17349
1672059464417 79 17359
1672059467585 80 17359
1672059479700 80 17399
1672059493950 80 17449
1672059508208 80 17499
1672059522473 80 17549
1672059536626 80 17576
1672059539992 81 17576
1672059547245 81 17599
1672059561485 81 17649
1672059575996 81 17699
1672059590340 81 17749
1672059609205 81 17793
1672059612356 82 17793
1672059614786 82 17799
1672059628977 82 17849
1672059643163 82 17899
1672059657376 82 17949
1672059671867 82 17999
1672059681327 82 18010
1672059684417 83 18010
1672059696165 83 18049
1672059710561 83 18099
1672059725073 83 18149
1672059739297 83 18199
1672059753405 83 18227
1672059756491 84 18227
1672059763407 84 18249
1672059777674 84 18299
1672059792046 84 18349
1672059806375 84 18399
1672059825719 84 18444
1672059828923 85 18444
1672059831064 85 18449
1672059845587 85 18499
1672059859873 85 18549
1672059874116 85 18599
1672059888379 85 18649
1672059898300 85 18661
1672059901487 86 18661
1672059913006 86 18699
1672059927220 86 18749
1672059941453 86 18799
1672059955717 86 18849
1672059970618 86 18878
1672059973773 87 18878
1672059980441 87 18899
1672059994831 87 18949
1672060009125 87 18999
1672060023419 87 19049
1672060042792 87 19095
1672060045903 88 19095
1672060047755 88 19099
1672060062040 88 19149
1672060076381 88 19199
1672060090832 88 19249
1672060105380 88 19299
1672060115386 88 19312
1672060118512 89 19312
1672060129742 89 19349
1672060144196 89 19399
1672060158523 89 19449
1672060172891 89 19499
1672060187733 89 19529
1672060190910 90 19529
1672060197306 90 19549
1672060211687 90 19599
1672060225922 90 19649
1672060240146 90 19699
1672060305331 90 19746
1672060308502 91 19746
1672060310328 91 19749
1672060325007 91 19799
1672060339357 91 19849
1672060353732 91 19899
1672060368107 91 19949
1672060378358 91 19963
1672060381492 92 19963
1672060392431 92 19999
1672060406813 92 20049
1672060421053 92 20099
1672060435272 92 20149
1672060450548 92 20180
1672060453817 93 20180
1672060459900 93 20199
1672060474288 93 20249
1672060488656 93 20299
1672060502897 93 20349
1672060522828 93 20397
1672060525988 94 20397
1672060527269 94 20399
1672060541555 94 20449
1672060555801 94 20499
1672060570043 94 20549
1672060584386 94 20599
1672060595003 94 20614
1672060598179 95 20614
1672060608914 95 20649
1672060623453 95 20699
1672060637714 95 20749
1672060652111 95 20799
1672060667621 95 20831
1672060670729 96 20831
1672060676559 96 20849
1672060690937 96 20899
1672060705211 96 20949
1672060719529 96 20999
1672060739921 96 21048
1672060743155 97 21048
1672060744096 97 21049
1672060758584 97 21099
1672060772913 97 21149
1672060787390 97 21199
1672060801657 97 21249
1672060812466 97 21265
1672060815514 98 21265
1672060825910 98 21299
1672060840286 98 21349
1672060854632 98 21399
1672060868950 98 21449
1672060884959 98 21482
1672060888204 99 21482
1672060893841 99 21499
1672060908368 99 21549
1672060922642 99 21599
1672060936883 99 21649
1672060950917 99 21699
1672060957376 99 21699
1672060960552 100 21699
1672060975472 100 21749
1672060989747 100 21799
1672061003994 100 21849
1672061018384 100 21899
1672061029671 100 21916
1672061032812 101 21916
1672061043081 101 21949
1672061057377 101 21999
1672061071815 101 22049
1672061086109 101 22099
1672061102231 101 22133
1672061105414 102 22133
1672061110702 102 22149
1672061124996 102 22199
1672061139409 102 22249
1672061153696 102 22299
1672061167969 102 22349
1672061174612 102 22350
1672061177780 103 22350
1672061192770 103 22399
1672061207056 103 22449
1672061221292 103 22499
1672061235538 103 22549
1672061246855 103 22567
1672061250108 104 22567
1672061259962 104 22599
1672061274306 104 22649
1672061288819 104 22699
1672061303493 104 22749
1672061319943 104 22784
1672061323165 105 22784
1672061328103 105 22799
1672061342549 105 22849
1672061356900 105 22899
1672061371216 105 22949
1672061385524 105 22999
1672061392462 105 23001
1672061395623 106 23001
1672061410046 106 23049
1672061424717 106 23099
1672061439051 106 23149
1672061453645 106 23199
1672061465384 106 23218
1672061468554 107 23218
1672061478085 107 23249
1672061492381 107 23299
1672061506620 107 23349
1672061520835 107 23399
1672061537567 107 23435
1672061540608 108 23435
1672061545322 108 23449
1672061559639 108 23499
1672061574061 108 23549
1672061588650 108 23599
1672061603180 108 23649
1672061610364 108 23652
1672061613472 109 23652
1672061627618 109 23699
1672061641999 109 23749
1672061656348 109 23799
1672061670814 109 23849
1672061682860 109 23869
1672061685989 110 23869
1672061695251 110 23899
1672061710007 110 23949
1672061724268 110 23999
1672061738545 110 24049
1672061755648 110 24086
1672061758862 111 24086
1672061763271 111 24099
1672061777500 111 24149
1672061791738 111 24199
1672061806122 111 24249
1672061820492 111 24299
1672061828390 111 24303
1672061831563 112 24303
1672061845375 112 24349
1672061859704 112 24399
1672061874046 112 24449
1672061888360 112 24499
1672061900623 112 24520
1672061903805 113 24520
1672061912774 113 24549
1672061927201 113 24599
1672061941692 113 24649
1672061956254 113 24699
1672061973345 113 24737
1672061976449 114 24737
1672061980544 114 24749
1672061994996 114 24799
1672062009262 114 24849
1672062023679 114 24899
1672062037939 114 24949
1672062045756 114 24954
1672062048946 115 24954
1672062062476 115 24999
1672062076895 115 25049
1672062091173 115 25099
1672062105691 115 25149
1672062118408 115 25171
1672062121581 116 25171
1672062130250 116 25199
1672062144505 116 25249
1672062158745 116 25299
1672062172995 116 25349
1672062190428 116 25388
1672062193691 117 25388
1672062197512 117 25399
1672062212079 117 25449
1672062226406 117 25499
1672062240831 117 25549
1672062255191 117 25599
1672062263231 117 25605
1672062266349 118 25605
1672062279633 118 25649
1672062293969 118 25699
1672062308261 118 25749
1672062322591 118 25799
1672062335478 118 25822
1672062338731 119 25822
1672062347361 119 25849
1672062361767 119 25899
1672062375994 119 25949
1672062390389 119 25999
1672062407989 119 26039
1672062411043 120 26039
1672062414597 120 26049
1672062428934 120 26099
1672062443199 120 26149
1672062457610 120 26199
1672062472007 120 26249
1672062480401 120 26256
1672062483659 121 26256
1672062496688 121 26299
1672062511133 121 26349
1672062525536 121 26399
1672062539825 121 26449
1672062552903 121 26473
1672062556048 122 26473
1672062564186 122 26499
1672062578669 122 26549
1672062593236 122 26599
1672062607598 122 26649
1672062625635 122 26690
1672062628748 123 26690
1672062631981 123 26699
1672062646379 123 26749
1672062660611 123 26799
1672062674822 123 26849
1672062689057 123 26899
1672062697742 123 26907
1672062700861 124 26907
1672062713500 124 26949
1672062728088 124 26999
1672062742344 124 27049
1672062756790 124 27099
1672062770176 124 27124
1672062773384 125 27124
1672062781276 125 27149
1672062795803 125 27199
1672062810129 125 27249
1672062824510 125 27299
1672062842893 125 27341
1672062846030 126 27341
1672062849001 126 27349
1672062863382 126 27399
1672062877979 126 27449
1672062892339 126 27499
1672062906784 126 27549
1672062915579 126 27558
1672062918756 127 27558
1672062931354 127 27599
1672062945687 127 27649
1672062960089 127 27699
1672062974378 127 27749
1672062988120 127 27775
1672062991230 128 27775
1672062998820 128 27799
1672063013203 128 27849
1672063027469 128 27899
1672063041756 128 27949
1672063060449 128 27992
1672063063648 129 27992
1672063066360 129 27999
1672063080629 129 28049
1672063095074 129 28099
1672063109330 129 28149
1672063123612 129 28199
1672063132927 129 28209
1672063136120 130 28209
1672063148280 130 28249
1672063162573 130 28299
1672063177024 130 28349
1672063191364 130 28399
1672063205458 130 28426
1672063208688 131 28426
1672063216051 131 28449
1672063230265 131 28499
1672063244492 131 28549
1672063258700 131 28599
1672063277513 131 28643
1672063280686 132 28643
1672063283132 132 28649
1672063297547 132 28699
1672063311966 132 28749
1672063326268 132 28799
1672063340710 132 28849
1672063350406 132 28860
1672063353650 133 28860
1672063365487 133 28899
1672063379768 133 28949
1672063394068 133 28999
1672063408341 133 29049
1672063422996 133 29077
1672063426214 134 29077
1672063433237 134 29099
1672063447734 134 29149
1672063462190 134 29199
1672063476479 134 29249
1672063495812 134 29294
1672063498980 135 29294
1672063501136 135 29299
1672063515539 135 29349
1672063529880 135 29399
1672063544228 135 29449
1672063558691 135 29499
1672063568497 135 29511
1672063571619 136 29511
1672063583152 136 29549
1672063597423 136 29599
1672063611879 136 29649
1672063626155 136 29699
1672063640743 136 29728
1672063643870 137 29728
1672063650557 137 29749
1672063664857 137 29799
1672063679195 137 29849
1672063693507 137 29899
1672063713491 137 29945
1672063716610 138 29945
1672063718409 138 29949
1672063732954 138 29999
1672063747263 138 30049
1672063761553 138 30099
1672063775853 138 30149
1672063785792 138 30162
1672063788975 139 30162
1672063800217 139 30199
1672063814531 139 30249
1672063828808 139 30299
1672063843209 139 30349
1672063858538 139 30379
1672063861707 140 30379
1672063868131 140 30399
1672063882548 140 30449
1672063896837 140 30499
1672063911123 140 30549
1672063930886 140 30596
1672063934067 141 30596
1672063935623 141 30599
1672063949866 141 30649
1672063964398 141 30699
1672063978656 141 30749
1672063993056 141 30799
1672064003249 141 30813
1672064006450 142 30813
1672064017717 142 30849
1672064031977 142 30899
1672064046257 142 30949
1672064060502 142 30999
1672064075687 142 31030
1672064078932 143 31030
1672064085095 143 31049
1672064099489 143 31099
1672064113859 143 31149
1672064128065 143 31199
1672064148267 143 31247
1672064151482 144 31247
1672064152704 144 31249
1672064167019 144 31299
1672064181330 144 31349
1672064195557 144 31399
1672064209781 144 31449
1672064220259 144 31464
1672064223441 145 31464
1672064234336 145 31499
1672064248668 145 31549
1672064263110 145 31599
1672064277487 145 31649
1672064293222 145 31681
1672064296412 146 31681
1672064302264 146 31699
1672064316584 146 31749
1672064330848 146 31799
1672064345180 146 31849
1672064365663 146 31898
1672064368793 147 31898
1672064369686 147 31899
1672064384177 147 31949
1672064398423 147 31999
1672064412681 147 32049
1672064427068 147 32099
1672064438064 147 32115
1672064441246 148 32115
1672064451599 148 32149
1672064465803 148 32199
1672064480029 148 32249
1672064494222 148 32299
1672064510320 148 32332
1672064513487 149 32332
1672064519226 149 32349
1672064533516 149 32399
1672064547742 149 32449
1672064562107 149 32499
1672064576142 149 32549
1672064582887 149 32549
1672064585893 150 32549
