1672053738071 0.0 216
1672053809508 0.0 433
1672053881523 0.0 650
1672053953440 0.0 867
1672054025746 0.0 1084
1672054097632 0.0 1301
1672054169825 0.0 1518
1672054241842 0.0 1735
1672054315000 0.0 1952
1672054387326 0.0 2169
1672054459518 0.0 2386
1672054532095 0.0 2603
1672054604338 0.0 2820
1672054677085 0.0 3037
1672054749537 0.0 3254
1672054822301 0.0 3471
1672054894721 0.0 3688
1672054966968 0.0 3905
1672055039498 0.0 4122
1672055112025 0.0 4339
1672055184429 0.0 4556
1672055256882 0.0 4773
1672055328975 0.0 4990
1672055401927 0.0 5207
1672055474243 0.0 5424
1672055547066 0.0 5641
1672055619759 0.0 5858
1672055692184 0.0 6075
1672055765167 0.0 6292
1672055837640 0.0 6509
1672055910134 0.0 6726
1672055982488 0.0 6943
1672056055131 0.0 7160
1672056127805 0.0 7377
1672056200140 0.0 7594
1672056272832 0.0 7811
1672056345228 0.0 8028
1672056417741 0.0 8245
1672056490548 0.0 8462
1672056563393 0.0 8679
1672056635755 0.0 8896
1672056708232 0.0 9113
1672056780453 0.0 9330
1672056852819 0.0 9547
1672056925215 0.0 9764
1672056997998 0.0 9981
1672057070458 0.0 10198
1672057142786 0.0 10415
1672057215819 0.0 10632
1672057288028 0.0 10849
1672057360392 0.0 11066
1672057432689 0.0 11283
1672057505297 0.0 11500
1672057577517 0.0 11717
1672057649740 0.0 11934
1672057722382 0.0 12151
1672057794989 0.0 12368
1672057867601 0.0 12585
1672057940095 0.0 12802
1672058013024 0.5 13019
1672058085408 0.0 13236
1672058158108 0.0 13453
1672058230613 0.25 13670
1672058303445 0.0 13887
1672058375902 0.25 14104
1672058448590 1.0 14321
1672058521434 0.0 14538
1672058593652 0.0 14755
1672058666185 0.0 14972
1672058738472 0.25 15189
1672058811341 0.0 15406
1672058883489 0.0 15623
1672058956226 0.0 15840
1672059028533 0.25 16057
1672059101661 0.0 16274
1672059174414 0.0 16491
1672059246616 1.0 16708
1672059319451 0.0 16925
1672059391494 0.0 17142
1672059464417 0.0 17359
1672059536626 0.5 17576
1672059609205 0.25 17793
1672059681327 0.0 18010
1672059753405 0.5 18227
1672059825719 0.5 18444
1672059898300 1.0 18661
1672059970618 0.5 18878
1672060042792 0.5 19095
1672060115386 0.25 19312
1672060187733 0.0 19529
1672060305331 0.5 19746
1672060378358 0.5 19963
1672060450548 0.5 20180
1672060522828 1.25 20397
1672060595003 1.0 20614
1672060667621 0.0 20831
1672060739921 0.0 21048
1672060812466 0.0 21265
1672060884959 0.0 21482
1672060957376 0.0 21699
1672061029671 0.5 21916
1672061102231 1.0 22133
1672061174612 1.25 22350
1672061246855 1.0 22567
1672061319943 1.0 22784
1672061392462 0.0 23001
1672061465384 0.5 23218
1672061537567 1.0 23435
1672061610364 0.0 23652
1672061682860 0.0 23869
1672061755648 1.0 24086
1672061828390 0.0 24303
1672061900623 0.75 24520
1672061973345 0.0 24737
1672062045756 1.0 24954
1672062118408 0.5 25171
1672062190428 0.0 25388
1672062263231 0.0 25605
1672062335478 0.0 25822
1672062407989 0.0 26039
1672062480401 0.0 26256
1672062552903 0.0 26473
1672062625635 0.0 26690
1672062697742 0.5 26907
1672062770176 0.5 27124
1672062842893 1.0 27341
1672062915579 1.0 27558
1672062988120 0.5 27775
1672063060449 0.0 27992
1672063132927 0.25 28209
1672063205458 1.25 28426
1672063277513 0.5 28643
1672063350406 0.0 28860
1672063422996 0.5 29077
1672063495812 1.25 29294
1672063568497 0.5 29511
1672063640743 0.5 29728
1672063713491 0.0 29945
1672063785792 0.5 30162
1672063858538 0.5 30379
1672063930886 0.0 30596
1672064003249 1.25 30813
1672064075687 0.5 31030
1672064148267 0.5 31247
1672064220259 0.25 31464
1672064293222 0.5 31681
1672064365663 0.5 31898
1672064438064 1.25 32115
1672064510320 0.25 32332
1672064582887 0.25 32549
