1672053740995 0.7659043073654175 216
1672053812754 0.7921966314315796 433
1672053884686 0.7913569808006287 650
1672053956582 0.7909441590309143 867
1672054028876 0.7980540990829468 1084
1672054100767 0.7830058336257935 1301
1672054172963 0.7776493430137634 1518
1672054245036 0.7737957835197449 1735
1672054318180 0.7882440090179443 1952
1672054390511 0.7924857139587402 2169
1672054462721 0.7838425636291504 2386
1672054535221 0.7958768010139465 2603
1672054607585 0.7778007984161377 2820
1672054680237 0.7893257141113281 3037
1672054752680 0.7869530320167542 3254
1672054825448 0.7906633615493774 3471
1672054897832 0.7823232412338257 3688
1672054970210 0.782572329044342 3905
1672055042663 0.788254976272583 4122
1672055115171 0.7925572395324707 4339
1672055187514 0.7893834710121155 4556
1672055260063 0.8030058145523071 4773
1672055332120 0.7761519551277161 4990
1672055405091 0.7922255992889404 5207
1672055477433 0.7868676781654358 5424
1672055550226 0.7864740490913391 5641
1672055622842 0.7888137102127075 5858
1672055695404 0.7811809182167053 6075
1672055768333 0.7985329627990723 6292
1672055840784 0.7877071499824524 6509
1672055913256 0.7942004799842834 6726
1672055985677 0.7769694924354553 6943
1672056058386 0.7950674891471863 7160
1672056130997 0.7907212376594543 7377
1672056203297 0.7906745076179504 7594
1672056276030 0.7865704298019409 7811
1672056348342 0.7886705994606018 8028
1672056420922 0.7920039892196655 8245
1672056493658 0.7796312570571899 8462
1672056566517 0.7878090739250183 8679
1672056638878 0.7801528573036194 8896
1672056711412 0.7709716558456421 9113
1672056783688 0.7879577279090881 9330
1672056855970 0.789009153842926 9547
1672056928404 0.7843918204307556 9764
1672057001099 0.7982892990112305 9981
1672057073604 0.7888440489768982 10198
1672057145860 0.7796614766120911 10415
1672057218979 0.7789788842201233 10632
1672057291186 0.793523371219635 10849
1672057363551 0.7844894528388977 11066
1672057435846 0.7798266410827637 11283
1672057508510 0.7874374985694885 11500
1672057580673 0.7706896066665649 11717
1672057652985 0.7870838046073914 11934
1672057725537 0.7829287648200989 12151
1672057798232 0.7804239392280579 12368
1672057870760 0.7979247570037842 12585
1672057943256 0.7861079573631287 12802
1672058016209 0.7801157236099243 13019
1672058088623 0.8019846677780151 13236
1672058161268 0.79171222448349 13453
1672058233824 0.7965015769004822 13670
1672058306615 0.7836939692497253 13887
1672058379098 0.7924938797950745 14104
1672058451930 0.7843160033226013 14321
1672058524638 0.7909331321716309 14538
1672058596842 0.782283365726471 14755
1672058669451 0.7928792238235474 14972
1672058741648 0.7797303795814514 15189
1672058814542 0.7924938797950745 15406
1672058886602 0.7825434803962708 15623
1672058959466 0.7934243083000183 15840
1672059031688 0.7771759629249573 16057
1672059104838 0.7783787846565247 16274
1672059177568 0.7784655690193176 16491
1672059249839 0.7824567556381226 16708
1672059322518 0.7900290489196777 16925
1672059394698 0.7771373391151428 17142
1672059467585 0.7761244773864746 17359
1672059539992 0.7805973887443542 17576
1672059612356 0.7806551456451416 17793
1672059684417 0.7906773090362549 18010
1672059756491 0.7912689447402954 18227
1672059828923 0.7864355444908142 18444
1672059901487 0.779210090637207 18661
1672059973773 0.7872227430343628 18878
1672060045903 0.7930692434310913 19095
1672060118512 0.788139283657074 19312
1672060190910 0.7720755338668823 19529
1672060308502 0.8070686459541321 19746
1672060381492 0.7818112969398499 19963
1672060453817 0.7934186458587646 20180
1672060525988 0.7891138195991516 20397
1672060598179 0.7851996421813965 20614
1672060670729 0.7747811675071716 20831
1672060743155 0.7932757139205933 21048
1672060815514 0.7696725130081177 21265
1672060888204 0.7885357141494751 21482
1672060960552 0.7708836197853088 21699
1672061032812 0.7949959635734558 21916
1672061105414 0.7901349067687988 22133
1672061177780 0.7868002653121948 22350
1672061250108 0.7901293635368347 22567
1672061323165 0.7941977977752686 22784
1672061395623 0.7856565117835999 23001
1672061468554 0.7966558337211609 23218
1672061540608 0.7787284255027771 23435
1672061613472 0.7864837050437927 23652
1672061685989 0.8051638603210449 23869
1672061758862 0.7916819453239441 24086
1672061831563 0.7807790040969849 24303
1672061903805 0.7884668707847595 24520
1672061976449 0.7889568209648132 24737
1672062048946 0.7851582765579224 24954
1672062121581 0.7836416363716125 25171
1672062193691 0.7808354496955872 25388
1672062266349 0.7908629179000854 25605
1672062338731 0.7891812324523926 25822
1672062411043 0.7924085855484009 26039
1672062483659 0.7824140191078186 26256
1672062556048 0.7833608388900757 26473
1672062628748 0.7898074388504028 26690
1672062700861 0.7949120402336121 26907
1672062773384 0.7955299615859985 27124
1672062846030 0.7819157242774963 27341
1672062918756 0.7850868105888367 27558
1672062991230 0.7991027235984802 27775
1672063063648 0.7853757739067078 27992
1672063136120 0.7748556137084961 28209
1672063208688 0.7850867509841919 28426
1672063280686 0.7943545579910278 28643
1672063353650 0.7870603203773499 28860
1672063426214 0.7878228425979614 29077
1672063498980 0.7894302606582642 29294
1672063571619 0.7880897521972656 29511
1672063643870 0.7871842384338379 29728
1672063716610 0.7943105101585388 29945
1672063788975 0.8007941842079163 30162
1672063861707 0.7766667604446411 30379
1672063934067 0.7902312278747559 30596
1672064006450 0.7841619253158569 30813
1672064078932 0.7773438692092896 31030
1672064151482 0.7815415859222412 31247
1672064223441 0.7943710684776306 31464
1672064296412 0.79119473695755 31681
1672064368793 0.785180389881134 31898
1672064441246 0.7730705142021179 32115
1672064513487 0.780038595199585 32332
1672064585893 0.7835508584976196 32549
