1672053740995 0.6257324814796448 216
1672053812754 0.6452069282531738 433
1672053884686 0.6468252539634705 650
1672053956582 0.6530316472053528 867
1672054028876 0.6551064252853394 1084
1672054100767 0.6425631046295166 1301
1672054172963 0.6382830739021301 1518
1672054245036 0.6341867446899414 1735
1672054318180 0.6427481770515442 1952
1672054390511 0.6503316164016724 2169
1672054462721 0.6431722640991211 2386
1672054535221 0.6540432572364807 2603
1672054607585 0.6440466642379761 2820
1672054680237 0.6485786437988281 3037
1672054752680 0.6526088714599609 3254
1672054825448 0.6513050198554993 3471
1672054897832 0.6482776999473572 3688
1672054970210 0.6491472125053406 3905
1672055042663 0.6590536832809448 4122
1672055115171 0.6583648324012756 4339
1672055187514 0.6599617600440979 4556
1672055260063 0.6608536243438721 4773
1672055332120 0.6552823781967163 4990
1672055405091 0.6620550155639648 5207
1672055477433 0.6593728065490723 5424
1672055550226 0.6597633957862854 5641
1672055622842 0.657468318939209 5858
1672055695404 0.6609485745429993 6075
1672055768333 0.6744852066040039 6292
1672055840784 0.6663740873336792 6509
1672055913256 0.6710027456283569 6726
1672055985677 0.6635861396789551 6943
1672056058386 0.669840395450592 7160
1672056130997 0.6666178703308105 7377
1672056203297 0.6641051173210144 7594
1672056276030 0.6677595376968384 7811
1672056348342 0.6703046560287476 8028
1672056420922 0.6693496108055115 8245
1672056493658 0.6687110662460327 8462
1672056566517 0.6702403426170349 8679
1672056638878 0.6654970049858093 8896
1672056711412 0.6570013165473938 9113
1672056783688 0.6710715889930725 9330
1672056855970 0.6738379597663879 9547
1672056928404 0.6668795943260193 9764
1672057001099 0.6787927746772766 9981
1672057073604 0.6726499795913696 10198
1672057145860 0.674441933631897 10415
1672057218979 0.66612708568573 10632
1672057291186 0.6782039999961853 10849
1672057363551 0.6741260886192322 11066
1672057435846 0.6671441793441772 11283
1672057508510 0.6761232018470764 11500
1672057580673 0.6635711789131165 11717
1672057652985 0.6743132472038269 11934
1672057725537 0.6711395978927612 12151
1672057798232 0.6742219924926758 12368
1672057870760 0.6892346739768982 12585
1672057943256 0.6737985610961914 12802
1672058016209 0.6711127758026123 13019
1672058088623 0.6874628663063049 13236
1672058161268 0.6761460304260254 13453
1672058233824 0.6863147616386414 13670
1672058306615 0.674604594707489 13887
1672058379098 0.6829487085342407 14104
1672058451930 0.6752406358718872 14321
1672058524638 0.6832634806632996 14538
1672058596842 0.6720232963562012 14755
1672058669451 0.6811058521270752 14972
1672058741648 0.6733589768409729 15189
1672058814542 0.6777141094207764 15406
1672058886602 0.6831228137016296 15623
1672058959466 0.6865996718406677 15840
1672059031688 0.6698086261749268 16057
1672059104838 0.6700032949447632 16274
1672059177568 0.6739614605903625 16491
1672059249839 0.6746829152107239 16708
1672059322518 0.6828714609146118 16925
1672059394698 0.6735144853591919 17142
1672059467585 0.6786194443702698 17359
1672059539992 0.6771841645240784 17576
1672059612356 0.6745448708534241 17793
1672059684417 0.6838470697402954 18010
1672059756491 0.6893767714500427 18227
1672059828923 0.6843169927597046 18444
1672059901487 0.6709330081939697 18661
1672059973773 0.6859909892082214 18878
1672060045903 0.6824994683265686 19095
1672060118512 0.684925377368927 19312
1672060190910 0.6747558116912842 19529
1672060308502 0.7017142176628113 19746
1672060381492 0.6783117651939392 19963
1672060453817 0.6920503377914429 20180
1672060525988 0.6831495761871338 20397
1672060598179 0.6778956055641174 20614
1672060670729 0.6708532571792603 20831
1672060743155 0.6931062936782837 21048
1672060815514 0.6726504564285278 21265
1672060888204 0.6878867149353027 21482
1672060960552 0.6748122572898865 21699
1672061032812 0.692425549030304 21916
1672061105414 0.6868078708648682 22133
1672061177780 0.6788741946220398 22350
1672061250108 0.6845715045928955 22567
1672061323165 0.6874757409095764 22784
1672061395623 0.681641161441803 23001
1672061468554 0.6920515894889832 23218
1672061540608 0.6813027262687683 23435
1672061613472 0.687984049320221 23652
1672061685989 0.7032158970832825 23869
1672061758862 0.6905947923660278 24086
1672061831563 0.6807058453559875 24303
1672061903805 0.6870034337043762 24520
1672061976449 0.6841849088668823 24737
1672062048946 0.6861156225204468 24954
1672062121581 0.6805779933929443 25171
1672062193691 0.6816017627716064 25388
1672062266349 0.6889029145240784 25605
1672062338731 0.6841717958450317 25822
1672062411043 0.6891312003135681 26039
1672062483659 0.6821033358573914 26256
1672062556048 0.6894397735595703 26473
1672062628748 0.689055323600769 26690
1672062700861 0.6931610703468323 26907
1672062773384 0.6949389576911926 27124
1672062846030 0.6781085133552551 27341
1672062918756 0.6809474229812622 27558
1672062991230 0.6905665993690491 27775
1672063063648 0.6889669895172119 27992
1672063136120 0.6778708100318909 28209
1672063208688 0.6861168146133423 28426
1672063280686 0.6924948692321777 28643
1672063353650 0.685208261013031 28860
1672063426214 0.6875495910644531 29077
1672063498980 0.6891114711761475 29294
1672063571619 0.690369188785553 29511
1672063643870 0.6898966431617737 29728
1672063716610 0.6967659592628479 29945
1672063788975 0.6970924139022827 30162
1672063861707 0.6767404079437256 30379
1672063934067 0.689820408821106 30596
1672064006450 0.6861118078231812 30813
1672064078932 0.6814142465591431 31030
1672064151482 0.6838890314102173 31247
1672064223441 0.6964364647865295 31464
1672064296412 0.6920185685157776 31681
1672064368793 0.686928927898407 31898
1672064441246 0.675767719745636 32115
1672064513487 0.6847146153450012 32332
1672064585893 0.6849676966667175 32549
