1672053740995 0.5737146139144897 216
1672053812754 0.5914602875709534 433
1672053884686 0.5905147194862366 650
1672053956582 0.6034227609634399 867
1672054028876 0.6031901240348816 1084
1672054100767 0.5898595452308655 1301
1672054172963 0.5847756266593933 1518
1672054245036 0.5814793705940247 1735
1672054318180 0.594027042388916 1952
1672054390511 0.598270058631897 2169
1672054462721 0.5900962948799133 2386
1672054535221 0.6026396155357361 2603
1672054607585 0.5971813797950745 2820
1672054680237 0.5974304676055908 3037
1672054752680 0.6025157570838928 3254
1672054825448 0.6010183095932007 3471
1672054897832 0.6006565093994141 3688
1672054970210 0.59969162940979 3905
1672055042663 0.6115661263465881 4122
1672055115171 0.6106716394424438 4339
1672055187514 0.6131268739700317 4556
1672055260063 0.6106083393096924 4773
1672055332120 0.6122570633888245 4990
1672055405091 0.6163638234138489 5207
1672055477433 0.6138383746147156 5424
1672055550226 0.6157927513122559 5641
1672055622842 0.6129149794578552 5858
1672055695404 0.6203151345252991 6075
1672055768333 0.6274773478507996 6292
1672055840784 0.623803973197937 6509
1672055913256 0.6310252547264099 6726
1672055985677 0.6244425773620605 6943
1672056058386 0.6292498707771301 7160
1672056130997 0.6238659620285034 7377
1672056203297 0.6211725473403931 7594
1672056276030 0.6285907030105591 7811
1672056348342 0.6325488686561584 8028
1672056420922 0.6269858479499817 8245
1672056493658 0.632214367389679 8462
1672056566517 0.6357899308204651 8679
1672056638878 0.6275529861450195 8896
1672056711412 0.6198568344116211 9113
1672056783688 0.6302339434623718 9330
1672056855970 0.636610209941864 9547
1672056928404 0.6282382607460022 9764
1672057001099 0.641156017780304 9981
1672057073604 0.6366391777992249 10198
1672057145860 0.642130434513092 10415
1672057218979 0.6303372383117676 10632
1672057291186 0.6394852995872498 10849
1672057363551 0.6377580165863037 11066
1672057435846 0.6296200156211853 11283
1672057508510 0.6454087495803833 11500
1672057580673 0.6269143223762512 11717
1672057652985 0.6390353441238403 11934
1672057725537 0.6331200003623962 12151
1672057798232 0.6395237445831299 12368
1672057870760 0.6536540389060974 12585
1672057943256 0.6362469792366028 12802
1672058016209 0.6365399360656738 13019
1672058088623 0.6520768404006958 13236
1672058161268 0.6389209628105164 13453
1672058233824 0.6530348062515259 13670
1672058306615 0.6403262615203857 13887
1672058379098 0.6507954597473145 14104
1672058451930 0.6406731009483337 14321
1672058524638 0.6481530666351318 14538
1672058596842 0.6366006135940552 14755
1672058669451 0.6469144225120544 14972
1672058741648 0.6437392830848694 15189
1672058814542 0.6423369646072388 15406
1672058886602 0.6577455997467041 15623
1672058959466 0.6526272892951965 15840
1672059031688 0.6382080912590027 16057
1672059104838 0.636661171913147 16274
1672059177568 0.6418414115905762 16491
1672059249839 0.6416845917701721 16708
1672059322518 0.6505725383758545 16925
1672059394698 0.6440049409866333 17142
1672059467585 0.6501169800758362 17359
1672059539992 0.6470493078231812 17576
1672059612356 0.6423589587211609 17793
1672059684417 0.651202917098999 18010
1672059756491 0.6572694778442383 18227
1672059828923 0.6492623686790466 18444
1672059901487 0.6412400007247925 18661
1672059973773 0.6566612124443054 18878
1672060045903 0.6443518996238708 19095
1672060118512 0.651174008846283 19312
1672060190910 0.642086386680603 19529
1672060308502 0.6730855703353882 19746
1672060381492 0.6480594873428345 19963
1672060453817 0.6633361577987671 20180
1672060525988 0.6514960527420044 20397
1672060598179 0.6430346369743347 20614
1672060670729 0.6367189884185791 20831
1672060743155 0.6648733615875244 21048
1672060815514 0.6430774331092834 21265
1672060888204 0.6609194278717041 21482
1672060960552 0.6436361074447632 21699
1672061032812 0.6677456498146057 21916
1672061105414 0.6558959484100342 22133
1672061177780 0.6452752947807312 22350
1672061250108 0.6548885107040405 22567
1672061323165 0.6545403003692627 22784
1672061395623 0.6528570652008057 23001
1672061468554 0.6579989194869995 23218
1672061540608 0.653140664100647 23435
1672061613472 0.66217440366745 23652
1672061685989 0.6709771752357483 23869
1672061758862 0.6605821847915649 24086
1672061831563 0.647043764591217 24303
1672061903805 0.6588633060455322 24520
1672061976449 0.6513405442237854 24737
1672062048946 0.655948281288147 24954
1672062121581 0.6487696766853333 25171
1672062193691 0.6505147218704224 25388
1672062266349 0.6629562973976135 25605
1672062338731 0.6543132662773132 25822
1672062411043 0.6566473245620728 26039
1672062483659 0.6531296372413635 26256
1672062556048 0.6651995182037354 26473
1672062628748 0.6581172943115234 26690
1672062700861 0.6680718660354614 26907
1672062773384 0.6643710732460022 27124
1672062846030 0.6452780365943909 27341
1672062918756 0.6529906392097473 27558
1672062991230 0.6552008986473083 27775
1672063063648 0.6603372097015381 27992
1672063136120 0.6486430168151855 28209
1672063208688 0.6575185656547546 28426
1672063280686 0.6626728177070618 28643
1672063353650 0.654537558555603 28860
1672063426214 0.6579328775405884 29077
1672063498980 0.6604239344596863 29294
1672063571619 0.6693062782287598 29511
1672063643870 0.6625887751579285 29728
1672063716610 0.6703660488128662 29945
1672063788975 0.6708711981773376 30162
1672063861707 0.6482149958610535 30379
1672063934067 0.6612359285354614 30596
1672064006450 0.658202588558197 30813
1672064078932 0.6533442735671997 31030
1672064151482 0.6552849411964417 31247
1672064223441 0.6687819361686707 31464
1672064296412 0.6625282168388367 31681
1672064368793 0.6591797471046448 31898
1672064441246 0.6461987495422363 32115
1672064513487 0.6593751311302185 32332
1672064585893 0.6574401259422302 32549
