1672053683720 0.6833333373069763 49
1672053698007 0.5833333730697632 99
1672053712540 0.60317462682724 149
1672053726786 0.7142857313156128 199
1672053751055 0.75 249
1672053765206 0.6166666746139526 299
1672053779374 0.7416666746139526 349
1672053793613 0.6166666746139526 399
1672053817948 0.5833333730697632 449
1672053832189 0.797619104385376 499
1672053846409 0.6138889193534851 549
1672053860613 0.5166666507720947 599
1672053875087 0.6166666746139526 649
1672053899320 0.5476190447807312 699
1672053913587 0.763888955116272 749
1672053927857 0.550000011920929 799
1672053942137 0.32499998807907104 849
1672053966397 0.6666666865348816 899
1672053980672 0.6111111640930176 949
1672053995041 0.5833333730697632 999
1672054009556 0.699999988079071 1049
1672054033823 0.7152777910232544 1099
1672054048189 0.6166666746139526 1149
1672054062473 0.6785714626312256 1199
1672054076702 0.6041666865348816 1249
1672054090996 0.6666666865348816 1299
1672054115130 0.9375 1349
1672054129735 0.6970238089561462 1399
1672054143951 0.6375000476837158 1449
1672054158179 0.6415584683418274 1499
1672054182671 0.7559524178504944 1549
1672054196922 0.6746032238006592 1599
1672054211171 0.7392857074737549 1649
1672054225407 0.3333333432674408 1699
1672054249747 0.4833333492279053 1749
1672054264623 0.6583333611488342 1799
1672054279048 0.8125 1849
1672054293456 0.7749999761581421 1899
1672054307963 0.8583333492279053 1949
1672054332334 0.7416666746139526 1999
1672054346649 0.7470238208770752 2049
1672054360958 0.6388888955116272 2099
1672054375360 0.7559523582458496 2149
1672054399748 0.6583333611488342 2199
1672054413991 0.6428571939468384 2249
1672054428516 0.511904776096344 2299
1672054442731 0.7083333730697632 2349
1672054467125 0.6904762387275696 2399
1672054481426 0.8809524178504944 2449
1672054495881 0.8388888835906982 2499
1672054510180 0.6333333849906921 2549
1672054524748 0.49642854928970337 2599
1672054549023 0.44999998807907104 2649
1672054563455 0.5178571343421936 2699
1672054577732 0.6625000238418579 2749
1672054592021 0.6597222089767456 2799
1672054616584 0.6578283309936523 2849
1672054631026 0.3392857313156128 2899
1672054645570 0.6097222566604614 2949
1672054659911 0.773809552192688 2999
1672054684353 0.7351190447807312 3049
1672054698677 0.5874999761581421 3099
1672054713023 0.6458333730697632 3149
1672054727434 0.6875 3199
1672054741854 0.625 3249
1672054766572 0.5892857313156128 3299
1672054781083 0.6761904954910278 3349
1672054795428 0.5568181872367859 3399
1672054809754 0.36666667461395264 3449
1672054834248 0.8785714507102966 3499
1672054848529 0.949999988079071 3549
1672054862868 0.7083333730697632 3599
1672054877204 0.8785714507102966 3649
1672054901647 0.20000000298023224 3699
1672054916040 0.6666666865348816 3749
1672054930414 0.8928571939468384 3799
1672054944641 0.5138888955116272 3849
1672054958833 0.7000000476837158 3899
1672054983579 0.6642857193946838 3949
1672054998061 0.7208333015441895 3999
1672055012316 0.6000000238418579 4049
1672055026656 0.5267857313156128 4099
1672055051179 0.5928571224212646 4149
1672055065770 0.735119104385376 4199
1672055080097 0.7500000596046448 4249
1672055094412 0.7939394116401672 4299
1672055118726 0.7249999642372131 4349
1672055133072 0.949999988079071 4399
1672055147785 0.5571428537368774 4449
1672055162006 0.7430556416511536 4499
1672055176227 0.5654761791229248 4549
1672055200489 0.6761904954910278 4599
1672055215059 0.7972222566604614 4649
1672055229341 0.7142857313156128 4699
1672055243661 0.5 4749
1672055268180 0.6000000238418579 4799
1672055282608 0.5928571224212646 4849
1672055296821 0.6857143044471741 4899
1672055311012 0.6388888955116272 4949
1672055335401 0.6875 4999
1672055350040 0.5392857193946838 5049
1672055364375 0.523809552192688 5099
1672055378709 0.7833333611488342 5149
1672055393099 0.625 5199
1672055417927 0.7666666507720947 5249
1672055432156 0.7416666746139526 5299
1672055446424 0.798701286315918 5349
1672055460676 0.5833333730697632 5399
1672055485680 0.48571428656578064 5449
1672055499978 0.7416666746139526 5499
1672055514302 0.887499988079071 5549
1672055528649 0.5 5599
1672055553215 0.49761903285980225 5649
1672055567590 0.6666666865348816 5699
1672055581970 0.6484127044677734 5749
1672055596241 0.8017857074737549 5799
1672055610625 0.7285714149475098 5849
1672055635297 0.8041666746139526 5899
1672055649618 0.824999988079071 5949
1672055663888 0.773809552192688 5999
1672055678186 0.523809552192688 6049
1672055703044 0.3222222328186035 6099
1672055717408 0.5267857313156128 6149
1672055731897 0.36666667461395264 6199
1672055746527 0.7777778506278992 6249
1672055771022 0.7420635223388672 6299
1672055785373 0.5416666865348816 6349
1672055799716 0.5821428894996643 6399
1672055814061 0.40833333134651184 6449
1672055828395 0.826388955116272 6499
1672055852903 0.8666666746139526 6549
1672055867343 0.7833333611488342 6599
1672055881955 0.5375000238418579 6649
1672055896265 0.6071428656578064 6699
1672055920481 0.8597221970558167 6749
1672055934859 0.5952380895614624 6799
1672055949137 0.6416666507720947 6849
1672055963607 0.8865079879760742 6899
1672055988145 0.75 6949
1672056002701 0.4375 6999
1672056017135 0.6595238447189331 7049
1672056031406 0.5 7099
1672056045652 0.8500000238418579 7149
1672056070225 0.8214285969734192 7199
1672056084517 0.690079391002655 7249
1672056098964 0.625 7299
1672056113207 0.8392857313156128 7349
1672056137974 0.7416666746139526 7399
1672056152297 0.6791666746139526 7449
1672056166706 0.3303571343421936 7499
1672056180996 0.6439393758773804 7549
1672056205555 0.5976190567016602 7599
1672056219806 0.7833333611488342 7649
1672056234173 0.6726190447807312 7699
1672056248597 0.2916666865348816 7749
1672056262912 0.5357142686843872 7799
1672056287607 0.4333333373069763 7849
1672056301879 0.7250000238418579 7899
1672056316277 0.5684524178504944 7949
1672056330527 0.6666666269302368 7999
1672056355002 0.7972222566604614 8049
1672056369303 0.5809524059295654 8099
1672056383860 0.7416666746139526 8149
1672056398200 0.824999988079071 8199
1672056422786 0.5083333253860474 8249
1672056437091 0.7559524178504944 8299
1672056451528 0.8166666626930237 8349
1672056465950 0.4642857313156128 8399
1672056480248 0.5305556058883667 8449
1672056504992 0.6833333373069763 8499
1672056519410 0.6041666865348816 8549
1672056533792 0.7222222685813904 8599
1672056548107 0.826388955116272 8649
1672056572850 0.8095238208770752 8699
1672056587266 0.1428571492433548 8749
1672056601524 0.5791667103767395 8799
1672056615786 0.9285714626312256 8849
1672056640404 0.737500011920929 8899
1672056654788 0.49761903285980225 8949
1672056669105 0.2857142686843872 8999
1672056683354 0.7767857313156128 9049
1672056697935 0.7147727608680725 9099
1672056722447 0.9142857193946838 9149
1672056736697 0.8660714626312256 9199
1672056750896 0.8184523582458496 9249
1672056765259 0.4888888895511627 9299
1672056789788 0.7166666984558105 9349
1672056804165 0.7976190447807312 9399
1672056818443 0.747619092464447 9449
1672056832757 0.8785714507102966 9499
1672056857230 0.8666666746139526 9549
1672056871540 0.7083333730697632 9599
1672056885827 0.7192460298538208 9649
1672056900131 0.6166666746139526 9699
1672056914548 0.6166666746139526 9749
1672056939456 0.44999998807907104 9799
1672056953834 0.7222222089767456 9849
1672056968117 0.8875000476837158 9899
1672056982428 0.7559524178504944 9949
1672057006929 0.7595238089561462 9999
1672057021254 0.5833333730697632 10049
1672057035557 0.949999988079071 10099
1672057049993 0.6666666865348816 10149
1672057074579 0.8642857074737549 10199
1672057088867 0.6642857193946838 10249
1672057103153 0.5416666865348816 10299
1672057117457 0.6142857074737549 10349
1672057131917 0.4166666865348816 10399
1672057156311 0.8452381491661072 10449
1672057170740 0.8472222089767456 10499
1672057185207 0.550000011920929 10549
1672057200062 0.5333333015441895 10599
1672057224512 0.8392857313156128 10649
1672057238831 0.7708333730697632 10699
1672057253134 0.6814394593238831 10749
1672057267461 0.6666666865348816 10799
1672057281538 0.5 10849
1672057306203 0.5666666626930237 10899
1672057320621 0.7208333611488342 10949
1672057335009 0.37012988328933716 10999
1672057349228 0.6458333730697632 11049
1672057373625 0.6666666865348816 11099
1672057387941 0.5595238208770752 11149
1672057402426 0.7708333730697632 11199
1672057416745 0.75 11249
1672057441244 0.7333333492279053 11299
1672057455541 0.4583333730697632 11349
1672057469787 0.7083333730697632 11399
1672057484268 0.773809552192688 11449
1672057498515 0.797619104385376 11499
1672057523161 0.6722222566604614 11549
1672057537382 0.699999988079071 11599
1672057551730 0.4809523820877075 11649
1672057566126 0.8439394235610962 11699
1672057590609 0.6476190686225891 11749
1672057604876 0.44999998807907104 11799
1672057619155 0.7142857313156128 11849
1672057633437 0.6541666984558105 11899
1672057657942 0.7000000476837158 11949
1672057672274 0.5359848737716675 11999
1672057686754 0.73333340883255 12049
1672057701038 0.797619104385376 12099
1672057715462 0.6071428656578064 12149
1672057740204 0.72817462682724 12199
1672057754547 0.6365079283714294 12249
1672057768891 0.6041666865348816 12299
1672057783251 0.3976190686225891 12349
1672057807774 0.7651515603065491 12399
1672057822236 0.8999999761581421 12449
1672057836646 0.6583333611488342 12499
1672057850938 0.5 12549
1672057875408 0.6309524178504944 12599
1672057889687 0.6666666865348816 12649
1672057904116 0.8333333730697632 12699
1672057918398 0.8517857193946838 12749
1672057932729 0.8333333730697632 12799
1672057957517 0.8928571343421936 12849
1672057972090 0.6875 12899
1672057986383 0.5392857193946838 12949
1672058000833 0.375 12999
1672058025490 0.8333333730697632 13049
1672058039945 0.7192460894584656 13099
1672058054218 0.6642857193946838 13149
1672058068672 0.8309524059295654 13199
1672058093201 0.8333333730697632 13249
1672058107421 0.5178571343421936 13299
1672058121817 0.6059523820877075 13349
1672058136056 0.5690476298332214 13399
1672058150305 0.2678571343421936 13449
1672058175088 0.8068181872367859 13499
1672058189365 0.75 13549
1672058203782 0.8452380895614624 13599
1672058218224 0.7803571224212646 13649
1672058242820 0.7333333492279053 13699
1672058257254 0.699999988079071 13749
1672058271738 0.6041666865348816 13799
1672058286272 0.776388943195343 13849
1672058310658 0.8333333730697632 13899
1672058324907 0.5166666507720947 13949
1672058339361 0.6904762387275696 13999
1672058353648 0.7053571343421936 14049
1672058368086 0.523809552192688 14099
1672058392814 0.6017857193946838 14149
1672058407313 0.6428571343421936 14199
1672058421628 0.4375 14249
1672058435962 0.5333333611488342 14299
1672058460649 0.5 14349
1672058475088 0.908730149269104 14399
1672058489362 0.6875 14449
1672058503780 0.7665584683418274 14499
1672058528507 0.3958333134651184 14549
1672058542931 0.797619104385376 14599
1672058557223 0.6666666865348816 14649
1672058571516 0.699999988079071 14699
1672058585847 0.8888888955116272 14749
1672058610088 0.7749999761581421 14799
1672058624392 0.75 14849
1672058638877 0.5833333730697632 14899
1672058653380 0.6821428537368774 14949
1672058677853 0.550000011920929 14999
1672058692260 0.7250000238418579 15049
1672058706521 0.4791666865348816 15099
1672058720817 0.7000000476837158 15149
1672058745251 0.4642857015132904 15199
1672058759847 0.4928571283817291 15249
1672058774311 0.4583333730697632 15299
1672058788623 0.6583333611488342 15349
1672058803078 0.6458333134651184 15399
1672058827469 0.4333333373069763 15449
1672058841737 0.7208333611488342 15499
1672058856008 0.8939394354820251 15549
1672058870338 0.8304473757743835 15599
1672058894858 0.5875000357627869 15649
1672058909291 0.8500000238418579 15699
1672058923772 0.8222222328186035 15749
1672058938071 0.7698413133621216 15799
1672058962711 0.5416666865348816 15849
1672058977014 0.6428571343421936 15899
1672058991356 0.5178571343421936 15949
1672059005678 0.4928571581840515 15999
1672059020026 0.5611110925674438 16049
1672059044986 0.638888955116272 16099
1672059059511 0.44999998807907104 16149
1672059073934 0.8095238208770752 16199
1672059088316 0.4900793731212616 16249
1672059112735 0.5357142686843872 16299
1672059127034 0.4166666865348816 16349
1672059141316 0.7817460298538208 16399
1672059155716 0.6196581125259399 16449
1672059180529 0.6499999761581421 16499
1672059194843 0.625 16549
1672059209189 0.7892857193946838 16599
1672059223468 0.8035714626312256 16649
1672059237763 0.2750000059604645 16699
1672059262276 0.60317462682724 16749
1672059276570 0.574999988079071 16799
1672059291198 0.773809552192688 16849
1672059305525 0.8125 16899
1672059330040 0.8531745672225952 16949
1672059344383 0.6166666746139526 16999
1672059358653 0.6095238327980042 17049
1672059372976 0.7595238089561462 17099
1672059397391 0.8309524059295654 17149
1672059411735 0.4583333730697632 17199
1672059426229 0.6642857193946838 17249
1672059440598 0.4541666507720947 17299
1672059455038 0.5522727370262146 17349
1672059479700 0.6952381134033203 17399
1672059493950 0.7638888955116272 17449
1672059508208 0.7000000476837158 17499
1672059522473 0.699999988079071 17549
1672059547245 0.949999988079071 17599
1672059561485 0.6555556058883667 17649
1672059575996 0.824999988079071 17699
1672059590340 0.8071428537368774 17749
1672059614786 0.72817462682724 17799
1672059628977 0.8740079402923584 17849
1672059643163 0.8809524178504944 17899
1672059657376 0.5 17949
1672059671867 0.5222222208976746 17999
1672059696165 0.6000000238418579 18049
1672059710561 0.7785714268684387 18099
1672059725073 0.800000011920929 18149
1672059739297 0.8865079283714294 18199
1672059763407 0.7083333730697632 18249
1672059777674 0.7041667103767395 18299
1672059792046 0.5 18349
1672059806375 0.512499988079071 18399
1672059831064 0.5928571224212646 18449
1672059845587 0.7916666865348816 18499
1672059859873 0.75 18549
1672059874116 0.6535714268684387 18599
1672059888379 0.7388888597488403 18649
1672059913006 0.6345238089561462 18699
1672059927220 0.8095238208770752 18749
1672059941453 0.8374999761581421 18799
1672059955717 0.8309524059295654 18849
1672059980441 0.8333333730697632 18899
1672059994831 0.550000011920929 18949
1672060009125 0.8557692170143127 18999
1672060023419 0.3693181872367859 19049
1672060047755 0.5666666626930237 19099
1672060062040 0.7059524059295654 19149
1672060076381 0.5222222805023193 19199
1672060090832 0.9217171669006348 19249
1672060105380 0.41428571939468384 19299
1672060129742 0.7946428656578064 19349
1672060144196 0.8571428656578064 19399
1672060158523 0.9222222566604614 19449
1672060172891 0.7541666626930237 19499
1672060197306 0.6916666626930237 19549
1672060211687 0.9007936716079712 19599
1672060225922 0.638888955116272 19649
1672060240146 0.6416667103767395 19699
1672060310328 0.6722222566604614 19749
1672060325007 0.8017857074737549 19799
1672060339357 0.638888955116272 19849
1672060353732 0.7770562767982483 19899
1672060368107 0.810606062412262 19949
1672060392431 0.7708333730697632 19999
1672060406813 0.7420635223388672 20049
1672060421053 0.9166666865348816 20099
1672060435272 0.5625 20149
1672060459900 0.7827381491661072 20199
1672060474288 0.5595238208770752 20249
1672060488656 0.8500000238418579 20299
1672060502897 0.875 20349
1672060527269 0.8309524059295654 20399
1672060541555 0.7666667103767395 20449
1672060555801 0.512499988079071 20499
1672060570043 0.5814393758773804 20549
1672060584386 0.5595238208770752 20599
1672060608914 0.6166666746139526 20649
1672060623453 0.6101190447807312 20699
1672060637714 0.49166667461395264 20749
1672060652111 0.5392857193946838 20799
1672060676559 0.5151515007019043 20849
1672060690937 0.5416666865348816 20899
1672060705211 0.7000000476837158 20949
1672060719529 0.7510822415351868 20999
1672060744096 0.8309524059295654 21049
1672060758584 0.7892857193946838 21099
1672060772913 0.7416666746139526 21149
1672060787390 0.75 21199
1672060801657 0.637499988079071 21249
1672060825910 0.7803571224212646 21299
1672060840286 0.615079402923584 21349
1672060854632 0.38333335518836975 21399
1672060868950 0.5 21449
1672060893841 0.672619104385376 21499
1672060908368 0.6041666865348816 21549
1672060922642 0.6428571939468384 21599
1672060936883 0.9017857313156128 21649
1672060950917 0.0 21699
1672060975472 0.797619104385376 21749
1672060989747 0.6809523701667786 21799
1672061003994 0.8309524059295654 21849
1672061018384 0.6761904954910278 21899
1672061043081 0.6222222447395325 21949
1672061057377 0.5178571343421936 21999
1672061071815 0.6309524178504944 22049
1672061086109 0.797619104385376 22099
1672061110702 0.7416666746139526 22149
1672061124996 0.5833333730697632 22199
1672061139409 0.6666666865348816 22249
1672061153696 0.6189393997192383 22299
1672061167969 0.46666669845581055 22349
1672061192770 0.6796537041664124 22399
1672061207056 0.8309524059295654 22449
1672061221292 0.5317460298538208 22499
1672061235538 0.6888889074325562 22549
1672061259962 0.7500000596046448 22599
1672061274306 0.7833333611488342 22649
1672061288819 0.5833333730697632 22699
1672061303493 0.5333333015441895 22749
1672061328103 0.7724359035491943 22799
1672061342549 0.6071428656578064 22849
1672061356900 0.44999998807907104 22899
1672061371216 0.7000000476837158 22949
1672061385524 0.7250000238418579 22999
1672061410046 0.8388888835906982 23049
1672061424717 0.6666666865348816 23099
1672061439051 0.7095237970352173 23149
1672061453645 0.6865079402923584 23199
1672061478085 0.6597222089767456 23249
1672061492381 0.1428571343421936 23299
1672061506620 0.7416666746139526 23349
1672061520835 0.6499999761581421 23399
1672061545322 0.5666666626930237 23449
1672061559639 0.7309524416923523 23499
1672061574061 0.5416666865348816 23549
1672061588650 0.5809524059295654 23599
1672061603180 0.7059524059295654 23649
1672061627618 0.8740079402923584 23699
1672061641999 0.7833333611488342 23749
1672061656348 0.6333333849906921 23799
1672061670814 0.8500000238418579 23849
1672061695251 0.9365079402923584 23899
1672061710007 0.8333333730697632 23949
1672061724268 0.8809524178504944 23999
1672061738545 0.8611111640930176 24049
1672061763271 0.8184524178504944 24099
1672061777500 0.8999999761581421 24149
1672061791738 0.625 24199
1672061806122 0.8999999761581421 24249
1672061820492 0.7083333730697632 24299
1672061845375 0.6642857193946838 24349
1672061859704 0.8428571224212646 24399
1672061874046 0.7749999761581421 24449
1672061888360 0.5939394235610962 24499
1672061912774 0.6166666746139526 24549
1672061927201 0.6309524178504944 24599
1672061941692 0.6166666746139526 24649
1672061956254 0.6785714626312256 24699
1672061980544 0.7166666984558105 24749
1672061994996 0.4285714328289032 24799
1672062009262 0.5666667222976685 24849
1672062023679 0.6160714626312256 24899
1672062037939 0.8333333730697632 24949
1672062062476 0.7321428656578064 24999
1672062076895 0.7142857313156128 25049
1672062091173 0.7978896498680115 25099
1672062105691 0.40952378511428833 25149
1672062130250 0.5166666507720947 25199
1672062144505 0.5892857313156128 25249
1672062158745 0.7666667103767395 25299
1672062172995 0.8452381491661072 25349
1672062197512 0.7642857432365417 25399
1672062212079 0.7222222089767456 25449
1672062226406 0.7689393758773804 25499
1672062240831 0.574999988079071 25549
1672062255191 0.7142857313156128 25599
1672062279633 0.9642857313156128 25649
1672062293969 0.824999988079071 25699
1672062308261 0.6916666626930237 25749
1672062322591 0.5 25799
1672062347361 0.6416666507720947 25849
1672062361767 0.7589285969734192 25899
1672062375994 0.5392857193946838 25949
1672062390389 0.797619104385376 25999
1672062414597 0.8184524178504944 26049
1672062428934 0.4833333492279053 26099
1672062443199 0.5416666865348816 26149
1672062457610 0.4642857313156128 26199
1672062472007 0.47083333134651184 26249
1672062496688 0.5595238208770752 26299
1672062511133 0.8642857074737549 26349
1672062525536 0.625 26399
1672062539825 0.7291666865348816 26449
1672062564186 0.523809552192688 26499
1672062578669 0.824999988079071 26549
1672062593236 0.5625 26599
1672062607598 0.6309523582458496 26649
1672062631981 0.6916666626930237 26699
1672062646379 0.8106061220169067 26749
1672062660611 0.5555555820465088 26799
1672062674822 0.8184524178504944 26849
1672062689057 0.7410714626312256 26899
1672062713500 0.7532467842102051 26949
1672062728088 0.409722238779068 26999
1672062742344 0.5476190447807312 27049
1672062756790 0.75 27099
1672062781276 0.9097222089767456 27149
1672062795803 0.6309523582458496 27199
1672062810129 0.4642857313156128 27249
1672062824510 0.5809524059295654 27299
1672062849001 0.888888955116272 27349
1672062863382 0.8541666865348816 27399
1672062877979 0.7539682984352112 27449
1672062892339 0.8785714507102966 27499
1672062906784 0.7803571820259094 27549
1672062931354 0.5222222805023193 27599
1672062945687 0.7476190328598022 27649
1672062960089 0.7541666626930237 27699
1672062974378 0.49166667461395264 27749
1672062998820 0.7198413014411926 27799
1672063013203 0.6916666626930237 27849
1672063027469 0.7689394354820251 27899
1672063041756 0.5428571701049805 27949
1672063066360 0.699999988079071 27999
1672063080629 0.781818151473999 28049
1672063095074 0.8035714626312256 28099
1672063109330 0.9642857313156128 28149
1672063123612 0.6916666626930237 28199
1672063148280 0.5642856955528259 28249
1672063162573 0.5833333730697632 28299
1672063177024 0.7892857193946838 28349
1672063191364 0.8041666746139526 28399
1672063216051 0.8500000238418579 28449
1672063230265 0.8392857313156128 28499
1672063244492 0.49166667461395264 28549
1672063258700 0.7392857074737549 28599
1672063283132 0.9375 28649
1672063297547 0.8388888835906982 28699
1672063311966 0.6375000476837158 28749
1672063326268 0.380952388048172 28799
1672063340710 0.6476190686225891 28849
1672063365487 0.7142857313156128 28899
1672063379768 0.7559524178504944 28949
1672063394068 0.6166666746139526 28999
1672063408341 0.8517857193946838 29049
1672063433237 0.3142857253551483 29099
1672063447734 0.5595238208770752 29149
1672063462190 0.6000000238418579 29199
1672063476479 0.7416666746139526 29249
1672063501136 0.7142857313156128 29299
1672063515539 0.5722222328186035 29349
1672063529880 0.8166666626930237 29399
1672063544228 0.7416666746139526 29449
1672063558691 0.46666666865348816 29499
1672063583152 0.6964285969734192 29549
1672063597423 0.7684524059295654 29599
1672063611879 0.7952380776405334 29649
1672063626155 0.6517857313156128 29699
1672063650557 0.7321428656578064 29749
1672063664857 0.4333333373069763 29799
1672063679195 0.875 29849
1672063693507 0.5714285373687744 29899
1672063718409 0.625 29949
1672063732954 0.735714316368103 29999
1672063747263 0.9365079402923584 30049
1672063761553 0.85317462682724 30099
1672063775853 0.7541666626930237 30149
1672063800217 0.5523809194564819 30199
1672063814531 0.5642857551574707 30249
1672063828808 0.8500000238418579 30299
1672063843209 0.639285683631897 30349
1672063868131 0.7666666507720947 30399
1672063882548 0.7083333730697632 30449
1672063896837 0.7083333730697632 30499
1672063911123 0.8517857193946838 30549
1672063935623 0.36666667461395264 30599
1672063949866 0.6791666746139526 30649
1672063964398 0.6642857193946838 30699
1672063978656 0.8160714507102966 30749
1672063993056 0.6845238208770752 30799
1672064017717 0.5059523582458496 30849
1672064031977 0.5375000238418579 30899
1672064046257 0.7708333730697632 30949
1672064060502 0.762499988079071 30999
1672064085095 0.8166666626930237 31049
1672064099489 0.949999988079071 31099
1672064113859 0.3976190686225891 31149
1672064128065 0.4791666865348816 31199
1672064152704 0.9166666865348816 31249
1672064167019 0.7666667103767395 31299
1672064181330 0.5416666865348816 31349
1672064195557 0.6527777910232544 31399
1672064209781 0.4809523820877075 31449
1672064234336 0.4583333432674408 31499
1672064248668 0.6684523820877075 31549
1672064263110 0.7365080118179321 31599
1672064277487 0.8666666746139526 31649
1672064302264 0.949999988079071 31699
1672064316584 0.5833333730697632 31749
1672064330848 0.4166666865348816 31799
1672064345180 0.6642857789993286 31849
1672064369686 0.747619092464447 31899
1672064384177 0.3678571283817291 31949
1672064398423 0.9142857193946838 31999
1672064412681 0.5772727131843567 32049
1672064427068 0.8351647853851318 32099
1672064451599 0.7222222089767456 32149
1672064465803 0.7867965698242188 32199
1672064480029 0.7892857193946838 32249
1672064494222 0.9017857313156128 32299
1672064519226 0.6726190447807312 32349
1672064533516 0.5142857432365417 32399
1672064547742 0.5333333611488342 32449
1672064562107 0.6166666746139526 32499
1672064576142 0.25 32549
