1672053683720 0.78125 49
1672053698007 0.75 99
1672053712540 0.875 149
1672053726786 0.875 199
1672053751055 0.8125 249
1672053765206 0.875 299
1672053779374 0.8125 349
1672053793613 0.75 399
1672053817948 0.875 449
1672053832189 0.84375 499
1672053846409 0.71875 549
1672053860613 0.71875 599
1672053875087 0.78125 649
1672053899320 0.75 699
1672053913587 0.75 749
1672053927857 0.65625 799
1672053942137 0.71875 849
1672053966397 0.75 899
1672053980672 0.78125 949
1672053995041 0.84375 999
1672054009556 0.75 1049
1672054033823 0.71875 1099
1672054048189 0.875 1149
1672054062473 0.90625 1199
1672054076702 0.8125 1249
1672054090996 0.90625 1299
1672054115130 0.9375 1349
1672054129735 0.78125 1399
1672054143951 0.75 1449
1672054158179 0.8125 1499
1672054182671 0.84375 1549
1672054196922 0.71875 1599
1672054211171 0.84375 1649
1672054225407 0.6875 1699
1672054249747 0.71875 1749
1672054264623 0.78125 1799
1672054279048 0.875 1849
1672054293456 0.75 1899
1672054307963 0.875 1949
1672054332334 0.8125 1999
1672054346649 0.8125 2049
1672054360958 0.84375 2099
1672054375360 0.8125 2149
1672054399748 0.75 2199
1672054413991 0.6875 2249
1672054428516 0.78125 2299
1672054442731 0.78125 2349
1672054467125 0.71875 2399
1672054481426 0.90625 2449
1672054495881 0.84375 2499
1672054510180 0.78125 2549
1672054524748 0.65625 2599
1672054549023 0.90625 2649
1672054563455 0.78125 2699
1672054577732 0.78125 2749
1672054592021 0.75 2799
1672054616584 0.75 2849
1672054631026 0.65625 2899
1672054645570 0.8125 2949
1672054659911 0.84375 2999
1672054684353 0.75 3049
1672054698677 0.8125 3099
1672054713023 0.75 3149
1672054727434 0.8125 3199
1672054741854 0.8125 3249
1672054766572 0.75 3299
1672054781083 0.71875 3349
1672054795428 0.8125 3399
1672054809754 0.71875 3449
1672054834248 0.90625 3499
1672054848529 0.96875 3549
1672054862868 0.71875 3599
1672054877204 0.875 3649
1672054901647 0.78125 3699
1672054916040 0.6875 3749
1672054930414 0.90625 3799
1672054944641 0.78125 3849
1672054958833 0.8125 3899
1672054983579 0.6875 3949
1672054998061 0.78125 3999
1672055012316 0.8125 4049
1672055026656 0.8125 4099
1672055051179 0.71875 4149
1672055065770 0.78125 4199
1672055080097 0.78125 4249
1672055094412 0.78125 4299
1672055118726 0.84375 4349
1672055133072 0.96875 4399
1672055147785 0.75 4449
1672055162006 0.78125 4499
1672055176227 0.6875 4549
1672055200489 0.78125 4599
1672055215059 0.875 4649
1672055229341 0.78125 4699
1672055243661 0.8125 4749
1672055268180 0.8125 4799
1672055282608 0.75 4849
1672055296821 0.75 4899
1672055311012 0.75 4949
1672055335401 0.75 4999
1672055350040 0.8125 5049
1672055364375 0.75 5099
1672055378709 0.875 5149
1672055393099 0.65625 5199
1672055417927 0.8125 5249
1672055432156 0.875 5299
1672055446424 0.8125 5349
1672055460676 0.71875 5399
1672055485680 0.65625 5449
1672055499978 0.84375 5499
1672055514302 0.90625 5549
1672055528649 0.59375 5599
1672055553215 0.8125 5649
1672055567590 0.84375 5699
1672055581970 0.71875 5749
1672055596241 0.84375 5799
1672055610625 0.8125 5849
1672055635297 0.84375 5899
1672055649618 0.90625 5949
1672055663888 0.78125 5999
1672055678186 0.78125 6049
1672055703044 0.6875 6099
1672055717408 0.6875 6149
1672055731897 0.75 6199
1672055746527 0.84375 6249
1672055771022 0.78125 6299
1672055785373 0.75 6349
1672055799716 0.65625 6399
1672055814061 0.71875 6449
1672055828395 0.8125 6499
1672055852903 0.9375 6549
1672055867343 0.90625 6599
1672055881955 0.75 6649
1672055896265 0.71875 6699
1672055920481 0.875 6749
1672055934859 0.78125 6799
1672055949137 0.8125 6849
1672055963607 0.875 6899
1672055988145 0.875 6949
1672056002701 0.75 6999
1672056017135 0.75 7049
1672056031406 0.875 7099
1672056045652 0.90625 7149
1672056070225 0.84375 7199
1672056084517 0.78125 7249
1672056098964 0.875 7299
1672056113207 0.84375 7349
1672056137974 0.8125 7399
1672056152297 0.6875 7449
1672056166706 0.75 7499
1672056180996 0.84375 7549
1672056205555 0.71875 7599
1672056219806 0.90625 7649
1672056234173 0.71875 7699
1672056248597 0.71875 7749
1672056262912 0.6875 7799
1672056287607 0.75 7849
1672056301879 0.78125 7899
1672056316277 0.875 7949
1672056330527 0.75 7999
1672056355002 0.84375 8049
1672056369303 0.84375 8099
1672056383860 0.78125 8149
1672056398200 0.90625 8199
1672056422786 0.75 8249
1672056437091 0.8125 8299
1672056451528 0.90625 8349
1672056465950 0.6875 8399
1672056480248 0.78125 8449
1672056504992 0.84375 8499
1672056519410 0.78125 8549
1672056533792 0.84375 8599
1672056548107 0.875 8649
1672056572850 0.8125 8699
1672056587266 0.84375 8749
1672056601524 0.71875 8799
1672056615786 0.9375 8849
1672056640404 0.8125 8899
1672056654788 0.78125 8949
1672056669105 0.75 8999
1672056683354 0.84375 9049
1672056697935 0.78125 9099
1672056722447 0.9375 9149
1672056736697 0.875 9199
1672056750896 0.84375 9249
1672056765259 0.75 9299
1672056789788 0.8125 9349
1672056804165 0.875 9399
1672056818443 0.84375 9449
1672056832757 0.90625 9499
1672056857230 0.90625 9549
1672056871540 0.875 9599
1672056885827 0.75 9649
1672056900131 0.875 9699
1672056914548 0.875 9749
1672056939456 0.75 9799
1672056953834 0.84375 9849
1672056968117 0.875 9899
1672056982428 0.84375 9949
1672057006929 0.8125 9999
1672057021254 0.75 10049
1672057035557 0.9375 10099
1672057049993 0.78125 10149
1672057074579 0.90625 10199
1672057088867 0.75 10249
1672057103153 0.78125 10299
1672057117457 0.8125 10349
1672057131917 0.8125 10399
1672057156311 0.875 10449
1672057170740 0.90625 10499
1672057185207 0.75 10549
1672057200062 0.75 10599
1672057224512 0.90625 10649
1672057238831 0.8125 10699
1672057253134 0.75 10749
1672057267461 0.75 10799
1672057281538 0.625 10849
1672057306203 0.78125 10899
1672057320621 0.8125 10949
1672057335009 0.71875 10999
1672057349228 0.71875 11049
1672057373625 0.84375 11099
1672057387941 0.65625 11149
1672057402426 0.8125 11199
1672057416745 0.8125 11249
1672057441244 0.8125 11299
1672057455541 0.75 11349
1672057469787 0.8125 11399
1672057484268 0.8125 11449
1672057498515 0.875 11499
1672057523161 0.8125 11549
1672057537382 0.90625 11599
1672057551730 0.8125 11649
1672057566126 0.875 11699
1672057590609 0.78125 11749
1672057604876 0.875 11799
1672057619155 0.90625 11849
1672057633437 0.75 11899
1672057657942 0.71875 11949
1672057672274 0.78125 11999
1672057686754 0.75 12049
1672057701038 0.875 12099
1672057715462 0.78125 12149
1672057740204 0.78125 12199
1672057754547 0.84375 12249
1672057768891 0.6875 12299
1672057783251 0.65625 12349
1672057807774 0.84375 12399
1672057822236 0.9375 12449
1672057836646 0.78125 12499
1672057850938 0.78125 12549
1672057875408 0.84375 12599
1672057889687 0.84375 12649
1672057904116 0.90625 12699
1672057918398 0.875 12749
1672057932729 0.90625 12799
1672057957517 0.90625 12849
1672057972090 0.84375 12899
1672057986383 0.84375 12949
1672058000833 0.78125 12999
1672058025490 0.875 13049
1672058039945 0.78125 13099
1672058054218 0.75 13149
1672058068672 0.90625 13199
1672058093201 0.90625 13249
1672058107421 0.78125 13299
1672058121817 0.78125 13349
1672058136056 0.65625 13399
1672058150305 0.65625 13449
1672058175088 0.84375 13499
1672058189365 0.8125 13549
1672058203782 0.875 13599
1672058218224 0.78125 13649
1672058242820 0.84375 13699
1672058257254 0.78125 13749
1672058271738 0.84375 13799
1672058286272 0.78125 13849
1672058310658 0.90625 13899
1672058324907 0.78125 13949
1672058339361 0.71875 13999
1672058353648 0.78125 14049
1672058368086 0.78125 14099
1672058392814 0.875 14149
1672058407313 0.875 14199
1672058421628 0.625 14249
1672058435962 0.75 14299
1672058460649 0.71875 14349
1672058475088 0.90625 14399
1672058489362 0.875 14449
1672058503780 0.84375 14499
1672058528507 0.6875 14549
1672058542931 0.875 14599
1672058557223 0.6875 14649
1672058571516 0.84375 14699
1672058585847 0.90625 14749
1672058610088 0.84375 14799
1672058624392 0.8125 14849
1672058638877 0.71875 14899
1672058653380 0.78125 14949
1672058677853 0.875 14999
1672058692260 0.84375 15049
1672058706521 0.71875 15099
1672058720817 0.90625 15149
1672058745251 0.65625 15199
1672058759847 0.6875 15249
1672058774311 0.6875 15299
1672058788623 0.78125 15349
1672058803078 0.75 15399
1672058827469 0.71875 15449
1672058841737 0.78125 15499
1672058856008 0.9375 15549
1672058870338 0.875 15599
1672058894858 0.71875 15649
1672058909291 0.84375 15699
1672058923772 0.8125 15749
1672058938071 0.84375 15799
1672058962711 0.875 15849
1672058977014 0.78125 15899
1672058991356 0.8125 15949
1672059005678 0.75 15999
1672059020026 0.75 16049
1672059044986 0.875 16099
1672059059511 0.875 16149
1672059073934 0.875 16199
1672059088316 0.78125 16249
1672059112735 0.78125 16299
1672059127034 0.78125 16349
1672059141316 0.84375 16399
1672059155716 0.75 16449
1672059180529 0.8125 16499
1672059194843 0.90625 16549
1672059209189 0.8125 16599
1672059223468 0.875 16649
1672059237763 0.65625 16699
1672059262276 0.84375 16749
1672059276570 0.90625 16799
1672059291198 0.84375 16849
1672059305525 0.875 16899
1672059330040 0.90625 16949
1672059344383 0.8125 16999
1672059358653 0.6875 17049
1672059372976 0.84375 17099
1672059397391 0.84375 17149
1672059411735 0.78125 17199
1672059426229 0.875 17249
1672059440598 0.78125 17299
1672059455038 0.8125 17349
1672059479700 0.8125 17399
1672059493950 0.8125 17449
1672059508208 0.75 17499
1672059522473 0.9375 17549
1672059547245 0.96875 17599
1672059561485 0.78125 17649
1672059575996 0.90625 17699
1672059590340 0.8125 17749
1672059614786 0.84375 17799
1672059628977 0.875 17849
1672059643163 0.90625 17899
1672059657376 0.8125 17949
1672059671867 0.84375 17999
1672059696165 0.8125 18049
1672059710561 0.84375 18099
1672059725073 0.84375 18149
1672059739297 0.875 18199
1672059763407 0.8125 18249
1672059777674 0.78125 18299
1672059792046 0.875 18349
1672059806375 0.8125 18399
1672059831064 0.78125 18449
1672059845587 0.875 18499
1672059859873 0.875 18549
1672059874116 0.71875 18599
1672059888379 0.8125 18649
1672059913006 0.71875 18699
1672059927220 0.875 18749
1672059941453 0.875 18799
1672059955717 0.84375 18849
1672059980441 0.9375 18899
1672059994831 0.84375 18949
1672060009125 0.84375 18999
1672060023419 0.625 19049
1672060047755 0.8125 19099
1672060062040 0.8125 19149
1672060076381 0.75 19199
1672060090832 0.90625 19249
1672060105380 0.75 19299
1672060129742 0.8125 19349
1672060144196 0.875 19399
1672060158523 0.9375 19449
1672060172891 0.8125 19499
1672060197306 0.71875 19549
1672060211687 0.90625 19599
1672060225922 0.84375 19649
1672060240146 0.78125 19699
1672060310328 0.78125 19749
1672060325007 0.84375 19799
1672060339357 0.875 19849
1672060353732 0.8125 19899
1672060368107 0.90625 19949
1672060392431 0.84375 19999
1672060406813 0.78125 20049
1672060421053 0.9375 20099
1672060435272 0.75 20149
1672060459900 0.8125 20199
1672060474288 0.75 20249
1672060488656 0.90625 20299
1672060502897 0.9375 20349
1672060527269 0.875 20399
1672060541555 0.84375 20449
1672060555801 0.6875 20499
1672060570043 0.84375 20549
1672060584386 0.75 20599
1672060608914 0.71875 20649
1672060623453 0.65625 20699
1672060637714 0.75 20749
1672060652111 0.75 20799
1672060676559 0.75 20849
1672060690937 0.75 20899
1672060705211 0.78125 20949
1672060719529 0.8125 20999
1672060744096 0.90625 21049
1672060758584 0.8125 21099
1672060772913 0.8125 21149
1672060787390 0.8125 21199
1672060801657 0.875 21249
1672060825910 0.8125 21299
1672060840286 0.84375 21349
1672060854632 0.65625 21399
1672060868950 0.75 21449
1672060893841 0.71875 21499
1672060908368 0.84375 21549
1672060922642 0.71875 21599
1672060936883 0.90625 21649
1672060950917 1.0 21699
1672060975472 0.875 21749
1672060989747 0.8125 21799
1672061003994 0.90625 21849
1672061018384 0.75 21899
1672061043081 0.84375 21949
1672061057377 0.8125 21999
1672061071815 0.78125 22049
1672061086109 0.875 22099
1672061110702 0.84375 22149
1672061124996 0.875 22199
1672061139409 0.9375 22249
1672061153696 0.78125 22299
1672061167969 0.71875 22349
1672061192770 0.75 22399
1672061207056 0.90625 22449
1672061221292 0.78125 22499
1672061235538 0.8125 22549
1672061259962 0.78125 22599
1672061274306 0.90625 22649
1672061288819 0.84375 22699
1672061303493 0.8125 22749
1672061328103 0.875 22799
1672061342549 0.75 22849
1672061356900 0.75 22899
1672061371216 0.78125 22949
1672061385524 0.84375 22999
1672061410046 0.90625 23049
1672061424717 0.78125 23099
1672061439051 0.8125 23149
1672061453645 0.90625 23199
1672061478085 0.84375 23249
1672061492381 0.59375 23299
1672061506620 0.84375 23349
1672061520835 0.90625 23399
1672061545322 0.78125 23449
1672061559639 0.84375 23499
1672061574061 0.65625 23549
1672061588650 0.75 23599
1672061603180 0.8125 23649
1672061627618 0.875 23699
1672061641999 0.84375 23749
1672061656348 0.71875 23799
1672061670814 0.875 23849
1672061695251 0.9375 23899
1672061710007 0.875 23949
1672061724268 0.90625 23999
1672061738545 0.90625 24049
1672061763271 0.875 24099
1672061777500 0.90625 24149
1672061791738 0.78125 24199
1672061806122 0.9375 24249
1672061820492 0.875 24299
1672061845375 0.875 24349
1672061859704 0.875 24399
1672061874046 0.84375 24449
1672061888360 0.78125 24499
1672061912774 0.75 24549
1672061927201 0.9375 24599
1672061941692 0.8125 24649
1672061956254 0.78125 24699
1672061980544 0.8125 24749
1672061994996 0.90625 24799
1672062009262 0.8125 24849
1672062023679 0.78125 24899
1672062037939 0.875 24949
1672062062476 0.8125 24999
1672062076895 0.96875 25049
1672062091173 0.78125 25099
1672062105691 0.6875 25149
1672062130250 0.625 25199
1672062144505 0.875 25249
1672062158745 0.875 25299
1672062172995 0.84375 25349
1672062197512 0.84375 25399
1672062212079 0.75 25449
1672062226406 0.875 25499
1672062240831 0.875 25549
1672062255191 0.9375 25599
1672062279633 0.96875 25649
1672062293969 0.90625 25699
1672062308261 0.84375 25749
1672062322591 0.75 25799
1672062347361 0.8125 25849
1672062361767 0.78125 25899
1672062375994 0.71875 25949
1672062390389 0.90625 25999
1672062414597 0.875 26049
1672062428934 0.78125 26099
1672062443199 0.84375 26149
1672062457610 0.8125 26199
1672062472007 0.75 26249
1672062496688 0.75 26299
1672062511133 0.90625 26349
1672062525536 0.6875 26399
1672062539825 0.84375 26449
1672062564186 0.78125 26499
1672062578669 0.90625 26549
1672062593236 0.8125 26599
1672062607598 0.78125 26649
1672062631981 0.8125 26699
1672062646379 0.90625 26749
1672062660611 0.8125 26799
1672062674822 0.875 26849
1672062689057 0.8125 26899
1672062713500 0.75 26949
1672062728088 0.84375 26999
1672062742344 0.71875 27049
1672062756790 0.90625 27099
1672062781276 0.90625 27149
1672062795803 0.875 27199
1672062810129 0.84375 27249
1672062824510 0.6875 27299
1672062849001 0.9375 27349
1672062863382 0.90625 27399
1672062877979 0.8125 27449
1672062892339 0.90625 27499
1672062906784 0.78125 27549
1672062931354 0.8125 27599
1672062945687 0.875 27649
1672062960089 0.8125 27699
1672062974378 0.6875 27749
1672062998820 0.78125 27799
1672063013203 0.84375 27849
1672063027469 0.84375 27899
1672063041756 0.75 27949
1672063066360 0.96875 27999
1672063080629 0.75 28049
1672063095074 0.875 28099
1672063109330 0.96875 28149
1672063123612 0.84375 28199
1672063148280 0.8125 28249
1672063162573 0.84375 28299
1672063177024 0.875 28349
1672063191364 0.875 28399
1672063216051 0.875 28449
1672063230265 0.90625 28499
1672063244492 0.8125 28549
1672063258700 0.8125 28599
1672063283132 0.9375 28649
1672063297547 0.90625 28699
1672063311966 0.78125 28749
1672063326268 0.78125 28799
1672063340710 0.8125 28849
1672063365487 0.84375 28899
1672063379768 0.875 28949
1672063394068 0.84375 28999
1672063408341 0.875 29049
1672063433237 0.875 29099
1672063447734 0.8125 29149
1672063462190 0.75 29199
1672063476479 0.8125 29249
1672063501136 0.84375 29299
1672063515539 0.75 29349
1672063529880 0.875 29399
1672063544228 0.84375 29449
1672063558691 0.8125 29499
1672063583152 0.78125 29549
1672063597423 0.8125 29599
1672063611879 0.8125 29649
1672063626155 0.875 29699
1672063650557 0.8125 29749
1672063664857 0.75 29799
1672063679195 0.9375 29849
1672063693507 0.78125 29899
1672063718409 0.84375 29949
1672063732954 0.78125 29999
1672063747263 0.9375 30049
1672063761553 0.875 30099
1672063775853 0.75 30149
1672063800217 0.625 30199
1672063814531 0.75 30249
1672063828808 0.90625 30299
1672063843209 0.78125 30349
1672063868131 0.875 30399
1672063882548 0.875 30449
1672063896837 0.71875 30499
1672063911123 0.875 30549
1672063935623 0.8125 30599
1672063949866 0.75 30649
1672063964398 0.9375 30699
1672063978656 0.84375 30749
1672063993056 0.8125 30799
1672064017717 0.78125 30849
1672064031977 0.78125 30899
1672064046257 0.84375 30949
1672064060502 0.84375 30999
1672064085095 0.90625 31049
1672064099489 0.96875 31099
1672064113859 0.71875 31149
1672064128065 0.65625 31199
1672064152704 0.96875 31249
1672064167019 0.84375 31299
1672064181330 0.84375 31349
1672064195557 0.75 31399
1672064209781 0.75 31449
1672064234336 0.78125 31499
1672064248668 0.71875 31549
1672064263110 0.8125 31599
1672064277487 0.90625 31649
1672064302264 0.96875 31699
1672064316584 0.75 31749
1672064330848 0.875 31799
1672064345180 0.78125 31849
1672064369686 0.8125 31899
1672064384177 0.71875 31949
1672064398423 0.9375 31999
1672064412681 0.8125 32049
1672064427068 0.8125 32099
1672064451599 0.75 32149
1672064465803 0.8125 32199
1672064480029 0.875 32249
1672064494222 0.90625 32299
1672064519226 0.84375 32349
1672064533516 0.8125 32399
1672064547742 0.78125 32449
1672064562107 0.78125 32499
1672064576142 0.875 32549
