1672053683720 0.6666666865348816 49
1672053698007 0.4583333432674408 99
1672053712540 0.512499988079071 149
1672053726786 0.6875 199
1672053751055 0.7083333134651184 249
1672053765206 0.5416666865348816 299
1672053779374 0.7500000596046448 349
1672053793613 0.5666667222976685 399
1672053817948 0.6499999761581421 449
1672053832189 0.7291666865348816 499
1672053846409 0.5083333253860474 549
1672053860613 0.4375 599
1672053875087 0.5416666865348816 649
1672053899320 0.5625 699
1672053913587 0.7249999642372131 749
1672053927857 0.5625 799
1672053942137 0.375 849
1672053966397 0.5833333730697632 899
1672053980672 0.5874999761581421 949
1672053995041 0.5416666865348816 999
1672054009556 0.625 1049
1672054033823 0.6458333134651184 1099
1672054048189 0.625 1149
1672054062473 0.6875 1199
1672054076702 0.5625 1249
1672054090996 0.625 1299
1672054115130 0.9375 1349
1672054129735 0.8541666865348816 1399
1672054143951 0.5249999761581421 1449
1672054158179 0.6458333134651184 1499
1672054182671 0.6875000596046448 1549
1672054196922 0.550000011920929 1599
1672054211171 0.7291666865348816 1649
1672054225407 0.3125 1699
1672054249747 0.5446428656578064 1749
1672054264623 0.5833333730697632 1799
1672054279048 0.7333333492279053 1849
1672054293456 0.6946429014205933 1899
1672054307963 0.7916666865348816 1949
1672054332334 0.6666666865348816 1999
1672054346649 0.6875 2049
1672054360958 0.6666666865348816 2099
1672054375360 0.612500011920929 2149
1672054399748 0.7291666865348816 2199
1672054413991 0.5583333373069763 2249
1672054428516 0.4375 2299
1672054442731 0.6083333492279053 2349
1672054467125 0.5375000238418579 2399
1672054481426 0.875 2449
1672054495881 0.7916666865348816 2499
1672054510180 0.6041666865348816 2549
1672054524748 0.38333332538604736 2599
1672054549023 0.4166666865348816 2649
1672054563455 0.4333333373069763 2699
1672054577732 0.6041666269302368 2749
1672054592021 0.6000000238418579 2799
1672054616584 0.574999988079071 2849
1672054631026 0.2708333432674408 2899
1672054645570 0.5166666507720947 2949
1672054659911 0.6875 2999
1672054684353 0.6541666984558105 3049
1672054698677 0.5208333730697632 3099
1672054713023 0.5249999761581421 3149
1672054727434 0.6499999761581421 3199
1672054741854 0.6666666865348816 3249
1672054766572 0.625 3299
1672054781083 0.5583333373069763 3349
1672054795428 0.5 3399
1672054809754 0.4166666865348816 3449
1672054834248 0.8541666865348816 3499
1672054848529 0.9166666865348816 3549
1672054862868 0.5874999761581421 3599
1672054877204 0.875 3649
1672054901647 0.1666666716337204 3699
1672054916040 0.6708333492279053 3749
1672054930414 0.8125 3799
1672054944641 0.45000001788139343 3849
1672054958833 0.6250000596046448 3899
1672054983579 0.5416666865348816 3949
1672054998061 0.7166666984558105 3999
1672055012316 0.5625 4049
1672055026656 0.4583333432674408 4099
1672055051179 0.4583333432674408 4149
1672055065770 0.625 4199
1672055080097 0.625 4249
1672055094412 0.6904761791229248 4299
1672055118726 0.5833333730697632 4349
1672055133072 1.0 4399
1672055147785 0.4541666507720947 4449
1672055162006 0.6000000238418579 4499
1672055176227 0.4583333432674408 4549
1672055200489 0.6000000238418579 4599
1672055215059 0.699999988079071 4649
1672055229341 0.6041666865348816 4699
1672055243661 0.375 4749
1672055268180 0.5 4799
1672055282608 0.6166666746139526 4849
1672055296821 0.5333333611488342 4899
1672055311012 0.6875 4949
1672055335401 0.6458333134651184 4999
1672055350040 0.4375 5049
1672055364375 0.4375 5099
1672055378709 0.7916666865348816 5149
1672055393099 0.5285714268684387 5199
1672055417927 0.625 5249
1672055432156 0.8333333730697632 5299
1672055446424 0.7083333134651184 5349
1672055460676 0.5625 5399
1672055485680 0.3916666805744171 5449
1672055499978 0.8333333134651184 5499
1672055514302 0.8166666626930237 5549
1672055528649 0.4958333373069763 5599
1672055553215 0.5 5649
1672055567590 0.625 5699
1672055581970 0.5166666507720947 5749
1672055596241 0.8166667222976685 5799
1672055610625 0.6666666865348816 5849
1672055635297 0.8166667222976685 5899
1672055649618 0.75 5949
1672055663888 0.75 5999
1672055678186 0.4375 6049
1672055703044 0.28333333134651184 6099
1672055717408 0.4375 6149
1672055731897 0.2916666865348816 6199
1672055746527 0.6499999761581421 6249
1672055771022 0.7875000238418579 6299
1672055785373 0.5 6349
1672055799716 0.5333333015441895 6399
1672055814061 0.3125 6449
1672055828395 0.75 6499
1672055852903 0.9166666865348816 6549
1672055867343 0.7916666865348816 6599
1672055881955 0.5249999761581421 6649
1672055896265 0.5375000238418579 6699
1672055920481 0.8166666626930237 6749
1672055934859 0.5874999761581421 6799
1672055949137 0.5625 6849
1672055963607 0.8999999761581421 6899
1672055988145 0.75 6949
1672056002701 0.3791666626930237 6999
1672056017135 0.6666666865348816 7049
1672056031406 0.5 7099
1672056045652 0.8125 7149
1672056070225 0.75 7199
1672056084517 0.6000000238418579 7249
1672056098964 0.625 7299
1672056113207 0.7875000238418579 7349
1672056137974 0.625 7399
1672056152297 0.5999999642372131 7449
1672056166706 0.2750000059604645 7499
1672056180996 0.5833333134651184 7549
1672056205555 0.5833333730697632 7599
1672056219806 0.75 7649
1672056234173 0.612500011920929 7699
1672056248597 0.22499999403953552 7749
1672056262912 0.4749999940395355 7799
1672056287607 0.3333333432674408 7849
1672056301879 0.8374999761581421 7899
1672056316277 0.4625000059604645 7949
1672056330527 0.6000000238418579 7999
1672056355002 0.699999988079071 8049
1672056369303 0.5416666865348816 8099
1672056383860 0.7541667222976685 8149
1672056398200 0.9166666865348816 8199
1672056422786 0.4583333432674408 8249
1672056437091 0.7083333134651184 8299
1672056451528 0.7916666865348816 8349
1672056465950 0.3958333432674408 8399
1672056480248 0.46190476417541504 8449
1672056504992 0.5833333730697632 8499
1672056519410 0.5666666626930237 8549
1672056533792 0.574999988079071 8599
1672056548107 0.7249999642372131 8649
1672056572850 0.7250000238418579 8699
1672056587266 0.10000000149011612 8749
1672056601524 0.5 8799
1672056615786 0.875 8849
1672056640404 0.6916666626930237 8899
1672056654788 0.4375 8949
1672056669105 0.2666666805744171 8999
1672056683354 0.7333333492279053 9049
1672056697935 0.625 9099
1672056722447 0.9166666865348816 9149
1672056736697 0.875 9199
1672056750896 0.7541667222976685 9249
1672056765259 0.38749998807907104 9299
1672056789788 0.7833333015441895 9349
1672056804165 0.6875 9399
1672056818443 0.8541666865348816 9449
1672056832757 0.9375 9499
1672056857230 0.7916666865348816 9549
1672056871540 0.625 9599
1672056885827 0.574999988079071 9649
1672056900131 0.5416666865348816 9699
1672056914548 0.5416666865348816 9749
1672056939456 0.4166666865348816 9799
1672056953834 0.6583333015441895 9849
1672056968117 0.887499988079071 9899
1672056982428 0.6875 9949
1672057006929 0.6666666865348816 9999
1672057021254 0.625 10049
1672057035557 0.9166666865348816 10099
1672057049993 0.6458333730697632 10149
1672057074579 0.7708333730697632 10199
1672057088867 0.6666666865348816 10249
1672057103153 0.4833333492279053 10299
1672057117457 0.6041666865348816 10349
1672057131917 0.4166666865348816 10399
1672057156311 0.8541666865348816 10449
1672057170740 0.824999988079071 10499
1672057185207 0.5 10549
1672057200062 0.5625 10599
1672057224512 0.8125 10649
1672057238831 0.6619048118591309 10699
1672057253134 0.5666666626930237 10749
1672057267461 0.625 10799
1672057281538 0.5 10849
1672057306203 0.4583333730697632 10899
1672057320621 0.7749999761581421 10949
1672057335009 0.3333333134651184 10999
1672057349228 0.6708332896232605 11049
1672057373625 0.625 11099
1672057387941 0.42500001192092896 11149
1672057402426 0.6499999761581421 11199
1672057416745 0.6708332896232605 11249
1672057441244 0.6458333730697632 11299
1672057455541 0.5416666865348816 11349
1672057469787 0.5833333730697632 11399
1672057484268 0.6625000238418579 11449
1672057498515 0.7291666865348816 11499
1672057523161 0.699999988079071 11549
1672057537382 0.6666666865348816 11599
1672057551730 0.4791666865348816 11649
1672057566126 0.7916666865348816 11699
1672057590609 0.625 11749
1672057604876 0.4166666865348816 11799
1672057619155 0.6875 11849
1672057633437 0.6083333492279053 11899
1672057657942 0.6041666865348816 11949
1672057672274 0.6000000238418579 11999
1672057686754 0.6916667222976685 12049
1672057701038 0.7291666865348816 12099
1672057715462 0.6666666865348816 12149
1672057740204 0.6208333373069763 12199
1672057754547 0.5541666746139526 12249
1672057768891 0.612500011920929 12299
1672057783251 0.3333333432674408 12349
1672057807774 0.7678571343421936 12399
1672057822236 0.8333333730697632 12449
1672057836646 0.5833333730697632 12499
1672057850938 0.5 12549
1672057875408 0.6875 12599
1672057889687 0.6666666865348816 12649
1672057904116 0.75 12699
1672057918398 0.7916666865348816 12749
1672057932729 0.75 12799
1672057957517 0.8500000238418579 12849
1672057972090 0.6499999761581421 12899
1672057986383 0.5 12949
1672058000833 0.375 12999
1672058025490 0.7916666865348816 13049
1672058039945 0.699999988079071 13099
1672058054218 0.6666666865348816 13149
1672058068672 0.8125 13199
1672058093201 0.7916666865348816 13249
1672058107421 0.4333333373069763 13299
1672058121817 0.5625 13349
1672058136056 0.4541666507720947 13399
1672058150305 0.25 13449
1672058175088 0.7678571343421936 13499
1672058189365 0.7333333492279053 13549
1672058203782 0.8125 13599
1672058218224 0.6916667222976685 13649
1672058242820 0.6250000596046448 13699
1672058257254 0.5874999761581421 13749
1672058271738 0.6666666865348816 13799
1672058286272 0.7250000238418579 13849
1672058310658 0.9166666865348816 13899
1672058324907 0.4833333492279053 13949
1672058339361 0.6666666269302368 13999
1672058353648 0.625 14049
1672058368086 0.4124999940395355 14099
1672058392814 0.5041667222976685 14149
1672058407313 0.6000000238418579 14199
1672058421628 0.4208333492279053 14249
1672058435962 0.625 14299
1672058460649 0.625 14349
1672058475088 0.8374999761581421 14399
1672058489362 0.6499999761581421 14449
1672058503780 0.6875 14499
1672058528507 0.36250001192092896 14549
1672058542931 0.9375 14599
1672058557223 0.512499988079071 14649
1672058571516 0.6666666865348816 14699
1672058585847 1.0 14749
1672058610088 0.7916666865348816 14799
1672058624392 0.7083333730697632 14849
1672058638877 0.5416666865348816 14899
1672058653380 0.5625 14949
1672058677853 0.5 14999
1672058692260 0.6666666865348816 15049
1672058706521 0.5625 15099
1672058720817 0.699999988079071 15149
1672058745251 0.3916666507720947 15199
1672058759847 0.4375 15249
1672058774311 0.4375 15299
1672058788623 0.574999988079071 15349
1672058803078 0.5708333849906921 15399
1672058827469 0.3958333432674408 15449
1672058841737 0.73333340883255 15499
1672058856008 0.875 15549
1672058870338 0.762499988079071 15599
1672058894858 0.5833333730697632 15649
1672058909291 0.7833333611488342 15699
1672058923772 0.7416666746139526 15749
1672058938071 0.7916666865348816 15799
1672058962711 0.5 15849
1672058977014 0.6000000238418579 15899
1672058991356 0.4333333373069763 15949
1672059005678 0.4124999940395355 15999
1672059020026 0.5714285373687744 16049
1672059044986 0.625 16099
1672059059511 0.4166666865348816 16149
1672059073934 0.75 16199
1672059088316 0.40833333134651184 16249
1672059112735 0.5 16299
1672059127034 0.3333333432674408 16349
1672059141316 0.75 16399
1672059155716 0.5392857193946838 16449
1672059180529 0.6666666865348816 16499
1672059194843 0.625 16549
1672059209189 0.8374999761581421 16599
1672059223468 0.7083333730697632 16649
1672059237763 0.25 16699
1672059262276 0.512499988079071 16749
1672059276570 0.5 16799
1672059291198 0.7875000238418579 16849
1672059305525 0.7333333492279053 16899
1672059330040 0.949999988079071 16949
1672059344383 0.4583333730697632 16999
1672059358653 0.5375000238418579 17049
1672059372976 0.7916666865348816 17099
1672059397391 0.7541667222976685 17149
1672059411735 0.3499999940395355 17199
1672059426229 0.6875 17249
1672059440598 0.5208333730697632 17299
1672059455038 0.5416666865348816 17349
1672059479700 0.5833333134651184 17399
1672059493950 0.6833333373069763 17449
1672059508208 0.6916666626930237 17499
1672059522473 0.6666666865348816 17549
1672059547245 1.0 17599
1672059561485 0.6583333611488342 17649
1672059575996 0.9166666865348816 17699
1672059590340 0.8125 17749
1672059614786 0.6583333015441895 17799
1672059628977 0.8374999761581421 17849
1672059643163 0.8125 17899
1672059657376 0.4583333432674408 17949
1672059671867 0.5 17999
1672059696165 0.5833333134651184 18049
1672059710561 0.9375 18099
1672059725073 0.8125 18149
1672059739297 0.8041666746139526 18199
1672059763407 0.5833333134651184 18249
1672059777674 0.7708333134651184 18299
1672059792046 0.5 18349
1672059806375 0.4375 18399
1672059831064 0.5416666865348816 18449
1672059845587 0.8333333730697632 18499
1672059859873 0.6666666865348816 18549
1672059874116 0.5833333730697632 18599
1672059888379 0.637499988079071 18649
1672059913006 0.5666666626930237 18699
1672059927220 0.7250000238418579 18749
1672059941453 0.8333333730697632 18799
1672059955717 0.8041666746139526 18849
1672059980441 0.875 18899
1672059994831 0.574999988079071 18949
1672060009125 0.9017857313156128 18999
1672060023419 0.3928571343421936 19049
1672060047755 0.4583333730697632 19099
1672060062040 0.6875 19149
1672060076381 0.512499988079071 19199
1672060090832 0.8999999761581421 19249
1672060105380 0.3958333432674408 19299
1672060129742 0.7875000238418579 19349
1672060144196 0.7875000238418579 19399
1672060158523 0.8666666746139526 19449
1672060172891 0.7333333492279053 19499
1672060197306 0.6166666746139526 19549
1672060211687 0.887499988079071 19599
1672060225922 0.625 19649
1672060240146 0.5625 19699
1672060310328 0.6499999761581421 19749
1672060325007 0.8541666865348816 19799
1672060339357 0.699999988079071 19849
1672060353732 0.6666666865348816 19899
1672060368107 0.7083333134651184 19949
1672060392431 0.8166666626930237 19999
1672060406813 0.7708333730697632 20049
1672060421053 0.875 20099
1672060435272 0.4375000298023224 20149
1672060459900 0.6875 20199
1672060474288 0.5833333730697632 20249
1672060488656 0.8333333134651184 20299
1672060502897 0.875 20349
1672060527269 0.8541666865348816 20399
1672060541555 0.7083333730697632 20449
1672060555801 0.4791666865348816 20499
1672060570043 0.4833333194255829 20549
1672060584386 0.4749999940395355 20599
1672060608914 0.5833333134651184 20649
1672060623453 0.5458333492279053 20699
1672060637714 0.4166666865348816 20749
1672060652111 0.5625 20799
1672060676559 0.49166667461395264 20849
1672060690937 0.5416666865348816 20899
1672060705211 0.7291666865348816 20949
1672060719529 0.7458333373069763 20999
1672060744096 0.8541666865348816 21049
1672060758584 0.8374999761581421 21099
1672060772913 0.75 21149
1672060787390 0.6666666865348816 21199
1672060801657 0.6875 21249
1672060825910 0.7749999761581421 21299
1672060840286 0.550000011920929 21349
1672060854632 0.4166666865348816 21399
1672060868950 0.4791666865348816 21449
1672060893841 0.5625 21499
1672060908368 0.5249999761581421 21549
1672060922642 0.5416666865348816 21599
1672060936883 0.8374999761581421 21649
1672060950917 0.0 21699
1672060975472 0.6875 21749
1672060989747 0.6041666865348816 21799
1672061003994 0.9166666865348816 21849
1672061018384 0.6416666507720947 21899
1672061043081 0.6666666865348816 21949
1672061057377 0.4333333373069763 21999
1672061071815 0.6041666865348816 22049
1672061086109 0.7291666865348816 22099
1672061110702 0.7083333730697632 22149
1672061124996 0.5 22199
1672061139409 0.625 22249
1672061153696 0.5 22299
1672061167969 0.375 22349
1672061192770 0.7708333134651184 22399
1672061207056 0.8125 22449
1672061221292 0.4749999940395355 22499
1672061235538 0.699999988079071 22549
1672061259962 0.6666666865348816 22599
1672061274306 0.6666666865348816 22649
1672061288819 0.6666666865348816 22699
1672061303493 0.46666669845581055 22749
1672061328103 0.875 22799
1672061342549 0.5208333134651184 22849
1672061356900 0.4583333432674408 22899
1672061371216 0.5833333730697632 22949
1672061385524 0.8333333134651184 22999
1672061410046 0.7416666746139526 23049
1672061424717 0.6000000238418579 23099
1672061439051 0.5833333730697632 23149
1672061453645 0.6875 23199
1672061478085 0.637499988079071 23249
1672061492381 0.125 23299
1672061506620 0.6666666865348816 23349
1672061520835 0.5833333730697632 23399
1672061545322 0.4583333432674408 23449
1672061559639 0.8333333134651184 23499
1672061574061 0.5416666865348816 23549
1672061588650 0.6041666865348816 23599
1672061603180 0.6666666865348816 23649
1672061627618 0.8500000238418579 23699
1672061641999 0.7083333730697632 23749
1672061656348 0.5333333611488342 23799
1672061670814 0.8666666746139526 23849
1672061695251 0.887499988079071 23899
1672061710007 0.75 23949
1672061724268 0.8125 23999
1672061738545 1.0 24049
1672061763271 0.7749999761581421 24099
1672061777500 1.0 24149
1672061791738 0.5416666865348816 24199
1672061806122 0.8333333730697632 24249
1672061820492 0.7083333730697632 24299
1672061845375 0.6041666865348816 24349
1672061859704 0.8333333730697632 24399
1672061874046 0.6666666865348816 24449
1672061888360 0.75 24499
1672061912774 0.4583333432674408 24549
1672061927201 0.625 24599
1672061941692 0.5 24649
1672061956254 0.5684523582458496 24699
1672061980544 0.6666666865348816 24749
1672061994996 0.375 24799
1672062009262 0.5333333611488342 24849
1672062023679 0.625 24899
1672062037939 0.75 24949
1672062062476 0.6208333373069763 24999
1672062076895 0.6875 25049
1672062091173 0.7303571701049805 25099
1672062105691 0.3125 25149
1672062130250 0.4791666865348816 25199
1672062144505 0.625 25249
1672062158745 0.7083333730697632 25299
1672062172995 0.7749999761581421 25349
1672062197512 0.6666666865348816 25399
1672062212079 0.7124999761581421 25449
1672062226406 0.9583333134651184 25499
1672062240831 0.5833333134651184 25549
1672062255191 0.75 25599
1672062279633 0.9375 25649
1672062293969 0.8333333134651184 25699
1672062308261 0.5833333730697632 25749
1672062322591 0.4166666865348816 25799
1672062347361 0.5833333730697632 25849
1672062361767 0.7916666865348816 25899
1672062375994 0.4583333432674408 25949
1672062390389 0.8125 25999
1672062414597 0.75 26049
1672062428934 0.4166666865348816 26099
1672062443199 0.5 26149
1672062457610 0.4375 26199
1672062472007 0.45000001788139343 26249
1672062496688 0.625 26299
1672062511133 0.9166666865348816 26349
1672062525536 0.5083333253860474 26399
1672062539825 0.6499999761581421 26449
1672062564186 0.4375 26499
1672062578669 0.7916666865348816 26549
1672062593236 0.5625 26599
1672062607598 0.5833333730697632 26649
1672062631981 0.6666666865348816 26699
1672062646379 0.875 26749
1672062660611 0.574999988079071 26799
1672062674822 0.7124999761581421 26849
1672062689057 0.6708332896232605 26899
1672062713500 0.6666666865348816 26949
1672062728088 0.4000000059604645 26999
1672062742344 0.4375 27049
1672062756790 0.75 27099
1672062781276 0.8999999761581421 27149
1672062795803 0.625 27199
1672062810129 0.4375 27249
1672062824510 0.4791666865348816 27299
1672062849001 0.824999988079071 27349
1672062863382 0.7749999761581421 27399
1672062877979 0.675000011920929 27449
1672062892339 0.7916666865348816 27499
1672062906784 0.7250000238418579 27549
1672062931354 0.5833333730697632 27599
1672062945687 0.6041666865348816 27649
1672062960089 0.6083333492279053 27699
1672062974378 0.3333333432674408 27749
1672062998820 0.6791666746139526 27799
1672063013203 0.5833333730697632 27849
1672063027469 0.75 27899
1672063041756 0.4333333373069763 27949
1672063066360 0.6666666865348816 27999
1672063080629 0.6904762387275696 28049
1672063095074 0.7083333134651184 28099
1672063109330 1.0 28149
1672063123612 0.6666666865348816 28199
1672063148280 0.5625 28249
1672063162573 0.5 28299
1672063177024 0.7916666865348816 28349
1672063191364 0.7749999761581421 28399
1672063216051 0.8666666746139526 28449
1672063230265 0.7708333730697632 28499
1672063244492 0.5416666865348816 28549
1672063258700 0.699999988079071 28599
1672063283132 0.8999999761581421 28649
1672063297547 0.7416666746139526 28699
1672063311966 0.6000000238418579 28749
1672063326268 0.3125 28799
1672063340710 0.6875 28849
1672063365487 0.6875 28899
1672063379768 0.8333333730697632 28949
1672063394068 0.625 28999
1672063408341 0.9375 29049
1672063433237 0.25 29099
1672063447734 0.4749999940395355 29149
1672063462190 0.5625 29199
1672063476479 0.699999988079071 29249
1672063501136 0.6041666269302368 29299
1672063515539 0.5333333015441895 29349
1672063529880 0.8333333730697632 29399
1672063544228 0.699999988079071 29449
1672063558691 0.5 29499
1672063583152 0.7250000238418579 29549
1672063597423 0.6916667222976685 29599
1672063611879 0.8374999761581421 29649
1672063626155 0.5874999761581421 29699
1672063650557 0.6625000238418579 29749
1672063664857 0.3125 29799
1672063679195 0.8333333134651184 29849
1672063693507 0.6041666865348816 29899
1672063718409 0.7083333134651184 29949
1672063732954 0.7083333730697632 29999
1672063747263 0.887499988079071 30049
1672063761553 0.887499988079071 30099
1672063775853 0.7416666746139526 30149
1672063800217 0.4791666865348816 30199
1672063814531 0.5208333134651184 30249
1672063828808 0.8333333730697632 30299
1672063843209 0.5416666865348816 30349
1672063868131 0.6250000596046448 30399
1672063882548 0.875 30449
1672063896837 0.625 30499
1672063911123 0.8541666865348816 30549
1672063935623 0.2916666865348816 30599
1672063949866 0.6083333492279053 30649
1672063964398 0.6041666865348816 30699
1672063978656 0.875 30749
1672063993056 0.75 30799
1672064017717 0.6041666865348816 30849
1672064031977 0.625 30899
1672064046257 0.7749999761581421 30949
1672064060502 0.6499999761581421 30999
1672064085095 0.7083333730697632 31049
1672064099489 0.9166666865348816 31099
1672064113859 0.36250001192092896 31149
1672064128065 0.4124999940395355 31199
1672064152704 1.0 31249
1672064167019 0.7083333730697632 31299
1672064181330 0.4583333432674408 31349
1672064195557 0.5833333730697632 31399
1672064209781 0.375 31449
1672064234336 0.4583333432674408 31499
1672064248668 0.6083332896232605 31549
1672064263110 0.6166666746139526 31599
1672064277487 0.8333333730697632 31649
1672064302264 0.9166666865348816 31699
1672064316584 0.5416666865348816 31749
1672064330848 0.5 31799
1672064345180 0.6458333134651184 31849
1672064369686 0.6291666626930237 31899
1672064384177 0.3750000298023224 31949
1672064398423 0.8541666865348816 31999
1672064412681 0.5416666865348816 32049
1672064427068 0.8452380895614624 32099
1672064451599 0.6875 32149
1672064465803 0.6833333373069763 32199
1672064480029 0.7291666865348816 32249
1672064494222 1.0 32299
1672064519226 0.5208333730697632 32349
1672064533516 0.5 32399
1672064547742 0.5833333730697632 32449
1672064562107 0.625 32499
1672064576142 0.25 32549
