1672053740995 0.7692196369171143 216
1672053812754 0.7807803750038147 433
1672053884686 0.7807803750038147 650
1672053956582 0.7807803750038147 867
1672054028876 0.7807803750038147 1084
1672054100767 0.7807803750038147 1301
1672054172963 0.7807803750038147 1518
1672054245036 0.7807803750038147 1735
1672054318180 0.7807803750038147 1952
1672054390511 0.7812138795852661 2169
1672054462721 0.7813583612442017 2386
1672054535221 0.7832369804382324 2603
1672054607585 0.7820809483528137 2820
1672054680237 0.7852601408958435 3037
1672054752680 0.7846820950508118 3254
1672054825448 0.7864161729812622 3471
1672054897832 0.7884393334388733 3688
1672054970210 0.789595365524292 3905
1672055042663 0.7920520305633545 4122
1672055115171 0.793208122253418 4339
1672055187514 0.795809268951416 4556
1672055260063 0.7911849617958069 4773
1672055332120 0.7966762781143188 4990
1672055405091 0.7959537506103516 5207
1672055477433 0.7979768514633179 5424
1672055550226 0.7978323698043823 5641
1672055622842 0.7955202460289001 5858
1672055695404 0.8014450669288635 6075
1672055768333 0.8021676540374756 6292
1672055840784 0.8017340898513794 6509
1672055913256 0.8024566769599915 6726
1672055985677 0.8059248328208923 6943
1672056058386 0.8028901815414429 7160
1672056130997 0.8041907548904419 7377
1672056203297 0.8008670806884766 7594
1672056276030 0.8085260391235352 7811
1672056348342 0.8072254061698914 8028
1672056420922 0.8050578236579895 8245
1672056493658 0.8109826445579529 8462
1672056566517 0.8091040253639221 8679
1672056638878 0.8054913282394409 8896
1672056711412 0.810693621635437 9113
1672056783688 0.8091040253639221 9330
1672056855970 0.8079479932785034 9547
1672056928404 0.8069364428520203 9764
1672057001099 0.8076589703559875 9981
1672057073604 0.8114162087440491 10198
1672057145860 0.8160404562950134 10415
1672057218979 0.8091040253639221 10632
1672057291186 0.8141618371009827 10849
1672057363551 0.8124277591705322 11066
1672057435846 0.8117052316665649 11283
1672057508510 0.8150289058685303 11500
1672057580673 0.8141618371009827 11717
1672057652985 0.8153179287910461 11934
1672057725537 0.8140173554420471 12151
1672057798232 0.8160404562950134 12368
1672057870760 0.8163294792175293 12585
1672057943256 0.8131502866744995 12802
1672058016209 0.8161849975585938 13019
1672058088623 0.8186416029930115 13236
1672058161268 0.8124277591705322 13453
1672058233824 0.8192196488380432 13670
1672058306615 0.8170520067214966 13887
1672058379098 0.8195086717605591 14104
1672058451930 0.8157514333724976 14321
1672058524638 0.8163294792175293 14538
1672058596842 0.8187861442565918 14755
1672058669451 0.8186416029930115 14972
1672058741648 0.8177745938301086 15189
1672058814542 0.8176300525665283 15406
1672058886602 0.8229768872261047 15623
1672058959466 0.821098268032074 15840
1672059031688 0.8189306259155273 16057
1672059104838 0.8189306259155273 16274
1672059177568 0.8167629837989807 16491
1672059249839 0.8206647634506226 16708
1672059322518 0.8190751671791077 16925
1672059394698 0.8216763138771057 17142
1672059467585 0.8212427496910095 17359
1672059539992 0.8209537863731384 17576
1672059612356 0.8213872909545898 17793
1672059684417 0.8212427496910095 18010
1672059756491 0.821098268032074 18227
1672059828923 0.8238439559936523 18444
1672059901487 0.8192196488380432 18661
1672059973773 0.823699414730072 18878
1672060045903 0.8161849975585938 19095
1672060118512 0.8232659101486206 19312
1672060190910 0.8213872909545898 19529
1672060308502 0.8267341256141663 19746
1672060381492 0.8200867176055908 19963
1672060453817 0.8232659101486206 20180
1672060525988 0.819797694683075 20397
1672060598179 0.8226878643035889 20614
1672060670729 0.8212427496910095 20831
1672060743155 0.8244219422340393 21048
1672060815514 0.8209537863731384 21265
1672060888204 0.823699414730072 21482
1672060960552 0.8221098184585571 21699
1672061032812 0.8257225155830383 21916
1672061105414 0.8263005614280701 22133
1672061177780 0.8219653367996216 22350
1672061250108 0.8238439559936523 22567
1672061323165 0.8238439559936523 22784
1672061395623 0.8257225155830383 23001
1672061468554 0.8226878643035889 23218
1672061540608 0.8242774605751038 23435
1672061613472 0.8247109651565552 23652
1672061685989 0.8290462493896484 23869
1672061758862 0.8235549330711365 24086
1672061831563 0.8242774605751038 24303
1672061903805 0.8241329193115234 24520
1672061976449 0.8270231485366821 24737
1672062048946 0.8260115385055542 24954
1672062121581 0.8245664834976196 25171
1672062193691 0.8248555064201355 25388
1672062266349 0.827890157699585 25605
1672062338731 0.8225433230400085 25822
1672062411043 0.828612744808197 26039
1672062483659 0.8239884376525879 26256
1672062556048 0.8293352723121643 26473
1672062628748 0.8276011347770691 26690
1672062700861 0.8273121118545532 26907
1672062773384 0.8273121118545532 27124
1672062846030 0.8245664834976196 27341
1672062918756 0.8271676301956177 27558
1672062991230 0.8268786072731018 27775
1672063063648 0.8274566531181335 27992
1672063136120 0.8263005614280701 28209
1672063208688 0.8255780339241028 28426
1672063280686 0.8276011347770691 28643
1672063353650 0.8257225155830383 28860
1672063426214 0.8280346989631653 29077
1672063498980 0.828612744808197 29294
1672063571619 0.8283237218856812 29511
1672063643870 0.8268786072731018 29728
1672063716610 0.8280346989631653 29945
1672063788975 0.8281791806221008 30162
1672063861707 0.8255780339241028 30379
1672063934067 0.8296242952346802 30596
1672064006450 0.8271676301956177 30813
1672064078932 0.8276011347770691 31030
1672064151482 0.8294797539710999 31247
1672064223441 0.8290462493896484 31464
1672064296412 0.8290462493896484 31681
1672064368793 0.8265895843505859 31898
1672064441246 0.8267341256141663 32115
1672064513487 0.8290462493896484 32332
1672064585893 0.8296242952346802 32549
