1671769983484 0 22
1671769986408 1 22
1671769997144 1 45
1671770000312 2 45
1671770002038 2 49
1671770010957 2 68
1671770014117 3 68
1671770025002 3 91
1671770028148 4 91
1671770031079 4 99
1671770039079 4 114
1671770042289 5 114
1671770053114 5 137
1671770056335 6 137
1671770060342 6 149
1671770067473 6 160
1671770070628 7 160
1671770081739 7 183
1671770084935 8 183
1671770090091 8 199
1671770095885 8 206
1671770099047 9 206
1671770109729 9 229
1671770112943 10 229
1671770119232 10 249
1671770123660 10 252
1671770126885 11 252
1671770137822 11 275
1671770140957 12 275
1671770151727 12 298
1671770154897 13 298
1671770155777 13 299
1671770165460 13 321
1671770168667 14 321
1671770179373 14 344
1671770182501 15 344
1671770184566 15 349
1671770193258 15 367
1671770196486 16 367
1671770207212 16 390
1671770210317 17 390
1671770213584 17 399
1671770221030 17 413
1671770224250 18 413
1671770235157 18 436
1671770238419 19 436
1671770242894 19 449
1671770249555 19 459
1671770252643 20 459
1671770263454 20 482
1671770266587 21 482
1671770272070 21 499
1671770277411 21 505
1671770280601 22 505
1671770291510 22 528
1671770294575 23 528
1671770301151 23 549
1671770305253 23 551
1671770308390 24 551
1671770319328 24 574
1671770322525 25 574
1671770333475 25 597
1671770336535 26 597
1671770337805 26 599
1671770347452 26 620
1671770350600 27 620
1671770361111 27 643
1671770364154 28 643
1671770366536 28 649
1671770375117 28 666
1671770378338 29 666
1671770389033 29 689
1671770392093 30 689
1671770395664 30 699
1671770402962 30 712
1671770406128 31 712
1671770417021 31 735
1671770420117 32 735
1671770424784 32 749
1671770431220 32 758
1671770434382 33 758
1671770445039 33 781
1671770448277 34 781
1671770453957 34 799
1671770459112 34 804
1671770462284 35 804
1671770472937 35 827
1671770476090 36 827
1671770482953 36 849
1671770487024 36 850
1671770490207 37 850
1671770501050 37 873
1671770504193 38 873
1671770514978 38 896
1671770518134 39 896
1671770519583 39 899
1671770528909 39 919
1671770532059 40 919
1671770542845 40 942
1671770545961 41 942
1671770548702 41 949
1671770556778 41 965
1671770559880 42 965
1671770570669 42 988
1671770573876 43 988
1671770577775 43 999
1671770585125 43 1011
1671770588318 44 1011
1671770599141 44 1034
1671770602269 45 1034
1671770607137 45 1049
1671770612963 45 1057
1671770616081 46 1057
1671770626934 46 1080
1671770630206 47 1080
1671770636286 47 1099
1671770641143 47 1103
1671770644272 48 1103
1671770654964 48 1126
1671770658104 49 1126
1671770665009 49 1149
1671770668899 49 1149
1671770672034 50 1149
1671770682822 50 1172
1671770685940 51 1172
1671770696726 51 1195
1671770699928 52 1195
1671770701668 52 1199
1671770710843 52 1218
1671770714031 53 1218
1671770724728 53 1241
1671770727877 54 1241
1671770730789 54 1249
1671770738746 54 1264
1671770741950 55 1264
1671770753221 55 1287
1671770756453 56 1287
1671770760479 56 1299
1671770767152 56 1310
1671770770358 57 1310
1671770781206 57 1333
1671770784380 58 1333
1671770789570 58 1349
1671770794952 58 1356
1671770798075 59 1356
1671770808974 59 1379
1671770812172 60 1379
1671770818421 60 1399
1671770822912 60 1402
1671770826127 61 1402
1671770836966 61 1425
1671770840120 62 1425
1671770850802 62 1448
1671770853946 63 1448
1671770854860 63 1449
1671770864686 63 1471
1671770867766 64 1471
1671770878545 64 1494
1671770881748 65 1494
1671770883801 65 1499
1671770892482 65 1517
1671770895630 66 1517
1671770906678 66 1540
1671770909818 67 1540
1671770913043 67 1549
1671770920995 67 1563
1671770924114 68 1563
1671770934722 68 1586
1671770937808 69 1586
1671770942157 69 1599
1671770948564 69 1609
1671770951627 70 1609
1671770962418 70 1632
1671770965588 71 1632
1671770971071 71 1649
1671770976403 71 1655
1671770979607 72 1655
1671770990298 72 1678
1671770993434 73 1678
1671771000086 73 1699
1671771004296 73 1701
1671771007400 74 1701
1671771018269 74 1724
1671771021417 75 1724
1671771032009 75 1747
1671771035182 76 1747
1671771036445 76 1749
1671771045922 76 1770
1671771049088 77 1770
1671771059771 77 1793
1671771062940 78 1793
1671771065317 78 1799
1671771073867 78 1816
1671771076990 79 1816
1671771088292 79 1839
1671771091405 80 1839
1671771094938 80 1849
1671771102182 80 1862
1671771105364 81 1862
1671771116034 81 1885
1671771119202 82 1885
1671771123838 82 1899
1671771129850 82 1908
1671771133058 83 1908
1671771143720 83 1931
1671771146800 84 1931
1671771152527 84 1949
1671771157587 84 1954
1671771160727 85 1954
1671771171358 85 1977
1671771174502 86 1977
1671771181353 86 1999
1671771185425 86 2000
1671771188558 87 2000
1671771199380 87 2023
1671771202514 88 2023
1671771213171 88 2046
1671771216229 89 2046
1671771217755 89 2049
1671771226912 89 2069
1671771230075 90 2069
1671771241108 90 2092
1671771244210 91 2092
1671771247051 91 2099
1671771255314 91 2115
1671771258443 92 2115
1671771269204 92 2138
1671771272290 93 2138
1671771276049 93 2149
1671771283043 93 2161
1671771286220 94 2161
1671771297133 94 2184
1671771300290 95 2184
1671771305185 95 2199
1671771311009 95 2207
1671771314131 96 2207
1671771324854 96 2230
1671771328006 97 2230
1671771334007 97 2249
1671771338798 97 2253
1671771341868 98 2253
1671771352743 98 2276
1671771355888 99 2276
1671771362856 99 2299
1671771366854 99 2299
1671771370077 100 2299
1671771380680 100 2322
1671771383960 101 2322
1671771394893 101 2345
1671771398040 102 2345
1671771399846 102 2349
1671771408781 102 2368
1671771411948 103 2368
1671771423132 103 2391
1671771426314 104 2391
1671771429248 104 2399
1671771437037 104 2414
1671771440074 105 2414
1671771450909 105 2437
1671771454068 106 2437
1671771458141 106 2449
1671771464820 106 2460
1671771467897 107 2460
1671771478774 107 2483
1671771481989 108 2483
1671771487178 108 2499
1671771492958 108 2506
1671771496110 109 2506
1671771506902 109 2529
1671771510051 110 2529
1671771516442 110 2549
1671771521002 110 2552
1671771524115 111 2552
1671771534946 111 2575
1671771538090 112 2575
1671771548843 112 2598
1671771552074 113 2598
1671771552990 113 2599
1671771562738 113 2621
1671771565858 114 2621
1671771576524 114 2644
1671771579692 115 2644
1671771581790 115 2649
1671771590486 115 2667
1671771593684 116 2667
1671771604602 116 2690
1671771607768 117 2690
1671771610935 117 2699
1671771618578 117 2713
1671771621684 118 2713
1671771632587 118 2736
1671771635712 119 2736
1671771640011 119 2749
1671771646474 119 2759
1671771649577 120 2759
1671771660428 120 2782
1671771663634 121 2782
1671771669215 121 2799
1671771674451 121 2805
1671771677603 122 2805
1671771688349 122 2828
1671771691531 123 2828
1671771698076 123 2849
1671771702281 123 2851
1671771705467 124 2851
1671771716246 124 2874
1671771719414 125 2874
1671771730029 125 2897
1671771733218 126 2897
1671771734505 126 2899
1671771743924 126 2920
1671771747028 127 2920
1671771758158 127 2943
1671771761336 128 2943
1671771763623 128 2949
1671771772407 128 2966
1671771775517 129 2966
1671771786294 129 2989
1671771789484 130 2989
1671771792934 130 2999
1671771800232 130 3012
1671771803361 131 3012
1671771814048 131 3035
1671771817171 132 3035
1671771821727 132 3049
1671771827875 132 3058
1671771831076 133 3058
1671771841954 133 3081
1671771845046 134 3081
1671771850728 134 3099
1671771855753 134 3104
1671771858898 135 3104
1671771869630 135 3127
1671771872746 136 3127
1671771879642 136 3149
1671771883534 136 3150
1671771886673 137 3150
1671771897492 137 3173
1671771900825 138 3173
1671771911817 138 3196
1671771915000 139 3196
1671771916530 139 3199
1671771925902 139 3219
1671771929083 140 3219
1671771939686 140 3242
1671771942917 141 3242
1671771945686 141 3249
1671771953808 141 3265
1671771956965 142 3265
1671771967621 142 3288
1671771970797 143 3288
1671771974593 143 3299
1671771981472 143 3311
1671771984647 144 3311
1671771995475 144 3334
1671771998674 145 3334
1671772003597 145 3349
1671772009505 145 3357
1671772012632 146 3357
1671772023397 146 3380
1671772026624 147 3380
1671772032629 147 3399
1671772037431 147 3403
1671772040573 148 3403
1671772051564 148 3426
1671772054710 149 3426
1671772061701 149 3449
1671772065540 149 3449
1671772068489 150 3449
