1671769983484 0.0 22
1671769997144 0.0 45
1671770010957 0.0 68
1671770025002 0.0 91
1671770039079 0.0 114
1671770053114 0.0 137
1671770067473 0.0 160
1671770081739 0.0 183
1671770095885 0.0 206
1671770109729 0.0 229
1671770123660 0.0 252
1671770137822 0.0 275
1671770151727 0.0 298
1671770165460 0.0 321
1671770179373 0.0 344
1671770193258 0.0 367
1671770207212 0.0 390
1671770221030 0.0 413
1671770235157 0.0 436
1671770249555 0.0 459
1671770263454 0.0 482
1671770277411 0.0 505
1671770291510 0.0 528
1671770305253 0.0 551
1671770319328 0.0 574
1671770333475 0.0 597
1671770347452 0.0 620
1671770361111 0.0 643
1671770375117 0.0 666
1671770389033 0.0 689
1671770402962 0.0 712
1671770417021 0.0 735
1671770431220 0.0 758
1671770445039 0.0 781
1671770459112 0.0 804
1671770472937 0.0 827
1671770487024 0.0 850
1671770501050 0.0 873
1671770514978 0.0 896
1671770528909 0.0 919
1671770542845 0.0 942
1671770556778 0.0 965
1671770570669 0.0 988
1671770585125 0.0 1011
1671770599141 0.0 1034
1671770612963 0.0 1057
1671770626934 0.0 1080
1671770641143 0.0 1103
1671770654964 0.0 1126
1671770668899 0.0 1149
1671770682822 0.0 1172
1671770696726 0.0 1195
1671770710843 0.0 1218
1671770724728 0.0 1241
1671770738746 0.0 1264
1671770753221 0.0 1287
1671770767152 0.0 1310
1671770781206 0.0 1333
1671770794952 0.0 1356
1671770808974 0.0 1379
1671770822912 0.0 1402
1671770836966 0.0 1425
1671770850802 0.0 1448
1671770864686 0.0 1471
1671770878545 0.0 1494
1671770892482 0.0 1517
1671770906678 0.0 1540
1671770920995 0.0 1563
1671770934722 0.0 1586
1671770948564 0.0 1609
1671770962418 0.0 1632
1671770976403 0.0 1655
1671770990298 0.0 1678
1671771004296 0.0 1701
1671771018269 0.0 1724
1671771032009 0.0 1747
1671771045922 0.25 1770
1671771059771 0.0 1793
1671771073867 0.0 1816
1671771088292 0.0 1839
1671771102182 0.0 1862
1671771116034 0.0 1885
1671771129850 0.0 1908
1671771143720 0.0 1931
1671771157587 0.0 1954
1671771171358 0.0 1977
1671771185425 0.0 2000
1671771199380 0.0 2023
1671771213171 0.0 2046
1671771226912 0.0 2069
1671771241108 0.0 2092
1671771255314 0.0 2115
1671771269204 0.0 2138
1671771283043 0.0 2161
1671771297133 0.0 2184
1671771311009 0.0 2207
1671771324854 0.0 2230
1671771338798 0.0 2253
1671771352743 0.0 2276
1671771366854 0.0 2299
1671771380680 0.0 2322
1671771394893 0.0 2345
1671771408781 0.0 2368
1671771423132 0.0 2391
1671771437037 0.0 2414
1671771450909 0.0 2437
1671771464820 0.0 2460
1671771478774 0.0 2483
1671771492958 0.0 2506
1671771506902 0.0 2529
1671771521002 0.0 2552
1671771534946 0.0 2575
1671771548843 0.0 2598
1671771562738 0.0 2621
1671771576524 0.0 2644
1671771590486 0.0 2667
1671771604602 0.0 2690
1671771618578 0.25 2713
1671771632587 0.0 2736
1671771646474 0.0 2759
1671771660428 0.0 2782
1671771674451 0.0 2805
1671771688349 0.0 2828
1671771702281 0.0 2851
1671771716246 0.0 2874
1671771730029 0.0 2897
1671771743924 0.0 2920
1671771758158 0.0 2943
1671771772407 0.0 2966
1671771786294 0.0 2989
1671771800232 0.0 3012
1671771814048 0.0 3035
1671771827875 0.0 3058
1671771841954 0.0 3081
1671771855753 0.0 3104
1671771869630 0.0 3127
1671771883534 0.0 3150
1671771897492 0.0 3173
1671771911817 0.0 3196
1671771925902 0.0 3219
1671771939686 0.0 3242
1671771953808 0.0 3265
1671771967621 0.0 3288
1671771981472 0.0 3311
1671771995475 0.0 3334
1671772009505 0.0 3357
1671772023397 0.0 3380
1671772037431 0.0 3403
1671772051564 0.0 3426
1671772065540 0.0 3449
