1671769986408 0.7301318645477295 22
1671770000312 0.9646892547607422 45
1671770014117 0.950564980506897 68
1671770028148 0.9392655491828918 91
1671770042289 0.9519773721694946 114
1671770056335 0.9491525292396545 137
1671770070628 0.9717513918876648 160
1671770084935 0.9830508232116699 183
1671770099047 0.9971751570701599 206
1671770112943 0.9618644118309021 229
1671770126885 0.950564980506897 252
1671770140957 0.9872881174087524 275
1671770154897 0.950564980506897 298
1671770168667 0.9731638431549072 321
1671770182501 0.9731638431549072 344
1671770196486 0.9378530979156494 367
1671770210317 0.9632768630981445 390
1671770224250 0.9830508232116699 413
1671770238419 0.9618644118309021 436
1671770252643 0.950564980506897 459
1671770266587 0.9844632744789124 482
1671770280601 0.9519773721694946 505
1671770294575 0.9519773721694946 528
1671770308390 0.9519773721694946 551
1671770322525 0.950564980506897 574
1671770336535 0.9745762944221497 597
1671770350600 0.9731638431549072 620
1671770364154 0.9491525292396545 643
1671770378338 0.9618644118309021 666
1671770392093 0.950564980506897 689
1671770406128 0.9533898234367371 712
1671770420117 0.9971751570701599 735
1671770434382 0.9858757257461548 758
1671770448277 0.9745762944221497 781
1671770462284 0.9632768630981445 804
1671770476090 0.9392655491828918 827
1671770490207 0.9632768630981445 850
1671770504193 0.9293785095214844 873
1671770518134 0.9844632744789124 896
1671770532059 0.9632768630981445 919
1671770545961 0.9519773721694946 942
1671770559880 0.950564980506897 965
1671770573876 0.9774011373519897 988
1671770588318 0.9519773721694946 1011
1671770602269 0.9632768630981445 1034
1671770616081 0.9463276863098145 1057
1671770630206 0.9759886860847473 1080
1671770644272 0.9632768630981445 1103
1671770658104 0.9825800061225891 1126
1671770672034 0.9632768630981445 1149
1671770685940 0.9307909607887268 1172
1671770699928 0.9463276863098145 1195
1671770714031 0.9632768630981445 1218
1671770727877 0.9580978751182556 1241
1671770741950 0.9519773721694946 1264
1671770756453 0.9463276863098145 1287
1671770770358 0.9806968569755554 1310
1671770784380 0.9807909727096558 1333
1671770798075 0.9364407062530518 1356
1671770812172 0.9425612688064575 1379
1671770826127 0.9370056986808777 1402
1671770840120 0.9496234059333801 1425
1671770853946 0.9736346006393433 1448
1671770867766 0.9477401375770569 1471
1671770881748 0.9515066146850586 1494
1671770895630 0.9689265489578247 1517
1671770909818 0.9670433402061462 1540
1671770924114 0.979284405708313 1563
1671770937808 0.9503632187843323 1586
1671770951627 0.9596045613288879 1609
1671770965588 0.9463276863098145 1632
1671770979607 0.9774011373519897 1655
1671770993434 0.9468926787376404 1678
1671771007400 0.9693973064422607 1701
1671771021417 0.944915235042572 1724
1671771035182 0.9854048490524292 1747
1671771049088 0.9204331040382385 1770
1671771062940 0.9788135886192322 1793
1671771076990 0.979284405708313 1816
1671771091405 0.9830508232116699 1839
1671771105364 0.9717513918876648 1862
1671771119202 0.9618644118309021 1885
1671771133058 0.9604519605636597 1908
1671771146800 0.9934086203575134 1931
1671771160727 0.9553672671318054 1954
1671771174502 0.9327684044837952 1977
1671771188558 0.9698681235313416 2000
1671771202514 0.934745728969574 2023
1671771216229 0.9731638431549072 2046
1671771230075 0.9332391619682312 2069
1671771244210 0.9403012990951538 2092
1671771258443 0.9241997003555298 2115
1671771272290 0.9129002690315247 2138
1671771286220 0.9576271176338196 2161
1671771300290 0.9610170125961304 2184
1671771314131 0.9821093082427979 2207
1671771328006 0.944915235042572 2230
1671771341868 0.9185499548912048 2253
1671771355888 0.9555420875549316 2276
1671771370077 0.9420903921127319 2299
1671771383960 0.9458569288253784 2322
1671771398040 0.9798493385314941 2345
1671771411948 0.9477401375770569 2368
1671771426314 0.956685483455658 2391
1671771440074 0.965160071849823 2414
1671771454068 0.9581921100616455 2437
1671771467897 0.9519773721694946 2460
1671771481989 0.9558380246162415 2483
1671771496110 0.9723164439201355 2506
1671771510051 0.9693974256515503 2529
1671771524115 0.9204331636428833 2552
1671771538090 0.9807909727096558 2575
1671771552074 0.9807909727096558 2598
1671771565858 0.9384180903434753 2621
1671771579692 0.9891714453697205 2644
1671771593684 0.9759886860847473 2667
1671771607768 0.9533898234367371 2690
1671771621684 0.9350282549858093 2713
1671771635712 0.9293785095214844 2736
1671771649577 0.9897363781929016 2759
1671771663634 0.9533898234367371 2782
1671771677603 0.9384180903434753 2805
1671771691531 0.9623351693153381 2828
1671771705467 0.9632768630981445 2851
1671771719414 0.9693974256515503 2874
1671771733218 0.8805084824562073 2897
1671771747028 0.9675140976905823 2920
1671771761336 0.9506590962409973 2943
1671771775517 0.9573445916175842 2966
1671771789484 0.9463276863098145 2989
1671771803361 0.9778720140457153 3012
1671771817171 0.9336158037185669 3035
1671771831076 0.9430320262908936 3058
1671771845046 0.9524481892585754 3081
1671771858898 0.9717513918876648 3104
1671771872746 0.9764595031738281 3127
1671771886673 0.9580979943275452 3150
1671771900825 0.965630829334259 3173
1671771915000 0.9524482488632202 3196
1671771929083 0.9144068360328674 3219
1671771942917 0.9482109546661377 3242
1671771956965 0.9425612688064575 3265
1671771970797 0.9463276863098145 3288
1671771984647 0.9637476801872253 3311
1671771998674 0.9562146663665771 3334
1671772012632 0.9675140976905823 3357
1671772026624 0.9703390002250671 3380
1671772040573 0.9591336846351624 3403
1671772054710 0.9359698295593262 3426
1671772068489 0.9364407062530518 3449
