1671769986408 0.6758944988250732 22
1671770000312 0.9646892547607422 45
1671770014117 0.950564980506897 68
1671770028148 0.9392655491828918 91
1671770042289 0.9519773721694946 114
1671770056335 0.9475383758544922 137
1671770070628 0.9717513918876648 160
1671770084935 0.9830508232116699 183
1671770099047 0.9811676144599915 206
1671770112943 0.9618644118309021 229
1671770126885 0.950564980506897 252
1671770140957 0.9872881174087524 275
1671770154897 0.950564980506897 298
1671770168667 0.9731638431549072 321
1671770182501 0.9731638431549072 344
1671770196486 0.9378530979156494 367
1671770210317 0.9519773721694946 390
1671770224250 0.9830508232116699 413
1671770238419 0.9618644118309021 436
1671770252643 0.94679856300354 459
1671770266587 0.9806967973709106 482
1671770280601 0.9435028433799744 505
1671770294575 0.9519773721694946 528
1671770308390 0.9482109546661377 551
1671770322525 0.944915235042572 574
1671770336535 0.9708097577095032 597
1671770350600 0.9693973064422607 620
1671770364154 0.9397364258766174 643
1671770378338 0.9618644118309021 666
1671770392093 0.9392655491828918 689
1671770406128 0.9477401375770569 712
1671770420117 0.9896421432495117 735
1671770434382 0.979284405708313 758
1671770448277 0.9745762944221497 781
1671770462284 0.9595103859901428 804
1671770476090 0.9392655491828918 827
1671770490207 0.9581921100616455 850
1671770504193 0.9256120324134827 873
1671770518134 0.9844632744789124 896
1671770532059 0.9632768630981445 919
1671770545961 0.9519773721694946 942
1671770559880 0.9489508271217346 965
1671770573876 0.9774011373519897 988
1671770588318 0.9519773721694946 1011
1671770602269 0.9632768630981445 1034
1671770616081 0.9519773721694946 1057
1671770630206 0.9737288355827332 1080
1671770644272 0.9632768630981445 1103
1671770658104 0.9806967973709106 1126
1671770672034 0.9610170125961304 1149
1671770685940 0.9307909607887268 1172
1671770699928 0.9416195154190063 1195
1671770714031 0.9632768630981445 1218
1671770727877 0.959039568901062 1241
1671770741950 0.9519773721694946 1264
1671770756453 0.9463276863098145 1287
1671770770358 0.9844632744789124 1310
1671770784380 0.9807909727096558 1333
1671770798075 0.9354990124702454 1356
1671770812172 0.9459510445594788 1379
1671770826127 0.9392655491828918 1402
1671770840120 0.9454802870750427 1425
1671770853946 0.9802259802818298 1448
1671770867766 0.9439737200737 1471
1671770881748 0.944915235042572 1494
1671770895630 0.9661017060279846 1517
1671770909818 0.9745762944221497 1540
1671770924114 0.979284405708313 1563
1671770937808 0.9463276863098145 1586
1671770951627 0.9618644118309021 1609
1671770965588 0.9491525292396545 1632
1671770979607 0.9802259802818298 1655
1671770993434 0.942561149597168 1678
1671771007400 0.9703390002250671 1701
1671771021417 0.950564980506897 1724
1671771035182 0.9872881174087524 1747
1671771049088 0.9260827898979187 1770
1671771062940 0.9748587608337402 1793
1671771076990 0.9830508232116699 1816
1671771091405 0.9830508232116699 1839
1671771105364 0.9745762944221497 1862
1671771119202 0.9618644118309021 1885
1671771133058 0.9632768630981445 1908
1671771146800 0.9971751570701599 1931
1671771160727 0.9632768630981445 1954
1671771174502 0.9350282549858093 1977
1671771188558 0.9698681831359863 2000
1671771202514 0.9392655491828918 2023
1671771216229 0.9844632744789124 2046
1671771230075 0.9392655491828918 2069
1671771244210 0.9463276863098145 2092
1671771258443 0.9307909607887268 2115
1671771272290 0.9110169410705566 2138
1671771286220 0.9604519605636597 2161
1671771300290 0.952919065952301 2184
1671771314131 0.9830508232116699 2207
1671771328006 0.9279661178588867 2230
1671771341868 0.9279661178588867 2253
1671771355888 0.9422786831855774 2276
1671771370077 0.950564980506897 2299
1671771383960 0.9533898234367371 2322
1671771398040 0.9821093082427979 2345
1671771411948 0.9496234059333801 2368
1671771426314 0.9632768630981445 2391
1671771440074 0.9745762944221497 2414
1671771454068 0.9604519605636597 2437
1671771467897 0.9604519605636597 2460
1671771481989 0.9580978751182556 2483
1671771496110 0.9745762944221497 2506
1671771510051 0.9731638431549072 2529
1671771524115 0.9279661178588867 2552
1671771538090 0.9802259802818298 2575
1671771552074 0.9858757257461548 2598
1671771565858 0.9378530979156494 2621
1671771579692 0.9957627058029175 2644
1671771593684 0.9806967973709106 2667
1671771607768 0.9596045613288879 2690
1671771621684 0.9322034120559692 2713
1671771635712 0.9246704578399658 2736
1671771649577 0.9957627058029175 2759
1671771663634 0.9580978751182556 2782
1671771677603 0.9406779408454895 2805
1671771691531 0.9679849147796631 2828
1671771705467 0.9512240886688232 2851
1671771719414 0.9731638431549072 2874
1671771733218 0.814595103263855 2897
1671771747028 0.9731638431549072 2920
1671771761336 0.9378530979156494 2943
1671771775517 0.9618644118309021 2966
1671771789484 0.9468926787376404 2989
1671771803361 0.9816384315490723 3012
1671771817171 0.9383239150047302 3035
1671771831076 0.9370056986808777 3058
1671771845046 0.9618644118309021 3081
1671771858898 0.9708098769187927 3104
1671771872746 0.9830508232116699 3127
1671771886673 0.9580978751182556 3150
1671771900825 0.9731638431549072 3173
1671771915000 0.9618644118309021 3196
1671771929083 0.8724912405014038 3219
1671771942917 0.9519773721694946 3242
1671771956965 0.9491525292396545 3265
1671771970797 0.9519773721694946 3288
1671771984647 0.9618644118309021 3311
1671771998674 0.9567797183990479 3334
1671772012632 0.9709039926528931 3357
1671772026624 0.9731638431549072 3380
1671772040573 0.9519773721694946 3403
1671772054710 0.9312618374824524 3426
1671772068489 0.9313559532165527 3449
