1671769986408 0.8135592937469482 22
1671770000312 1.0 45
1671770014117 1.0 68
1671770028148 1.0 91
1671770042289 1.0 114
1671770056335 0.9985875487327576 137
1671770070628 1.0 160
1671770084935 1.0 183
1671770099047 0.994350254535675 206
1671770112943 1.0 229
1671770126885 1.0 252
1671770140957 1.0 275
1671770154897 1.0 298
1671770168667 1.0 321
1671770182501 1.0 344
1671770196486 1.0 367
1671770210317 0.9957627058029175 390
1671770224250 1.0 413
1671770238419 1.0 436
1671770252643 0.9985875487327576 459
1671770266587 0.9985875487327576 482
1671770280601 0.9971751570701599 505
1671770294575 1.0 528
1671770308390 0.9985875487327576 551
1671770322525 0.9985875487327576 574
1671770336535 0.9985875487327576 597
1671770350600 0.9985875487327576 620
1671770364154 0.9971751570701599 643
1671770378338 1.0 666
1671770392093 0.9971751570701599 689
1671770406128 0.9985875487327576 712
1671770420117 0.9971751570701599 735
1671770434382 0.9971751570701599 758
1671770448277 1.0 781
1671770462284 0.9985875487327576 804
1671770476090 1.0 827
1671770490207 0.9971751570701599 850
1671770504193 0.9985875487327576 873
1671770518134 1.0 896
1671770532059 1.0 919
1671770545961 1.0 942
1671770559880 0.9985875487327576 965
1671770573876 1.0 988
1671770588318 1.0 1011
1671770602269 1.0 1034
1671770616081 0.9971751570701599 1057
1671770630206 0.9985875487327576 1080
1671770644272 1.0 1103
1671770658104 0.9971751570701599 1126
1671770672034 0.9985875487327576 1149
1671770685940 1.0 1172
1671770699928 0.9957627058029175 1195
1671770714031 1.0 1218
1671770727877 0.9971751570701599 1241
1671770741950 1.0 1264
1671770756453 0.9971751570701599 1287
1671770770358 0.9985875487327576 1310
1671770784380 0.9971751570701599 1333
1671770798075 0.9971751570701599 1356
1671770812172 0.994350254535675 1379
1671770826127 0.9985875487327576 1402
1671770840120 0.994350254535675 1425
1671770853946 0.9957627058029175 1448
1671770867766 0.9957627058029175 1471
1671770881748 0.9957627058029175 1494
1671770895630 0.9971751570701599 1517
1671770909818 0.9971751570701599 1540
1671770924114 0.9971751570701599 1563
1671770937808 0.9971751570701599 1586
1671770951627 0.9985875487327576 1609
1671770965588 0.9971751570701599 1632
1671770979607 0.9971751570701599 1655
1671770993434 0.9957627058029175 1678
1671771007400 0.9971751570701599 1701
1671771021417 0.9985875487327576 1724
1671771035182 0.9985875487327576 1747
1671771049088 0.994350254535675 1770
1671771062940 0.9929378628730774 1793
1671771076990 0.9985875487327576 1816
1671771091405 0.9971751570701599 1839
1671771105364 0.9985875487327576 1862
1671771119202 0.9985875487327576 1885
1671771133058 0.9971751570701599 1908
1671771146800 0.9985875487327576 1931
1671771160727 0.9971751570701599 1954
1671771174502 0.9957627058029175 1977
1671771188558 0.9971751570701599 2000
1671771202514 0.9971751570701599 2023
1671771216229 0.9971751570701599 2046
1671771230075 0.9971751570701599 2069
1671771244210 0.994350254535675 2092
1671771258443 0.9971751570701599 2115
1671771272290 0.9971751570701599 2138
1671771286220 0.9985875487327576 2161
1671771300290 0.994350254535675 2184
1671771314131 0.9971751570701599 2207
1671771328006 0.9887005686759949 2230
1671771341868 0.9971751570701599 2253
1671771355888 0.9887005686759949 2276
1671771370077 0.9971751570701599 2299
1671771383960 0.9971751570701599 2322
1671771398040 0.9957627058029175 2345
1671771411948 0.9957627058029175 2368
1671771426314 0.9957627058029175 2391
1671771440074 0.9971751570701599 2414
1671771454068 0.9985875487327576 2437
1671771467897 0.9971751570701599 2460
1671771481989 0.9957627058029175 2483
1671771496110 0.9985875487327576 2506
1671771510051 0.9985875487327576 2529
1671771524115 0.9957627058029175 2552
1671771538090 0.9957627058029175 2575
1671771552074 0.9971751570701599 2598
1671771565858 0.9957627058029175 2621
1671771579692 0.9971751570701599 2644
1671771593684 0.9957627058029175 2667
1671771607768 0.9957627058029175 2690
1671771621684 0.994350254535675 2713
1671771635712 0.9901130199432373 2736
1671771649577 0.9971751570701599 2759
1671771663634 0.9957627058029175 2782
1671771677603 0.9971751570701599 2805
1671771691531 0.9957627058029175 2828
1671771705467 0.9887005686759949 2851
1671771719414 0.9985875487327576 2874
1671771733218 0.950564980506897 2897
1671771747028 0.9985875487327576 2920
1671771761336 0.9901130199432373 2943
1671771775517 0.9971751570701599 2966
1671771789484 0.9971751570701599 2989
1671771803361 0.9957627058029175 3012
1671771817171 0.9957627058029175 3035
1671771831076 0.991525411605835 3058
1671771845046 0.9971751570701599 3081
1671771858898 0.9971751570701599 3104
1671771872746 0.9971751570701599 3127
1671771886673 0.9971751570701599 3150
1671771900825 0.9971751570701599 3173
1671771915000 0.9971751570701599 3196
1671771929083 0.9717513918876648 3219
1671771942917 0.9971751570701599 3242
1671771956965 0.9957627058029175 3265
1671771970797 0.9971751570701599 3288
1671771984647 0.991525411605835 3311
1671771998674 0.994350254535675 3334
1671772012632 0.9971751570701599 3357
1671772026624 0.9985875487327576 3380
1671772040573 0.994350254535675 3403
1671772054710 0.994350254535675 3426
1671772068489 0.9929378628730774 3449
