1671770002038 1.7565610805402572 49
1671770031079 1.1444454499161905 99
1671770060342 1.9522325784488193 149
1671770090091 1.6343278280981512 199
1671770119232 1.9525834263688169 249
1671770155777 1.9572304848790143 299
1671770184566 1.3336869701999166 349
1671770213584 1.847534585828453 399
1671770242894 1.2462802318633048 449
1671770272070 1.1171843690842342 499
1671770301151 1.6381747451653441 549
1671770337805 2.3949142173138074 599
1671770366536 2.0747299694447032 649
1671770395664 1.623990247552893 699
1671770424784 1.7802496604798819 749
1671770453957 1.58255711629776 799
1671770482953 1.5323189314854426 849
1671770519583 1.4781234817944797 899
1671770548702 2.1006950327884737 949
1671770577775 1.278839793924779 999
1671770607137 1.5234514430422235 1049
1671770636286 2.114256926799023 1099
1671770665009 0.7386614271586767 1149
1671770701668 0.7973524387943746 1199
1671770730789 1.9593347221298334 1249
1671770760479 1.8168364699215207 1299
1671770789570 1.9961823384913981 1349
1671770818421 2.438061892737217 1399
1671770854860 1.7677104742498964 1449
1671770883801 1.2279574492257468 1499
1671770913043 2.3276036536238998 1549
1671770942157 1.46993091882526 1599
1671770971071 1.4694492471000256 1649
1671771000086 1.8251328683308046 1699
1671771036445 1.0634425402251904 1749
1671771065317 1.8081896500804977 1799
1671771094938 1.82460887507548 1849
1671771123838 1.7078772347375564 1899
1671771152527 2.1705738697213155 1949
1671771181353 1.5486251764614325 1999
1671771217755 2.309803915121485 2049
1671771247051 1.7683076672616487 2099
1671771276049 1.7867546490104051 2149
1671771305185 1.6977751363978502 2199
1671771334007 1.6593282508669105 2249
1671771362856 1.486957076638542 2299
1671771399846 2.5961666537677432 2349
1671771429248 2.043389685116594 2399
1671771458141 1.345836068534854 2449
1671771487178 1.616762167363748 2499
1671771516442 1.6259796638786623 2549
1671771552990 2.1518744538475336 2599
1671771581790 1.5362384116254542 2649
1671771610935 1.535020264678863 2699
1671771640011 2.189807030437354 2749
1671771669215 1.1362404396426895 2799
1671771698076 1.4016687596055963 2849
1671771734505 1.4302568034056458 2899
1671771763623 1.624924267953996 2949
1671771792934 1.6016401698448959 2999
1671771821727 1.6731798575903332 3049
1671771850728 2.2613558595411556 3099
1671771879642 1.223660722338423 3149
1671771916530 1.9959656569072817 3199
1671771945686 1.9098733668329984 3249
1671771974593 1.341644302557921 3299
1671772003597 1.9964740504697234 3349
1671772032629 1.4588685059113802 3399
1671772061701 1.1127193739952448 3449
