1671769986408 1.8567107038230308 22
1671770000312 1.7603125028945235 45
1671770014117 1.7552869803744633 68
1671770028148 1.7624747074430578 91
1671770042289 1.7618330403606686 114
1671770056335 1.7734196614494553 137
1671770070628 1.757991433338482 160
1671770084935 1.774523833007705 183
1671770099047 1.7710196521349568 206
1671770112943 1.7693744035413457 229
1671770126885 1.7579157213769911 252
1671770140957 1.7571177221481316 275
1671770154897 1.7617266843691821 298
1671770168667 1.7573164837205102 321
1671770182501 1.7566288077353873 344
1671770196486 1.7582886919589056 367
1671770210317 1.7703908762076046 390
1671770224250 1.7537807642260046 413
1671770238419 1.760199251706101 436
1671770252643 1.761541462380515 459
1671770266587 1.7711168835970388 482
1671770280601 1.766654166239237 505
1671770294575 1.7638243417577677 528
1671770308390 1.7604656122751077 551
1671770322525 1.7555996466109864 574
1671770336535 1.7588375333609079 597
1671770350600 1.7541556049822296 620
1671770364154 1.7579370388153093 643
1671770378338 1.7701716342773997 666
1671770392093 1.7540477562030419 689
1671770406128 1.7621842120762572 712
1671770420117 1.7524889719312604 735
1671770434382 1.7572323370045395 758
1671770448277 1.7580131815401185 781
1671770462284 1.7549113520297857 804
1671770476090 1.7560570857529305 827
1671770490207 1.7564021765410909 850
1671770504193 1.7582492072747904 873
1671770518134 1.7526401543315924 896
1671770532059 1.7518814189274825 919
1671770545961 1.757958119509449 942
1671770559880 1.7532734252019109 965
1671770573876 1.7573777825740131 988
1671770588318 1.756683783777392 1011
1671770602269 1.7511120405385605 1034
1671770616081 1.75207964656518 1057
1671770630206 1.758452548611946 1080
1671770644272 1.760628110975893 1103
1671770658104 1.7509292445418287 1126
1671770672034 1.7541622818087177 1149
1671770685940 1.7562589253439058 1172
1671770699928 1.7525258212456696 1195
1671770714031 1.7540841842001769 1218
1671770727877 1.748289604255829 1241
1671770741950 1.758347684794153 1264
1671770756453 1.7482245319715037 1287
1671770770358 1.7519682601484565 1310
1671770784380 1.7550112273897904 1333
1671770798075 1.761253648467528 1356
1671770812172 1.7526537564921723 1379
1671770826127 1.7510756588232381 1402
1671770840120 1.7539996679389418 1425
1671770853946 1.7585862394558867 1448
1671770867766 1.760032636967207 1471
1671770881748 1.7481844412196403 1494
1671770895630 1.7552184549337189 1517
1671770909818 1.7520312926414527 1540
1671770924114 1.758057462066039 1563
1671770937808 1.7547162594893209 1586
1671770951627 1.7543562179657763 1609
1671770965588 1.7476964553034502 1632
1671770979607 1.748339682026531 1655
1671770993434 1.7482632184267866 1678
1671771007400 1.7464561771600697 1701
1671771021417 1.7464805646047694 1724
1671771035182 1.7456794995460916 1747
1671771049088 1.7504824488749724 1770
1671771062940 1.7517642420582853 1793
1671771076990 1.7519873331860762 1816
1671771091405 1.7463028067598083 1839
1671771105364 1.7458113767607157 1862
1671771119202 1.7433644818358642 1885
1671771133058 1.7457737946030014 1908
1671771146800 1.7524856137707958 1931
1671771160727 1.7504853694807982 1954
1671771174502 1.7598031057072583 1977
1671771188558 1.760570128709188 2000
1671771202514 1.7522872742525506 2023
1671771216229 1.7492604113988017 2046
1671771230075 1.7445415998496903 2069
1671771244210 1.754496187844474 2092
1671771258443 1.7570177806996004 2115
1671771272290 1.7563512924579971 2138
1671771286220 1.7433802417882043 2161
1671771300290 1.74769851628876 2184
1671771314131 1.7534591706594833 2207
1671771328006 1.7856720820133989 2230
1671771341868 1.7582837168151315 2253
1671771355888 1.7657495921402544 2276
1671771370077 1.7460417792685534 2299
1671771383960 1.7484235305674016 2322
1671771398040 1.7501598863201604 2345
1671771411948 1.7487211211911964 2368
1671771426314 1.7413044694621882 2391
1671771440074 1.7426142050786293 2414
1671771454068 1.749325200652976 2437
1671771467897 1.7444855568689404 2460
1671771481989 1.7511016919820597 2483
1671771496110 1.741214157277278 2506
1671771510051 1.7446416297305685 2529
1671771524115 1.7384954663826033 2552
1671771538090 1.7379243416277903 2575
1671771552074 1.743345321494774 2598
1671771565858 1.7477369554915732 2621
1671771579692 1.7476355757242394 2644
1671771593684 1.7399926514084463 2667
1671771607768 1.7388195354560787 2690
1671771621684 1.750248088262147 2713
1671771635712 1.742602729279889 2736
1671771649577 1.7426471339251246 2759
1671771663634 1.7468970836814741 2782
1671771677603 1.7358809673480866 2805
1671771691531 1.73613220131896 2828
1671771705467 1.744579757777951 2851
1671771719414 1.7378694436821838 2874
1671771733218 1.7830326050837062 2897
1671771747028 1.7494021657655083 2920
1671771761336 1.7427476890649627 2943
1671771775517 1.7370956416032015 2966
1671771789484 1.7381884166703478 2989
1671771803361 1.7353591841605178 3012
1671771817171 1.7339058424871285 3035
1671771831076 1.7677012690387643 3058
1671771845046 1.741201404676037 3081
1671771858898 1.7430647770836942 3104
1671771872746 1.737625151485686 3127
1671771886673 1.7331405416203012 3150
1671771900825 1.7303209154058132 3173
1671771915000 1.7355789274564004 3196
1671771929083 1.756226658967223 3219
1671771942917 1.7350710513015228 3242
1671771956965 1.7308685706517783 3265
1671771970797 1.7404348815035509 3288
1671771984647 1.7362209038486658 3311
1671771998674 1.7586430069577037 3334
1671772012632 1.7384309265898639 3357
1671772026624 1.7348153475712813 3380
1671772040573 1.733321299817517 3403
1671772054710 1.7375880227282094 3426
1671772068489 1.7356744319446913 3449
