1671770002038 1.0 49
1671770031079 0.75 99
1671770060342 1.0 149
1671770090091 1.0 199
1671770119232 1.0 249
1671770155777 1.0 299
1671770184566 1.0 349
1671770213584 1.0 399
1671770242894 0.75 449
1671770272070 0.75 499
1671770301151 1.0 549
1671770337805 1.0 599
1671770366536 1.0 649
1671770395664 1.0 699
1671770424784 1.0 749
1671770453957 1.0 799
1671770482953 0.75 849
1671770519583 1.0 899
1671770548702 1.0 949
1671770577775 0.75 999
1671770607137 1.0 1049
1671770636286 1.0 1099
1671770665009 0.5 1149
1671770701668 1.0 1199
1671770730789 1.0 1249
1671770760479 1.0 1299
1671770789570 0.75 1349
1671770818421 1.0 1399
1671770854860 1.0 1449
1671770883801 1.0 1499
1671770913043 1.0 1549
1671770942157 1.0 1599
1671770971071 1.0 1649
1671771000086 1.0 1699
1671771036445 1.0 1749
1671771065317 1.0 1799
1671771094938 1.0 1849
1671771123838 0.75 1899
1671771152527 1.0 1949
1671771181353 1.0 1999
1671771217755 1.0 2049
1671771247051 1.0 2099
1671771276049 1.0 2149
1671771305185 1.0 2199
1671771334007 1.0 2249
1671771362856 0.25 2299
1671771399846 1.0 2349
1671771429248 1.0 2399
1671771458141 1.0 2449
1671771487178 1.0 2499
1671771516442 1.0 2549
1671771552990 1.0 2599
1671771581790 1.0 2649
1671771610935 1.0 2699
1671771640011 1.0 2749
1671771669215 1.0 2799
1671771698076 1.0 2849
1671771734505 1.0 2899
1671771763623 1.0 2949
1671771792934 1.0 2999
1671771821727 0.5 3049
1671771850728 1.0 3099
1671771879642 1.0 3149
1671771916530 0.75 3199
1671771945686 0.75 3249
1671771974593 0.9375 3299
1671772003597 1.0 3349
1671772032629 1.0 3399
1671772061701 0.25 3449
