1671769986408 0.6857143044471741 22
1671770000312 0.9646892547607422 45
1671770014117 0.950564980506897 68
1671770028148 0.9392655491828918 91
1671770042289 0.9519773721694946 114
1671770056335 0.9482833743095398 137
1671770070628 0.9717513918876648 160
1671770084935 0.9830508232116699 183
1671770099047 0.987274706363678 206
1671770112943 0.9618644118309021 229
1671770126885 0.950564980506897 252
1671770140957 0.9872881174087524 275
1671770154897 0.950564980506897 298
1671770168667 0.9731638431549072 321
1671770182501 0.9731638431549072 344
1671770196486 0.9378530979156494 367
1671770210317 0.9562819600105286 390
1671770224250 0.9830508232116699 413
1671770238419 0.9618644118309021 436
1671770252643 0.9483051300048828 459
1671770266587 0.9822034239768982 482
1671770280601 0.9465967416763306 505
1671770294575 0.9519773721694946 528
1671770308390 0.9497175216674805 551
1671770322525 0.9467984437942505 574
1671770336535 0.9723164439201355 597
1671770350600 0.9709039926528931 620
1671770364154 0.9431262016296387 643
1671770378338 0.9618644118309021 666
1671770392093 0.9430320262908936 689
1671770406128 0.9496233463287354 712
1671770420117 0.992655336856842 735
1671770434382 0.9820016026496887 758
1671770448277 0.9745762944221497 781
1671770462284 0.9610170125961304 804
1671770476090 0.9392655491828918 827
1671770490207 0.9604071378707886 850
1671770504193 0.9271186590194702 873
1671770518134 0.9844632744789124 896
1671770532059 0.9632768630981445 919
1671770545961 0.9519773721694946 942
1671770559880 0.9496958255767822 965
1671770573876 0.9774011373519897 988
1671770588318 0.9519773721694946 1011
1671770602269 0.9632768630981445 1034
1671770616081 0.9482108950614929 1057
1671770630206 0.9747331738471985 1080
1671770644272 0.9632768630981445 1103
1671770658104 0.9811761975288391 1126
1671770672034 0.9620212912559509 1149
1671770685940 0.9307909607887268 1172
1671770699928 0.9430184960365295 1195
1671770714031 0.9632768630981445 1218
1671770727877 0.957990288734436 1241
1671770741950 0.9519773721694946 1264
1671770756453 0.9459241628646851 1287
1671770770358 0.9822034239768982 1310
1671770784380 0.980539858341217 1333
1671770798075 0.9353914260864258 1356
1671770812172 0.9424356818199158 1379
1671770826127 0.9380099773406982 1402
1671770840120 0.9461080431938171 1425
1671770853946 0.9754102230072021 1448
1671770867766 0.9435969591140747 1471
1671770881748 0.9469819068908691 1494
1671770895630 0.9663707613945007 1517
1671770909818 0.9700564742088318 1540
1671770924114 0.9785311222076416 1563
1671770937808 0.9473417401313782 1586
1671770951627 0.9606088995933533 1609
1671770965588 0.9465967416763306 1632
1671770979607 0.9776701927185059 1655
1671770993434 0.9440230131149292 1678
1671771007400 0.9692897200584412 1701
1671771021417 0.94679856300354 1724
1671771035182 0.9862608909606934 1747
1671771049088 0.9221451878547668 1770
1671771062940 0.9753161668777466 1793
1671771076990 0.9807909727096558 1816
1671771091405 0.9826472997665405 1839
1671771105364 0.9729621410369873 1862
1671771119202 0.9618644118309021 1885
1671771133058 0.9616627097129822 1908
1671771146800 0.9949153065681458 1931
1671771160727 0.958254873752594 1954
1671771174502 0.9333692789077759 1977
1671771188558 0.9696968793869019 2000
1671771202514 0.936754584312439 2023
1671771216229 0.9769303202629089 2046
1671771230075 0.9357501268386841 2069
1671771244210 0.940929114818573 2092
1671771258443 0.9269168376922607 2115
1671771272290 0.910640299320221 2138
1671771286220 0.9588378071784973 2161
1671771300290 0.9558873772621155 2184
1671771314131 0.9820016026496887 2207
1671771328006 0.9330239295959473 2230
1671771341868 0.9219397306442261 2253
1671771355888 0.9460499882698059 2276
1671771370077 0.9451842904090881 2299
1671771383960 0.948870062828064 2322
1671771398040 0.9801004528999329 2345
1671771411948 0.9479014873504639 2368
1671771426314 0.9594027400016785 2391
1671771440074 0.9685500264167786 2414
1671771454068 0.9591964483261108 2437
1671771467897 0.955071210861206 2460
1671771481989 0.956089198589325 2483
1671771496110 0.973320722579956 2506
1671771510051 0.9709039926528931 2529
1671771524115 0.9234462976455688 2552
1671771538090 0.9792395830154419 2575
1671771552074 0.9830060005187988 2598
1671771565858 0.9378082752227783 2621
1671771579692 0.9918886423110962 2644
1671771593684 0.9768226742744446 2667
1671771607768 0.955228328704834 2690
1671771621684 0.9320688843727112 2713
1671771635712 0.9237825870513916 2736
1671771649577 0.9922473430633545 2759
1671771663634 0.9542238116264343 2782
1671771677603 0.9394224286079407 2805
1671771691531 0.9642184972763062 2828
1671771705467 0.9539593458175659 2851
1671771719414 0.9709039926528931 2874
1671771733218 0.8365434408187866 2897
1671771747028 0.9693974256515503 2920
1671771761336 0.9422962665557861 2943
1671771775517 0.959039568901062 2966
1671771789484 0.9462828636169434 2989
1671771803361 0.9789749383926392 3012
1671771817171 0.9344497919082642 3035
1671771831076 0.9380099773406982 3058
1671771845046 0.9558380246162415 3081
1671771858898 0.9707021713256836 3104
1671771872746 0.9791767597198486 3127
1671771886673 0.9573445916175842 3150
1671771900825 0.9683701395988464 3173
1671771915000 0.9558380246162415 3196
1671771929083 0.8840693831443787 3219
1671771942917 0.9497175216674805 3242
1671771956965 0.9452784657478333 3265
1671771970797 0.9482109546661377 3288
1671771984647 0.9606806039810181 3311
1671771998674 0.9557663202285767 3334
1671772012632 0.9681419134140015 3357
1671772026624 0.9715496897697449 3380
1671772040573 0.953461229801178 3403
1671772054710 0.9320101737976074 3426
1671772068489 0.9331674575805664 3449
