1671602167694 22.0 22
1671602181426 17.0 45
1671602195363 14.5 68
1671602209032 17.0 91
1671602222915 17.0 114
1671602236943 17.0 137
1671602250706 14.5 160
1671602264739 19.75 183
1671602278558 19.75 206
1671602292593 17.0 229
1671602306332 14.5 252
1671602319955 17.0 275
1671602333696 19.75 298
1671602347652 17.0 321
1671602361838 17.0 344
1671602375687 17.0 367
1671602389810 14.5 390
1671602403667 17.0 413
1671602417486 17.0 436
1671602431650 17.0 459
1671602445517 19.75 482
1671602459126 17.0 505
1671602472876 21.75 528
1671602486717 17.0 551
1671602500628 17.0 574
1671602514346 17.0 597
1671602528462 19.75 620
1671602542270 19.0 643
1671602556152 19.5 666
1671602570154 16.5 689
1671602584290 19.75 712
1671602598091 19.75 735
1671602612309 14.25 758
1671602626015 19.5 781
1671602639969 19.75 804
1671602653737 14.25 827
1671602667552 16.5 850
1671602681300 17.0 873
1671602695135 19.0 896
1671602709057 16.75 919
1671602722843 16.75 942
1671602736971 19.0 965
1671602750817 21.75 988
1671602764634 21.75 1011
1671602778661 19.75 1034
1671602792629 19.75 1057
1671602806655 21.75 1080
1671602820881 19.5 1103
1671602835069 19.75 1126
1671602848700 21.75 1149
1671602862703 19.75 1172
1671602876729 16.5 1195
1671602890748 17.25 1218
1671602904756 19.5 1241
1671602918619 19.75 1264
1671602932630 19.5 1287
1671602946699 19.25 1310
1671602960642 19.5 1333
1671602974792 22.0 1356
1671602988710 20.0 1379
1671603002559 20.0 1402
1671603016364 21.75 1425
1671603030524 20.0 1448
1671603044374 22.0 1471
1671603058475 19.5 1494
1671603072539 16.0 1517
1671603086570 16.0 1540
1671603100603 16.5 1563
1671603114497 16.75 1586
1671603128548 16.0 1609
1671603142560 16.5 1632
1671603156295 16.25 1655
1671603170355 19.75 1678
1671603184400 19.5 1701
1671603198384 19.75 1724
1671603212256 16.25 1747
1671603226221 19.75 1770
1671603240200 16.5 1793
1671603254280 16.0 1816
1671603268361 16.25 1839
1671603282267 19.75 1862
1671603296276 19.0 1885
1671603310330 19.0 1908
1671603324449 19.75 1931
1671603338384 19.25 1954
1671603352390 19.5 1977
1671603366420 19.75 2000
1671603380317 19.5 2023
1671603394299 19.5 2046
1671603408101 16.0 2069
1671603422369 19.5 2092
1671603436802 20.5 2115
1671603450701 19.5 2138
1671603464917 19.5 2161
1671603478951 16.25 2184
1671603492976 17.0 2207
1671603506962 19.0 2230
1671603521487 19.5 2253
1671603535506 19.5 2276
1671603549528 19.5 2299
1671603563699 19.0 2322
1671603577620 19.5 2345
1671603591466 19.0 2368
1671603605624 19.5 2391
1671603620000 20.75 2414
1671603634161 19.5 2437
1671603648295 17.0 2460
1671603662148 19.5 2483
1671603675836 19.0 2506
1671603689707 16.25 2529
1671603703624 14.0 2552
1671603717591 19.0 2575
1671603731640 16.25 2598
1671603745698 19.5 2621
1671603759528 19.0 2644
1671603773518 18.75 2667
1671603787624 17.0 2690
1671603801483 16.5 2713
1671603815368 19.75 2736
1671603829477 16.75 2759
1671603843565 19.0 2782
1671603857546 18.75 2805
1671603871618 19.0 2828
1671603885566 18.75 2851
1671603899517 19.0 2874
1671603913838 19.0 2897
1671603927794 19.0 2920
1671603941951 19.5 2943
1671603955919 16.25 2966
1671603969912 19.0 2989
1671603984104 16.25 3012
1671603998221 17.0 3035
1671604012297 19.0 3058
1671604026459 19.5 3081
1671604040647 16.5 3104
1671604054950 16.25 3127
1671604068859 16.25 3150
1671604082930 16.25 3173
1671604096598 19.0 3196
1671604111034 16.75 3219
1671604124822 16.25 3242
1671604138734 18.75 3265
1671604152730 16.25 3288
1671604166630 16.25 3311
1671604180392 19.5 3334
1671604194592 16.25 3357
1671604208378 14.5 3380
1671604222487 16.25 3403
1671604236617 16.5 3426
1671604250692 19.5 3449
