1671602167694 0 22
1671602170538 1 22
1671602181426 1 45
1671602184586 2 45
1671602186335 2 49
1671602195363 2 68
1671602198463 3 68
1671602209032 3 91
1671602212075 4 91
1671602215005 4 99
1671602222915 4 114
1671602226094 5 114
1671602236943 5 137
1671602240117 6 137
1671602244145 6 149
1671602250706 6 160
1671602253893 7 160
1671602264739 7 183
1671602267827 8 183
1671602273024 8 199
1671602278558 8 206
1671602281673 9 206
1671602292593 9 229
1671602295731 10 229
1671602301995 10 249
1671602306332 10 252
1671602309400 11 252
1671602319955 11 275
1671602323111 12 275
1671602333696 12 298
1671602336905 13 298
1671602337794 13 299
1671602347652 13 321
1671602350857 14 321
1671602361838 14 344
1671602364923 15 344
1671602366948 15 349
1671602375687 15 367
1671602378814 16 367
1671602389810 16 390
1671602392966 17 390
1671602396182 17 399
1671602403667 17 413
1671602406791 18 413
1671602417486 18 436
1671602420551 19 436
1671602425214 19 449
1671602431650 19 459
1671602434844 20 459
1671602445517 20 482
1671602448639 21 482
1671602454066 21 499
1671602459126 21 505
1671602462301 22 505
1671602472876 22 528
1671602476007 23 528
1671602482600 23 549
1671602486717 23 551
1671602489836 24 551
1671602500628 24 574
1671602503700 25 574
1671602514346 25 597
1671602517753 26 597
1671602518965 26 599
1671602528462 26 620
1671602531597 27 620
1671602542270 27 643
1671602545420 28 643
1671602547776 28 649
1671602556152 28 666
1671602559235 29 666
1671602570154 29 689
1671602573275 30 689
1671602576888 30 699
1671602584290 30 712
1671602587404 31 712
1671602598091 31 735
1671602601264 32 735
1671602605932 32 749
1671602612309 32 758
1671602615435 33 758
1671602626015 33 781
1671602629169 34 781
1671602634898 34 799
1671602639969 34 804
1671602643101 35 804
1671602653737 35 827
1671602656846 36 827
1671602663724 36 849
1671602667552 36 850
1671602670675 37 850
1671602681300 37 873
1671602684511 38 873
1671602695135 38 896
1671602698309 39 896
1671602699846 39 899
1671602709057 39 919
1671602712163 40 919
1671602722843 40 942
1671602725958 41 942
1671602728611 41 949
1671602736971 41 965
1671602740089 42 965
1671602750817 42 988
1671602753950 43 988
1671602757756 43 999
1671602764634 43 1011
1671602767774 44 1011
1671602778661 44 1034
1671602781876 45 1034
1671602786776 45 1049
1671602792629 45 1057
1671602795759 46 1057
1671602806655 46 1080
1671602809881 47 1080
1671602815968 47 1099
1671602820881 47 1103
1671602824046 48 1103
1671602835069 48 1126
1671602838154 49 1126
1671602845053 49 1149
1671602848700 49 1149
1671602851827 50 1149
1671602862703 50 1172
1671602865815 51 1172
1671602876729 51 1195
1671602879845 52 1195
1671602881609 52 1199
1671602890748 52 1218
1671602893903 53 1218
1671602904756 53 1241
1671602907854 54 1241
1671602910813 54 1249
1671602918619 54 1264
1671602921740 55 1264
1671602932630 55 1287
1671602935757 56 1287
1671602939873 56 1299
1671602946699 56 1310
1671602949803 57 1310
1671602960642 57 1333
1671602963778 58 1333
1671602969013 58 1349
1671602974792 58 1356
1671602977912 59 1356
1671602988710 59 1379
1671602991783 60 1379
1671602998116 60 1399
1671603002559 60 1402
1671603005716 61 1402
1671603016364 61 1425
1671603019455 62 1425
1671603030524 62 1448
1671603033700 63 1448
1671603034635 63 1449
1671603044374 63 1471
1671603047761 64 1471
1671603058475 64 1494
1671603061594 65 1494
1671603063713 65 1499
1671603072539 65 1517
1671603075678 66 1517
1671603086570 66 1540
1671603089618 67 1540
1671603092942 67 1549
1671603100603 67 1563
1671603103688 68 1563
1671603114497 68 1586
1671603117561 69 1586
1671603121920 69 1599
1671603128548 69 1609
1671603131681 70 1609
1671603142560 70 1632
1671603145622 71 1632
1671603151060 71 1649
1671603156295 71 1655
1671603159419 72 1655
1671603170355 72 1678
1671603173513 73 1678
1671603180131 73 1699
1671603184400 73 1701
1671603187555 74 1701
1671603198384 74 1724
1671603201552 75 1724
1671603212256 75 1747
1671603215326 76 1747
1671603216565 76 1749
1671603226221 76 1770
1671603229446 77 1770
1671603240200 77 1793
1671603243317 78 1793
1671603245708 78 1799
1671603254280 78 1816
1671603257389 79 1816
1671603268361 79 1839
1671603271454 80 1839
1671603274915 80 1849
1671603282267 80 1862
1671603285361 81 1862
1671603296276 81 1885
1671603299422 82 1885
1671603304074 82 1899
1671603310330 82 1908
1671603313491 83 1908
1671603324449 83 1931
1671603327571 84 1931
1671603333294 84 1949
1671603338384 84 1954
1671603341607 85 1954
1671603352390 85 1977
1671603355527 86 1977
1671603362413 86 1999
1671603366420 86 2000
1671603369511 87 2000
1671603380317 87 2023
1671603383437 88 2023
1671603394299 88 2046
1671603397421 89 2046
1671603398888 89 2049
1671603408101 89 2069
1671603411406 90 2069
1671603422369 90 2092
1671603425555 91 2092
1671603428348 91 2099
1671603436802 91 2115
1671603439930 92 2115
1671603450701 92 2138
1671603453901 93 2138
1671603457756 93 2149
1671603464917 93 2161
1671603468051 94 2161
1671603478951 94 2184
1671603482124 95 2184
1671603487009 95 2199
1671603492976 95 2207
1671603496098 96 2207
1671603506962 96 2230
1671603510399 97 2230
1671603516422 97 2249
1671603521487 97 2253
1671603524627 98 2253
1671603535506 98 2276
1671603538600 99 2276
1671603545536 99 2299
1671603549528 99 2299
1671603552699 100 2299
1671603563699 100 2322
1671603566781 101 2322
1671603577620 101 2345
1671603580726 102 2345
1671603582532 102 2349
1671603591466 102 2368
1671603594576 103 2368
1671603605624 103 2391
1671603609120 104 2391
1671603612053 104 2399
1671603620000 104 2414
1671603623157 105 2414
1671603634161 105 2437
1671603637389 106 2437
1671603641408 106 2449
1671603648295 106 2460
1671603651453 107 2460
1671603662148 107 2483
1671603665213 108 2483
1671603670390 108 2499
1671603675836 108 2506
1671603678953 109 2506
1671603689707 109 2529
1671603692715 110 2529
1671603699016 110 2549
1671603703624 110 2552
1671603706784 111 2552
1671603717591 111 2575
1671603720674 112 2575
1671603731640 112 2598
1671603734759 113 2598
1671603735632 113 2599
1671603745698 113 2621
1671603748791 114 2621
1671603759528 114 2644
1671603762657 115 2644
1671603764736 115 2649
1671603773518 115 2667
1671603776708 116 2667
1671603787624 116 2690
1671603790756 117 2690
1671603794034 117 2699
1671603801483 117 2713
1671603804659 118 2713
1671603815368 118 2736
1671603818461 119 2736
1671603822885 119 2749
1671603829477 119 2759
1671603832565 120 2759
1671603843565 120 2782
1671603846748 121 2782
1671603852296 121 2799
1671603857546 121 2805
1671603860672 122 2805
1671603871618 122 2828
1671603874740 123 2828
1671603881266 123 2849
1671603885566 123 2851
1671603888744 124 2851
1671603899517 124 2874
1671603902979 125 2874
1671603913838 125 2897
1671603916976 126 2897
1671603918216 126 2899
1671603927794 126 2920
1671603930968 127 2920
1671603941951 127 2943
1671603945059 128 2943
1671603947429 128 2949
1671603955919 128 2966
1671603959008 129 2966
1671603969912 129 2989
1671603973072 130 2989
1671603976599 130 2999
1671603984104 130 3012
1671603987280 131 3012
1671603998221 131 3035
1671604001430 132 3035
1671604006076 132 3049
1671604012297 132 3058
1671604015491 133 3058
1671604026459 133 3081
1671604029736 134 3081
1671604035468 134 3099
1671604040647 134 3104
1671604043974 135 3104
1671604054950 135 3127
1671604058093 136 3127
1671604065042 136 3149
1671604068859 136 3150
1671604072050 137 3150
1671604082930 137 3173
1671604086004 138 3173
1671604096598 138 3196
1671604099966 139 3196
1671604101587 139 3199
1671604111034 139 3219
1671604114156 140 3219
1671604124822 140 3242
1671604127944 141 3242
1671604130564 141 3249
1671604138734 141 3265
1671604141912 142 3265
1671604152730 142 3288
1671604155877 143 3288
1671604159620 143 3299
1671604166630 143 3311
1671604169728 144 3311
1671604180392 144 3334
1671604183536 145 3334
1671604188472 145 3349
1671604194592 145 3357
1671604197692 146 3357
1671604208378 146 3380
1671604211536 147 3380
1671604217606 147 3399
1671604222487 147 3403
1671604225615 148 3403
1671604236617 148 3426
1671604239701 149 3426
1671604246960 149 3449
1671604250692 149 3449
1671604253613 150 3449
