1671602167694 0.0 22
1671602181426 5.0 45
1671602195363 7.5 68
1671602209032 5.0 91
1671602222915 5.0 114
1671602236943 5.0 137
1671602250706 7.5 160
1671602264739 2.25 183
1671602278558 2.25 206
1671602292593 5.0 229
1671602306332 7.5 252
1671602319955 5.0 275
1671602333696 2.25 298
1671602347652 5.0 321
1671602361838 5.0 344
1671602375687 5.0 367
1671602389810 7.5 390
1671602403667 5.0 413
1671602417486 5.0 436
1671602431650 5.0 459
1671602445517 2.25 482
1671602459126 5.0 505
1671602472876 0.25 528
1671602486717 5.0 551
1671602500628 5.0 574
1671602514346 5.0 597
1671602528462 2.25 620
1671602542270 3.0 643
1671602556152 2.5 666
1671602570154 5.5 689
1671602584290 2.25 712
1671602598091 2.25 735
1671602612309 7.75 758
1671602626015 2.5 781
1671602639969 2.25 804
1671602653737 7.75 827
1671602667552 5.5 850
1671602681300 5.0 873
1671602695135 3.0 896
1671602709057 5.25 919
1671602722843 5.25 942
1671602736971 3.0 965
1671602750817 0.25 988
1671602764634 0.25 1011
1671602778661 2.25 1034
1671602792629 2.25 1057
1671602806655 0.25 1080
1671602820881 2.5 1103
1671602835069 2.25 1126
1671602848700 0.25 1149
1671602862703 2.25 1172
1671602876729 5.5 1195
1671602890748 4.75 1218
1671602904756 2.5 1241
1671602918619 2.25 1264
1671602932630 2.5 1287
1671602946699 2.75 1310
1671602960642 2.5 1333
1671602974792 0.0 1356
1671602988710 2.0 1379
1671603002559 2.0 1402
1671603016364 0.25 1425
1671603030524 2.0 1448
1671603044374 0.0 1471
1671603058475 2.5 1494
1671603072539 6.0 1517
1671603086570 6.0 1540
1671603100603 5.5 1563
1671603114497 5.25 1586
1671603128548 6.0 1609
1671603142560 5.5 1632
1671603156295 5.75 1655
1671603170355 2.25 1678
1671603184400 2.5 1701
1671603198384 2.25 1724
1671603212256 5.75 1747
1671603226221 2.25 1770
1671603240200 5.5 1793
1671603254280 6.0 1816
1671603268361 5.75 1839
1671603282267 2.25 1862
1671603296276 3.0 1885
1671603310330 3.0 1908
1671603324449 2.25 1931
1671603338384 2.75 1954
1671603352390 2.5 1977
1671603366420 2.25 2000
1671603380317 2.5 2023
1671603394299 2.5 2046
1671603408101 6.0 2069
1671603422369 2.5 2092
1671603436802 1.5 2115
1671603450701 2.5 2138
1671603464917 2.5 2161
1671603478951 5.75 2184
1671603492976 5.0 2207
1671603506962 3.0 2230
1671603521487 2.5 2253
1671603535506 2.5 2276
1671603549528 2.5 2299
1671603563699 3.0 2322
1671603577620 2.5 2345
1671603591466 3.0 2368
1671603605624 2.5 2391
1671603620000 1.25 2414
1671603634161 2.5 2437
1671603648295 5.0 2460
1671603662148 2.5 2483
1671603675836 3.0 2506
1671603689707 5.75 2529
1671603703624 8.0 2552
1671603717591 3.0 2575
1671603731640 5.75 2598
1671603745698 2.5 2621
1671603759528 3.0 2644
1671603773518 3.25 2667
1671603787624 5.0 2690
1671603801483 5.5 2713
1671603815368 2.25 2736
1671603829477 5.25 2759
1671603843565 3.0 2782
1671603857546 3.25 2805
1671603871618 3.0 2828
1671603885566 3.25 2851
1671603899517 3.0 2874
1671603913838 3.0 2897
1671603927794 3.0 2920
1671603941951 2.5 2943
1671603955919 5.75 2966
1671603969912 3.0 2989
1671603984104 5.75 3012
1671603998221 5.0 3035
1671604012297 3.0 3058
1671604026459 2.5 3081
1671604040647 5.5 3104
1671604054950 5.75 3127
1671604068859 5.75 3150
1671604082930 5.75 3173
1671604096598 3.0 3196
1671604111034 5.25 3219
1671604124822 5.75 3242
1671604138734 3.25 3265
1671604152730 5.75 3288
1671604166630 5.75 3311
1671604180392 2.5 3334
1671604194592 5.75 3357
1671604208378 7.5 3380
1671604222487 5.75 3403
1671604236617 5.5 3426
1671604250692 2.5 3449
