1671602186335 0.71875 49
1671602215005 0.59375 99
1671602244145 0.75 149
1671602273024 0.71875 199
1671602301995 0.84375 249
1671602337794 0.75 299
1671602366948 0.65625 349
1671602396182 0.71875 399
1671602425214 0.75 449
1671602454066 0.5 499
1671602482600 0.65625 549
1671602518965 0.625 599
1671602547776 0.75 649
1671602576888 0.71875 699
1671602605932 0.625 749
1671602634898 0.6875 799
1671602663724 0.65625 849
1671602699846 0.71875 899
1671602728611 0.6875 949
1671602757756 0.75 999
1671602786776 0.625 1049
1671602815968 0.78125 1099
1671602845053 0.75 1149
1671602881609 0.6875 1199
1671602910813 0.71875 1249
1671602939873 0.71875 1299
1671602969013 0.625 1349
1671602998116 0.625 1399
1671603034635 0.6875 1449
1671603063713 0.6875 1499
1671603092942 0.875 1549
1671603121920 0.84375 1599
1671603151060 0.6875 1649
1671603180131 0.65625 1699
1671603216565 0.75 1749
1671603245708 0.71875 1799
1671603274915 0.65625 1849
1671603304074 0.625 1899
1671603333294 0.75 1949
1671603362413 0.75 1999
1671603398888 0.6875 2049
1671603428348 0.6875 2099
1671603457756 0.75 2149
1671603487009 0.6875 2199
1671603516422 0.6875 2249
1671603545536 0.75 2299
1671603582532 0.75 2349
1671603612053 0.65625 2399
1671603641408 0.75 2449
1671603670390 0.78125 2499
1671603699016 0.78125 2549
1671603735632 0.625 2599
1671603764736 0.78125 2649
1671603794034 0.84375 2699
1671603822885 0.8125 2749
1671603852296 0.78125 2799
1671603881266 0.6875 2849
1671603918216 0.78125 2899
1671603947429 0.78125 2949
1671603976599 0.6875 2999
1671604006076 0.625 3049
1671604035468 0.75 3099
1671604065042 0.75 3149
1671604101587 0.78125 3199
1671604130564 0.71875 3249
1671604159620 0.75 3299
1671604188472 0.8125 3349
1671604217606 0.71875 3399
1671604246960 0.5 3449
