1671602170538 0.5952650308609009 22
1671602184586 0.512765645980835 45
1671602198463 0.5221549868583679 68
1671602212075 0.5272800922393799 91
1671602226094 0.5360506176948547 114
1671602240117 0.5488566756248474 137
1671602253893 0.5212537050247192 160
1671602267827 0.5184826850891113 183
1671602281673 0.5296206474304199 206
1671602295731 0.5497040748596191 229
1671602309400 0.5397229194641113 252
1671602323111 0.5502017736434937 275
1671602336905 0.5208367109298706 298
1671602350857 0.5485472083091736 321
1671602364923 0.5552999973297119 344
1671602378814 0.5415388941764832 367
1671602392966 0.5426419377326965 390
1671602406791 0.5431934595108032 413
1671602420551 0.5555959343910217 436
1671602434844 0.5297148823738098 459
1671602448639 0.5140570402145386 482
1671602462301 0.5550175309181213 505
1671602476007 0.5444175601005554 528
1671602489836 0.538754403591156 551
1671602503700 0.5525692701339722 574
1671602517753 0.5370863676071167 597
1671602531597 0.5380414724349976 620
1671602545420 0.5559994578361511 643
1671602559235 0.5389696359634399 666
1671602573275 0.5487624406814575 689
1671602587404 0.5319477915763855 712
1671602601264 0.5484799146652222 735
1671602615435 0.5294861197471619 758
1671602629169 0.5482916831970215 781
1671602643101 0.5524348020553589 804
1671602656846 0.5494216084480286 827
1671602670675 0.5447269678115845 850
1671602684511 0.5476728677749634 873
1671602698309 0.5198143720626831 896
1671602712163 0.5433144569396973 919
1671602725958 0.530414342880249 942
1671602740089 0.5362792611122131 965
1671602753950 0.5636399984359741 988
1671602767774 0.5292843580245972 1011
1671602781876 0.5487893223762512 1034
1671602795759 0.5459913611412048 1057
1671602809881 0.557425320148468 1080
1671602824046 0.5409335494041443 1103
1671602838154 0.5645278692245483 1126
1671602851827 0.5546274185180664 1149
1671602865815 0.5632768273353577 1172
1671602879845 0.5575464367866516 1195
1671602893903 0.5515604019165039 1218
1671602907854 0.5617836713790894 1241
1671602921740 0.5474038124084473 1264
1671602935757 0.5494484901428223 1287
1671602949803 0.5665187239646912 1310
1671602963778 0.5611110925674438 1333
1671602977912 0.5714420676231384 1356
1671602991783 0.5552865266799927 1379
1671603005716 0.5826742053031921 1402
1671603019455 0.5506995320320129 1425
1671603033700 0.5644336938858032 1448
1671603047761 0.5587705373764038 1471
1671603061594 0.5539816617965698 1494
1671603075678 0.5801452994346619 1517
1671603089618 0.5717110633850098 1540
1671603103688 0.5754236578941345 1563
1671603117561 0.5466235876083374 1586
1671603131681 0.5836023688316345 1609
1671603145622 0.5660882592201233 1632
1671603159419 0.5530131459236145 1655
1671603173513 0.5495561361312866 1678
1671603187555 0.5411084294319153 1701
1671603201552 0.554385244846344 1724
1671603215326 0.5713210105895996 1747
1671603229446 0.5692897439002991 1770
1671603243317 0.5907721519470215 1793
1671603257389 0.5726661682128906 1816
1671603271454 0.5657519102096558 1839
1671603285361 0.5772666335105896 1862
1671603299422 0.5898304581642151 1885
1671603313491 0.5729621052742004 1908
1671603327571 0.5883373618125916 1931
1671603341607 0.5708501935005188 1954
1671603355527 0.5822167992591858 1977
1671603369511 0.5585418343544006 2000
1671603383437 0.5647161602973938 2023
1671603397421 0.5956282615661621 2046
1671603411406 0.5700969099998474 2069
1671603425555 0.5915254354476929 2092
1671603439930 0.5772397518157959 2115
1671603453901 0.5645009875297546 2138
1671603468051 0.5776163935661316 2161
1671603482124 0.5847055315971375 2184
1671603496098 0.5739036798477173 2207
1671603510399 0.574939489364624 2230
1671603524627 0.5643932819366455 2253
1671603538600 0.5721549987792969 2276
1671603552699 0.5650255680084229 2299
1671603566781 0.573890209197998 2322
1671603580726 0.5944040417671204 2345
1671603594576 0.5667070150375366 2368
1671603609120 0.563734233379364 2391
1671603623157 0.5674872398376465 2414
1671603637389 0.5752488374710083 2437
1671603651453 0.5803605318069458 2460
1671603665213 0.5738364458084106 2483
1671603678953 0.5976459980010986 2506
1671603692715 0.5972961783409119 2529
1671603706784 0.5526500344276428 2552
1671603720674 0.5846381783485413 2575
1671603734759 0.5912429094314575 2598
1671603748791 0.5803874135017395 2621
1671603762657 0.6039144396781921 2644
1671603776708 0.5833602547645569 2667
1671603790756 0.5807371735572815 2690
1671603804659 0.558985710144043 2713
1671603818461 0.591148853302002 2736
1671603832565 0.5957357883453369 2759
1671603846748 0.5881356000900269 2782
1671603860672 0.5755447745323181 2805
1671603874740 0.5715093016624451 2828
1671603888744 0.5875706672668457 2851
1671603902979 0.5793113112449646 2874
1671603916976 0.5710384845733643 2897
1671603930968 0.5827145576477051 2920
1671603945059 0.5640705227851868 2943
1671603959008 0.5799165964126587 2966
1671603973072 0.5843287706375122 2989
1671603987280 0.592319130897522 3012
1671604001430 0.5752084851264954 3035
1671604015491 0.5634517073631287 3058
1671604029736 0.5751816034317017 3081
1671604043974 0.5967985391616821 3104
1671604058093 0.5860371589660645 3127
1671604072050 0.559658408164978 3150
1671604086004 0.5745628476142883 3173
1671604099966 0.5835889577865601 3196
1671604114156 0.5700430870056152 3219
1671604127944 0.5937853455543518 3242
1671604141912 0.5823648571968079 3265
1671604155877 0.5704062581062317 3288
1671604169728 0.5659537315368652 3311
1671604183536 0.6001749038696289 3334
1671604197692 0.5806429982185364 3357
1671604211536 0.5810465216636658 3380
1671604225615 0.5830912590026855 3403
1671604239701 0.57423996925354 3426
1671604253613 0.5862658023834229 3449
