1671602170538 2.676303115610971 22
1671602184586 2.2893223491462606 45
1671602198463 2.2789104949028993 68
1671602212075 2.2790813532220957 91
1671602226094 2.285543235568919 114
1671602240117 2.278101762877126 137
1671602253893 2.280771577835678 160
1671602267827 2.2826768270746562 183
1671602281673 2.2785663341872153 206
1671602295731 2.278504235329776 229
1671602309400 2.2782429875281562 252
1671602323111 2.2866059195576027 275
1671602336905 2.282421520159363 298
1671602350857 2.27403223262211 321
1671602364923 2.274580666326208 344
1671602378814 2.2822579553094404 367
1671602392966 2.279427079957442 390
1671602406791 2.276516678538135 413
1671602420551 2.273427955004365 436
1671602434844 2.2768719158668986 459
1671602448639 2.274038148217918 482
1671602462301 2.273428579997066 505
1671602476007 2.2793504282845176 528
1671602489836 2.2755617393213647 551
1671602503700 2.2747241858068397 574
1671602517753 2.2768636019353488 597
1671602531597 2.2785064334678764 620
1671602545420 2.2727170522821796 643
1671602559235 2.2728382544770493 666
1671602573275 2.274104400540798 689
1671602587404 2.2793652963650928 712
1671602601264 2.27202203565144 735
1671602615435 2.269470759087658 758
1671602629169 2.2775810476495053 781
1671602643101 2.27207323178705 804
1671602656846 2.2658485825528567 827
1671602670675 2.27426378947387 850
1671602684511 2.2761227802420585 873
1671602698309 2.275333010319084 896
1671602712163 2.266920359859609 919
1671602725958 2.272974523107737 942
1671602740089 2.2693864243878235 965
1671602753950 2.26710883776107 988
1671602767774 2.2695379568493577 1011
1671602781876 2.2725086297928336 1034
1671602795759 2.2686482985870993 1057
1671602809881 2.2750741070812075 1080
1671602824046 2.270397940379078 1103
1671602838154 2.264952554372216 1126
1671602851827 2.2694781349062843 1149
1671602865815 2.2663262443095977 1172
1671602879845 2.268817246413422 1195
1671602893903 2.266976082609495 1218
1671602907854 2.263976089941133 1241
1671602921740 2.2701273912645843 1264
1671602935757 2.2602220015873864 1287
1671602949803 2.2663858141333044 1310
1671602963778 2.259455471557299 1333
1671602977912 2.265375202717086 1356
1671602991783 2.268204086412554 1379
1671603005716 2.2687852908616235 1402
1671603019455 2.2678462171145815 1425
1671603033700 2.2639167246643903 1448
1671603047761 2.2629154428587146 1471
1671603061594 2.259642876302089 1494
1671603075678 2.2639916252655965 1517
1671603089618 2.27513636078004 1540
1671603103688 2.266433433083438 1563
1671603117561 2.261485426581804 1586
1671603131681 2.259011638868817 1609
1671603145622 2.260907425675937 1632
1671603159419 2.2678286109040147 1655
1671603173513 2.256120962359475 1678
1671603187555 2.2612432531831765 1701
1671603201552 2.2580545802365632 1724
1671603215326 2.256039278139786 1747
1671603229446 2.26322404260772 1770
1671603243317 2.2603167732031157 1793
1671603257389 2.258496294409703 1816
1671603271454 2.259838099054602 1839
1671603285361 2.2622484273908223 1862
1671603299422 2.257082104093894 1885
1671603313491 2.259046460398218 1908
1671603327571 2.257840981692473 1931
1671603341607 2.2536544918758215 1954
1671603355527 2.2603941038611093 1977
1671603369511 2.2552026147733164 2000
1671603383437 2.2527151932718703 2023
1671603397421 2.253550250250541 2046
1671603411406 2.257028331939352 2069
1671603425555 2.2531627965655763 2092
1671603439930 2.2540428684004636 2115
1671603453901 2.2594106981422 2138
1671603468051 2.2546807317365953 2161
1671603482124 2.2571281775944487 2184
1671603496098 2.2653532311209634 2207
1671603510399 2.2608636213017896 2230
1671603524627 2.254844284702784 2253
1671603538600 2.2570434529928716 2276
1671603552699 2.2630631248536064 2299
1671603566781 2.250270714595343 2322
1671603580726 2.2533284550467725 2345
1671603594576 2.2552982198878553 2368
1671603609120 2.2523175762011016 2391
1671603623157 2.255618120623497 2414
1671603637389 2.2513892889375278 2437
1671603651453 2.2628012671000026 2460
1671603665213 2.257971122614743 2483
1671603678953 2.2516453842149398 2506
1671603692715 2.2477869997833606 2529
1671603706784 2.2568363091663715 2552
1671603720674 2.2547478273607227 2575
1671603734759 2.248670067386024 2598
1671603748791 2.2497128158677295 2621
1671603762657 2.2490461564653907 2644
1671603776708 2.25311950921902 2667
1671603790756 2.248490196496808 2690
1671603804659 2.249939385706775 2713
1671603818461 2.2567855341050094 2736
1671603832565 2.250159914069697 2759
1671603846748 2.2570476850700008 2782
1671603860672 2.2508316461714384 2805
1671603874740 2.253440696399367 2828
1671603888744 2.252513969630264 2851
1671603902979 2.245753312674878 2874
1671603916976 2.255840990404304 2897
1671603930968 2.248281494279616 2920
1671603945059 2.2612954689167823 2943
1671603959008 2.251117972966287 2966
1671603973072 2.248449452409938 2989
1671603987280 2.245632864383879 3012
1671604001430 2.2497989321605547 3035
1671604015491 2.249083772211723 3058
1671604029736 2.2536903056676305 3081
1671604043974 2.249844634806866 3104
1671604058093 2.250775588731595 3127
1671604072050 2.2531906322781445 3150
1671604086004 2.249931349627397 3173
1671604099966 2.251568251409792 3196
1671604114156 2.2429613152331376 3219
1671604127944 2.2468051567733704 3242
1671604141912 2.24776599610763 3265
1671604155877 2.251743042019239 3288
1671604169728 2.245037877252952 3311
1671604183536 2.2449075417343876 3334
1671604197692 2.2466257298939727 3357
1671604211536 2.2518048346708306 3380
1671604225615 2.248568647076784 3403
1671604239701 2.2414447309827747 3426
1671604253613 2.244692803849227 3449
