1671602186335 0.6875000596046448 49
1671602215005 0.40833336114883423 99
1671602244145 0.7277930378913879 149
1671602273024 0.5059524178504944 199
1671602301995 0.8095238208770752 249
1671602337794 0.699999988079071 299
1671602366948 0.46666666865348816 349
1671602396182 0.6970238089561462 399
1671602425214 0.5211039185523987 449
1671602454066 0.4318181872367859 499
1671602482600 0.6564394235610962 549
1671602518965 0.3511904776096344 599
1671602547776 0.6367965340614319 649
1671602576888 0.6875 699
1671602605932 0.5583333373069763 749
1671602634898 0.6041666865348816 799
1671602663724 0.5468975305557251 849
1671602699846 0.6496753096580505 899
1671602728611 0.6347222328186035 949
1671602757756 0.4761904776096344 999
1671602786776 0.6011905074119568 1049
1671602815968 0.7446428537368774 1099
1671602845053 0.5 1149
1671602881609 0.5416666865348816 1199
1671602910813 0.6458333730697632 1249
1671602939873 0.6041666865348816 1299
1671602969013 0.5208333730697632 1349
1671602998116 0.5436508059501648 1399
1671603034635 0.6799242496490479 1449
1671603063713 0.5833333730697632 1499
1671603092942 0.6166666746139526 1549
1671603121920 0.849494993686676 1599
1671603151060 0.49761906266212463 1649
1671603180131 0.648809552192688 1699
1671603216565 0.7003968358039856 1749
1671603245708 0.7291666865348816 1799
1671603274915 0.625 1849
1671603304074 0.3986111283302307 1899
1671603333294 0.7023809552192688 1949
1671603362413 0.6761904954910278 1999
1671603398888 0.5722222328186035 2049
1671603428348 0.5791666507720947 2099
1671603457756 0.7684524059295654 2149
1671603487009 0.5734127163887024 2199
1671603516422 0.7124999761581421 2249
1671603545536 0.25 2299
1671603582532 0.6803571581840515 2349
1671603612053 0.6407203674316406 2399
1671603641408 0.7321428656578064 2449
1671603670390 0.675000011920929 2499
1671603699016 0.7539682388305664 2549
1671603735632 0.6458333730697632 2599
1671603764736 0.6900793313980103 2649
1671603794034 0.8142856955528259 2699
1671603822885 0.7595238089561462 2749
1671603852296 0.7611263394355774 2799
1671603881266 0.5984848737716675 2849
1671603918216 0.7849358916282654 2899
1671603947429 0.6814393997192383 2949
1671603976599 0.6672619581222534 2999
1671604006076 0.1875 3049
1671604035468 0.7291666865348816 3099
1671604065042 0.6803571581840515 3149
1671604101587 0.5928571224212646 3199
1671604130564 0.5484848618507385 3249
1671604159620 0.7142857313156128 3299
1671604188472 0.7763888835906982 3349
1671604217606 0.699999988079071 3399
1671604246960 0.25 3449
