1671602170538 0.7259886860847473 22
1671602184586 0.6906779408454895 45
1671602198463 0.7019773721694946 68
1671602212075 0.6935028433799744 91
1671602226094 0.6878530979156494 114
1671602240117 0.7118644118309021 137
1671602253893 0.694915235042572 160
1671602267827 0.6892655491828918 183
1671602281673 0.6906779408454895 206
1671602295731 0.7146892547607422 229
1671602309400 0.7104519605636597 252
1671602323111 0.6920903921127319 275
1671602336905 0.6850282549858093 298
1671602350857 0.7118644118309021 321
1671602364923 0.6991525292396545 344
1671602378814 0.6963276863098145 367
1671602392966 0.6963276863098145 390
1671602406791 0.7104519605636597 413
1671602420551 0.7104519605636597 436
1671602434844 0.709039568901062 459
1671602448639 0.694915235042572 482
1671602462301 0.7189265489578247 505
1671602476007 0.7048022747039795 528
1671602489836 0.6977401375770569 551
1671602503700 0.7175140976905823 574
1671602517753 0.6963276863098145 597
1671602531597 0.6920903921127319 620
1671602545420 0.7175140976905823 643
1671602559235 0.7076271176338196 666
1671602573275 0.7146892547607422 689
1671602587404 0.700564980506897 712
1671602601264 0.6977401375770569 735
1671602615435 0.7019773721694946 758
1671602629169 0.700564980506897 781
1671602643101 0.7217513918876648 804
1671602656846 0.7175140976905823 827
1671602670675 0.7019773721694946 850
1671602684511 0.7132768630981445 873
1671602698309 0.700564980506897 896
1671602712163 0.7189265489578247 919
1671602725958 0.7076271176338196 942
1671602740089 0.7175140976905823 965
1671602753950 0.7175140976905823 988
1671602767774 0.7118644118309021 1011
1671602781876 0.7175140976905823 1034
1671602795759 0.7189265489578247 1057
1671602809881 0.709039568901062 1080
1671602824046 0.7189265489578247 1103
1671602838154 0.7259886860847473 1126
1671602851827 0.7161017060279846 1149
1671602865815 0.7259886860847473 1172
1671602879845 0.7274011373519897 1195
1671602893903 0.7132768630981445 1218
1671602907854 0.7259886860847473 1241
1671602921740 0.7245762944221497 1264
1671602935757 0.7288135886192322 1287
1671602949803 0.7302259802818298 1310
1671602963778 0.7189265489578247 1333
1671602977912 0.7259886860847473 1356
1671602991783 0.7217513918876648 1379
1671603005716 0.7231638431549072 1402
1671603019455 0.7217513918876648 1425
1671603033700 0.7245762944221497 1448
1671603047761 0.7274011373519897 1471
1671603061594 0.7372881174087524 1494
1671603075678 0.7302259802818298 1517
1671603089618 0.7288135886192322 1540
1671603103688 0.7288135886192322 1563
1671603117561 0.7259886860847473 1586
1671603131681 0.7401130199432373 1609
1671603145622 0.7288135886192322 1632
1671603159419 0.7245762944221497 1655
1671603173513 0.7302259802818298 1678
1671603187555 0.7231638431549072 1701
1671603201552 0.7330508232116699 1724
1671603215326 0.7372881174087524 1747
1671603229446 0.7429378628730774 1770
1671603243317 0.7387005686759949 1793
1671603257389 0.7344632744789124 1816
1671603271454 0.7372881174087524 1839
1671603285361 0.7344632744789124 1862
1671603299422 0.741525411605835 1885
1671603313491 0.7302259802818298 1908
1671603327571 0.741525411605835 1931
1671603341607 0.7471751570701599 1954
1671603355527 0.7358757257461548 1977
1671603369511 0.7401130199432373 2000
1671603383437 0.7401130199432373 2023
1671603397421 0.7542372941970825 2046
1671603411406 0.7471751570701599 2069
1671603425555 0.7528248429298401 2092
1671603439930 0.7514124512672424 2115
1671603453901 0.75 2138
1671603468051 0.7344632744789124 2161
1671603482124 0.741525411605835 2184
1671603496098 0.7274011373519897 2207
1671603510399 0.7387005686759949 2230
1671603524627 0.75 2253
1671603538600 0.7372881174087524 2276
1671603552699 0.7358757257461548 2299
1671603566781 0.7542372941970825 2322
1671603580726 0.75 2345
1671603594576 0.744350254535675 2368
1671603609120 0.7471751570701599 2391
1671603623157 0.7457627058029175 2414
1671603637389 0.741525411605835 2437
1671603651453 0.7316384315490723 2460
1671603665213 0.744350254535675 2483
1671603678953 0.7471751570701599 2506
1671603692715 0.7457627058029175 2529
1671603706784 0.741525411605835 2552
1671603720674 0.7429378628730774 2575
1671603734759 0.7528248429298401 2598
1671603748791 0.744350254535675 2621
1671603762657 0.7528248429298401 2644
1671603776708 0.7485875487327576 2667
1671603790756 0.7514124512672424 2690
1671603804659 0.75 2713
1671603818461 0.7429378628730774 2736
1671603832565 0.7528248429298401 2759
1671603846748 0.7471751570701599 2782
1671603860672 0.7485875487327576 2805
1671603874740 0.7387005686759949 2828
1671603888744 0.75 2851
1671603902979 0.7514124512672424 2874
1671603916976 0.7457627058029175 2897
1671603930968 0.7457627058029175 2920
1671603945059 0.7471751570701599 2943
1671603959008 0.7401130199432373 2966
1671603973072 0.7542372941970825 2989
1671603987280 0.758474588394165 3012
1671604001430 0.7514124512672424 3035
1671604015491 0.741525411605835 3058
1671604029736 0.7429378628730774 3081
1671604043974 0.7542372941970825 3104
1671604058093 0.7401130199432373 3127
1671604072050 0.7274011373519897 3150
1671604086004 0.741525411605835 3173
1671604099966 0.7471751570701599 3196
1671604114156 0.7514124512672424 3219
1671604127944 0.755649745464325 3242
1671604141912 0.7528248429298401 3265
1671604155877 0.7457627058029175 3288
1671604169728 0.7274011373519897 3311
1671604183536 0.7471751570701599 3334
1671604197692 0.755649745464325 3357
1671604211536 0.7401130199432373 3380
1671604225615 0.7401130199432373 3403
1671604239701 0.744350254535675 3426
1671604253613 0.7528248429298401 3449
