1671602186335 2.208177132671195 49
1671602215005 2.5252651156482635 99
1671602244145 2.193515405142416 149
1671602273024 2.226646020533083 199
1671602301995 2.5958510533509234 249
1671602337794 2.121527235601492 299
1671602366948 2.133850429279647 349
1671602396182 2.4481291760545263 399
1671602425214 2.5445985595748377 449
1671602454066 1.886457454525972 499
1671602482600 2.1950891296633 549
1671602518965 2.227162488627012 599
1671602547776 2.8772215401921972 649
1671602576888 2.5516742454388006 699
1671602605932 2.063972169349327 749
1671602634898 2.404577862558674 799
1671602663724 2.1630697040989566 849
1671602699846 2.1953204209969774 899
1671602728611 2.0575003735709556 949
1671602757756 2.0834454898533847 999
1671602786776 2.2276528979883654 1049
1671602815968 2.326197218072953 1099
1671602845053 2.0240237062229443 1149
1671602881609 2.239994334864975 1199
1671602910813 2.326779814338072 1249
1671602939873 2.4425131447465818 1299
1671602969013 2.0129440936465435 1349
1671602998116 2.212777263924724 1399
1671603034635 2.243658459181211 1449
1671603063713 2.4141285729842776 1499
1671603092942 2.593656786779947 1549
1671603121920 2.4171357965217344 1599
1671603151060 2.4645913525029006 1649
1671603180131 2.4093560809423713 1699
1671603216565 2.2957512258442927 1749
1671603245708 1.8232025491307176 1799
1671603274915 2.157268478373316 1849
1671603304074 2.2434582237317446 1899
1671603333294 2.3302088039290267 1949
1671603362413 2.450240945061264 1999
1671603398888 2.1331920819698866 2049
1671603428348 2.1177886999129383 2099
1671603457756 2.2147225019976244 2149
1671603487009 2.243120922144587 2199
1671603516422 2.526198075932581 2249
1671603545536 1.55982971282387 2299
1671603582532 2.5702968671155 2349
1671603612053 2.139049243242157 2399
1671603641408 2.3814819121367825 2449
1671603670390 2.398234404677642 2499
1671603699016 2.1684824228796735 2549
1671603735632 1.9879290389943511 2599
1671603764736 2.0236979561814166 2649
1671603794034 2.2433415886452557 2699
1671603822885 2.283312345738358 2749
1671603852296 2.276062394445587 2799
1671603881266 2.2642524240216333 2849
1671603918216 2.343541004553374 2899
1671603947429 2.4584685095603844 2949
1671603976599 2.313213422375345 2999
1671604006076 2.231118013005954 3049
1671604035468 2.1934706342987162 3099
1671604065042 2.191391411761924 3149
1671604101587 2.361082500132625 3199
1671604130564 2.3425273975153003 3249
1671604159620 2.4371380121750486 3299
1671604188472 2.321506245227508 3349
1671604217606 2.4179743104300657 3399
1671604246960 1.6725598236583983 3449
