1671602170538 0.7805085182189941 22
1671602184586 0.8452919125556946 45
1671602198463 0.8605461120605469 68
1671602212075 0.851963996887207 91
1671602226094 0.8201507925987244 114
1671602240117 0.9082593321800232 137
1671602253893 0.8627118468284607 160
1671602267827 0.8318267464637756 183
1671602281673 0.864783525466919 206
1671602295731 0.9113935828208923 229
1671602309400 0.9064971804618835 252
1671602323111 0.8838041424751282 275
1671602336905 0.7985876202583313 298
1671602350857 0.9290960431098938 321
1671602364923 0.9078155159950256 344
1671602378814 0.838229775428772 367
1671602392966 0.8576271533966064 390
1671602406791 0.9282485842704773 413
1671602420551 0.9187113642692566 436
1671602434844 0.8919962048530579 459
1671602448639 0.8614878058433533 482
1671602462301 0.9050847291946411 505
1671602476007 0.8743879199028015 528
1671602489836 0.8470810055732727 551
1671602503700 0.9164783954620361 574
1671602517753 0.8604384660720825 597
1671602531597 0.8040489554405212 620
1671602545420 0.8951035737991333 643
1671602559235 0.883239209651947 666
1671602573275 0.9006590843200684 689
1671602587404 0.8208098411560059 712
1671602601264 0.8856873512268066 735
1671602615435 0.8535782098770142 758
1671602629169 0.8548022508621216 781
1671602643101 0.9207156896591187 804
1671602656846 0.8922786116600037 827
1671602670675 0.8609227538108826 850
1671602684511 0.8418079018592834 873
1671602698309 0.8296610713005066 896
1671602712163 0.8950093388557434 919
1671602725958 0.8555556535720825 942
1671602740089 0.864689290523529 965
1671602753950 0.9043314456939697 988
1671602767774 0.8534840941429138 1011
1671602781876 0.90451979637146 1034
1671602795759 0.8885660171508789 1057
1671602809881 0.8857815861701965 1080
1671602824046 0.8642184734344482 1103
1671602838154 0.9294726848602295 1126
1671602851827 0.8367232084274292 1149
1671602865815 0.8735405206680298 1172
1671602879845 0.8877589106559753 1195
1671602893903 0.8350282907485962 1218
1671602907854 0.9049906730651855 1241
1671602921740 0.8739171624183655 1264
1671602935757 0.8706215023994446 1287
1671602949803 0.9059322476387024 1310
1671602963778 0.8645950555801392 1333
1671602977912 0.8500000834465027 1356
1671602991783 0.8706215023994446 1379
1671603005716 0.8402072191238403 1402
1671603019455 0.8458569049835205 1425
1671603033700 0.8768362402915955 1448
1671603047761 0.8449152708053589 1471
1671603061594 0.8758944869041443 1494
1671603075678 0.9150659441947937 1517
1671603089618 0.8420904278755188 1540
1671603103688 0.8753295540809631 1563
1671603117561 0.8500941395759583 1586
1671603131681 0.8904896378517151 1609
1671603145622 0.8631423711776733 1632
1671603159419 0.8387945890426636 1655
1671603173513 0.8297551870346069 1678
1671603187555 0.8589319586753845 1701
1671603201552 0.852636456489563 1724
1671603215326 0.9144068360328674 1747
1671603229446 0.8771186470985413 1770
1671603243317 0.8754236102104187 1793
1671603257389 0.9067796468734741 1816
1671603271454 0.8938794136047363 1839
1671603285361 0.8903954029083252 1862
1671603299422 0.9002825021743774 1885
1671603313491 0.8691149353981018 1908
1671603327571 0.9237288236618042 1931
1671603341607 0.8931262493133545 1954
1671603355527 0.8655366897583008 1977
1671603369511 0.8928436636924744 2000
1671603383437 0.8744820356369019 2023
1671603397421 0.9226930141448975 2046
1671603411406 0.8620527982711792 2069
1671603425555 0.8952918648719788 2092
1671603439930 0.8792843818664551 2115
1671603453901 0.8792843818664551 2138
1671603468051 0.8738229870796204 2161
1671603482124 0.8872881531715393 2184
1671603496098 0.8881356716156006 2207
1671603510399 0.854519784450531 2230
1671603524627 0.8684557676315308 2253
1671603538600 0.8947134017944336 2276
1671603552699 0.8682675361633301 2299
1671603566781 0.9029996991157532 2322
1671603580726 0.9107345342636108 2345
1671603594576 0.8980225920677185 2368
1671603609120 0.8764594793319702 2391
1671603623157 0.87080979347229 2414
1671603637389 0.8595103621482849 2437
1671603651453 0.8212805986404419 2460
1671603665213 0.8673257827758789 2483
1671603678953 0.8990583419799805 2506
1671603692715 0.89613938331604 2529
1671603706784 0.8429378271102905 2552
1671603720674 0.885310709476471 2575
1671603734759 0.9277777671813965 2598
1671603748791 0.8570621013641357 2621
1671603762657 0.9417137503623962 2644
1671603776708 0.9228813648223877 2667
1671603790756 0.8912429213523865 2690
1671603804659 0.8710922598838806 2713
1671603818461 0.822410523891449 2736
1671603832565 0.9306026697158813 2759
1671603846748 0.8805622458457947 2782
1671603860672 0.8866289854049683 2805
1671603874740 0.8480226397514343 2828
1671603888744 0.9146892428398132 2851
1671603902979 0.8861582279205322 2874
1671603916976 0.8368173241615295 2897
1671603930968 0.8916195631027222 2920
1671603945059 0.8914312124252319 2943
1671603959008 0.8496233224868774 2966
1671603973072 0.8926553726196289 2989
1671603987280 0.9138417840003967 3012
1671604001430 0.8773069381713867 3035
1671604015491 0.852636456489563 3058
1671604029736 0.87372887134552 3081
1671604043974 0.9003766775131226 3104
1671604058093 0.8854990601539612 3127
1671604072050 0.8304142355918884 3150
1671604086004 0.8775894045829773 3173
1671604099966 0.8793784976005554 3196
1671604114156 0.8919962048530579 3219
1671604127944 0.8842614889144897 3242
1671604141912 0.8973634243011475 3265
1671604155877 0.8730698227882385 3288
1671604169728 0.8466101288795471 3311
1671604183536 0.89613938331604 3334
1671604197692 0.908380389213562 3357
1671604211536 0.8589318990707397 3380
1671604225615 0.8445386290550232 3403
1671604239701 0.8470808863639832 3426
1671604253613 0.8759886026382446 3449
