1671602186335 1.0 49
1671602215005 0.49166667461395264 99
1671602244145 1.0 149
1671602273024 0.625 199
1671602301995 0.9375 249
1671602337794 0.9166666865348816 299
1671602366948 0.8333333730697632 349
1671602396182 0.875 399
1671602425214 0.6875 449
1671602454066 0.75 499
1671602482600 1.0 549
1671602518965 0.4166666865348816 599
1671602547776 0.7916666865348816 649
1671602576888 0.7708333730697632 699
1671602605932 1.0 749
1671602634898 0.875 799
1671602663724 0.5833333730697632 849
1671602699846 1.0 899
1671602728611 1.0 949
1671602757756 0.5 999
1671602786776 0.9166666865348816 1049
1671602815968 0.7916666865348816 1099
1671602845053 0.5 1149
1671602881609 0.5625 1199
1671602910813 0.8541666865348816 1249
1671602939873 0.875 1299
1671602969013 0.6041666865348816 1349
1671602998116 1.0 1399
1671603034635 0.875 1449
1671603063713 0.7916666865348816 1499
1671603092942 0.75 1549
1671603121920 0.949999988079071 1599
1671603151060 0.699999988079071 1649
1671603180131 1.0 1699
1671603216565 0.875 1749
1671603245708 0.9375 1799
1671603274915 0.8541666865348816 1849
1671603304074 0.75 1899
1671603333294 0.9166666865348816 1949
1671603362413 0.9166666865348816 1999
1671603398888 0.7916666865348816 2049
1671603428348 1.0 2099
1671603457756 1.0 2149
1671603487009 1.0 2199
1671603516422 0.9166666865348816 2249
1671603545536 0.25 2299
1671603582532 0.875 2349
1671603612053 1.0 2399
1671603641408 0.875 2449
1671603670390 0.875 2499
1671603699016 0.9166666865348816 2549
1671603735632 0.875 2599
1671603764736 1.0 2649
1671603794034 1.0 2699
1671603822885 1.0 2749
1671603852296 1.0 2799
1671603881266 1.0 2849
1671603918216 0.9166666865348816 2899
1671603947429 0.8333333134651184 2949
1671603976599 0.9166666865348816 2999
1671604006076 0.5 3049
1671604035468 1.0 3099
1671604065042 0.7916666865348816 3149
1671604101587 0.75 3199
1671604130564 0.75 3249
1671604159620 1.0 3299
1671604188472 0.949999988079071 3349
1671604217606 0.9375 3399
1671604246960 0.25 3449
