1671602170538 0.625800371170044 22
1671602184586 0.6102538704872131 45
1671602198463 0.6232473254203796 68
1671602212075 0.6268059015274048 91
1671602226094 0.616947591304779 114
1671602240117 0.657614529132843 137
1671602253893 0.619458794593811 160
1671602267827 0.609686017036438 183
1671602281673 0.6249098181724548 206
1671602295731 0.6657041311264038 229
1671602309400 0.6525538563728333 252
1671602323111 0.6406051516532898 275
1671602336905 0.602145791053772 298
1671602350857 0.666892945766449 321
1671602364923 0.6575302481651306 344
1671602378814 0.6236171722412109 367
1671602392966 0.6323638558387756 390
1671602406791 0.6610816717147827 413
1671602420551 0.6608111262321472 436
1671602434844 0.6438807249069214 459
1671602448639 0.6219715476036072 482
1671602462301 0.6643504500389099 505
1671602476007 0.6413078308105469 528
1671602489836 0.6329179406166077 551
1671602503700 0.6642861366271973 574
1671602517753 0.6317471861839294 597
1671602531597 0.6152428388595581 620
1671602545420 0.6593900918960571 643
1671602559235 0.6423056125640869 666
1671602573275 0.6590599417686462 689
1671602587404 0.6169300079345703 712
1671602601264 0.6421291828155518 735
1671602615435 0.6234111189842224 758
1671602629169 0.6343434453010559 781
1671602643101 0.6673531532287598 804
1671602656846 0.6534233093261719 827
1671602670675 0.6363863945007324 850
1671602684511 0.6333152651786804 873
1671602698309 0.6098341941833496 896
1671602712163 0.6559272408485413 919
1671602725958 0.6268378496170044 942
1671602740089 0.6373951435089111 965
1671602753950 0.66716468334198 988
1671602767774 0.6307445168495178 1011
1671602781876 0.6547342538833618 1034
1671602795759 0.646200954914093 1057
1671602809881 0.6544497013092041 1080
1671602824046 0.6383864879608154 1103
1671602838154 0.6780044436454773 1126
1671602851827 0.6418260335922241 1149
1671602865815 0.6629084348678589 1172
1671602879845 0.6619535684585571 1195
1671602893903 0.6250991225242615 1218
1671602907854 0.6655053496360779 1241
1671602921740 0.6533041000366211 1264
1671602935757 0.6559224128723145 1287
1671602949803 0.6741499304771423 1310
1671602963778 0.650944173336029 1333
1671602977912 0.6543948650360107 1356
1671602991783 0.6516520977020264 1379
1671603005716 0.6460266709327698 1402
1671603019455 0.6361243724822998 1425
1671603033700 0.65312260389328 1448
1671603047761 0.6515905261039734 1471
1671603061594 0.6588477492332458 1494
1671603075678 0.6872543096542358 1517
1671603089618 0.649387001991272 1540
1671603103688 0.6625198125839233 1563
1671603117561 0.6348634958267212 1586
1671603131681 0.6752539277076721 1609
1671603145622 0.6479474902153015 1632
1671603159419 0.6396030783653259 1655
1671603173513 0.6403045058250427 1678
1671603187555 0.6389713883399963 1701
1671603201552 0.6404067873954773 1724
1671603215326 0.6762898564338684 1747
1671603229446 0.6638420820236206 1770
1671603243317 0.6736838817596436 1793
1671603257389 0.6746658682823181 1816
1671603271454 0.667094349861145 1839
1671603285361 0.6711693406105042 1862
1671603299422 0.686950147151947 1885
1671603313491 0.6558800339698792 1908
1671603327571 0.6909416913986206 1931
1671603341607 0.673139214515686 1954
1671603355527 0.6618175506591797 1977
1671603369511 0.6658438444137573 2000
1671603383437 0.6613842844963074 2023
1671603397421 0.6991175413131714 2046
1671603411406 0.6622589826583862 2069
1671603425555 0.6790275573730469 2092
1671603439930 0.6744605898857117 2115
1671603453901 0.6641634702682495 2138
1671603468051 0.6667661666870117 2161
1671603482124 0.6789538264274597 2184
1671603496098 0.6620742678642273 2207
1671603510399 0.6611770987510681 2230
1671603524627 0.6580334305763245 2253
1671603538600 0.67172771692276 2276
1671603552699 0.65390944480896 2299
1671603566781 0.6783219575881958 2322
1671603580726 0.6873079538345337 2345
1671603594576 0.6708843111991882 2368
1671603609120 0.6641435027122498 2391
1671603623157 0.6590834856033325 2414
1671603637389 0.6607917547225952 2437
1671603651453 0.6507528424263 2460
1671603665213 0.6645466685295105 2483
1671603678953 0.6835553646087646 2506
1671603692715 0.6859200596809387 2529
1671603706784 0.6412436962127686 2552
1671603720674 0.6751070022583008 2575
1671603734759 0.6896628737449646 2598
1671603748791 0.6679686903953552 2621
1671603762657 0.7075977921485901 2644
1671603776708 0.6892036199569702 2667
1671603790756 0.6727198362350464 2690
1671603804659 0.6593770384788513 2713
1671603818461 0.6647329330444336 2736
1671603832565 0.7038370370864868 2759
1671603846748 0.6711999773979187 2782
1671603860672 0.6742254495620728 2805
1671603874740 0.6547964215278625 2828
1671603888744 0.6878764033317566 2851
1671603902979 0.6775866150856018 2874
1671603916976 0.6587640047073364 2897
1671603930968 0.6733080148696899 2920
1671603945059 0.6690452098846436 2943
1671603959008 0.6658012866973877 2966
1671603973072 0.6828168034553528 2989
1671603987280 0.6953974962234497 3012
1671604001430 0.669654905796051 3035
1671604015491 0.6522230505943298 3058
1671604029736 0.6619671583175659 3081
1671604043974 0.6905683279037476 3104
1671604058093 0.6737079620361328 3127
1671604072050 0.6361268162727356 3150
1671604086004 0.6637431979179382 3173
1671604099966 0.6723057627677917 3196
1671604114156 0.6689936518669128 3219
1671604127944 0.6801583170890808 3242
1671604141912 0.6796292066574097 3265
1671604155877 0.669999361038208 3288
1671604169728 0.649839460849762 3311
1671604183536 0.6884978413581848 3334
1671604197692 0.6883765459060669 3357
1671604211536 0.6624432802200317 3380
1671604225615 0.6658640503883362 3403
1671604239701 0.6583360433578491 3426
1671604253613 0.6738796234130859 3449
