1671602186335 0.5249999761581421 49
1671602215005 0.36250001192092896 99
1671602244145 0.5892857313156128 149
1671602273024 0.4833333492279053 199
1671602301995 0.75 249
1671602337794 0.6000000238418579 299
1671602366948 0.375 349
1671602396182 0.6083333492279053 399
1671602425214 0.4761905074119568 449
1671602454066 0.3095238208770752 499
1671602482600 0.5357142686843872 549
1671602518965 0.3125 599
1671602547776 0.6458333134651184 649
1671602576888 0.6333333253860474 699
1671602605932 0.44583335518836975 749
1671602634898 0.4833333492279053 799
1671602663724 0.5249999761581421 849
1671602699846 0.4928571581840515 899
1671602728611 0.4958333373069763 949
1671602757756 0.4791666865348816 999
1671602786776 0.44999998807907104 1049
1671602815968 0.7541667222976685 1099
1671602845053 0.5 1149
1671602881609 0.5874999761581421 1199
1671602910813 0.5375000238418579 1249
1671602939873 0.4625000059604645 1299
1671602969013 0.46666669845581055 1349
1671602998116 0.40833336114883423 1399
1671603034635 0.5636904835700989 1449
1671603063713 0.5583333373069763 1499
1671603092942 0.5416666865348816 1549
1671603121920 0.7916666865348816 1599
1671603151060 0.4375 1649
1671603180131 0.4958333373069763 1699
1671603216565 0.6339285969734192 1749
1671603245708 0.612500011920929 1799
1671603274915 0.550000011920929 1849
1671603304074 0.2839285731315613 1899
1671603333294 0.6458333134651184 1949
1671603362413 0.5416666865348816 1999
1671603398888 0.46666669845581055 2049
1671603428348 0.4208333492279053 2099
1671603457756 0.6291667222976685 2149
1671603487009 0.4333333373069763 2199
1671603516422 0.6500000357627869 2249
1671603545536 0.25 2299
1671603582532 0.5833333730697632 2349
1671603612053 0.5062499642372131 2399
1671603641408 0.6625000238418579 2449
1671603670390 0.6041666865348816 2499
1671603699016 0.6666666865348816 2549
1671603735632 0.5458333492279053 2599
1671603764736 0.550000011920929 2649
1671603794034 0.6875000596046448 2699
1671603822885 0.6416666507720947 2749
1671603852296 0.6309523582458496 2799
1671603881266 0.4345238208770752 2849
1671603918216 0.7392857074737549 2899
1671603947429 0.6083333492279053 2949
1671603976599 0.6202380657196045 2999
1671604006076 0.1190476268529892 3049
1671604035468 0.5750000476837158 3099
1671604065042 0.6083332896232605 3149
1671604101587 0.5166667103767395 3199
1671604130564 0.4345238208770752 3249
1671604159620 0.6041666865348816 3299
1671604188472 0.675000011920929 3349
1671604217606 0.5666666626930237 3399
1671604246960 0.25 3449
