1672099859948 0.0 216
1672099931372 0.0 433
1672100003697 0.0 650
1672100075485 0.0 867
1672100147676 0.0 1084
1672100220069 0.0 1301
1672100292934 0.0 1518
1672100365419 0.0 1735
1672100438039 0.0 1952
1672100510694 1.75 2169
1672100583368 7.75 2386
1672100656056 26.25 2603
1672100728887 20.5 2820
1672100801612 0.75 3037
1672100873990 19.5 3254
1672100946313 2.75 3471
1672101018544 19.25 3688
1672101091257 21.0 3905
1672101163475 25.75 4122
1672101236478 23.0 4339
1672101309341 26.5 4556
1672101381941 26.5 4773
1672101454711 24.25 4990
1672101526948 32.0 5207
1672101599957 14.75 5424
1672101672464 31.25 5641
1672101744969 26.25 5858
1672101817455 22.5 6075
1672101889824 17.75 6292
1672101962228 26.0 6509
1672102035089 18.5 6726
1672102107875 25.5 6943
1672102180429 14.5 7160
1672102253024 20.75 7377
1672102325725 24.0 7594
1672102398226 26.25 7811
1672102470983 17.25 8028
1672102543620 22.25 8245
1672102615972 22.0 8462
1672102688595 23.0 8679
1672102761324 26.25 8896
1672102834033 23.5 9113
1672102906588 22.75 9330
1672102979123 24.25 9547
1672103052125 25.75 9764
1672103125506 24.5 9981
1672103197995 23.5 10198
1672103270779 22.25 10415
1672103343065 24.25 10632
1672103416124 22.75 10849
1672103488417 23.0 11066
1672103561275 24.5 11283
1672103633550 23.0 11500
1672103706518 24.25 11717
1672103779044 25.5 11934
1672103852056 25.25 12151
1672103925345 23.75 12368
1672103997896 23.5 12585
1672104070728 24.25 12802
1672104143365 22.5 13019
1672104216286 24.0 13236
1672104288917 23.75 13453
1672104362011 25.75 13670
1672104434588 25.5 13887
1672104507498 23.75 14104
1672104579998 25.5 14321
1672104652941 23.75 14538
1672104725735 22.5 14755
1672104798238 23.5 14972
1672104871018 27.0 15189
1672104943820 25.25 15406
1672105016391 22.25 15623
1672105089270 24.0 15840
1672105162162 23.75 16057
1672105234651 23.75 16274
1672105307359 23.5 16491
1672105380088 25.0 16708
1672105452611 24.0 16925
1672105524987 23.0 17142
1672105597480 23.5 17359
1672105670021 23.5 17576
1672105742652 23.5 17793
1672105815409 23.5 18010
1672105887901 25.25 18227
1672105960636 23.5 18444
1672106034028 24.5 18661
1672106106690 23.5 18878
1672106179669 24.25 19095
1672106252692 23.5 19312
1672106325504 23.5 19529
1672106398471 23.75 19746
1672106471751 25.0 19963
1672106545016 23.5 20180
1672106617757 24.5 20397
1672106690825 24.0 20614
1672106763628 23.25 20831
1672106836561 23.75 21048
1672106909238 24.0 21265
1672106982337 22.75 21482
1672107054793 23.75 21699
1672107127431 23.5 21916
1672107200828 23.75 22133
1672107273623 23.5 22350
1672107347434 23.75 22567
1672107425455 23.75 22784
1672107504898 23.25 23001
1672107583007 23.5 23218
1672107658655 23.75 23435
1672107734410 23.5 23652
1672107810355 23.5 23869
1672107886574 23.5 24086
1672107962397 23.5 24303
1672108038433 23.75 24520
1672108114583 22.0 24737
1672108190608 18.25 24954
1672108266757 23.25 25171
1672108342534 23.5 25388
1672108418705 19.75 25605
1672108494631 23.5 25822
1672108570602 23.0 26039
1672108646124 23.5 26256
1672108722491 23.75 26473
1672108798152 24.75 26690
1672108874294 24.5 26907
1672108950675 23.75 27124
1672109026324 23.75 27341
1672109101822 23.75 27558
1672109177678 24.0 27775
1672109254752 23.75 27992
1672109331063 22.0 28209
1672109407276 23.75 28426
1672109483608 24.0 28643
1672109560250 23.75 28860
1672109637081 24.0 29077
1672109713284 23.75 29294
1672109789992 24.25 29511
1672109866422 22.75 29728
1672109942758 24.25 29945
1672110019124 23.5 30162
1672110095386 24.25 30379
1672110171676 23.25 30596
1672110248499 24.75 30813
1672110325013 24.0 31030
1672110401599 23.75 31247
1672110478313 23.75 31464
1672110554974 23.75 31681
1672110631404 23.5 31898
1672110707856 24.0 32115
1672110784177 23.75 32332
1672110859927 23.5 32549
