1672099859948 217.0 216
1672099931372 217.0 433
1672100003697 217.0 650
1672100075485 217.0 867
1672100147676 217.0 1084
1672100220069 217.0 1301
1672100292934 216.25 1518
1672100365419 217.0 1735
1672100438039 216.5 1952
1672100510694 215.25 2169
1672100583368 208.0 2386
1672100656056 190.5 2603
1672100728887 196.5 2820
1672100801612 216.25 3037
1672100873990 197.5 3254
1672100946313 214.25 3471
1672101018544 197.75 3688
1672101091257 196.0 3905
1672101163475 191.25 4122
1672101236478 193.0 4339
1672101309341 190.25 4556
1672101381941 190.0 4773
1672101454711 192.25 4990
1672101526948 184.5 5207
1672101599957 201.0 5424
1672101672464 184.75 5641
1672101744969 189.75 5858
1672101817455 194.25 6075
1672101889824 198.25 6292
1672101962228 190.5 6509
1672102035089 197.5 6726
1672102107875 190.0 6943
1672102180429 201.5 7160
1672102253024 195.25 7377
1672102325725 191.5 7594
1672102398226 189.0 7811
1672102470983 198.25 8028
1672102543620 193.25 8245
1672102615972 193.25 8462
1672102688595 192.0 8679
1672102761324 188.75 8896
1672102834033 192.25 9113
1672102906588 192.75 9330
1672102979123 191.0 9547
1672103052125 189.5 9764
1672103125506 190.75 9981
1672103197995 191.75 10198
1672103270779 193.0 10415
1672103343065 191.0 10632
1672103416124 192.5 10849
1672103488417 190.25 11066
1672103561275 190.75 11283
1672103633550 192.0 11500
1672103706518 188.0 11717
1672103779044 189.75 11934
1672103852056 190.0 12151
1672103925345 191.5 12368
1672103997896 191.75 12585
1672104070728 189.75 12802
1672104143365 188.75 13019
1672104216286 190.25 13236
1672104288917 191.25 13453
1672104362011 189.0 13670
1672104434588 189.25 13887
1672104507498 190.0 14104
1672104579998 186.75 14321
1672104652941 190.5 14538
1672104725735 191.0 14755
1672104798238 189.0 14972
1672104871018 187.75 15189
1672104943820 189.5 15406
1672105016391 191.75 15623
1672105089270 189.25 15840
1672105162162 189.25 16057
1672105234651 189.25 16274
1672105307359 190.25 16491
1672105380088 188.5 16708
1672105452611 189.25 16925
1672105524987 189.5 17142
1672105597480 189.0 17359
1672105670021 189.5 17576
1672105742652 189.0 17793
1672105815409 190.25 18010
1672105887901 187.75 18227
1672105960636 188.5 18444
1672106034028 187.75 18661
1672106106690 188.25 18878
1672106179669 189.5 19095
1672106252692 189.0 19312
1672106325504 191.0 19529
1672106398471 189.0 19746
1672106471751 187.25 19963
1672106545016 188.5 20180
1672106617757 181.0 20397
1672106690825 187.75 20614
1672106763628 190.25 20831
1672106836561 190.5 21048
1672106909238 189.75 21265
1672106982337 191.25 21482
1672107054793 187.75 21699
1672107127431 188.25 21916
1672107200828 188.5 22133
1672107273623 185.75 22350
1672107347434 187.75 22567
1672107425455 188.5 22784
1672107504898 189.5 23001
1672107583007 190.0 23218
1672107658655 187.25 23435
1672107734410 189.0 23652
1672107810355 190.75 23869
1672107886574 187.75 24086
1672107962397 190.75 24303
1672108038433 188.0 24520
1672108114583 191.25 24737
1672108190608 188.25 24954
1672108266757 185.75 25171
1672108342534 189.25 25388
1672108418705 192.75 25605
1672108494631 187.25 25822
1672108570602 189.75 26039
1672108646124 189.5 26256
1672108722491 188.75 26473
1672108798152 188.5 26690
1672108874294 188.0 26907
1672108950675 188.0 27124
1672109026324 186.5 27341
1672109101822 184.75 27558
1672109177678 186.75 27775
1672109254752 191.25 27992
1672109331063 190.75 28209
1672109407276 186.0 28426
1672109483608 188.25 28643
1672109560250 189.0 28860
1672109637081 189.25 29077
1672109713284 185.5 29294
1672109789992 188.25 29511
1672109866422 189.75 29728
1672109942758 189.75 29945
1672110019124 187.25 30162
1672110095386 188.0 30379
1672110171676 190.25 30596
1672110248499 185.75 30813
1672110325013 188.75 31030
1672110401599 189.25 31247
1672110478313 188.0 31464
1672110554974 186.5 31681
1672110631404 187.5 31898
1672110707856 184.75 32115
1672110784177 189.75 32332
1672110859927 188.0 32549
