1672099859948 0.0 216
1672099931372 0.0 433
1672100003697 0.0 650
1672100075485 0.0 867
1672100147676 0.0 1084
1672100220069 0.0 1301
1672100292934 0.75 1518
1672100365419 0.0 1735
1672100438039 0.5 1952
1672100510694 0.0 2169
1672100583368 1.25 2386
1672100656056 0.25 2603
1672100728887 0.0 2820
1672100801612 0.0 3037
1672100873990 0.0 3254
1672100946313 0.0 3471
1672101018544 0.0 3688
1672101091257 0.0 3905
1672101163475 0.0 4122
1672101236478 1.0 4339
1672101309341 0.25 4556
1672101381941 0.5 4773
1672101454711 0.5 4990
1672101526948 0.5 5207
1672101599957 1.25 5424
1672101672464 1.0 5641
1672101744969 1.0 5858
1672101817455 0.25 6075
1672101889824 1.0 6292
1672101962228 0.5 6509
1672102035089 1.0 6726
1672102107875 1.5 6943
1672102180429 1.0 7160
1672102253024 1.0 7377
1672102325725 1.5 7594
1672102398226 1.75 7811
1672102470983 1.5 8028
1672102543620 1.5 8245
1672102615972 1.75 8462
1672102688595 2.0 8679
1672102761324 2.0 8896
1672102834033 1.25 9113
1672102906588 1.5 9330
1672102979123 1.75 9547
1672103052125 1.75 9764
1672103125506 1.75 9981
1672103197995 1.75 10198
1672103270779 1.75 10415
1672103343065 1.75 10632
1672103416124 1.75 10849
1672103488417 3.75 11066
1672103561275 1.75 11283
1672103633550 2.0 11500
1672103706518 4.75 11717
1672103779044 1.75 11934
1672103852056 1.75 12151
1672103925345 1.75 12368
1672103997896 1.75 12585
1672104070728 3.0 12802
1672104143365 5.75 13019
1672104216286 2.75 13236
1672104288917 2.0 13453
1672104362011 2.25 13670
1672104434588 2.25 13887
1672104507498 3.25 14104
1672104579998 4.75 14321
1672104652941 2.75 14538
1672104725735 3.5 14755
1672104798238 4.5 14972
1672104871018 2.25 15189
1672104943820 2.25 15406
1672105016391 3.0 15623
1672105089270 3.75 15840
1672105162162 4.0 16057
1672105234651 4.0 16274
1672105307359 3.25 16491
1672105380088 3.5 16708
1672105452611 3.75 16925
1672105524987 4.5 17142
1672105597480 4.5 17359
1672105670021 4.0 17576
1672105742652 4.5 17793
1672105815409 3.25 18010
1672105887901 4.0 18227
1672105960636 5.0 18444
1672106034028 4.75 18661
1672106106690 5.25 18878
1672106179669 3.25 19095
1672106252692 4.5 19312
1672106325504 2.5 19529
1672106398471 4.25 19746
1672106471751 4.75 19963
1672106545016 5.0 20180
1672106617757 11.5 20397
1672106690825 5.25 20614
1672106763628 3.5 20831
1672106836561 2.75 21048
1672106909238 3.25 21265
1672106982337 3.0 21482
1672107054793 5.5 21699
1672107127431 5.25 21916
1672107200828 4.75 22133
1672107273623 7.75 22350
1672107347434 5.5 22567
1672107425455 4.75 22784
1672107504898 4.25 23001
1672107583007 3.5 23218
1672107658655 6.0 23435
1672107734410 4.5 23652
1672107810355 2.75 23869
1672107886574 5.75 24086
1672107962397 2.75 24303
1672108038433 5.25 24520
1672108114583 3.75 24737
1672108190608 10.5 24954
1672108266757 8.0 25171
1672108342534 4.25 25388
1672108418705 4.5 25605
1672108494631 6.25 25822
1672108570602 4.25 26039
1672108646124 4.0 26256
1672108722491 4.5 26473
1672108798152 3.75 26690
1672108874294 4.5 26907
1672108950675 5.25 27124
1672109026324 6.75 27341
1672109101822 8.5 27558
1672109177678 6.25 27775
1672109254752 2.0 27992
1672109331063 4.25 28209
1672109407276 7.25 28426
1672109483608 4.75 28643
1672109560250 4.25 28860
1672109637081 3.75 29077
1672109713284 7.75 29294
1672109789992 4.5 29511
1672109866422 4.5 29728
1672109942758 3.0 29945
1672110019124 6.25 30162
1672110095386 4.75 30379
1672110171676 3.5 30596
1672110248499 6.5 30813
1672110325013 4.25 31030
1672110401599 4.0 31247
1672110478313 5.25 31464
1672110554974 6.75 31681
1672110631404 6.0 31898
1672110707856 8.25 32115
1672110784177 3.5 32332
1672110859927 5.5 32549
