1672099862905 0.5737146139144897 216
1672099934446 0.5909785628318787 433
1672100006793 0.590341329574585 650
1672100078600 0.6033263802528381 867
1672100150781 0.602419376373291 1084
1672100223265 0.5892814993858337 1301
1672100296063 0.5847756266593933 1518
1672100368594 0.5814023613929749 1735
1672100441291 0.5939691662788391 1952
1672100513893 0.5978846549987793 2169
1672100586528 0.5908229947090149 2386
1672100659161 0.6035259366035461 2603
1672100732070 0.598298966884613 2820
1672100804754 0.5994921922683716 3037
1672100877150 0.6052656173706055 3254
1672100949475 0.6089980602264404 3471
1672101021666 0.6057047247886658 3688
1672101094387 0.6074759364128113 3905
1672101166634 0.6202174425125122 4122
1672101239570 0.618725597858429 4339
1672101312471 0.6224333047866821 4556
1672101385081 0.6200109720230103 4773
1672101457877 0.6214479207992554 4990
1672101530101 0.6240710616111755 5207
1672101603132 0.6190021634101868 5424
1672101675594 0.62019944190979 5641
1672101748125 0.6210074424743652 5858
1672101820646 0.6290682554244995 6075
1672101892976 0.637650728225708 6292
1672101965403 0.6304678916931152 6509
1672102038192 0.641193151473999 6726
1672102111029 0.6290531754493713 6943
1672102183578 0.6386773586273193 7160
1672102256205 0.6273919939994812 7377
1672102328962 0.6268180012702942 7594
1672102401420 0.636143684387207 7811
1672102474178 0.6377071738243103 8028
1672102546759 0.6379877924919128 8245
1672102619127 0.6360597014427185 8462
1672102691747 0.6396710872650146 8679
1672102764518 0.6312716603279114 8896
1672102837182 0.6248829364776611 9113
1672102909721 0.6337820291519165 9330
1672102982295 0.6416859030723572 9547
1672103055389 0.6330360174179077 9764
1672103128642 0.6474318504333496 9981
1672103201118 0.6441123485565186 10198
1672103274004 0.6443737745285034 10415
1672103346207 0.6366570591926575 10632
1672103419338 0.6433389186859131 10849
1672103491539 0.6430703997612 11066
1672103564430 0.6353206634521484 11283
1672103636707 0.6474566459655762 11500
1672103709693 0.6332012414932251 11717
1672103782270 0.6385151147842407 11934
1672103855274 0.6346641778945923 12151
1672103928573 0.641599178314209 12368
1672104001057 0.6572626233100891 12585
1672104073943 0.6407363414764404 12802
1672104146444 0.6402338743209839 13019
1672104219566 0.659494936466217 13236
1672104292095 0.6415414214134216 13453
1672104365121 0.6544055342674255 13670
1672104438093 0.6428117752075195 13887
1672104510677 0.6530526280403137 14104
1672104583196 0.6439100503921509 14321
1672104656087 0.6530278325080872 14538
1672104728887 0.6380760073661804 14755
1672104801408 0.6503523588180542 14972
1672104874159 0.6442898511886597 15189
1672104947031 0.6461327075958252 15406
1672105019596 0.6593255996704102 15623
1672105092471 0.6525805592536926 15840
1672105165355 0.6404596567153931 16057
1672105237873 0.6371264457702637 16274
1672105310598 0.6435782313346863 16491
1672105383293 0.6469061970710754 16708
1672105455807 0.6535204648971558 16925
1672105528138 0.6473053097724915 17142
1672105600595 0.6513309478759766 17359
1672105673170 0.6502229571342468 17576
1672105745808 0.6404128670692444 17793
1672105818542 0.6582604050636292 18010
1672105890990 0.6579272747039795 18227
1672105963869 0.6536361575126648 18444
1672106037323 0.6434173583984375 18661
1672106109941 0.6608064770698547 18878
1672106182968 0.6443050503730774 19095
1672106255969 0.6519832611083984 19312
1672106328782 0.6478393077850342 19529
1672106401789 0.6759481430053711 19746
1672106475058 0.6495376229286194 19963
1672106548299 0.6643792986869812 20180
1672106620978 0.6561588644981384 20397
1672106694138 0.6464188694953918 20614
1672106766910 0.6406509876251221 20831
1672106839845 0.6684324145317078 21048
1672106912547 0.645188570022583 21265
1672106985670 0.6679907441139221 21482
1672107058042 0.6436883211135864 21699
1672107130724 0.6737571954727173 21916
1672107204091 0.6538342833518982 22133
1672107277006 0.650361955165863 22350
1672107350573 0.6565483212471008 22567
1672107429697 0.6571277976036072 22784
1672107509255 0.6528681516647339 23001
1672107586660 0.6633058786392212 23218
1672107662224 0.6521580219268799 23435
1672107737978 0.6679767966270447 23652
1672107813826 0.6695760488510132 23869
1672107890109 0.6648555397987366 24086
1672107965946 0.649529218673706 24303
1672108041929 0.666209876537323 24520
1672108118081 0.65507572889328 24737
1672108194202 0.6594633460044861 24954
1672108270321 0.6472090482711792 25171
1672108346070 0.6554363369941711 25388
1672108422226 0.6633608937263489 25605
1672108498077 0.653369128704071 25822
1672108574187 0.6588054299354553 26039
1672108649739 0.6557499766349792 26256
1672108725959 0.6646792888641357 26473
1672108801762 0.6581061482429504 26690
1672108877910 0.6707597374916077 26907
1672108954315 0.6648142337799072 27124
1672109029913 0.646356999874115 27341
1672109105461 0.6539650559425354 27558
1672109181304 0.6561257839202881 27775
1672109258379 0.6641397476196289 27992
1672109334646 0.6530098915100098 28209
1672109410889 0.6541467308998108 28426
1672109487252 0.6660199165344238 28643
1672109563909 0.6571194529533386 28860
1672109640761 0.6635589599609375 29077
1672109716889 0.6612194180488586 29294
1672109793731 0.6726589202880859 29511
1672109870046 0.6676892638206482 29728
1672109946383 0.6697302460670471 29945
1672110022636 0.6748046278953552 30162
1672110098984 0.6521841883659363 30379
1672110175314 0.6648582816123962 30596
1672110252118 0.661401093006134 30813
1672110328580 0.651574432849884 31030
1672110405207 0.6564161777496338 31247
1672110481874 0.6693159937858582 31464
1672110558625 0.6670244932174683 31681
1672110635058 0.6623451113700867 31898
1672110711482 0.6491633057594299 32115
1672110787742 0.6618798971176147 32332
1672110863334 0.6627100110054016 32549
