1672099804926 1.8915576680385229 49
1672099819467 1.8939680460057837 99
1672099834150 1.6762213649092992 149
1672099848641 1.4773817088910897 199
1672099873005 1.6017892731021068 249
1672099887201 1.5046841717733843 299
1672099901433 2.333175815237629 349
1672099915621 1.689794660729365 399
1672099939668 1.7022957088924224 449
1672099954243 1.7687971279781793 499
1672099968677 1.6432992715396766 549
1672099983028 1.6065035670378665 599
1672099997320 1.8892019775360684 649
1672100021557 1.6053549178074642 699
1672100035815 1.728909341867728 749
1672100050089 1.9574867445687674 799
1672100064348 1.5780656193130043 849
1672100088762 1.9936890007726156 899
1672100103049 1.9721814733819947 949
1672100117293 1.6577825675496636 999
1672100131515 2.0910169502826412 1049
1672100155775 1.9780217841097354 1099
1672100170112 1.320547183756279 1149
1672100184454 2.0718959765205276 1199
1672100198753 1.741356429583921 1249
1672100213181 1.4440615349207033 1299
1672100237859 1.4274098872888228 1349
1672100252222 2.120508728829543 1399
1672100266669 2.2772592007050996 1449
1672100281150 1.9919787812557808 1499
1672100305688 1.6921735348439975 1549
1672100319961 2.202560608781386 1599
1672100334290 1.943495519359153 1649
1672100348739 1.7104540827627142 1699
1672100373406 2.0078532134319307 1749
1672100387759 2.039579524669333 1799
1672100402237 1.3193510298993651 1849
1672100416626 2.2573272496809444 1899
1672100430926 1.9426381392152614 1949
1672100455416 1.8786056884119717 1999
1672100469774 1.4909888066925538 2049
1672100484284 1.6130478143358258 2099
1672100498765 1.8340339444190512 2149
1672100523231 1.663668330582324 2199
1672100537616 2.1462264705584913 2249
1672100552116 1.7618547298438592 2299
1672100566488 1.7769721520107638 2349
1672100590996 2.1647762709271436 2399
1672100605327 2.193171211926728 2449
1672100619619 1.865899533518461 2499
1672100634161 1.4662867117695653 2549
1672100648459 1.6956096998861596 2599
1672100672993 1.4475178892551686 2649
1672100687478 1.5466872114212098 2699
1672100701835 1.5247535450584624 2749
1672100716167 2.0638299717008595 2799
1672100741084 1.9011494050397009 2849
1672100755469 1.9826215736333928 2899
1672100769971 1.5943429719158715 2949
1672100784442 2.3057688775593768 2999
1672100808859 2.1974817117489165 3049
1672100823448 1.923295203933677 3099
1672100837780 1.6475339098081563 3149
1672100852109 1.9544397270029286 3199
1672100866392 1.4209846276592801 3249
1672100890707 1.5022082651313202 3299
1672100904949 2.2494058182681873 3349
1672100919451 1.5773108435960133 3399
1672100933694 1.6115207539182403 3449
1672100958151 1.5440920476242501 3499
1672100972417 1.7897164415860924 3549
1672100986677 1.9923384379462044 3599
1672101000948 1.6790707286371518 3649
1672101025496 1.3400129567707726 3699
1672101039949 1.984665670129022 3749
1672101054233 1.9860185566690636 3799
1672101068727 1.4987477423548132 3849
1672101083126 1.902941108963341 3899
1672101107673 2.0604380753473164 3949
1672101122018 1.645763140345789 3999
1672101136353 1.889427268601016 4049
1672101150666 2.129957036689766 4099
1672101175227 1.8355926962812608 4149
1672101189621 1.858101517184965 4199
1672101204065 2.060581458930938 4249
1672101218379 1.9412753449270692 4299
1672101243246 1.738278010139573 4349
1672101257680 1.8089465782052347 4399
1672101272138 2.1232201760126466 4449
1672101286662 1.8052897530761642 4499
1672101301095 2.140187025214289 4549
1672101325652 1.4861602541911676 4599
1672101339973 1.9255097344692536 4649
1672101354265 2.3080329809063174 4699
1672101368600 1.4988042188357464 4749
1672101393292 1.6586175041689641 4799
1672101407769 1.5973351437377032 4849
1672101422204 2.0510284270417714 4899
1672101436521 2.280954892523604 4949
1672101461130 1.8551994077153453 4999
1672101475447 1.4346327940341848 5049
1672101489795 1.6930002798195516 5099
1672101504157 2.0094439338506866 5149
1672101518475 1.9897871472627098 5199
1672101543032 1.6616436661453426 5249
1672101557335 1.7742552883212734 5299
1672101571728 2.2173281026354927 5349
1672101586038 1.776136282858984 5399
1672101611000 1.6811574143115513 5449
1672101625325 1.5158308184947284 5499
1672101639620 1.4269642131714853 5549
1672101653884 1.9204571898825238 5599
1672101678624 1.7893742161352868 5649
1672101692939 1.6027405536693093 5699
1672101707554 1.7746469498556663 5749
1672101721893 1.776110768007443 5799
1672101736214 1.7270078744940216 5849
1672101760536 1.7447682754720886 5899
1672101774813 1.4727162885208778 5949
1672101789339 2.2530890532980696 5999
1672101803574 1.847966807027203 6049
1672101828219 1.6586128082327933 6099
1672101842557 1.8486582539171508 6149
1672101857087 1.3700727304095162 6199
1672101871407 1.562159910216295 6249
1672101895700 2.0619124180254422 6299
1672101910003 1.665932113069313 6349
1672101924429 2.169747861081799 6399
1672101938855 1.7353817963507314 6449
1672101953186 1.9950951172967482 6499
1672101977734 2.1010422382409173 6549
1672101992234 1.5848157935869105 6599
1672102006622 1.4873633850437524 6649
1672102021010 2.0246902472706028 6699
1672102045597 1.7155937668631327 6749
1672102059903 1.8979345893362907 6799
1672102074393 1.7252805352701994 6849
1672102088798 1.9693360630725258 6899
1672102113461 1.6241209727685333 6949
1672102127800 1.7195574698699754 6999
1672102142147 2.2206316513268822 7049
1672102156459 1.3567944345537306 7099
1672102170769 1.3228410560806116 7149
1672102195492 1.6325845070609086 7199
1672102209911 1.9883770590938181 7249
1672102224209 1.683823729090928 7299
1672102238492 1.778080982801982 7349
1672102263155 1.9350216959762232 7399
1672102277618 2.2892792053707325 7449
1672102291914 1.7414972783267801 7499
1672102306180 1.6932782638499513 7549
1672102331102 1.8228050382103391 7599
1672102345379 1.6109327792578778 7649
1672102359695 1.93398447043715 7699
1672102374024 1.6932854260747596 7749
1672102388498 1.81376426710316 7799
1672102413152 1.6029345686186942 7849
1672102427540 1.918079349575296 7899
1672102441895 1.5488853791201151 7949
1672102456273 1.688432049147743 7999
1672102480891 1.6154731261633364 8049
1672102495310 1.3326393591738424 8099
1672102509636 2.0557828581330395 8149
1672102523901 1.5267937478872222 8199
1672102548577 1.8274439613020734 8249
1672102562856 1.7138502978294905 8299
1672102577139 1.600632290932747 8349
1672102591662 1.9831122668780576 8399
1672102605955 1.871048545055074 8449
1672102630532 1.3073065179348742 8499
1672102644807 1.5002454951216277 8549
1672102659248 1.5684422055770055 8599
1672102673543 1.9663867792675396 8649
1672102698383 1.6551543119500949 8699
1672102712688 1.2847261905325307 8749
1672102726997 1.7885888150978684 8799
1672102741423 1.4978807765591746 8849
1672102766049 1.8207108735597677 8899
1672102780436 1.9681983521993962 8949
1672102794732 1.6602028142629952 8999
1672102809034 2.095279279027192 9049
1672102823389 1.8064249981544382 9099
1672102848305 1.911720925356961 9149
1672102862750 1.8042302977355957 9199
1672102877086 1.8578616726619734 9249
1672102891497 1.3032523021225573 9299
1672102915835 1.9887724009765226 9349
1672102930129 1.7484731566865388 9399
1672102944424 1.5557558587457136 9449
1672102958724 1.612157597384995 9499
1672102983588 1.7718607371495851 9549
1672102997962 2.0380972802084605 9599
1672103012444 2.109951164329347 9649
1672103026952 1.3562746317092857 9699
1672103041253 1.3552941568322423 9749
1672103066148 1.6282427165166389 9799
1672103080577 1.873607921494145 9849
1672103095002 1.7614269016926614 9899
1672103109720 1.4700778692797514 9949
1672103134475 1.7743128908666912 9999
1672103148803 2.014135795093159 10049
1672103163147 1.6750607863368692 10099
1672103177601 1.780658021035276 10149
1672103202144 1.7658649157768036 10199
1672103216505 1.856718206910497 10249
1672103230854 1.5923475431130723 10299
1672103245372 1.6235195993457128 10349
1672103259739 1.4952264715059127 10399
1672103284563 2.0324293574166568 10449
1672103298909 1.7809827419419906 10499
1672103313184 1.6508972304843819 10549
1672103327438 1.8511048132504528 10599
1672103351716 1.3816437185942412 10649
1672103366190 1.7110706670746172 10699
1672103380498 2.0995262960990644 10749
1672103394960 2.0671903244898164 10799
1672103409351 2.2130653956431976 10849
1672103434306 1.7910306940831229 10899
1672103448619 1.7244833036201008 10949
1672103462934 1.5515000327651756 10999
1672103477258 1.8036896254252546 11049
1672103501798 2.052365515207998 11099
1672103516311 1.5363210763889592 11149
1672103530652 1.893296751004348 11199
1672103545246 2.0802734038353474 11249
1672103569754 1.9360336147209334 11299
1672103584120 1.8528557859830266 11349
1672103598413 1.9470568116422085 11399
1672103612692 1.6713141641113667 11449
1672103626946 1.7032183928909799 11499
1672103651491 1.669282184104351 11549
1672103666240 1.576266831608264 11599
1672103680582 1.3149763730854906 11649
1672103695196 1.943233525063519 11699
1672103719548 1.2646592766855145 11749
1672103733955 1.3772481429892158 11799
1672103748362 1.66803747545459 11849
1672103762793 1.687941576408467 11899
1672103787371 2.3168863611418136 11949
1672103802000 1.7711424560848588 11999
1672103816429 1.8903270834752184 12049
1672103830712 2.079844789929535 12099
1672103844961 2.0634169306758983 12149
1672103869835 1.9112835370893242 12199
1672103884166 1.9182666752226898 12249
1672103898488 1.7869894436997082 12299
1672103913277 2.0158274220622507 12349
1672103938094 1.8600746920746916 12399
1672103952479 1.4809235815185964 12449
1672103966969 1.5595654182601264 12499
1672103981390 1.3424037095839085 12549
1672104005751 1.4657233824500997 12599
1672104020134 1.7233901996147878 12649
1672104034491 1.5615165622804144 12699
1672104048995 2.1633877607814966 12749
1672104063479 1.8846536297141443 12799
1672104088173 1.4706029189402399 12849
1672104102645 1.77469306834598 12899
1672104116923 1.7555470073682269 12949
1672104131217 1.6414986281022794 12999
1672104155761 1.7987534260414546 13049
1672104170117 2.062289400911717 13099
1672104184799 2.2796528342810047 13149
1672104199265 1.4601905178949852 13199
1672104224016 1.435692496602461 13249
1672104238464 1.5078764285714643 13299
1672104252804 1.5497682930148478 13349
1672104267105 1.7634843317558695 13399
1672104281433 1.6000436826584492 13449
1672104306169 2.28448774096086 13499
1672104320867 1.5450902110063982 13549
1672104335200 1.6736417918945545 13599
1672104349564 1.7485013551078026 13649
1672104374232 1.7424741885464172 13699
1672104388544 1.6824452691840537 13749
1672104402883 1.5972264525309297 13799
1672104417298 2.15771292924143 13849
1672104442338 1.2361916784658213 13899
1672104456590 1.457560582286935 13949
1672104471026 1.960331448909584 13999
1672104485291 1.8004952349608503 14049
1672104499553 1.6297902716752843 14099
1672104524344 1.5437584563482982 14149
1672104538626 1.4494536951606993 14199
1672104552951 1.9554382514153055 14249
1672104567397 1.6799203565299679 14299
1672104591929 1.6239614770887876 14349
1672104606338 1.856571249856637 14399
1672104620891 1.6987222697322402 14449
1672104635235 1.6513965301157965 14499
1672104659916 1.9371226602928915 14549
1672104674367 2.1778022312659555 14599
1672104688700 2.0588412799554185 14649
1672104703203 1.6718183773304829 14699
1672104717652 1.5091997088353044 14749
1672104742151 1.8477538702800267 14799
1672104756611 2.019013618438031 14849
1672104771003 1.8988976891230327 14899
1672104785316 1.35260850685684 14949
1672104809834 1.9592273090997336 14999
1672104824305 1.4989651557540422 15049
1672104838648 1.3801593564549997 15099
1672104853127 1.7287834497353929 15149
1672104877695 2.118701907727705 15199
1672104892110 1.6412940383810222 15249
1672104906529 1.5795656345078348 15299
1672104920951 2.0558217409494968 15349
1672104935584 1.8293614828377827 15399
1672104959988 2.035969655425253 15449
1672104974281 1.6166261731682852 15499
1672104988840 1.6003245082204105 15549
1672105003122 1.8436427437536353 15599
1672105027785 2.3226226847663547 15649
1672105042260 1.9726619176552185 15699
1672105056775 1.6791685318914062 15749
1672105071126 1.8478354289418673 15799
1672105095900 1.222958144857206 15849
1672105110225 1.6613967809845138 15899
1672105124678 1.541184286255583 15949
1672105138998 1.7248960447371262 15999
1672105153382 1.7433966289886405 16049
1672105178065 2.1235895899571093 16099
1672105192498 1.364016696387767 16149
1672105206802 1.5690928153729842 16199
1672105221126 1.6276358586428694 16249
1672105245737 1.58211676821152 16299
1672105260046 1.745778168073182 16349
1672105274539 1.9006081265320367 16399
1672105288884 2.266668218502541 16449
1672105313606 1.7410331582485297 16499
1672105328068 1.5606344514619308 16549
1672105342510 1.9056666448554593 16599
1672105356998 1.4786355599575254 16649
1672105371356 1.891174590996049 16699
1672105395722 1.8190205957163248 16749
1672105410028 1.3973203993222822 16799
1672105424548 1.7050910461967463 16849
1672105438845 1.7617721588657322 16899
1672105463361 1.3181157649467314 16949
1672105477650 1.6822455774067033 16999
1672105492105 2.19576150792249 17049
1672105506392 1.5582628997620782 17099
1672105530874 1.8204002793240917 17149
1672105545159 1.757517817877054 17199
1672105559439 1.4182483471615983 17249
1672105573853 1.6175101264741416 17299
1672105588308 2.078333127552138 17349
1672105612837 1.60306718830817 17399
1672105627265 2.10834080946074 17449
1672105641568 1.5350853100315374 17499
1672105655887 1.6399438656809442 17549
1672105680408 1.8035563911576482 17599
1672105694870 1.6645081253985365 17649
1672105709478 1.4981620030105718 17699
1672105723798 2.0797557155924578 17749
1672105748212 1.8258050236098504 17799
1672105762695 1.7978319861842411 17849
1672105777189 1.751904450289547 17899
1672105791503 1.5871785770276357 17949
1672105805875 1.6405257069639565 17999
1672105830382 1.6287950144149483 18049
1672105844910 1.3809094444369534 18099
1672105859250 2.0429382389468342 18149
1672105873531 2.091518744861213 18199
1672105897962 1.7478731115778188 18249
1672105912417 2.0461991917669957 18299
1672105926908 1.4550928902886238 18349
1672105941306 1.7735908794857038 18399
1672105966231 2.0227648290880613 18449
1672105980678 1.557751669904294 18499
1672105995285 1.263878463985871 18549
1672106009737 2.0111009651113267 18599
1672106024153 2.0134542115075256 18649
1672106048859 1.9860276948656947 18699
1672106063318 1.3188146735133837 18749
1672106077648 1.519295042955613 18799
1672106091938 2.172457655186897 18849
1672106116767 1.8053707675386812 18899
1672106131167 1.5394589721125316 18949
1672106145645 2.21168008233427 18999
1672106160115 1.9786713415577468 19049
1672106184810 1.4951036753146743 19099
1672106199262 2.0011428518433947 19149
1672106213571 1.5297212454019815 19199
1672106227874 2.461653873103589 19249
1672106242158 1.758171840461967 19299
1672106267212 2.0420480925549946 19349
1672106281702 1.7492513664700016 19399
1672106296164 1.1289547982399653 19449
1672106310455 1.5458118870325706 19499
1672106335346 2.1352069879108915 19549
1672106349701 1.5354593579333484 19599
1672106364033 1.576041668509435 19649
1672106378370 1.6657208915684873 19699
1672106403393 2.243366908810825 19749
1672106417933 1.7649331347368447 19799
1672106432387 1.6669161604308522 19849
1672106446715 1.713204027218177 19899
1672106461164 1.5287606154845628 19949
1672106486176 1.589945340652549 19999
1672106500642 1.7382422295463626 20049
1672106515073 1.5948687632713554 20099
1672106529652 1.5706928355707166 20149
1672106554564 1.730877416395203 20199
1672106568867 1.8448533235453854 20249
1672106583317 1.7227525476966579 20299
1672106597660 1.3495826645554816 20349
1672106622272 1.450118184750725 20399
1672106636611 1.6748001454811574 20449
1672106650960 1.8334701900890746 20499
1672106665414 1.7344366098700572 20549
1672106679809 1.9901282413519912 20599
1672106704981 1.9996480902632472 20649
1672106719365 2.0034240461244717 20699
1672106733709 1.4093220334589907 20749
1672106748057 1.7054500926314349 20799
1672106772733 1.6754219962157442 20849
1672106787038 1.687598097615864 20899
1672106801448 1.8925438548375122 20949
1672106815772 1.9472856911109209 20999
1672106840881 1.867815052468763 21049
1672106855152 1.8886479465283872 21099
1672106869471 1.6213637974300166 21149
1672106883814 1.8720409529893263 21199
1672106898124 1.567839854253184 21249
1672106923014 1.754709694531603 21299
1672106937387 1.412088046982353 21349
1672106951768 1.8359707866399337 21399
1672106966302 1.8940569299205123 21449
1672106991182 1.7007925680281335 21499
1672107005620 1.5689696577558359 21549
1672107019930 1.7666498408407958 21599
1672107034202 1.3241464784130657 21649
1672107048301 0.5836183308481994 21699
1672107073304 1.4906694748590914 21749
1672107087571 1.6640472875031165 21799
1672107101818 1.7282138785811134 21849
1672107116208 1.8312321709700834 21899
1672107141093 1.822062000236289 21949
1672107155473 1.5930607464015 21999
1672107169926 1.7013339531785971 22049
1672107184523 1.7045030390276743 22099
1672107209380 1.56503510594689 22149
1672107223678 1.4349345723842282 22199
1672107237988 1.0928840271840805 22249
1672107252442 1.8310790575613685 22299
1672107266906 1.761156096094081 22349
1672107291873 2.153068278967469 22399
1672107306426 1.677998183330982 22449
1672107321373 1.2505378910984397 22499
1672107335783 1.4695426440796475 22549
1672107360672 1.9391000914557328 22599
1672107375771 1.7539376647527865 22649
1672107390863 1.6794884501018963 22699
1672107406499 1.6744592832100793 22749
1672107435405 1.4107403038891833 22799
1672107450378 1.7771144662890364 22849
1672107465447 1.355824438665801 22899
1672107480803 1.6492724217866528 22949
1672107495900 1.5087403942087345 22999
1672107524778 1.919219281599619 23049
1672107540583 1.745319036394016 23099
1672107555579 1.6751941812343452 23149
1672107570455 1.5473523151504713 23199
1672107596592 1.930819208766489 23249
1672107611538 1.860924654667013 23299
1672107626277 1.7342563801901834 23349
1672107641039 1.6641787270933377 23399
1672107667106 1.3803968579003831 23449
1672107681823 1.4791789534667368 23499
1672107696870 2.008667365795244 23549
1672107711762 1.6785028728830154 23599
1672107726428 1.7228011431922978 23649
1672107752941 1.822567956110022 23699
1672107767770 1.8967231553358834 23749
1672107782546 1.7556301473547413 23799
1672107797366 1.6118621337603547 23849
1672107823547 1.4242544860897683 23899
1672107838392 1.7738606185073609 23949
1672107853258 1.876722677589257 23999
1672107868279 1.7735872439443892 24049
1672107894741 2.375984798730805 24099
1672107909442 1.7713068252488224 24149
1672107924513 1.6200418848742966 24199
1672107939399 1.1734319633963208 24249
1672107954140 1.2356632987748808 24299
1672107980314 1.475364702897301 24349
1672107995294 1.6315674336364445 24399
1672108010299 1.4366714024462606 24449
1672108025115 1.6892174656113141 24499
1672108051474 1.9418600864248945 24549
1672108066696 1.4684032876960715 24599
1672108081537 1.8025391144325762 24649
1672108096380 1.524837529116325 24699
1672108122631 1.536327434777513 24749
1672108137380 1.4592025378247997 24799
1672108152336 1.9338620754854332 24849
1672108167138 2.0640751420963213 24899
1672108181917 1.733270932624583 24949
1672108208470 1.7515440313606327 24999
1672108223438 1.5106154249520323 25049
1672108238223 1.9865304667601584 25099
1672108253207 1.807955428893699 25149
1672108279331 1.957432901413883 25199
1672108294244 1.465033689925539 25249
1672108309019 1.442659642447918 25299
1672108323836 1.7737621893191313 25349
1672108350100 1.7828966593630104 25399
1672108365063 1.8494054161430027 25449
1672108379877 1.4200824121353857 25499
1672108394702 1.7535279749612878 25549
1672108409483 1.7838787468467188 25599
1672108436227 1.537690506324535 25649
1672108451041 1.2107663369983843 25699
1672108465833 1.9446489490661787 25749
1672108480747 1.4863424182134362 25799
1672108506820 1.4814645667197466 25849
1672108521569 1.5572512845328872 25899
1672108536324 2.0502301112094474 25949
1672108551127 1.4763089600536043 25999
1672108577961 1.593052616247258 26049
1672108592711 1.5839540201603977 26099
1672108607443 1.542409664838032 26149
1672108622148 1.491027303803132 26199
1672108636938 1.6225719561120777 26249
1672108663298 1.8576891588774727 26299
1672108678304 1.8745988977549215 26349
1672108693220 1.9187738973124047 26399
1672108708315 1.5317389982747684 26449
1672108734530 1.6110541767324886 26499
1672108749285 1.2273141710737656 26549
1672108764057 1.836134044783122 26599
1672108778825 1.7295487903653763 26649
1672108805217 1.8699235492089343 26699
1672108820171 1.5523852420589144 26749
1672108835353 1.697039171924429 26799
1672108850141 1.7831885890717722 26849
1672108864923 1.8274821100239826 26899
1672108891269 1.7284833730551985 26949
1672108906138 1.7984302666658003 26999
1672108921022 1.885371101633473 27049
1672108936105 1.7769660941489311 27099
1672108962488 1.8617109692983242 27149
1672108977274 1.6116176278927308 27199
1672108992224 1.2326317844980261 27249
1672109006982 2.0033398162894636 27299
1672109033054 1.7724713309675688 27349
1672109047739 1.5763839860921236 27399
1672109062481 1.9091508118676264 27449
1672109077260 1.6571012934260296 27499
1672109092271 1.7902651021902711 27549
1672109118358 1.5760028534031498 27599
1672109133304 1.2346675617608398 27649
1672109148167 1.659770900768005 27699
1672109162992 1.9804486654292544 27749
1672109189259 1.724234103355688 27799
1672109204392 1.4793009290723993 27849
1672109219689 2.247084932538793 27899
1672109234620 1.4931301329485405 27949
1672109261277 1.390065931221043 27999
1672109276394 1.7488571232089258 28049
1672109291284 1.9135870583521881 28099
1672109306139 1.9670941602220937 28149
1672109320997 1.8000145667215781 28199
1672109347469 1.4451416353868887 28249
1672109362472 1.6189782235773293 28299
1672109377258 1.3727818520870254 28349
1672109392217 1.5980982588700061 28399
1672109418684 1.5816695290702558 28449
1672109433505 1.340938455427987 28499
1672109448334 1.509848418098291 28549
1672109463164 1.4190259285078501 28599
1672109490016 2.3678891851150343 28649
1672109504942 1.8503123618297228 28699
1672109520008 1.720609275795844 28749
1672109534941 1.4163951780193214 28799
1672109549893 1.6126275936774115 28849
1672109576449 1.5761370211097985 28899
1672109591394 1.5141300791211 28949
1672109606549 1.467526238267539 28999
1672109621405 1.8056362237811534 29049
1672109648164 1.451578096330767 29099
1672109663037 1.7137589554788863 29149
1672109677947 1.7790177118960502 29199
1672109692830 1.7037490852995218 29249
1672109719184 1.3333026819801614 29299
1672109734235 1.6510927070558352 29349
1672109749020 1.248640460231933 29399
1672109764032 1.48809707044895 29449
1672109778955 1.3469800708211843 29499
1672109805829 1.8364915953858048 29549
1672109820690 1.5906807725767622 29599
1672109835703 2.1766269637884004 29649
1672109850632 1.9025391595057486 29699
1672109877040 1.6870663753415367 29749
1672109892066 1.9434654591981388 29799
1672109907059 1.6651093413045701 29849
1672109922113 1.7116595944090471 29899
1672109948387 1.2760255798392313 29949
1672109963240 1.4177314835167856 29999
1672109978294 1.195575805086244 30049
1672109993189 1.711927204865968 30099
1672110008222 1.994408466414522 30149
1672110034891 2.4448069769133887 30199
1672110049855 1.6159425922444128 30249
1672110064627 1.682422723152059 30299
1672110079401 1.7503165466515083 30349
1672110105728 1.7992118726569957 30399
1672110120588 1.1615064461925606 30449
1672110135754 1.854002406613 30499
1672110150545 1.9194638065459864 30549
1672110177025 1.1821435046377142 30599
1672110192464 1.922599935469356 30649
1672110207337 1.9982614660383147 30699
1672110222192 2.0016471887021625 30749
1672110237131 1.4822813564103599 30799
1672110263662 1.486336609666793 30849
1672110278671 1.8080131342648609 30899
1672110293754 1.5208276929012174 30949
1672110308810 1.4891294175643714 30999
1672110335022 1.5191067369027018 31049
1672110350125 1.8657784524223455 31099
1672110365065 1.6477167144368452 31149
1672110379985 1.7706768761176115 31199
1672110406541 1.084260167176255 31249
1672110421822 1.6547372999989198 31299
1672110436729 1.436614886510442 31349
1672110451664 1.9107964065229366 31399
1672110466689 1.5197269899684969 31449
1672110493144 1.5716316728880564 31499
1672110508083 2.0809479075062756 31549
1672110523156 1.971809915914597 31599
1672110538109 1.3561001122710294 31649
1672110564771 1.5913370022950715 31699
1672110579827 1.7492307793899091 31749
1672110594707 1.230191349722723 31799
1672110609618 2.3024198615178557 31849
1672110636185 1.6658817209342005 31899
1672110651181 1.7283805362635862 31949
1672110666017 1.4228794974060062 31999
1672110681024 1.7817345410273033 32049
1672110695852 2.102013535179257 32099
1672110722461 2.0336522971939575 32149
1672110737378 1.845266492781013 32199
1672110752245 1.569416959996362 32249
1672110767245 1.3270381125768904 32299
1672110793563 1.4581092824692103 32349
1672110808327 2.0263196585285104 32399
1672110823250 1.818937911633626 32449
1672110838147 1.6374315557333088 32499
1672110852697 1.3517943717045573 32549
