1672099804926 0.6833333373069763 49
1672099819467 0.5833333730697632 99
1672099834150 0.60317462682724 149
1672099848641 0.7142857313156128 199
1672099873005 0.75 249
1672099887201 0.6166666746139526 299
1672099901433 0.7416666746139526 349
1672099915621 0.6166666746139526 399
1672099939668 0.5833333730697632 449
1672099954243 0.797619104385376 499
1672099968677 0.6138889193534851 549
1672099983028 0.5166666507720947 599
1672099997320 0.6166666746139526 649
1672100021557 0.5476190447807312 699
1672100035815 0.763888955116272 749
1672100050089 0.550000011920929 799
1672100064348 0.32499998807907104 849
1672100088762 0.6666666865348816 899
1672100103049 0.6111111640930176 949
1672100117293 0.5833333730697632 999
1672100131515 0.699999988079071 1049
1672100155775 0.7152777910232544 1099
1672100170112 0.6166666746139526 1149
1672100184454 0.6785714626312256 1199
1672100198753 0.6041666865348816 1249
1672100213181 0.6666666865348816 1299
1672100237859 0.9375 1349
1672100252222 0.6970238089561462 1399
1672100266669 0.6375000476837158 1449
1672100281150 0.6415584683418274 1499
1672100305688 0.7559524178504944 1549
1672100319961 0.6746032238006592 1599
1672100334290 0.7392857074737549 1649
1672100348739 0.3333333432674408 1699
1672100373406 0.4833333492279053 1749
1672100387759 0.6583333611488342 1799
1672100402237 0.8125 1849
1672100416626 0.7749999761581421 1899
1672100430926 0.8583333492279053 1949
1672100455416 0.7416666746139526 1999
1672100469774 0.7470238208770752 2049
1672100484284 0.6388888955116272 2099
1672100498765 0.7559523582458496 2149
1672100523231 0.6583333611488342 2199
1672100537616 0.6428571939468384 2249
1672100552116 0.511904776096344 2299
1672100566488 0.7083333730697632 2349
1672100590996 0.648809552192688 2399
1672100605327 0.8809524178504944 2449
1672100619619 0.8388888835906982 2499
1672100634161 0.6333333849906921 2549
1672100648459 0.49642854928970337 2599
1672100672993 0.44999998807907104 2649
1672100687478 0.5178571343421936 2699
1672100701835 0.6625000238418579 2749
1672100716167 0.6597222089767456 2799
1672100741084 0.6578283309936523 2849
1672100755469 0.3392857313156128 2899
1672100769971 0.6097222566604614 2949
1672100784442 0.773809552192688 2999
1672100808859 0.7351190447807312 3049
1672100823448 0.5874999761581421 3099
1672100837780 0.6791666746139526 3149
1672100852109 0.6875 3199
1672100866392 0.625 3249
1672100890707 0.5892857313156128 3299
1672100904949 0.6761904954910278 3349
1672100919451 0.5568181872367859 3399
1672100933694 0.36666667461395264 3449
1672100958151 0.8785714507102966 3499
1672100972417 1.0 3549
1672100986677 0.7083333730697632 3599
1672101000948 0.8785714507102966 3649
1672101025496 0.20000000298023224 3699
1672101039949 0.6666666865348816 3749
1672101054233 0.8928571939468384 3799
1672101068727 0.5138888955116272 3849
1672101083126 0.7000000476837158 3899
1672101107673 0.6642857193946838 3949
1672101122018 0.7208333015441895 3999
1672101136353 0.6000000238418579 4049
1672101150666 0.5267857313156128 4099
1672101175227 0.615079402923584 4149
1672101189621 0.735119104385376 4199
1672101204065 0.7500000596046448 4249
1672101218379 0.7939394116401672 4299
1672101243246 0.7666666507720947 4349
1672101257680 0.949999988079071 4399
1672101272138 0.5571428537368774 4449
1672101286662 0.7430556416511536 4499
1672101301095 0.6476190686225891 4549
1672101325652 0.6761904954910278 4599
1672101339973 0.7972222566604614 4649
1672101354265 0.7142857313156128 4699
1672101368600 0.5 4749
1672101393292 0.6000000238418579 4799
1672101407769 0.5928571224212646 4849
1672101422204 0.6857143044471741 4899
1672101436521 0.6388888955116272 4949
1672101461130 0.6875 4999
1672101475447 0.5809524059295654 5049
1672101489795 0.523809552192688 5099
1672101504157 0.7833333611488342 5149
1672101518475 0.625 5199
1672101543032 0.7666666507720947 5249
1672101557335 0.7416666746139526 5299
1672101571728 0.798701286315918 5349
1672101586038 0.5833333730697632 5399
1672101611000 0.5095238089561462 5449
1672101625325 0.7833333611488342 5499
1672101639620 0.887499988079071 5549
1672101653884 0.5 5599
1672101678624 0.49761903285980225 5649
1672101692939 0.6666666865348816 5699
1672101707554 0.6650793552398682 5749
1672101721893 0.8017857074737549 5799
1672101736214 0.7285714149475098 5849
1672101760536 0.8041666746139526 5899
1672101774813 0.824999988079071 5949
1672101789339 0.773809552192688 5999
1672101803574 0.523809552192688 6049
1672101828219 0.3222222328186035 6099
1672101842557 0.5267857313156128 6149
1672101857087 0.36666667461395264 6199
1672101871407 0.7777778506278992 6249
1672101895700 0.7420635223388672 6299
1672101910003 0.5892857313156128 6349
1672101924429 0.5821428894996643 6399
1672101938855 0.4583333432674408 6449
1672101953186 0.826388955116272 6499
1672101977734 0.8666666746139526 6549
1672101992234 0.8333333730697632 6599
1672102006622 0.5375000238418579 6649
1672102021010 0.6071428656578064 6699
1672102045597 0.8597221970558167 6749
1672102059903 0.6309523582458496 6799
1672102074393 0.6416666507720947 6849
1672102088798 0.908730149269104 6899
1672102113461 0.7833333611488342 6949
1672102127800 0.4375 6999
1672102142147 0.6595238447189331 7049
1672102156459 0.5 7099
1672102170769 0.8500000238418579 7149
1672102195492 0.773809552192688 7199
1672102209911 0.690079391002655 7249
1672102224209 0.625 7299
1672102238492 0.8392857313156128 7349
1672102263155 0.7416666746139526 7399
1672102277618 0.6791666746139526 7449
1672102291914 0.3541666865348816 7499
1672102306180 0.6439393758773804 7549
1672102331102 0.5976190567016602 7599
1672102345379 0.7833333611488342 7649
1672102359695 0.6726190447807312 7699
1672102374024 0.2916666865348816 7749
1672102388498 0.5357142686843872 7799
1672102413152 0.4333333373069763 7849
1672102427540 0.7250000238418579 7899
1672102441895 0.5684524178504944 7949
1672102456273 0.6666666269302368 7999
1672102480891 0.8611111640930176 8049
1672102495310 0.5809524059295654 8099
1672102509636 0.7749999761581421 8149
1672102523901 0.824999988079071 8199
1672102548577 0.5083333253860474 8249
1672102562856 0.7559524178504944 8299
1672102577139 0.8166666626930237 8349
1672102591662 0.4642857313156128 8399
1672102605955 0.5305556058883667 8449
1672102630532 0.6833333373069763 8499
1672102644807 0.6041666865348816 8549
1672102659248 0.7222222685813904 8599
1672102673543 0.826388955116272 8649
1672102698383 0.8333333730697632 8699
1672102712688 0.1428571492433548 8749
1672102726997 0.5791667103767395 8799
1672102741423 0.9285714626312256 8849
1672102766049 0.737500011920929 8899
1672102780436 0.49761903285980225 8949
1672102794732 0.2857142686843872 8999
1672102809034 0.7767857313156128 9049
1672102823389 0.6701298952102661 9099
1672102848305 0.9142857193946838 9149
1672102862750 0.8660714626312256 9199
1672102877086 0.8184523582458496 9249
1672102891497 0.4888888895511627 9299
1672102915835 0.7166666984558105 9349
1672102930129 0.7976190447807312 9399
1672102944424 0.747619092464447 9449
1672102958724 0.8785714507102966 9499
1672102983588 0.8666666746139526 9549
1672102997962 0.7083333730697632 9599
1672103012444 0.7460317611694336 9649
1672103026952 0.6499999761581421 9699
1672103041253 0.6166666746139526 9749
1672103066148 0.49166667461395264 9799
1672103080577 0.7222222089767456 9849
1672103095002 0.8875000476837158 9899
1672103109720 0.7559524178504944 9949
1672103134475 0.7833333611488342 9999
1672103148803 0.5833333730697632 10049
1672103163147 0.949999988079071 10099
1672103177601 0.6916666626930237 10149
1672103202144 0.8642857074737549 10199
1672103216505 0.6642857193946838 10249
1672103230854 0.5416666865348816 10299
1672103245372 0.6142857074737549 10349
1672103259739 0.4166666865348816 10399
1672103284563 0.8452381491661072 10449
1672103298909 0.8472222089767456 10499
1672103313184 0.550000011920929 10549
1672103327438 0.5333333015441895 10599
1672103351716 0.8392857313156128 10649
1672103366190 0.7708333730697632 10699
1672103380498 0.6814394593238831 10749
1672103394960 0.6666666865348816 10799
1672103409351 0.5 10849
1672103434306 0.5666666626930237 10899
1672103448619 0.7208333611488342 10949
1672103462934 0.4166666865348816 10999
1672103477258 0.6458333730697632 11049
1672103501798 0.6666666865348816 11099
1672103516311 0.5761905312538147 11149
1672103530652 0.7708333730697632 11199
1672103545246 0.75 11249
1672103569754 0.7000000476837158 11299
1672103584120 0.4583333730697632 11349
1672103598413 0.7083333730697632 11399
1672103612692 0.773809552192688 11449
1672103626946 0.797619104385376 11499
1672103651491 0.699999988079071 11549
1672103666240 0.75 11599
1672103680582 0.4809523820877075 11649
1672103695196 0.8439394235610962 11699
1672103719548 0.6059524416923523 11749
1672103733955 0.44999998807907104 11799
1672103748362 0.7142857313156128 11849
1672103762793 0.6541666984558105 11899
1672103787371 0.7000000476837158 11949
1672103802000 0.5359848737716675 11999
1672103816429 0.73333340883255 12049
1672103830712 0.797619104385376 12099
1672103844961 0.6071428656578064 12149
1672103869835 0.7490079402923584 12199
1672103884166 0.6365079283714294 12249
1672103898488 0.6309524178504944 12299
1672103913277 0.3976190686225891 12349
1672103938094 0.7651515603065491 12399
1672103952479 0.8999999761581421 12449
1672103966969 0.6916666626930237 12499
1672103981390 0.5 12549
1672104005751 0.6309524178504944 12599
1672104020134 0.6666666865348816 12649
1672104034491 0.8333333730697632 12699
1672104048995 0.8517857193946838 12749
1672104063479 0.8333333730697632 12799
1672104088173 0.8928571343421936 12849
1672104102645 0.7142857313156128 12899
1672104116923 0.5392857193946838 12949
1672104131217 0.2916666865348816 12999
1672104155761 0.8333333730697632 13049
1672104170117 0.7192460894584656 13099
1672104184799 0.6642857193946838 13149
1672104199265 0.8309524059295654 13199
1672104224016 0.8333333730697632 13249
1672104238464 0.5178571343421936 13299
1672104252804 0.6309523582458496 13349
1672104267105 0.5690476298332214 13399
1672104281433 0.2678571343421936 13449
1672104306169 0.8068181872367859 13499
1672104320867 0.7916666865348816 13549
1672104335200 0.8452380895614624 13599
1672104349564 0.7803571224212646 13649
1672104374232 0.6666666865348816 13699
1672104388544 0.699999988079071 13749
1672104402883 0.6041666865348816 13799
1672104417298 0.8031746745109558 13849
1672104442338 0.8333333730697632 13899
1672104456590 0.5166666507720947 13949
1672104471026 0.6904762387275696 13999
1672104485291 0.5375000238418579 14049
1672104499553 0.523809552192688 14099
1672104524344 0.6017857193946838 14149
1672104538626 0.6428571343421936 14199
1672104552951 0.4541666805744171 14249
1672104567397 0.5333333611488342 14299
1672104591929 0.5 14349
1672104606338 0.908730149269104 14399
1672104620891 0.6875 14449
1672104635235 0.7397727370262146 14499
1672104659916 0.3958333134651184 14549
1672104674367 0.797619104385376 14599
1672104688700 0.6666666865348816 14649
1672104703203 0.699999988079071 14699
1672104717652 0.8888888955116272 14749
1672104742151 0.7749999761581421 14799
1672104756611 0.75 14849
1672104771003 0.5833333730697632 14899
1672104785316 0.7059524059295654 14949
1672104809834 0.6000000238418579 14999
1672104824305 0.7250000238418579 15049
1672104838648 0.4791666865348816 15099
1672104853127 0.7000000476837158 15149
1672104877695 0.4642857015132904 15199
1672104892110 0.4928571283817291 15249
1672104906529 0.4583333730697632 15299
1672104920951 0.6916667222976685 15349
1672104935584 0.6458333134651184 15399
1672104959988 0.4333333373069763 15449
1672104974281 0.747619092464447 15499
1672104988840 0.8939394354820251 15549
1672105003122 0.8304473757743835 15599
1672105027785 0.5541666746139526 15649
1672105042260 0.8500000238418579 15699
1672105056775 0.8388888835906982 15749
1672105071126 0.7698413133621216 15799
1672105095900 0.5416666865348816 15849
1672105110225 0.6428571343421936 15899
1672105124678 0.5178571343421936 15949
1672105138998 0.4928571581840515 15999
1672105153382 0.47777777910232544 16049
1672105178065 0.638888955116272 16099
1672105192498 0.41428571939468384 16149
1672105206802 0.8095238208770752 16199
1672105221126 0.4900793731212616 16249
1672105245737 0.5357142686843872 16299
1672105260046 0.4166666865348816 16349
1672105274539 0.7817460298538208 16399
1672105288884 0.6529914736747742 16449
1672105313606 0.6499999761581421 16499
1672105328068 0.5416666865348816 16549
1672105342510 0.824999988079071 16599
1672105356998 0.8035714626312256 16649
1672105371356 0.2928571403026581 16699
1672105395722 0.60317462682724 16749
1672105410028 0.574999988079071 16799
1672105424548 0.8095238208770752 16849
1672105438845 0.8125 16899
1672105463361 0.8531745672225952 16949
1672105477650 0.6166666746139526 16999
1672105492105 0.6095238327980042 17049
1672105506392 0.7595238089561462 17099
1672105530874 0.7833333611488342 17149
1672105545159 0.4583333730697632 17199
1672105559439 0.6642857193946838 17249
1672105573853 0.4791666865348816 17299
1672105588308 0.5522727370262146 17349
1672105612837 0.761904776096344 17399
1672105627265 0.7767857313156128 17449
1672105641568 0.7333333492279053 17499
1672105655887 0.699999988079071 17549
1672105680408 0.949999988079071 17599
1672105694870 0.6555556058883667 17649
1672105709478 0.824999988079071 17699
1672105723798 0.8071428537368774 17749
1672105748212 0.85317462682724 17799
1672105762695 0.8740079402923584 17849
1672105777189 0.8809524178504944 17899
1672105791503 0.5 17949
1672105805875 0.48750001192092896 17999
1672105830382 0.6000000238418579 18049
1672105844910 0.7785714268684387 18099
1672105859250 0.824999988079071 18149
1672105873531 0.8865079283714294 18199
1672105897962 0.7083333730697632 18249
1672105912417 0.7041667103767395 18299
1672105926908 0.5 18349
1672105941306 0.512499988079071 18399
1672105966231 0.5928571224212646 18449
1672105980678 0.7916666865348816 18499
1672105995285 0.75 18549
1672106009737 0.6535714268684387 18599
1672106024153 0.7388888597488403 18649
1672106048859 0.6345238089561462 18699
1672106063318 0.7916666865348816 18749
1672106077648 0.8374999761581421 18799
1672106091938 0.8309524059295654 18849
1672106116767 0.9166666865348816 18899
1672106131167 0.550000011920929 18949
1672106145645 0.8557692170143127 18999
1672106160115 0.3693181872367859 19049
1672106184810 0.5666666626930237 19099
1672106199262 0.7059524059295654 19149
1672106213571 0.5222222805023193 19199
1672106227874 0.9217171669006348 19249
1672106242158 0.41428571939468384 19299
1672106267212 0.7946428656578064 19349
1672106281702 0.773809552192688 19399
1672106296164 0.8888888955116272 19449
1672106310455 0.7541666626930237 19499
1672106335346 0.6916666626930237 19549
1672106349701 0.9007936716079712 19599
1672106364033 0.638888955116272 19649
1672106378370 0.5166667103767395 19699
1672106403393 0.6722222566604614 19749
1672106417933 0.8517857193946838 19799
1672106432387 0.638888955116272 19849
1672106446715 0.8603896498680115 19899
1672106461164 0.810606062412262 19949
1672106486176 0.7708333730697632 19999
1672106500642 0.7420635223388672 20049
1672106515073 0.8809524178504944 20099
1672106529652 0.5625 20149
1672106554564 0.7827381491661072 20199
1672106568867 0.5595238208770752 20249
1672106583317 0.8142857551574707 20299
1672106597660 0.875 20349
1672106622272 0.7833333611488342 20399
1672106636611 0.7666667103767395 20449
1672106650960 0.512499988079071 20499
1672106665414 0.5814393758773804 20549
1672106679809 0.5833333730697632 20599
1672106704981 0.7095238566398621 20649
1672106719365 0.6101190447807312 20699
1672106733709 0.49166667461395264 20749
1672106748057 0.5392857193946838 20799
1672106772733 0.5151515007019043 20849
1672106787038 0.5416666865348816 20899
1672106801448 0.7000000476837158 20949
1672106815772 0.7510822415351868 20999
1672106840881 0.8309524059295654 21049
1672106855152 0.7892857193946838 21099
1672106869471 0.7803571224212646 21149
1672106883814 0.75 21199
1672106898124 0.5928571224212646 21249
1672106923014 0.7803571224212646 21299
1672106937387 0.615079402923584 21349
1672106951768 0.38333335518836975 21399
1672106966302 0.5 21449
1672106991182 0.672619104385376 21499
1672107005620 0.6041666865348816 21549
1672107019930 0.6428571939468384 21599
1672107034202 0.9017857313156128 21649
1672107048301 0.0 21699
1672107073304 0.797619104385376 21749
1672107087571 0.6809523701667786 21799
1672107101818 0.8809524178504944 21849
1672107116208 0.6761904954910278 21899
1672107141093 0.6222222447395325 21949
1672107155473 0.5178571343421936 21999
1672107169926 0.6309524178504944 22049
1672107184523 0.797619104385376 22099
1672107209380 0.7416666746139526 22149
1672107223678 0.5833333730697632 22199
1672107237988 0.6666666865348816 22249
1672107252442 0.6189393997192383 22299
1672107266906 0.49166667461395264 22349
1672107291873 0.6915584802627563 22399
1672107306426 0.8309524059295654 22449
1672107321373 0.5428571701049805 22499
1672107335783 0.800000011920929 22549
1672107360672 0.7500000596046448 22599
1672107375771 0.7833333611488342 22649
1672107390863 0.5166666507720947 22699
1672107406499 0.5333333015441895 22749
1672107435405 0.7724359035491943 22799
1672107450378 0.6071428656578064 22849
1672107465447 0.44999998807907104 22899
1672107480803 0.6583333611488342 22949
1672107495900 0.75 22999
1672107524778 0.763888955116272 23049
1672107540583 0.6666666865348816 23099
1672107555579 0.7095237970352173 23149
1672107570455 0.6865079402923584 23199
1672107596592 0.6597222089767456 23249
1672107611538 0.1428571343421936 23299
1672107626277 0.7416666746139526 23349
1672107641039 0.6499999761581421 23399
1672107667106 0.5666666626930237 23449
1672107681823 0.7309524416923523 23499
1672107696870 0.5416666865348816 23549
1672107711762 0.5809524059295654 23599
1672107726428 0.7059524059295654 23649
1672107752941 0.8740079402923584 23699
1672107767770 0.8055555820465088 23749
1672107782546 0.6333333849906921 23799
1672107797366 0.8166666626930237 23849
1672107823547 0.9365079402923584 23899
1672107838392 0.8333333730697632 23949
1672107853258 0.8809524178504944 23999
1672107868279 0.8263888955116272 24049
1672107894741 0.8184524178504944 24099
1672107909442 0.8999999761581421 24149
1672107924513 0.625 24199
1672107939399 0.8999999761581421 24249
1672107954140 0.7083333730697632 24299
1672107980314 0.6642857193946838 24349
1672107995294 0.8666666746139526 24399
1672108010299 0.6166666746139526 24449
1672108025115 0.5939394235610962 24499
1672108051474 0.6583333611488342 24549
1672108066696 0.6309524178504944 24599
1672108081537 0.5833333730697632 24649
1672108096380 0.656593382358551 24699
1672108122631 0.7166666984558105 24749
1672108137380 0.4285714328289032 24799
1672108152336 0.5666667222976685 24849
1672108167138 0.6160714626312256 24899
1672108181917 0.8541666865348816 24949
1672108208470 0.7321428656578064 24999
1672108223438 0.7142857313156128 25049
1672108238223 0.7978896498680115 25099
1672108253207 0.40952378511428833 25149
1672108279331 0.5166666507720947 25199
1672108294244 0.5892857313156128 25249
1672108309019 0.7666667103767395 25299
1672108323836 0.8452381491661072 25349
1672108350100 0.7892857193946838 25399
1672108365063 0.7222222089767456 25449
1672108379877 0.7189394235610962 25499
1672108394702 0.574999988079071 25549
1672108409483 0.5952380895614624 25599
1672108436227 0.9642857313156128 25649
1672108451041 0.824999988079071 25699
1672108465833 0.6916666626930237 25749
1672108480747 0.5416666865348816 25799
1672108506820 0.6666666865348816 25849
1672108521569 0.7589285969734192 25899
1672108536324 0.5392857193946838 25949
1672108551127 0.797619104385376 25999
1672108577961 0.735119104385376 26049
1672108592711 0.4833333492279053 26099
1672108607443 0.5416666865348816 26149
1672108622148 0.4642857313156128 26199
1672108636938 0.5142857432365417 26249
1672108663298 0.5595238208770752 26299
1672108678304 0.8642857074737549 26349
1672108693220 0.6583333611488342 26399
1672108708315 0.7559524178504944 26449
1672108734530 0.523809552192688 26499
1672108749285 0.824999988079071 26549
1672108764057 0.5625 26599
1672108778825 0.6309523582458496 26649
1672108805217 0.6916666626930237 26699
1672108820171 0.8106061220169067 26749
1672108835353 0.5555555820465088 26799
1672108850141 0.8184524178504944 26849
1672108864923 0.7410714626312256 26899
1672108891269 0.7532467842102051 26949
1672108906138 0.409722238779068 26999
1672108921022 0.5476190447807312 27049
1672108936105 0.75 27099
1672108962488 0.9097222089767456 27149
1672108977274 0.6309523582458496 27199
1672108992224 0.4642857313156128 27249
1672109006982 0.6059523820877075 27299
1672109033054 0.8388888835906982 27349
1672109047739 0.8541666865348816 27399
1672109062481 0.7539682984352112 27449
1672109077260 0.9142857193946838 27499
1672109092271 0.7303571701049805 27549
1672109118358 0.5222222805023193 27599
1672109133304 0.6458333730697632 27649
1672109148167 0.7541666626930237 27699
1672109162992 0.5166666507720947 27749
1672109189259 0.7476190328598022 27799
1672109204392 0.6583333611488342 27849
1672109219689 0.7689394354820251 27899
1672109234620 0.5428571701049805 27949
1672109261277 0.699999988079071 27999
1672109276394 0.781818151473999 28049
1672109291284 0.8035714626312256 28099
1672109306139 0.9642857313156128 28149
1672109320997 0.6916666626930237 28199
1672109347469 0.5642856955528259 28249
1672109362472 0.4166666865348816 28299
1672109377258 0.7892857193946838 28349
1672109392217 0.8041666746139526 28399
1672109418684 0.8500000238418579 28449
1672109433505 0.8809524178504944 28499
1672109448334 0.49166667461395264 28549
1672109463164 0.7392857074737549 28599
1672109490016 0.9375 28649
1672109504942 0.8388888835906982 28699
1672109520008 0.6375000476837158 28749
1672109534941 0.380952388048172 28799
1672109549893 0.6476190686225891 28849
1672109576449 0.7142857313156128 28899
1672109591394 0.7559524178504944 28949
1672109606549 0.699999988079071 28999
1672109621405 0.8517857193946838 29049
1672109648164 0.2666666805744171 29099
1672109663037 0.5357142686843872 29149
1672109677947 0.5333333611488342 29199
1672109692830 0.6916666626930237 29249
1672109719184 0.7559524178504944 29299
1672109734235 0.5972222089767456 29349
1672109749020 0.8166666626930237 29399
1672109764032 0.7416666746139526 29449
1672109778955 0.46666666865348816 29499
1672109805829 0.6964285969734192 29549
1672109820690 0.7952381372451782 29599
1672109835703 0.7952380776405334 29649
1672109850632 0.6517857313156128 29699
1672109877040 0.5642857551574707 29749
1672109892066 0.4333333373069763 29799
1672109907059 0.7559523582458496 29849
1672109922113 0.5714285373687744 29899
1672109948387 0.625 29949
1672109963240 0.7476190328598022 29999
1672109978294 0.9365079402923584 30049
1672109993189 0.829365074634552 30099
1672110008222 0.7541666626930237 30149
1672110034891 0.5523809194564819 30199
1672110049855 0.625 30249
1672110064627 0.8500000238418579 30299
1672110079401 0.639285683631897 30349
1672110105728 0.824999988079071 30399
1672110120588 0.7083333730697632 30449
1672110135754 0.7416666746139526 30499
1672110150545 0.7767857313156128 30549
1672110177025 0.36666667461395264 30599
1672110192464 0.6791666746139526 30649
1672110207337 0.6642857193946838 30699
1672110222192 0.8160714507102966 30749
1672110237131 0.6845238208770752 30799
1672110263662 0.5059523582458496 30849
1672110278671 0.5375000238418579 30899
1672110293754 0.7708333730697632 30949
1672110308810 0.7892857193946838 30999
1672110335022 0.8166666626930237 31049
1672110350125 0.949999988079071 31099
1672110365065 0.41428571939468384 31149
1672110379985 0.4791666865348816 31199
1672110406541 0.9166666865348816 31249
1672110421822 0.7666667103767395 31299
1672110436729 0.5416666865348816 31349
1672110451664 0.6527777910232544 31399
1672110466689 0.3333333432674408 31449
1672110493144 0.4583333432674408 31499
1672110508083 0.6684523820877075 31549
1672110523156 0.7365080118179321 31599
1672110538109 0.9166666865348816 31649
1672110564771 1.0 31699
1672110579827 0.5833333730697632 31749
1672110594707 0.4166666865348816 31799
1672110609618 0.6642857789993286 31849
1672110636185 0.747619092464447 31899
1672110651181 0.3678571283817291 31949
1672110666017 0.9142857193946838 31999
1672110681024 0.6022727489471436 32049
1672110695852 0.8351647853851318 32099
1672110722461 0.7222222089767456 32149
1672110737378 0.8095238208770752 32199
1672110752245 0.8392857313156128 32249
1672110767245 0.9017857313156128 32299
1672110793563 0.6726190447807312 32349
1672110808327 0.5142857432365417 32399
1672110823250 0.5333333611488342 32449
1672110838147 0.6583333611488342 32499
1672110852697 0.25 32549
