1672099804926 0.7083333730697632 49
1672099819467 0.9166666865348816 99
1672099834150 0.75 149
1672099848641 0.75 199
1672099873005 0.8333333134651184 249
1672099887201 0.75 299
1672099901433 0.875 349
1672099915621 0.6875 399
1672099939668 0.5625 449
1672099954243 0.9166666865348816 499
1672099968677 0.7916666865348816 549
1672099983028 0.75 599
1672099997320 0.7916666865348816 649
1672100021557 0.625 699
1672100035815 0.8125 749
1672100050089 0.6666666865348816 799
1672100064348 0.2916666865348816 849
1672100088762 0.8333333730697632 899
1672100103049 0.6499999761581421 949
1672100117293 0.6666666865348816 999
1672100131515 0.949999988079071 1049
1672100155775 0.8541666865348816 1099
1672100170112 0.6666666865348816 1149
1672100184454 0.6875 1199
1672100198753 0.6875 1249
1672100213181 0.75 1299
1672100237859 0.9375 1349
1672100252222 0.6041666865348816 1399
1672100266669 1.0 1449
1672100281150 0.6666666865348816 1499
1672100305688 0.9166666865348816 1549
1672100319961 0.9166666865348816 1599
1672100334290 0.7916666865348816 1649
1672100348739 0.4000000059604645 1699
1672100373406 0.5249999761581421 1749
1672100387759 0.8333333730697632 1799
1672100402237 1.0 1849
1672100416626 0.9375 1899
1672100430926 0.9583333134651184 1949
1672100455416 0.875 1999
1672100469774 0.8541666865348816 2049
1672100484284 0.6166666746139526 2099
1672100498765 1.0 2149
1672100523231 0.7333333492279053 2199
1672100537616 0.8333333730697632 2249
1672100552116 0.625 2299
1672100566488 0.9375 2349
1672100590996 0.9166666865348816 2399
1672100605327 0.9375 2449
1672100619619 0.949999988079071 2499
1672100634161 0.8333333730697632 2549
1672100648459 0.75 2599
1672100672993 0.5 2649
1672100687478 0.75 2699
1672100701835 0.8125 2749
1672100716167 0.75 2799
1672100741084 0.8333333730697632 2849
1672100755469 0.5 2899
1672100769971 0.75 2949
1672100784442 0.9166666865348816 2999
1672100808859 0.8541666865348816 3049
1672100823448 0.6875 3099
1672100837780 0.875 3149
1672100852109 0.75 3199
1672100866392 0.6666666865348816 3249
1672100890707 0.625 3299
1672100904949 0.9166666865348816 3349
1672100919451 0.699999988079071 3399
1672100933694 0.375 3449
1672100958151 0.9375 3499
1672100972417 1.0 3549
1672100986677 0.9375 3599
1672101000948 0.9166666865348816 3649
1672101025496 0.25 3699
1672101039949 0.6708333492279053 3749
1672101054233 1.0 3799
1672101068727 0.6666666865348816 3849
1672101083126 0.8333333730697632 3899
1672101107673 0.875 3949
1672101122018 0.8999999761581421 3999
1672101136353 0.75 4049
1672101150666 0.6875 4099
1672101175227 0.9166666865348816 4149
1672101189621 0.9375 4199
1672101204065 1.0 4249
1672101218379 1.0 4299
1672101243246 1.0 4349
1672101257680 0.9166666865348816 4399
1672101272138 0.75 4449
1672101286662 1.0 4499
1672101301095 0.7916666865348816 4549
1672101325652 0.9166666865348816 4599
1672101339973 1.0 4649
1672101354265 0.9166666865348816 4699
1672101368600 0.75 4749
1672101393292 0.75 4799
1672101407769 0.574999988079071 4849
1672101422204 1.0 4899
1672101436521 0.6000000238418579 4949
1672101461130 0.7708333134651184 4999
1672101475447 0.75 5049
1672101489795 0.6666666865348816 5099
1672101504157 0.8333333730697632 5149
1672101518475 0.7916666865348816 5199
1672101543032 1.0 5249
1672101557335 0.7916666865348816 5299
1672101571728 0.9166666865348816 5349
1672101586038 0.6499999761581421 5399
1672101611000 0.6666666865348816 5449
1672101625325 0.7916666865348816 5499
1672101639620 1.0 5549
1672101653884 0.6666666865348816 5599
1672101678624 0.5208333730697632 5649
1672101692939 0.875 5699
1672101707554 1.0 5749
1672101721893 0.8541666865348816 5799
1672101736214 0.8333333134651184 5849
1672101760536 0.875 5899
1672101774813 1.0 5949
1672101789339 0.875 5999
1672101803574 0.6666666865348816 6049
1672101828219 0.375 6099
1672101842557 0.6666666865348816 6149
1672101857087 0.5 6199
1672101871407 1.0 6249
1672101895700 0.75 6299
1672101910003 0.625 6349
1672101924429 0.7291666865348816 6399
1672101938855 0.625 6449
1672101953186 0.9375 6499
1672101977734 0.875 6549
1672101992234 0.875 6599
1672102006622 0.5833333134651184 6649
1672102021010 0.75 6699
1672102045597 0.949999988079071 6749
1672102059903 0.625 6799
1672102074393 0.875 6849
1672102088798 0.887499988079071 6899
1672102113461 0.875 6949
1672102127800 0.5416666865348816 6999
1672102142147 0.6666666865348816 7049
1672102156459 0.5 7099
1672102170769 1.0 7149
1672102195492 0.8333333730697632 7199
1672102209911 0.949999988079071 7249
1672102224209 0.625 7299
1672102238492 0.9166666865348816 7349
1672102263155 1.0 7399
1672102277618 0.8666666746139526 7449
1672102291914 0.4166666865348816 7499
1672102306180 0.75 7549
1672102331102 0.6666666865348816 7599
1672102345379 0.9166666865348816 7649
1672102359695 0.875 7699
1672102374024 0.4166666865348816 7749
1672102388498 0.6666666865348816 7799
1672102413152 0.625 7849
1672102427540 0.75 7899
1672102441895 0.75 7949
1672102456273 1.0 7999
1672102480891 1.0 8049
1672102495310 0.6875 8099
1672102509636 0.7708333730697632 8149
1672102523901 0.8333333134651184 8199
1672102548577 0.5833333134651184 8249
1672102562856 0.9375 8299
1672102577139 0.9166666865348816 8349
1672102591662 0.5833333730697632 8399
1672102605955 0.625 8449
1672102630532 0.875 8499
1672102644807 0.6666666865348816 8549
1672102659248 1.0 8599
1672102673543 1.0 8649
1672102698383 1.0 8699
1672102712688 0.25 8749
1672102726997 0.8125 8799
1672102741423 1.0 8849
1672102766049 0.8333333134651184 8899
1672102780436 0.5833333730697632 8949
1672102794732 0.375 8999
1672102809034 0.9375 9049
1672102823389 0.875 9099
1672102848305 0.9375 9149
1672102862750 0.8999999761581421 9199
1672102877086 0.9166666865348816 9249
1672102891497 0.75 9299
1672102915835 0.699999988079071 9349
1672102930129 1.0 9399
1672102944424 0.7083333730697632 9449
1672102958724 0.8541666865348816 9499
1672102983588 1.0 9549
1672102997962 0.875 9599
1672103012444 1.0 9649
1672103026952 0.75 9699
1672103041253 0.75 9749
1672103066148 0.5 9799
1672103080577 0.875 9849
1672103095002 0.887499988079071 9899
1672103109720 0.9166666865348816 9949
1672103134475 0.9166666865348816 9999
1672103148803 0.625 10049
1672103163147 1.0 10099
1672103177601 0.875 10149
1672103202144 1.0 10199
1672103216505 0.6875 10249
1672103230854 0.6875 10299
1672103245372 0.6666666865348816 10349
1672103259739 0.4166666865348816 10399
1672103284563 0.8541666865348816 10449
1672103298909 0.875 10499
1672103313184 0.625 10549
1672103327438 0.5416666865348816 10599
1672103351716 0.875 10649
1672103366190 1.0 10699
1672103380498 0.875 10749
1672103394960 0.75 10799
1672103409351 0.5 10849
1672103434306 0.75 10899
1672103448619 0.7916666865348816 10949
1672103462934 0.4166666865348816 10999
1672103477258 0.75 11049
1672103501798 0.75 11099
1672103516311 0.9375 11149
1672103530652 1.0 11199
1672103545246 0.9375 11249
1672103569754 0.8999999761581421 11299
1672103584120 0.4166666865348816 11349
1672103598413 1.0 11399
1672103612692 1.0 11449
1672103626946 0.9166666865348816 11499
1672103651491 0.6666666865348816 11549
1672103666240 0.75 11599
1672103680582 0.6041666865348816 11649
1672103695196 0.9166666865348816 11699
1672103719548 0.7291666865348816 11749
1672103733955 0.5 11799
1672103748362 0.75 11849
1672103762793 0.7916666865348816 11899
1672103787371 0.8999999761581421 11949
1672103802000 0.5416666865348816 11999
1672103816429 0.8166667222976685 12049
1672103830712 0.9166666865348816 12099
1672103844961 0.5625 12149
1672103869835 0.9375 12199
1672103884166 0.75 12249
1672103898488 0.6875 12299
1672103913277 0.5 12349
1672103938094 0.875 12399
1672103952479 1.0 12449
1672103966969 0.9166666865348816 12499
1672103981390 0.5625 12549
1672104005751 0.625 12599
1672104020134 0.6666666865348816 12649
1672104034491 1.0 12699
1672104048995 0.9375 12749
1672104063479 1.0 12799
1672104088173 1.0 12849
1672104102645 0.75 12899
1672104116923 0.6875 12949
1672104131217 0.375 12999
1672104155761 0.9166666865348816 13049
1672104170117 0.8166666626930237 13099
1672104184799 0.7083333730697632 13149
1672104199265 0.9166666865348816 13199
1672104224016 0.9166666865348816 13249
1672104238464 0.75 13299
1672104252804 0.7083333134651184 13349
1672104267105 0.7916666865348816 13399
1672104281433 0.2916666865348816 13449
1672104306169 0.875 13499
1672104320867 0.8999999761581421 13549
1672104335200 0.9375 13599
1672104349564 0.9166666865348816 13649
1672104374232 0.8333333134651184 13699
1672104388544 0.9375 13749
1672104402883 0.5666666626930237 13799
1672104417298 0.9166666865348816 13849
1672104442338 0.7916666865348816 13899
1672104456590 0.5625 13949
1672104471026 0.7916666865348816 13999
1672104485291 0.625 14049
1672104499553 0.75 14099
1672104524344 0.75 14149
1672104538626 0.75 14199
1672104552951 0.4833333492279053 14249
1672104567397 0.5416666865348816 14299
1672104591929 0.4583333432674408 14349
1672104606338 1.0 14399
1672104620891 0.75 14449
1672104635235 0.875 14499
1672104659916 0.5625 14549
1672104674367 0.75 14599
1672104688700 1.0 14649
1672104703203 0.75 14699
1672104717652 0.824999988079071 14749
1672104742151 0.7916666865348816 14799
1672104756611 0.8333333730697632 14849
1672104771003 0.6666666865348816 14899
1672104785316 0.9166666865348816 14949
1672104809834 0.625 14999
1672104824305 0.875 15049
1672104838648 0.4375 15099
1672104853127 0.699999988079071 15149
1672104877695 0.75 15199
1672104892110 0.6666666865348816 15249
1672104906529 0.5666667222976685 15299
1672104920951 0.824999988079071 15349
1672104935584 0.9375 15399
1672104959988 0.5833333730697632 15449
1672104974281 0.7500000596046448 15499
1672104988840 0.9583333134651184 15549
1672105003122 0.9583333134651184 15599
1672105027785 0.7291666865348816 15649
1672105042260 0.949999988079071 15699
1672105056775 0.9375 15749
1672105071126 0.8041666746139526 15799
1672105095900 0.6666666865348816 15849
1672105110225 0.75 15899
1672105124678 0.75 15949
1672105138998 0.75 15999
1672105153382 0.6666666865348816 16049
1672105178065 0.699999988079071 16099
1672105192498 0.5 16149
1672105206802 0.9166666865348816 16199
1672105221126 0.6666666865348816 16249
1672105245737 0.5833333134651184 16299
1672105260046 0.625 16349
1672105274539 0.8666666746139526 16399
1672105288884 0.75 16449
1672105313606 0.6666666865348816 16499
1672105328068 0.625 16549
1672105342510 0.8166667222976685 16599
1672105356998 1.0 16649
1672105371356 0.3125 16699
1672105395722 0.75 16749
1672105410028 0.75 16799
1672105424548 0.875 16849
1672105438845 1.0 16899
1672105463361 0.8125 16949
1672105477650 1.0 16999
1672105492105 0.9166666865348816 17049
1672105506392 0.7916666865348816 17099
1672105530874 0.8541666865348816 17149
1672105545159 0.6666666865348816 17199
1672105559439 0.6666666865348816 17249
1672105573853 0.4375 17299
1672105588308 0.6666666865348816 17349
1672105612837 1.0 17399
1672105627265 0.875 17449
1672105641568 0.7708333730697632 17499
1672105655887 0.75 17549
1672105680408 0.9166666865348816 17599
1672105694870 0.75 17649
1672105709478 0.8333333134651184 17699
1672105723798 0.8333333730697632 17749
1672105748212 0.9375 17799
1672105762695 0.949999988079071 17849
1672105777189 1.0 17899
1672105791503 0.5833333134651184 17949
1672105805875 0.5249999761581421 17999
1672105830382 0.625 18049
1672105844910 0.75 18099
1672105859250 0.9166666865348816 18149
1672105873531 1.0 18199
1672105897962 1.0 18249
1672105912417 0.6875 18299
1672105926908 0.5 18349
1672105941306 0.6875 18399
1672105966231 0.6666666865348816 18449
1672105980678 0.875 18499
1672105995285 1.0 18549
1672106009737 0.75 18599
1672106024153 1.0 18649
1672106048859 0.7291666865348816 18699
1672106063318 1.0 18749
1672106077648 0.8999999761581421 18799
1672106091938 0.8666666746139526 18849
1672106116767 0.875 18899
1672106131167 0.5333333015441895 18949
1672106145645 0.8374999761581421 18999
1672106160115 0.4000000059604645 19049
1672106184810 0.75 19099
1672106199262 0.7916666865348816 19149
1672106213571 0.6666666865348816 19199
1672106227874 0.9583333134651184 19249
1672106242158 0.4583333432674408 19299
1672106267212 0.875 19349
1672106281702 1.0 19399
1672106296164 0.875 19449
1672106310455 0.8333333730697632 19499
1672106335346 0.8666666746139526 19549
1672106349701 0.9375 19599
1672106364033 0.699999988079071 19649
1672106378370 0.6666666865348816 19699
1672106403393 0.699999988079071 19749
1672106417933 0.7916666865348816 19799
1672106432387 0.625 19849
1672106446715 0.949999988079071 19899
1672106461164 1.0 19949
1672106486176 0.7916666865348816 19999
1672106500642 0.7916666865348816 20049
1672106515073 1.0 20099
1672106529652 0.9375 20149
1672106554564 0.9375 20199
1672106568867 0.7250000238418579 20249
1672106583317 0.8125 20299
1672106597660 0.875 20349
1672106622272 0.7500000596046448 20399
1672106636611 0.875 20449
1672106650960 0.5625 20499
1672106665414 0.75 20549
1672106679809 0.75 20599
1672106704981 0.7916666865348816 20649
1672106719365 0.7083333730697632 20699
1672106733709 0.625 20749
1672106748057 0.5416666865348816 20799
1672106772733 0.5833333730697632 20849
1672106787038 0.5416666865348816 20899
1672106801448 0.75 20949
1672106815772 0.875 20999
1672106840881 0.875 21049
1672106855152 0.7916666865348816 21099
1672106869471 0.7291666865348816 21149
1672106883814 0.875 21199
1672106898124 0.5416666865348816 21249
1672106923014 0.8333333730697632 21299
1672106937387 0.75 21349
1672106951768 0.3750000298023224 21399
1672106966302 0.5416666865348816 21449
1672106991182 0.875 21499
1672107005620 0.75 21549
1672107019930 0.8333333730697632 21599
1672107034202 1.0 21649
1672107048301 0.0 21699
1672107073304 1.0 21749
1672107087571 0.9375 21799
1672107101818 0.8125 21849
1672107116208 0.8333333730697632 21899
1672107141093 0.6166666746139526 21949
1672107155473 0.75 21999
1672107169926 0.6666666865348816 22049
1672107184523 0.9166666865348816 22099
1672107209380 0.7916666865348816 22149
1672107223678 0.75 22199
1672107237988 0.75 22249
1672107252442 0.875 22299
1672107266906 0.625 22349
1672107291873 0.6458333730697632 22399
1672107306426 0.9166666865348816 22449
1672107321373 0.699999988079071 22499
1672107335783 0.75 22549
1672107360672 0.9166666865348816 22599
1672107375771 1.0 22649
1672107390863 0.4583333432674408 22699
1672107406499 0.75 22749
1672107435405 0.7976190447807312 22799
1672107450378 0.7916666865348816 22849
1672107465447 0.5416666865348816 22899
1672107480803 0.8333333730697632 22949
1672107495900 0.7083333730697632 22999
1672107524778 0.875 23049
1672107540583 0.7916666865348816 23099
1672107555579 0.9166666865348816 23149
1672107570455 0.699999988079071 23199
1672107596592 0.6875 23249
1672107611538 0.1666666716337204 23299
1672107626277 0.875 23349
1672107641039 0.75 23399
1672107667106 0.75 23449
1672107681823 0.6875 23499
1672107696870 0.5416666865348816 23549
1672107711762 0.625 23599
1672107726428 0.8125 23649
1672107752941 0.9375 23699
1672107767770 0.9166666865348816 23749
1672107782546 0.824999988079071 23799
1672107797366 0.8166666626930237 23849
1672107823547 1.0 23899
1672107838392 1.0 23949
1672107853258 1.0 23999
1672107868279 0.7250000238418579 24049
1672107894741 0.9375 24099
1672107909442 0.8333333730697632 24149
1672107924513 0.8333333134651184 24199
1672107939399 1.0 24249
1672107954140 0.875 24299
1672107980314 0.75 24349
1672107995294 0.875 24399
1672108010299 0.75 24449
1672108025115 0.5 24499
1672108051474 1.0 24549
1672108066696 0.6875 24599
1672108081537 0.875 24649
1672108096380 0.9285714626312256 24699
1672108122631 0.7916666865348816 24749
1672108137380 0.5 24799
1672108152336 0.6166666746139526 24849
1672108167138 0.6499999761581421 24899
1672108181917 1.0 24949
1672108208470 1.0 24999
1672108223438 0.75 25049
1672108238223 0.9375 25099
1672108253207 0.6666666865348816 25149
1672108279331 0.6499999761581421 25199
1672108294244 0.5625 25249
1672108309019 0.875 25299
1672108323836 0.9375 25349
1672108350100 1.0 25399
1672108365063 0.762499988079071 25449
1672108379877 0.7083333134651184 25499
1672108394702 0.6666666865348816 25549
1672108409483 0.625 25599
1672108436227 1.0 25649
1672108451041 0.9166666865348816 25699
1672108465833 0.875 25749
1672108480747 0.75 25799
1672108506820 0.75 25849
1672108521569 0.7749999761581421 25899
1672108536324 0.75 25949
1672108551127 0.875 25999
1672108577961 0.8125 26049
1672108592711 0.5833333730697632 26099
1672108607443 0.625 26149
1672108622148 0.5 26199
1672108636938 0.6666666865348816 26249
1672108663298 0.5416666865348816 26299
1672108678304 0.8541666865348816 26349
1672108693220 0.8333333730697632 26399
1672108708315 0.875 26449
1672108734530 0.6666666865348816 26499
1672108749285 0.875 26549
1672108764057 0.5625 26599
1672108778825 0.8125 26649
1672108805217 0.8333333730697632 26699
1672108820171 0.8333333134651184 26749
1672108835353 0.625 26799
1672108850141 1.0 26849
1672108864923 0.9375 26899
1672108891269 0.8666666746139526 26949
1672108906138 0.44999998807907104 26999
1672108921022 0.8333333134651184 27049
1672108936105 0.75 27099
1672108962488 0.949999988079071 27149
1672108977274 0.6875 27199
1672108992224 0.5 27249
1672109006982 0.75 27299
1672109033054 0.9166666865348816 27349
1672109047739 1.0 27399
1672109062481 0.949999988079071 27449
1672109077260 1.0 27499
1672109092271 0.7833333611488342 27549
1672109118358 0.49166667461395264 27599
1672109133304 0.875 27649
1672109148167 1.0 27699
1672109162992 1.0 27749
1672109189259 0.8125 27799
1672109204392 0.875 27849
1672109219689 0.7916666865348816 27899
1672109234620 0.75 27949
1672109261277 0.75 27999
1672109276394 0.949999988079071 28049
1672109291284 1.0 28099
1672109306139 0.9375 28149
1672109320997 0.7916666865348816 28199
1672109347469 0.6875 28249
1672109362472 0.5 28299
1672109377258 0.8125 28349
1672109392217 0.9166666865348816 28399
1672109418684 0.8666666746139526 28449
1672109433505 1.0 28499
1672109448334 0.5 28549
1672109463164 0.887499988079071 28599
1672109490016 1.0 28649
1672109504942 1.0 28699
1672109520008 0.699999988079071 28749
1672109534941 0.5 28799
1672109549893 0.7083333134651184 28849
1672109576449 0.75 28899
1672109591394 0.8125 28949
1672109606549 0.6666666865348816 28999
1672109621405 0.7916666865348816 29049
1672109648164 0.4166666865348816 29099
1672109663037 0.75 29149
1672109677947 0.75 29199
1672109692830 0.7833333611488342 29249
1672109719184 1.0 29299
1672109734235 0.625 29349
1672109749020 0.8333333730697632 29399
1672109764032 0.824999988079071 29449
1672109778955 0.5 29499
1672109805829 0.75 29549
1672109820690 0.9375 29599
1672109835703 0.7916666865348816 29649
1672109850632 0.75 29699
1672109877040 0.625 29749
1672109892066 0.75 29799
1672109907059 0.8125 29849
1672109922113 0.5625 29899
1672109948387 0.75 29949
1672109963240 0.9375 29999
1672109978294 1.0 30049
1672109993189 0.875 30099
1672110008222 0.7875000238418579 30149
1672110034891 0.7916666865348816 30199
1672110049855 0.625 30249
1672110064627 0.875 30299
1672110079401 0.875 30349
1672110105728 1.0 30399
1672110120588 0.7083333134651184 30449
1672110135754 0.875 30499
1672110150545 0.75 30549
1672110177025 0.5 30599
1672110192464 0.9166666865348816 30649
1672110207337 0.75 30699
1672110222192 0.8166666626930237 30749
1672110237131 0.75 30799
1672110263662 0.5 30849
1672110278671 0.4833333492279053 30899
1672110293754 0.875 30949
1672110308810 1.0 30999
1672110335022 1.0 31049
1672110350125 1.0 31099
1672110365065 0.5833333730697632 31149
1672110379985 0.6041666865348816 31199
1672110406541 0.875 31249
1672110421822 0.9166666865348816 31299
1672110436729 0.75 31349
1672110451664 0.7916666865348816 31399
1672110466689 0.4166666865348816 31449
1672110493144 0.625 31499
1672110508083 0.75 31549
1672110523156 1.0 31599
1672110538109 0.9166666865348816 31649
1672110564771 1.0 31699
1672110579827 0.6666666865348816 31749
1672110594707 0.375 31799
1672110609618 0.7083333730697632 31849
1672110636185 0.9375 31899
1672110651181 0.375 31949
1672110666017 1.0 31999
1672110681024 0.625 32049
1672110695852 0.8333333134651184 32099
1672110722461 0.7833333611488342 32149
1672110737378 1.0 32199
1672110752245 0.875 32249
1672110767245 0.8374999761581421 32299
1672110793563 1.0 32349
1672110808327 0.6666666865348816 32399
1672110823250 0.5416666865348816 32449
1672110838147 0.7083333730697632 32499
1672110852697 0.25 32549
