1672099862905 0.7659043073654175 216
1672099934446 0.7905588746070862 433
1672100006793 0.7907789349555969 650
1672100078600 0.7905588150024414 867
1672100150781 0.7959346175193787 1084
1672100223265 0.7824277877807617 1301
1672100296063 0.7773603200912476 1518
1672100368594 0.773603081703186 1735
1672100441291 0.7875695824623108 1952
1672100513893 0.791098415851593 2169
1672100586528 0.7831681966781616 2386
1672100659161 0.7936609387397766 2603
1672100732070 0.7768374085426331 2820
1672100804754 0.7873989343643188 3037
1672100877150 0.7809992432594299 3254
1672100949475 0.7906633615493774 3471
1672101021666 0.7814561724662781 3688
1672101094387 0.7822254300117493 3905
1672101166634 0.7874842882156372 4122
1672101239570 0.7925572395324707 4339
1672101312471 0.7893834710121155 4556
1672101385081 0.8027167916297913 4773
1672101457877 0.7753812670707703 4990
1672101530101 0.7918401956558228 5207
1672101603132 0.7848445773124695 5424
1672101675594 0.7864740490913391 5641
1672101748125 0.7886210680007935 5858
1672101820646 0.779061496257782 6075
1672101892976 0.7970879077911377 6292
1672101965403 0.7862620949745178 6509
1672102038192 0.7939114570617676 6726
1672102111029 0.7743876576423645 6943
1672102183578 0.7923700213432312 7160
1672102256205 0.7899505496025085 7377
1672102328962 0.7898074984550476 7594
1672102401420 0.7861850261688232 7811
1672102474178 0.7876108288764954 8028
1672102546759 0.791002094745636 8245
1672102619127 0.7781476378440857 8462
1672102691747 0.7864603400230408 8679
1672102764518 0.778861939907074 8896
1672102837182 0.7698733806610107 9113
1672102909721 0.7848748564720154 9330
1672102982295 0.7847701907157898 9547
1672103055389 0.7811740636825562 9764
1672103128642 0.7962661981582642 9981
1672103201118 0.7870603799819946 10198
1672103274004 0.7779273390769958 10415
1672103346207 0.775472104549408 10632
1672103419338 0.7911149263381958 10849
1672103491539 0.783429741859436 11066
1672103564430 0.7750839591026306 11283
1672103636707 0.7840270400047302 11500
1672103709693 0.768627941608429 11717
1672103782270 0.7809180617332458 11934
1672103855274 0.7802891135215759 12151
1672103928573 0.7790751457214355 12368
1672104001057 0.7922406196594238 12585
1672104073943 0.7832177877426147 12802
1672104146444 0.7782852649688721 13019
1672104219566 0.7993064522743225 13236
1672104292095 0.787145733833313 13453
1672104365121 0.7920700311660767 13670
1672104438093 0.779512882232666 13887
1672104510677 0.7868291139602661 14104
1672104583196 0.7817148566246033 14321
1672104656087 0.7872722148895264 14538
1672104728887 0.776792049407959 14755
1672104801408 0.7867617011070251 14972
1672104874159 0.7734682559967041 15189
1672104947031 0.7850949764251709 15406
1672105019596 0.7784972190856934 15623
1672105092471 0.7829232811927795 15840
1672105165355 0.7719351053237915 16057
1672105237873 0.7720397710800171 16274
1672105310598 0.7729164361953735 16491
1672105383293 0.7777939438819885 16708
1672105455807 0.7833045125007629 16925
1672105528138 0.7692375779151917 17142
1672105600595 0.7688027024269104 17359
1672105673170 0.7733718752861023 17576
1672105745808 0.769287109375 17793
1672105818542 0.7873632311820984 18010
1672105890990 0.78462153673172 18227
1672105963869 0.7836223840713501 18444
1672106037323 0.7702119946479797 18661
1672106109941 0.7816241383552551 18878
1672106182968 0.7818552851676941 19095
1672106255969 0.7832838296890259 19312
1672106328782 0.7654473781585693 19529
1672106401789 0.7995540499687195 19746
1672106475058 0.7740849256515503 19963
1672106548299 0.7868868708610535 20180
1672106620978 0.7813681364059448 20397
1672106694138 0.7815002202987671 20614
1672106766910 0.7712744474411011 20831
1672106839845 0.7862043380737305 21048
1672106912547 0.7624277472496033 21265
1672106985670 0.7831406593322754 21482
1672107058042 0.7660281658172607 21699
1672107130724 0.7880789041519165 21916
1672107204091 0.7831214070320129 22133
1672107277006 0.7806153297424316 22350
1672107350573 0.7792623043060303 22567
1672107429697 0.7864906191825867 22784
1672107509255 0.7788165211677551 23001
1672107586660 0.7863474488258362 23218
1672107662224 0.7703084349632263 23435
1672107737978 0.7751736044883728 23652
1672107813826 0.7953758835792542 23869
1672107890109 0.7816434502601624 24086
1672107965946 0.7719736695289612 24303
1672108041929 0.7795844674110413 24520
1672108118081 0.779832124710083 24737
1672108194202 0.7805148363113403 24954
1672108270321 0.7721195220947266 25171
1672108346070 0.7747743725776672 25388
1672108422226 0.7828089594841003 25605
1672108498077 0.7768498063087463 25822
1672108574187 0.7853372097015381 26039
1672108649739 0.7737627625465393 26256
1672108725959 0.773264467716217 26473
1672108801762 0.7810983061790466 26690
1672108877910 0.7904804348945618 26907
1672108954315 0.7902505397796631 27124
1672109029913 0.7713762521743774 27341
1672109105461 0.7770135402679443 27558
1672109181304 0.7883320450782776 27775
1672109258379 0.7770520448684692 27992
1672109334646 0.768612802028656 28209
1672109410889 0.7773410677909851 28426
1672109487252 0.7854142785072327 28643
1672109563909 0.7756922841072083 28860
1672109640761 0.7794798612594604 29077
1672109716889 0.7819929122924805 29294
1672109793731 0.7798815965652466 29511
1672109870046 0.782328724861145 29728
1672109946383 0.786372184753418 29945
1672110022636 0.7938770055770874 30162
1672110098984 0.7702892422676086 30379
1672110175314 0.7825241088867188 30596
1672110252118 0.7754913568496704 30813
1672110328580 0.7646270990371704 31030
1672110405207 0.7721967101097107 31247
1672110481874 0.7846408486366272 31464
1672110558625 0.7836030721664429 31681
1672110635058 0.7746022939682007 31898
1672110711482 0.7659221887588501 32115
1672110787742 0.7715030312538147 32332
1672110863334 0.7768649458885193 32549
