1672099862905 0.6257324814796448 216
1672099934446 0.6442793011665344 433
1672100006793 0.6465499997138977 650
1672100078600 0.6528114080429077 867
1672100150781 0.6539448499679565 1084
1672100223265 0.6419850587844849 1301
1672100296063 0.6380628347396851 1518
1672100368594 0.6340466141700745 1735
1672100441291 0.6423563957214355 1952
1672100513893 0.6495479941368103 2169
1672100586528 0.6434673070907593 2386
1672100659161 0.6536964774131775 2603
1672100732070 0.6443052887916565 2820
1672100804754 0.6489749550819397 3037
1672100877150 0.6515417695045471 3254
1672100949475 0.6565542817115784 3471
1672101021666 0.6511748433113098 3688
1672101094387 0.6539943814277649 3905
1672101166634 0.6643252968788147 4122
1672101239570 0.6637442708015442 4339
1672101312471 0.6662028431892395 4556
1672101385081 0.6676447987556458 4773
1672101457877 0.6602168083190918 4990
1672101530101 0.6665784120559692 5207
1672101603132 0.6615155339241028 5424
1672101675594 0.6629312634468079 5641
1672101748125 0.6627609133720398 5858
1672101820646 0.6649770140647888 6075
1672101892976 0.68018639087677 6292
1672101965403 0.6701955795288086 6509
1672102038192 0.6773796677589417 6726
1672102111029 0.665235698223114 6943
1672102183578 0.6752169728279114 7160
1672102256205 0.6690731048583984 7377
1672102328962 0.6673526167869568 7594
1672102401420 0.6725286841392517 7811
1672102474178 0.6731513738632202 8028
1672102546759 0.6758886575698853 8245
1672102619127 0.6707310080528259 8462
1672102691747 0.6720673441886902 8679
1672102764518 0.6677568554878235 8896
1672102837182 0.6597290635108948 9113
1672102909721 0.6724207997322083 9330
1672102982295 0.6749536395072937 9547
1672103055389 0.6685705184936523 9764
1672103128642 0.6819764971733093 9981
1672103201118 0.6766913533210754 10198
1672103274004 0.6750689148902893 10415
1672103346207 0.6680282354354858 10632
1672103419338 0.6797055602073669 10849
1672103491539 0.6776037812232971 11066
1672103564430 0.668407142162323 11283
1672103636707 0.6758880019187927 11500
1672103709693 0.6661750078201294 11717
1672103782270 0.6712881922721863 11934
1672103855274 0.6708769798278809 12151
1672103928573 0.6754019260406494 12368
1672104001057 0.6887221336364746 12585
1672104073943 0.6756905317306519 12802
1672104146444 0.6721401810646057 13019
1672104219566 0.6904644966125488 13236
1672104292095 0.6756872534751892 13453
1672104365121 0.6852334141731262 13670
1672104438093 0.6746191382408142 13887
1672104510677 0.6813187003135681 14104
1672104583196 0.6757341623306274 14321
1672104656087 0.6843829154968262 14538
1672104728887 0.671511173248291 14755
1672104801408 0.6806455850601196 14972
1672104874159 0.6712430715560913 15189
1672104947031 0.6773035526275635 15406
1672105019596 0.6821070909500122 15623
1672105092471 0.6824707984924316 15840
1672105165355 0.66778963804245 16057
1672105237873 0.6677311658859253 16274
1672105310598 0.6729005575180054 16491
1672105383293 0.6755725145339966 16708
1672105455807 0.6817842721939087 16925
1672105528138 0.6711450219154358 17142
1672105600595 0.6758782863616943 17359
1672105673170 0.6761865615844727 17576
1672105745808 0.6685733199119568 17793
1672105818542 0.6868748068809509 18010
1672105890990 0.6866105198860168 18227
1672105963869 0.6855262517929077 18444
1672106037323 0.6682731509208679 18661
1672106109941 0.686124861240387 18878
1672106182968 0.6767419576644897 19095
1672106255969 0.68385249376297 19312
1672106328782 0.6756072640419006 19529
1672106401789 0.6996188163757324 19746
1672106475058 0.6761029958724976 19963
1672106548299 0.6903191208839417 20180
1672106620978 0.6827285289764404 20397
1672106694138 0.6781888008117676 20614
1672106766910 0.6718877553939819 20831
1672106839845 0.6917387843132019 21048
1672106912547 0.6701020002365112 21265
1672106985670 0.6900501847267151 21482
1672107058042 0.6731612086296082 21699
1672107130724 0.6932779550552368 21916
1672107204091 0.682673990726471 22133
1672107277006 0.6790908575057983 22350
1672107350573 0.6805344223976135 22567
1672107429697 0.6854363083839417 22784
1672107509255 0.6788086891174316 23001
1672107586660 0.690561056137085 23218
1672107662224 0.6774776577949524 23435
1672107737978 0.6865142583847046 23652
1672107813826 0.698112964630127 23869
1672107890109 0.6886468529701233 24086
1672107965946 0.6784428358078003 24303
1672108041929 0.6870490908622742 24520
1672108118081 0.6822880506515503 24737
1672108194202 0.6867212653160095 24954
1672108270321 0.6745026707649231 25171
1672108346070 0.681617259979248 25388
1672108422226 0.6857187747955322 25605
1672108498077 0.6795154809951782 25822
1672108574187 0.6875705122947693 26039
1672108649739 0.6796267032623291 26256
1672108725959 0.6844483613967896 26473
1672108801762 0.6855319142341614 26690
1672108877910 0.6927521824836731 26907
1672108954315 0.6925584673881531 27124
1672109029913 0.6742342114448547 27341
1672109105461 0.6784798502922058 27558
1672109181304 0.6857404112815857 27775
1672109258379 0.6877764463424683 27992
1672109334646 0.6778849363327026 28209
1672109410889 0.6812003254890442 28426
1672109487252 0.6901479959487915 28643
1672109563909 0.6813802719116211 28860
1672109640761 0.6863256692886353 29077
1672109716889 0.685625433921814 29294
1672109793731 0.688838005065918 29511
1672109870046 0.6907413005828857 29728
1672109946383 0.6920943856239319 29945
1672110022636 0.6964101195335388 30162
1672110098984 0.6757072806358337 30379
1672110175314 0.6878916621208191 30596
1672110252118 0.6847860217094421 30813
1672110328580 0.6751687526702881 31030
1672110405207 0.6800841093063354 31247
1672110481874 0.6929401159286499 31464
1672110558625 0.6913262605667114 31681
1672110635058 0.6843665242195129 31898
1672110711482 0.6743788719177246 32115
1672110787742 0.6821320056915283 32332
1672110863334 0.6850464344024658 32549
