1672099862905 1.8613601750551683 216
1672099934446 1.8429563893863157 433
1672100006793 1.841192474623603 650
1672100078600 1.839204995386242 867
1672100150781 1.832260921147897 1084
1672100223265 1.8293635298412991 1301
1672100296063 1.8214892153094553 1518
1672100368594 1.8187047359529689 1735
1672100441291 1.8111440459176877 1952
1672100513893 1.802468936702455 2169
1672100586528 1.7993023492053446 2386
1672100659161 1.8031623349563184 2603
1672100732070 1.7953357621794312 2820
1672100804754 1.7981859230067234 3037
1672100877150 1.7918293805549934 3254
1672100949475 1.7868096409733807 3471
1672101021666 1.7860344792802791 3688
1672101094387 1.782215542846577 3905
1672101166634 1.777114237508115 4122
1672101239570 1.775210915069469 4339
1672101312471 1.7765959458718767 4556
1672101385081 1.7724521535226145 4773
1672101457877 1.7768835282135056 4990
1672101530101 1.7702320368684175 5207
1672101603132 1.7738204973454819 5424
1672101675594 1.7650888375298384 5641
1672101748125 1.766626034925878 5858
1672101820646 1.7669751055371652 6075
1672101892976 1.7638581311269712 6292
1672101965403 1.7592543314595288 6509
1672102038192 1.7610856054081003 6726
1672102111029 1.7588620112872597 6943
1672102183578 1.7587748519299666 7160
1672102256205 1.7594386296713156 7377
1672102328962 1.754387087448907 7594
1672102401420 1.7496250769905335 7811
1672102474178 1.7543671213824028 8028
1672102546759 1.7506237771352462 8245
1672102619127 1.7466745650009678 8462
1672102691747 1.748841347869296 8679
1672102764518 1.7466561996054304 8896
1672102837182 1.7439455754466038 9113
1672102909721 1.7421018675572921 9330
1672102982295 1.742427077769378 9547
1672103055389 1.746008836552433 9764
1672103128642 1.7377923172930718 9981
1672103201118 1.7398645762530904 10198
1672103274004 1.7395993986919494 10415
1672103346207 1.737120307427657 10632
1672103419338 1.7328330519158741 10849
1672103491539 1.7308898624465012 11066
1672103564430 1.7353664995353004 11283
1672103636707 1.7311404708811022 11500
1672103709693 1.729842341762448 11717
1672103782270 1.729374808519497 11934
1672103855274 1.7309802038773907 12151
1672103928573 1.7329689158879247 12368
1672104001057 1.7264372793235176 12585
1672104073943 1.726111733025482 12802
1672104146444 1.7261456397851214 13019
1672104219566 1.721839564761772 13236
1672104292095 1.7269394816309451 13453
1672104365121 1.7226060530360099 13670
1672104438093 1.7232298730803008 13887
1672104510677 1.72479378700979 14104
1672104583196 1.72039304315303 14321
1672104656087 1.7209694179845851 14538
1672104728887 1.71503656411813 14755
1672104801408 1.716843124521827 14972
1672104874159 1.7181807248320908 15189
1672104947031 1.7208335301275213 15406
1672105019596 1.717224976400248 15623
1672105092471 1.7184771529718041 15840
1672105165355 1.7168276882813953 16057
1672105237873 1.7164442909855315 16274
1672105310598 1.7123467749424344 16491
1672105383293 1.7134026278361894 16708
1672105455807 1.7107490290548468 16925
1672105528138 1.712097935769777 17142
1672105600595 1.715469469886594 17359
1672105673170 1.7127453867833757 17576
1672105745808 1.7154333368387644 17793
1672105818542 1.7133979805820696 18010
1672105890990 1.7093925548442153 18227
1672105963869 1.7099042769868986 18444
1672106037323 1.7123615875332452 18661
1672106109941 1.710574453543291 18878
1672106182968 1.7112868860677826 19095
1672106255969 1.705983147985818 19312
1672106328782 1.708178583541866 19529
1672106401789 1.706099842307123 19746
1672106475058 1.708299310285779 19963
1672106548299 1.7102690323269671 20180
1672106620978 1.7062633531398776 20397
1672106694138 1.710006565174708 20614
1672106766910 1.7049435174392025 20831
1672106839845 1.700747805057765 21048
1672106912547 1.7093762576233051 21265
1672106985670 1.7002226819723718 21482
1672107058042 1.7023057439470657 21699
1672107130724 1.7029736252067733 21916
1672107204091 1.7021251565173932 22133
1672107277006 1.6983550678656694 22350
1672107350573 1.7026724929834907 22567
1672107429697 1.7025499682996879 22784
1672107509255 1.6996290787694404 23001
1672107586660 1.7023230732618082 23218
1672107662224 1.6992663090110798 23435
1672107737978 1.6976618407470838 23652
1672107813826 1.6987928650626214 23869
1672107890109 1.7010515886127433 24086
1672107965946 1.6988283517425544 24303
1672108041929 1.7001326357297264 24520
1672108118081 1.697289681084037 24737
1672108194202 1.6940848698534268 24954
1672108270321 1.6980137978198115 25171
1672108346070 1.69589401037703 25388
1672108422226 1.6967793346042384 25605
1672108498077 1.6969180118995417 25822
1672108574187 1.6925798754203216 26039
1672108649739 1.6958750817027226 26256
1672108725959 1.6886013487474543 26473
1672108801762 1.6923166878032474 26690
1672108877910 1.692294375487645 26907
1672108954315 1.6907177413845655 27124
1672109029913 1.68881341529913 27341
1672109105461 1.687936268450436 27558
1672109181304 1.6915401394850096 27775
1672109258379 1.6870723374808354 27992
1672109334646 1.69306014103729 28209
1672109410889 1.6910608087308012 28426
1672109487252 1.6887073376055084 28643
1672109563909 1.6853339845775681 28860
1672109640761 1.6847193735719925 29077
1672109716889 1.687034119565522 29294
1672109793731 1.6864958700526123 29511
1672109870046 1.6899437481019655 29728
1672109946383 1.6870913040119784 29945
1672110022636 1.6848626504279647 30162
1672110098984 1.6841573541048729 30379
1672110175314 1.6855492589673646 30596
1672110252118 1.682545681078801 30813
1672110328580 1.6833699854617077 31030
1672110405207 1.683880124039257 31247
1672110481874 1.6843644411443355 31464
1672110558625 1.6865274220111954 31681
1672110635058 1.6875185027851656 31898
1672110711482 1.681516369790099 32115
1672110787742 1.6814363037367754 32332
1672110863334 1.6840755711153979 32549
