1672099804926 0.78125 49
1672099819467 0.75 99
1672099834150 0.875 149
1672099848641 0.875 199
1672099873005 0.8125 249
1672099887201 0.875 299
1672099901433 0.8125 349
1672099915621 0.75 399
1672099939668 0.875 449
1672099954243 0.84375 499
1672099968677 0.71875 549
1672099983028 0.71875 599
1672099997320 0.78125 649
1672100021557 0.75 699
1672100035815 0.75 749
1672100050089 0.65625 799
1672100064348 0.71875 849
1672100088762 0.75 899
1672100103049 0.78125 949
1672100117293 0.84375 999
1672100131515 0.75 1049
1672100155775 0.71875 1099
1672100170112 0.875 1149
1672100184454 0.90625 1199
1672100198753 0.8125 1249
1672100213181 0.90625 1299
1672100237859 0.9375 1349
1672100252222 0.78125 1399
1672100266669 0.75 1449
1672100281150 0.8125 1499
1672100305688 0.84375 1549
1672100319961 0.71875 1599
1672100334290 0.84375 1649
1672100348739 0.6875 1699
1672100373406 0.71875 1749
1672100387759 0.78125 1799
1672100402237 0.875 1849
1672100416626 0.75 1899
1672100430926 0.875 1949
1672100455416 0.8125 1999
1672100469774 0.8125 2049
1672100484284 0.84375 2099
1672100498765 0.8125 2149
1672100523231 0.75 2199
1672100537616 0.6875 2249
1672100552116 0.78125 2299
1672100566488 0.78125 2349
1672100590996 0.6875 2399
1672100605327 0.90625 2449
1672100619619 0.84375 2499
1672100634161 0.78125 2549
1672100648459 0.65625 2599
1672100672993 0.90625 2649
1672100687478 0.78125 2699
1672100701835 0.78125 2749
1672100716167 0.75 2799
1672100741084 0.75 2849
1672100755469 0.65625 2899
1672100769971 0.8125 2949
1672100784442 0.84375 2999
1672100808859 0.75 3049
1672100823448 0.8125 3099
1672100837780 0.78125 3149
1672100852109 0.84375 3199
1672100866392 0.8125 3249
1672100890707 0.75 3299
1672100904949 0.71875 3349
1672100919451 0.8125 3399
1672100933694 0.71875 3449
1672100958151 0.90625 3499
1672100972417 1.0 3549
1672100986677 0.71875 3599
1672101000948 0.875 3649
1672101025496 0.8125 3699
1672101039949 0.6875 3749
1672101054233 0.90625 3799
1672101068727 0.78125 3849
1672101083126 0.8125 3899
1672101107673 0.6875 3949
1672101122018 0.78125 3999
1672101136353 0.8125 4049
1672101150666 0.8125 4099
1672101175227 0.75 4149
1672101189621 0.78125 4199
1672101204065 0.78125 4249
1672101218379 0.78125 4299
1672101243246 0.875 4349
1672101257680 0.96875 4399
1672101272138 0.75 4449
1672101286662 0.78125 4499
1672101301095 0.78125 4549
1672101325652 0.78125 4599
1672101339973 0.875 4649
1672101354265 0.78125 4699
1672101368600 0.8125 4749
1672101393292 0.8125 4799
1672101407769 0.78125 4849
1672101422204 0.75 4899
1672101436521 0.75 4949
1672101461130 0.75 4999
1672101475447 0.84375 5049
1672101489795 0.75 5099
1672101504157 0.875 5149
1672101518475 0.65625 5199
1672101543032 0.8125 5249
1672101557335 0.875 5299
1672101571728 0.8125 5349
1672101586038 0.71875 5399
1672101611000 0.6875 5449
1672101625325 0.875 5499
1672101639620 0.90625 5549
1672101653884 0.59375 5599
1672101678624 0.8125 5649
1672101692939 0.84375 5699
1672101707554 0.75 5749
1672101721893 0.84375 5799
1672101736214 0.8125 5849
1672101760536 0.84375 5899
1672101774813 0.90625 5949
1672101789339 0.78125 5999
1672101803574 0.78125 6049
1672101828219 0.6875 6099
1672101842557 0.6875 6149
1672101857087 0.75 6199
1672101871407 0.84375 6249
1672101895700 0.78125 6299
1672101910003 0.8125 6349
1672101924429 0.65625 6399
1672101938855 0.75 6449
1672101953186 0.8125 6499
1672101977734 0.9375 6549
1672101992234 0.9375 6599
1672102006622 0.75 6649
1672102021010 0.71875 6699
1672102045597 0.875 6749
1672102059903 0.8125 6799
1672102074393 0.8125 6849
1672102088798 0.90625 6899
1672102113461 0.90625 6949
1672102127800 0.75 6999
1672102142147 0.75 7049
1672102156459 0.875 7099
1672102170769 0.90625 7149
1672102195492 0.8125 7199
1672102209911 0.78125 7249
1672102224209 0.875 7299
1672102238492 0.84375 7349
1672102263155 0.8125 7399
1672102277618 0.6875 7449
1672102291914 0.78125 7499
1672102306180 0.84375 7549
1672102331102 0.71875 7599
1672102345379 0.90625 7649
1672102359695 0.71875 7699
1672102374024 0.71875 7749
1672102388498 0.6875 7799
1672102413152 0.75 7849
1672102427540 0.78125 7899
1672102441895 0.875 7949
1672102456273 0.75 7999
1672102480891 0.90625 8049
1672102495310 0.84375 8099
1672102509636 0.8125 8149
1672102523901 0.90625 8199
1672102548577 0.75 8249
1672102562856 0.8125 8299
1672102577139 0.90625 8349
1672102591662 0.6875 8399
1672102605955 0.78125 8449
1672102630532 0.84375 8499
1672102644807 0.78125 8549
1672102659248 0.84375 8599
1672102673543 0.875 8649
1672102698383 0.84375 8699
1672102712688 0.84375 8749
1672102726997 0.71875 8799
1672102741423 0.9375 8849
1672102766049 0.8125 8899
1672102780436 0.78125 8949
1672102794732 0.75 8999
1672102809034 0.84375 9049
1672102823389 0.75 9099
1672102848305 0.9375 9149
1672102862750 0.875 9199
1672102877086 0.84375 9249
1672102891497 0.75 9299
1672102915835 0.8125 9349
1672102930129 0.875 9399
1672102944424 0.84375 9449
1672102958724 0.90625 9499
1672102983588 0.90625 9549
1672102997962 0.875 9599
1672103012444 0.78125 9649
1672103026952 0.90625 9699
1672103041253 0.875 9749
1672103066148 0.8125 9799
1672103080577 0.84375 9849
1672103095002 0.875 9899
1672103109720 0.84375 9949
1672103134475 0.84375 9999
1672103148803 0.75 10049
1672103163147 0.9375 10099
1672103177601 0.8125 10149
1672103202144 0.90625 10199
1672103216505 0.75 10249
1672103230854 0.78125 10299
1672103245372 0.8125 10349
1672103259739 0.8125 10399
1672103284563 0.875 10449
1672103298909 0.90625 10499
1672103313184 0.75 10549
1672103327438 0.75 10599
1672103351716 0.90625 10649
1672103366190 0.8125 10699
1672103380498 0.75 10749
1672103394960 0.75 10799
1672103409351 0.625 10849
1672103434306 0.78125 10899
1672103448619 0.8125 10949
1672103462934 0.78125 10999
1672103477258 0.71875 11049
1672103501798 0.84375 11099
1672103516311 0.6875 11149
1672103530652 0.8125 11199
1672103545246 0.8125 11249
1672103569754 0.78125 11299
1672103584120 0.75 11349
1672103598413 0.8125 11399
1672103612692 0.8125 11449
1672103626946 0.875 11499
1672103651491 0.84375 11549
1672103666240 0.9375 11599
1672103680582 0.8125 11649
1672103695196 0.875 11699
1672103719548 0.75 11749
1672103733955 0.875 11799
1672103748362 0.90625 11849
1672103762793 0.75 11899
1672103787371 0.71875 11949
1672103802000 0.78125 11999
1672103816429 0.75 12049
1672103830712 0.875 12099
1672103844961 0.78125 12149
1672103869835 0.8125 12199
1672103884166 0.84375 12249
1672103898488 0.71875 12299
1672103913277 0.65625 12349
1672103938094 0.84375 12399
1672103952479 0.9375 12449
1672103966969 0.8125 12499
1672103981390 0.78125 12549
1672104005751 0.84375 12599
1672104020134 0.84375 12649
1672104034491 0.90625 12699
1672104048995 0.875 12749
1672104063479 0.90625 12799
1672104088173 0.90625 12849
1672104102645 0.875 12899
1672104116923 0.84375 12949
1672104131217 0.75 12999
1672104155761 0.875 13049
1672104170117 0.78125 13099
1672104184799 0.75 13149
1672104199265 0.90625 13199
1672104224016 0.90625 13249
1672104238464 0.78125 13299
1672104252804 0.8125 13349
1672104267105 0.65625 13399
1672104281433 0.65625 13449
1672104306169 0.84375 13499
1672104320867 0.84375 13549
1672104335200 0.875 13599
1672104349564 0.78125 13649
1672104374232 0.8125 13699
1672104388544 0.78125 13749
1672104402883 0.84375 13799
1672104417298 0.8125 13849
1672104442338 0.90625 13899
1672104456590 0.78125 13949
1672104471026 0.71875 13999
1672104485291 0.75 14049
1672104499553 0.78125 14099
1672104524344 0.875 14149
1672104538626 0.875 14199
1672104552951 0.65625 14249
1672104567397 0.75 14299
1672104591929 0.71875 14349
1672104606338 0.90625 14399
1672104620891 0.875 14449
1672104635235 0.8125 14499
1672104659916 0.6875 14549
1672104674367 0.875 14599
1672104688700 0.6875 14649
1672104703203 0.84375 14699
1672104717652 0.90625 14749
1672104742151 0.84375 14799
1672104756611 0.8125 14849
1672104771003 0.71875 14899
1672104785316 0.8125 14949
1672104809834 0.90625 14999
1672104824305 0.84375 15049
1672104838648 0.71875 15099
1672104853127 0.90625 15149
1672104877695 0.65625 15199
1672104892110 0.6875 15249
1672104906529 0.6875 15299
1672104920951 0.8125 15349
1672104935584 0.75 15399
1672104959988 0.71875 15449
1672104974281 0.8125 15499
1672104988840 0.9375 15549
1672105003122 0.875 15599
1672105027785 0.6875 15649
1672105042260 0.84375 15699
1672105056775 0.84375 15749
1672105071126 0.84375 15799
1672105095900 0.875 15849
1672105110225 0.78125 15899
1672105124678 0.8125 15949
1672105138998 0.75 15999
1672105153382 0.71875 16049
1672105178065 0.875 16099
1672105192498 0.875 16149
1672105206802 0.875 16199
1672105221126 0.78125 16249
1672105245737 0.78125 16299
1672105260046 0.78125 16349
1672105274539 0.84375 16399
1672105288884 0.78125 16449
1672105313606 0.8125 16499
1672105328068 0.875 16549
1672105342510 0.84375 16599
1672105356998 0.875 16649
1672105371356 0.6875 16699
1672105395722 0.84375 16749
1672105410028 0.90625 16799
1672105424548 0.875 16849
1672105438845 0.875 16899
1672105463361 0.90625 16949
1672105477650 0.8125 16999
1672105492105 0.6875 17049
1672105506392 0.84375 17099
1672105530874 0.8125 17149
1672105545159 0.78125 17199
1672105559439 0.875 17249
1672105573853 0.8125 17299
1672105588308 0.8125 17349
1672105612837 0.84375 17399
1672105627265 0.84375 17449
1672105641568 0.78125 17499
1672105655887 0.9375 17549
1672105680408 0.96875 17599
1672105694870 0.78125 17649
1672105709478 0.90625 17699
1672105723798 0.8125 17749
1672105748212 0.90625 17799
1672105762695 0.875 17849
1672105777189 0.90625 17899
1672105791503 0.8125 17949
1672105805875 0.8125 17999
1672105830382 0.8125 18049
1672105844910 0.84375 18099
1672105859250 0.875 18149
1672105873531 0.875 18199
1672105897962 0.8125 18249
1672105912417 0.78125 18299
1672105926908 0.875 18349
1672105941306 0.8125 18399
1672105966231 0.78125 18449
1672105980678 0.875 18499
1672105995285 0.875 18549
1672106009737 0.71875 18599
1672106024153 0.8125 18649
1672106048859 0.71875 18699
1672106063318 0.84375 18749
1672106077648 0.875 18799
1672106091938 0.84375 18849
1672106116767 0.96875 18899
1672106131167 0.84375 18949
1672106145645 0.84375 18999
1672106160115 0.625 19049
1672106184810 0.8125 19099
1672106199262 0.8125 19149
1672106213571 0.75 19199
1672106227874 0.90625 19249
1672106242158 0.75 19299
1672106267212 0.8125 19349
1672106281702 0.84375 19399
1672106296164 0.9375 19449
1672106310455 0.8125 19499
1672106335346 0.71875 19549
1672106349701 0.90625 19599
1672106364033 0.84375 19649
1672106378370 0.75 19699
1672106403393 0.78125 19749
1672106417933 0.875 19799
1672106432387 0.875 19849
1672106446715 0.84375 19899
1672106461164 0.90625 19949
1672106486176 0.84375 19999
1672106500642 0.78125 20049
1672106515073 0.90625 20099
1672106529652 0.75 20149
1672106554564 0.8125 20199
1672106568867 0.75 20249
1672106583317 0.875 20299
1672106597660 0.9375 20349
1672106622272 0.84375 20399
1672106636611 0.84375 20449
1672106650960 0.6875 20499
1672106665414 0.84375 20549
1672106679809 0.78125 20599
1672106704981 0.8125 20649
1672106719365 0.65625 20699
1672106733709 0.75 20749
1672106748057 0.75 20799
1672106772733 0.75 20849
1672106787038 0.75 20899
1672106801448 0.78125 20949
1672106815772 0.8125 20999
1672106840881 0.90625 21049
1672106855152 0.8125 21099
1672106869471 0.8125 21149
1672106883814 0.8125 21199
1672106898124 0.84375 21249
1672106923014 0.8125 21299
1672106937387 0.84375 21349
1672106951768 0.65625 21399
1672106966302 0.75 21449
1672106991182 0.71875 21499
1672107005620 0.875 21549
1672107019930 0.71875 21599
1672107034202 0.90625 21649
1672107048301 1.0 21699
1672107073304 0.875 21749
1672107087571 0.8125 21799
1672107101818 0.9375 21849
1672107116208 0.75 21899
1672107141093 0.84375 21949
1672107155473 0.8125 21999
1672107169926 0.78125 22049
1672107184523 0.875 22099
1672107209380 0.84375 22149
1672107223678 0.875 22199
1672107237988 0.9375 22249
1672107252442 0.78125 22299
1672107266906 0.75 22349
1672107291873 0.78125 22399
1672107306426 0.90625 22449
1672107321373 0.78125 22499
1672107335783 0.875 22549
1672107360672 0.78125 22599
1672107375771 0.90625 22649
1672107390863 0.8125 22699
1672107406499 0.8125 22749
1672107435405 0.875 22799
1672107450378 0.75 22849
1672107465447 0.75 22899
1672107480803 0.75 22949
1672107495900 0.875 22999
1672107524778 0.875 23049
1672107540583 0.78125 23099
1672107555579 0.8125 23149
1672107570455 0.90625 23199
1672107596592 0.84375 23249
1672107611538 0.625 23299
1672107626277 0.84375 23349
1672107641039 0.90625 23399
1672107667106 0.8125 23449
1672107681823 0.84375 23499
1672107696870 0.65625 23549
1672107711762 0.75 23599
1672107726428 0.8125 23649
1672107752941 0.875 23699
1672107767770 0.875 23749
1672107782546 0.71875 23799
1672107797366 0.84375 23849
1672107823547 0.9375 23899
1672107838392 0.875 23949
1672107853258 0.90625 23999
1672107868279 0.875 24049
1672107894741 0.875 24099
1672107909442 0.90625 24149
1672107924513 0.78125 24199
1672107939399 0.9375 24249
1672107954140 0.875 24299
1672107980314 0.875 24349
1672107995294 0.90625 24399
1672108010299 0.875 24449
1672108025115 0.78125 24499
1672108051474 0.78125 24549
1672108066696 0.9375 24599
1672108081537 0.78125 24649
1672108096380 0.75 24699
1672108122631 0.8125 24749
1672108137380 0.90625 24799
1672108152336 0.8125 24849
1672108167138 0.78125 24899
1672108181917 0.90625 24949
1672108208470 0.8125 24999
1672108223438 0.96875 25049
1672108238223 0.78125 25099
1672108253207 0.6875 25149
1672108279331 0.625 25199
1672108294244 0.875 25249
1672108309019 0.875 25299
1672108323836 0.84375 25349
1672108350100 0.875 25399
1672108365063 0.75 25449
1672108379877 0.84375 25499
1672108394702 0.875 25549
1672108409483 0.875 25599
1672108436227 0.96875 25649
1672108451041 0.90625 25699
1672108465833 0.84375 25749
1672108480747 0.875 25799
1672108506820 0.84375 25849
1672108521569 0.78125 25899
1672108536324 0.71875 25949
1672108551127 0.90625 25999
1672108577961 0.84375 26049
1672108592711 0.78125 26099
1672108607443 0.84375 26149
1672108622148 0.8125 26199
1672108636938 0.8125 26249
1672108663298 0.75 26299
1672108678304 0.90625 26349
1672108693220 0.71875 26399
1672108708315 0.875 26449
1672108734530 0.78125 26499
1672108749285 0.90625 26549
1672108764057 0.8125 26599
1672108778825 0.78125 26649
1672108805217 0.8125 26699
1672108820171 0.90625 26749
1672108835353 0.8125 26799
1672108850141 0.875 26849
1672108864923 0.8125 26899
1672108891269 0.75 26949
1672108906138 0.84375 26999
1672108921022 0.71875 27049
1672108936105 0.90625 27099
1672108962488 0.90625 27149
1672108977274 0.875 27199
1672108992224 0.84375 27249
1672109006982 0.71875 27299
1672109033054 0.90625 27349
1672109047739 0.90625 27399
1672109062481 0.8125 27449
1672109077260 0.9375 27499
1672109092271 0.75 27549
1672109118358 0.8125 27599
1672109133304 0.8125 27649
1672109148167 0.8125 27699
1672109162992 0.71875 27749
1672109189259 0.8125 27799
1672109204392 0.8125 27849
1672109219689 0.84375 27899
1672109234620 0.75 27949
1672109261277 0.96875 27999
1672109276394 0.75 28049
1672109291284 0.875 28099
1672109306139 0.96875 28149
1672109320997 0.84375 28199
1672109347469 0.8125 28249
1672109362472 0.8125 28299
1672109377258 0.875 28349
1672109392217 0.875 28399
1672109418684 0.875 28449
1672109433505 0.9375 28499
1672109448334 0.8125 28549
1672109463164 0.8125 28599
1672109490016 0.9375 28649
1672109504942 0.90625 28699
1672109520008 0.78125 28749
1672109534941 0.78125 28799
1672109549893 0.8125 28849
1672109576449 0.84375 28899
1672109591394 0.875 28949
1672109606549 0.875 28999
1672109621405 0.875 29049
1672109648164 0.8125 29099
1672109663037 0.78125 29149
1672109677947 0.71875 29199
1672109692830 0.75 29249
1672109719184 0.875 29299
1672109734235 0.78125 29349
1672109749020 0.875 29399
1672109764032 0.84375 29449
1672109778955 0.8125 29499
1672109805829 0.78125 29549
1672109820690 0.84375 29599
1672109835703 0.8125 29649
1672109850632 0.875 29699
1672109877040 0.78125 29749
1672109892066 0.75 29799
1672109907059 0.875 29849
1672109922113 0.78125 29899
1672109948387 0.84375 29949
1672109963240 0.8125 29999
1672109978294 0.9375 30049
1672109993189 0.84375 30099
1672110008222 0.75 30149
1672110034891 0.625 30199
1672110049855 0.8125 30249
1672110064627 0.90625 30299
1672110079401 0.78125 30349
1672110105728 0.90625 30399
1672110120588 0.875 30449
1672110135754 0.75 30499
1672110150545 0.84375 30549
1672110177025 0.8125 30599
1672110192464 0.75 30649
1672110207337 0.9375 30699
1672110222192 0.84375 30749
1672110237131 0.8125 30799
1672110263662 0.78125 30849
1672110278671 0.78125 30899
1672110293754 0.84375 30949
1672110308810 0.875 30999
1672110335022 0.90625 31049
1672110350125 0.96875 31099
1672110365065 0.75 31149
1672110379985 0.65625 31199
1672110406541 0.96875 31249
1672110421822 0.84375 31299
1672110436729 0.875 31349
1672110451664 0.75 31399
1672110466689 0.6875 31449
1672110493144 0.78125 31499
1672110508083 0.71875 31549
1672110523156 0.8125 31599
1672110538109 0.9375 31649
1672110564771 1.0 31699
1672110579827 0.75 31749
1672110594707 0.875 31799
1672110609618 0.78125 31849
1672110636185 0.8125 31899
1672110651181 0.71875 31949
1672110666017 0.9375 31999
1672110681024 0.84375 32049
1672110695852 0.8125 32099
1672110722461 0.75 32149
1672110737378 0.84375 32199
1672110752245 0.90625 32249
1672110767245 0.90625 32299
1672110793563 0.84375 32349
1672110808327 0.8125 32399
1672110823250 0.78125 32449
1672110838147 0.8125 32499
1672110852697 0.875 32549
