1672099862905 0.7692196369171143 216
1672099934446 0.780202329158783 433
1672100006793 0.7806358337402344 650
1672100078600 0.7806358337402344 867
1672100150781 0.7803468108177185 1084
1672100223265 0.7806358337402344 1301
1672100296063 0.7806358337402344 1518
1672100368594 0.7806358337402344 1735
1672100441291 0.7804913520812988 1952
1672100513893 0.7807803750038147 2169
1672100586528 0.7819364070892334 2386
1672100659161 0.7835260033607483 2603
1672100732070 0.7832369804382324 2820
1672100804754 0.7868497371673584 3037
1672100877150 0.7862716913223267 3254
1672100949475 0.7923410534858704 3471
1672101021666 0.7923410534858704 3688
1672101094387 0.7955202460289001 3905
1672101166634 0.7973988652229309 4122
1672101239570 0.7992774844169617 4339
1672101312471 0.8023121356964111 4556
1672101385081 0.7992774844169617 4773
1672101457877 0.8017340898513794 4990
1672101530101 0.8010115623474121 5207
1672101603132 0.8027456402778625 5424
1672101675594 0.8017340898513794 5641
1672101748125 0.8017340898513794 5858
1672101820646 0.8070809245109558 6075
1672101892976 0.8086705207824707 6292
1672101965403 0.8057803511619568 6509
1672102038192 0.8092485666275024 6726
1672102111029 0.8088150024414062 6943
1672102183578 0.8089595437049866 7160
1672102256205 0.8072254061698914 7377
1672102328962 0.8047688007354736 7594
1672102401420 0.8138728141784668 7811
1672102474178 0.8108381628990173 8028
1672102546759 0.8112716674804688 8245
1672102619127 0.8141618371009827 8462
1672102691747 0.8132947683334351 8679
1672102764518 0.8082370162010193 8896
1672102837182 0.8145954012870789 9113
1672102909721 0.8128612637519836 9330
1672102982295 0.8115606904029846 9547
1672103055389 0.8102601170539856 9764
1672103128642 0.8121387362480164 9981
1672103201118 0.8153179287910461 10198
1672103274004 0.8180635571479797 10415
1672103346207 0.8122832179069519 10632
1672103419338 0.8166185021400452 10849
1672103491539 0.8157514333724976 11066
1672103564430 0.8144508600234985 11283
1672103636707 0.8161849975585938 11500
1672103709693 0.8176300525665283 11717
1672103782270 0.81488436460495 11934
1672103855274 0.8158959746360779 12151
1672103928573 0.8182080984115601 12368
1672104001057 0.8193641901016235 12585
1672104073943 0.8163294792175293 12802
1672104146444 0.8184971213340759 13019
1672104219566 0.8209537863731384 13236
1672104292095 0.8124277591705322 13453
1672104365121 0.819797694683075 13670
1672104438093 0.8184971213340759 13887
1672104510677 0.8196531534194946 14104
1672104583196 0.8176300525665283 14321
1672104656087 0.8189306259155273 14538
1672104728887 0.8206647634506226 14755
1672104801408 0.8199421763420105 14972
1672104874159 0.8174855709075928 15189
1672104947031 0.8193641901016235 15406
1672105019596 0.823699414730072 15623
1672105092471 0.8212427496910095 15840
1672105165355 0.8183525800704956 16057
1672105237873 0.8182080984115601 16274
1672105310598 0.8195086717605591 16491
1672105383293 0.8235549330711365 16708
1672105455807 0.8206647634506226 16925
1672105528138 0.8219653367996216 17142
1672105600595 0.8203757405281067 17359
1672105673170 0.8222543597221375 17576
1672105745808 0.8202311992645264 17793
1672105818542 0.8245664834976196 18010
1672105890990 0.8216763138771057 18227
1672105963869 0.8268786072731018 18444
1672106037323 0.8196531534194946 18661
1672106109941 0.8267341256141663 18878
1672106182968 0.8154624104499817 19095
1672106255969 0.8242774605751038 19312
1672106328782 0.8247109651565552 19529
1672106401789 0.8267341256141663 19746
1672106475058 0.8203757405281067 19963
1672106548299 0.8245664834976196 20180
1672106620978 0.822398841381073 20397
1672106694138 0.824999988079071 20614
1672106766910 0.8228323459625244 20831
1672106839845 0.8258670568466187 21048
1672106912547 0.819797694683075 21265
1672106985670 0.8277456760406494 21482
1672107058042 0.8221098184585571 21699
1672107130724 0.8277456760406494 21916
1672107204091 0.8252890110015869 22133
1672107277006 0.8241329193115234 22350
1672107350573 0.8247109651565552 22567
1672107429697 0.8234103918075562 22784
1672107509255 0.8257225155830383 23001
1672107586660 0.8244219422340393 23218
1672107662224 0.8228323459625244 23435
1672107737978 0.8271676301956177 23652
1672107813826 0.8273121118545532 23869
1672107890109 0.8248555064201355 24086
1672107965946 0.8258670568466187 24303
1672108041929 0.8268786072731018 24520
1672108118081 0.8277456760406494 24737
1672108194202 0.8280346989631653 24954
1672108270321 0.8213872909545898 25171
1672108346070 0.8264451026916504 25388
1672108422226 0.8294797539710999 25605
1672108498077 0.8209537863731384 25822
1672108574187 0.8296242952346802 26039
1672108649739 0.8251445293426514 26256
1672108725959 0.8280346989631653 26473
1672108801762 0.8280346989631653 26690
1672108877910 0.8284682035446167 26907
1672108954315 0.8267341256141663 27124
1672109029913 0.8261560797691345 27341
1672109105461 0.828612744808197 27558
1672109181304 0.8252890110015869 27775
1672109258379 0.8306358456611633 27992
1672109334646 0.8284682035446167 28209
1672109410889 0.8242774605751038 28426
1672109487252 0.8271676301956177 28643
1672109563909 0.8260115385055542 28860
1672109640761 0.8297687768936157 29077
1672109716889 0.827890157699585 29294
1672109793731 0.8297687768936157 29511
1672109870046 0.8289017081260681 29728
1672109946383 0.8261560797691345 29945
1672110022636 0.8303468227386475 30162
1672110098984 0.8270231485366821 30379
1672110175314 0.8294797539710999 30596
1672110252118 0.827890157699585 30813
1672110328580 0.8267341256141663 31030
1672110405207 0.8283237218856812 31247
1672110481874 0.829190731048584 31464
1672110558625 0.8309248685836792 31681
1672110635058 0.8274566531181335 31898
1672110711482 0.8274566531181335 32115
1672110787742 0.8289017081260681 32332
1672110863334 0.831791877746582 32549
