1671769748877 22.0 22
1671769762607 22.0 45
1671769776759 22.0 68
1671769790522 22.0 91
1671769804657 22.0 114
1671769818459 22.0 137
1671769832520 22.0 160
1671769846722 22.0 183
1671769860760 22.0 206
1671769874665 22.0 229
1671769888727 22.0 252
1671769902712 22.0 275
1671769916501 22.0 298
1671769930530 22.0 321
1671769944488 22.0 344
1671769958356 22.0 367
1671769972278 22.0 390
1671769986132 22.0 413
1671770000268 22.0 436
1671770014252 22.0 459
1671770028050 22.0 482
1671770041817 22.0 505
1671770055794 22.0 528
1671770069712 22.0 551
1671770083512 22.0 574
1671770097376 22.0 597
1671770111370 22.0 620
1671770125193 22.0 643
1671770139206 22.0 666
1671770153329 22.0 689
1671770167505 22.0 712
1671770181451 22.0 735
1671770195322 22.0 758
1671770209090 22.0 781
1671770223009 22.0 804
1671770236863 22.0 827
1671770250633 22.0 850
1671770264509 22.0 873
1671770278556 22.0 896
1671770292501 22.0 919
1671770306475 22.0 942
1671770320619 22.0 965
1671770334695 22.0 988
1671770348692 22.0 1011
1671770362640 22.0 1034
1671770376757 22.0 1057
1671770390862 22.0 1080
1671770404581 22.0 1103
1671770418611 22.0 1126
1671770432497 22.0 1149
1671770446404 22.0 1172
1671770460167 22.0 1195
1671770474238 22.0 1218
1671770488079 22.0 1241
1671770502021 22.0 1264
1671770516215 22.0 1287
1671770530012 22.0 1310
1671770543876 22.0 1333
1671770557673 22.0 1356
1671770571457 22.0 1379
1671770585330 22.0 1402
1671770599098 22.0 1425
1671770613205 22.0 1448
1671770627136 22.0 1471
1671770641320 22.0 1494
1671770655202 22.0 1517
1671770669268 22.0 1540
1671770683358 22.0 1563
1671770697412 22.0 1586
1671770711492 22.0 1609
1671770725370 22.0 1632
1671770739302 22.0 1655
1671770753232 22.0 1678
1671770767137 22.0 1701
1671770780838 22.0 1724
1671770794651 22.0 1747
1671770808742 22.0 1770
1671770822859 22.0 1793
1671770836956 22.0 1816
1671770850912 22.0 1839
1671770864970 22.0 1862
1671770879024 22.0 1885
1671770893030 22.0 1908
1671770907154 22.0 1931
1671770920997 22.0 1954
1671770935006 22.0 1977
1671770948980 22.0 2000
1671770962847 22.0 2023
1671770976674 22.0 2046
1671770990692 22.0 2069
1671771004591 22.0 2092
1671771018563 22.0 2115
1671771032543 22.0 2138
1671771046397 22.0 2161
1671771060311 22.0 2184
1671771074049 22.0 2207
1671771088051 22.0 2230
1671771101951 22.0 2253
1671771116208 22.0 2276
1671771130118 22.0 2299
1671771144003 22.0 2322
1671771157796 22.0 2345
1671771171755 22.0 2368
1671771185624 22.0 2391
1671771199676 22.0 2414
1671771213583 22.0 2437
1671771227433 22.0 2460
1671771241377 22.0 2483
1671771255452 22.0 2506
1671771269355 22.0 2529
1671771283378 22.0 2552
1671771297383 22.0 2575
1671771311471 22.0 2598
1671771325309 22.0 2621
1671771339101 22.0 2644
1671771352995 22.0 2667
1671771366926 22.0 2690
1671771381104 22.0 2713
1671771395165 22.0 2736
1671771409218 22.0 2759
1671771423409 22.0 2782
1671771437356 22.0 2805
1671771451530 22.0 2828
1671771465759 22.0 2851
1671771479892 22.0 2874
1671771493973 22.0 2897
1671771507937 22.0 2920
1671771522167 22.0 2943
1671771536441 22.0 2966
1671771550400 22.0 2989
1671771564349 22.0 3012
1671771578343 22.0 3035
1671771592258 22.0 3058
1671771606138 22.0 3081
1671771620266 22.0 3104
1671771634278 22.0 3127
1671771648097 22.0 3150
1671771662127 22.0 3173
1671771676068 22.0 3196
1671771690248 22.0 3219
1671771704188 22.0 3242
1671771718589 22.0 3265
1671771732597 22.0 3288
1671771746503 22.0 3311
1671771760594 22.0 3334
1671771774662 22.0 3357
1671771788454 22.0 3380
1671771802534 22.0 3403
1671771816309 22.0 3426
1671771830214 22.0 3449
