1671769748877 0.0 22
1671769762607 0.0 45
1671769776759 0.0 68
1671769790522 0.0 91
1671769804657 0.0 114
1671769818459 0.0 137
1671769832520 0.0 160
1671769846722 0.0 183
1671769860760 0.0 206
1671769874665 0.0 229
1671769888727 0.0 252
1671769902712 0.0 275
1671769916501 0.0 298
1671769930530 0.0 321
1671769944488 0.0 344
1671769958356 0.0 367
1671769972278 0.0 390
1671769986132 0.0 413
1671770000268 0.0 436
1671770014252 0.0 459
1671770028050 0.0 482
1671770041817 0.0 505
1671770055794 0.0 528
1671770069712 0.0 551
1671770083512 0.0 574
1671770097376 0.0 597
1671770111370 0.0 620
1671770125193 0.0 643
1671770139206 0.0 666
1671770153329 0.0 689
1671770167505 0.0 712
1671770181451 0.0 735
1671770195322 0.0 758
1671770209090 0.0 781
1671770223009 0.0 804
1671770236863 0.0 827
1671770250633 0.0 850
1671770264509 0.0 873
1671770278556 0.0 896
1671770292501 0.0 919
1671770306475 0.0 942
1671770320619 0.0 965
1671770334695 0.0 988
1671770348692 0.0 1011
1671770362640 0.0 1034
1671770376757 0.0 1057
1671770390862 0.0 1080
1671770404581 0.0 1103
1671770418611 0.0 1126
1671770432497 0.0 1149
1671770446404 0.0 1172
1671770460167 0.0 1195
1671770474238 0.0 1218
1671770488079 0.0 1241
1671770502021 0.0 1264
1671770516215 0.0 1287
1671770530012 0.0 1310
1671770543876 0.0 1333
1671770557673 0.0 1356
1671770571457 0.0 1379
1671770585330 0.0 1402
1671770599098 0.0 1425
1671770613205 0.0 1448
1671770627136 0.0 1471
1671770641320 0.0 1494
1671770655202 0.0 1517
1671770669268 0.0 1540
1671770683358 0.0 1563
1671770697412 0.0 1586
1671770711492 0.0 1609
1671770725370 0.0 1632
1671770739302 0.0 1655
1671770753232 0.0 1678
1671770767137 0.0 1701
1671770780838 0.0 1724
1671770794651 0.0 1747
1671770808742 0.0 1770
1671770822859 0.0 1793
1671770836956 0.0 1816
1671770850912 0.0 1839
1671770864970 0.0 1862
1671770879024 0.0 1885
1671770893030 0.0 1908
1671770907154 0.0 1931
1671770920997 0.0 1954
1671770935006 0.0 1977
1671770948980 0.0 2000
1671770962847 0.0 2023
1671770976674 0.0 2046
1671770990692 0.0 2069
1671771004591 0.0 2092
1671771018563 0.0 2115
1671771032543 0.0 2138
1671771046397 0.0 2161
1671771060311 0.0 2184
1671771074049 0.0 2207
1671771088051 0.0 2230
1671771101951 0.0 2253
1671771116208 0.0 2276
1671771130118 0.0 2299
1671771144003 0.0 2322
1671771157796 0.0 2345
1671771171755 0.0 2368
1671771185624 0.0 2391
1671771199676 0.0 2414
1671771213583 0.0 2437
1671771227433 0.0 2460
1671771241377 0.0 2483
1671771255452 0.0 2506
1671771269355 0.0 2529
1671771283378 0.0 2552
1671771297383 0.0 2575
1671771311471 0.0 2598
1671771325309 0.0 2621
1671771339101 0.0 2644
1671771352995 0.0 2667
1671771366926 0.0 2690
1671771381104 0.0 2713
1671771395165 0.0 2736
1671771409218 0.0 2759
1671771423409 0.0 2782
1671771437356 0.0 2805
1671771451530 0.0 2828
1671771465759 0.0 2851
1671771479892 0.0 2874
1671771493973 0.0 2897
1671771507937 0.0 2920
1671771522167 0.0 2943
1671771536441 0.0 2966
1671771550400 0.0 2989
1671771564349 0.0 3012
1671771578343 0.0 3035
1671771592258 0.0 3058
1671771606138 0.0 3081
1671771620266 0.0 3104
1671771634278 0.0 3127
1671771648097 0.0 3150
1671771662127 0.0 3173
1671771676068 0.0 3196
1671771690248 0.0 3219
1671771704188 0.0 3242
1671771718589 0.0 3265
1671771732597 0.0 3288
1671771746503 0.0 3311
1671771760594 0.0 3334
1671771774662 0.0 3357
1671771788454 0.0 3380
1671771802534 0.0 3403
1671771816309 0.0 3426
1671771830214 0.0 3449
