1671769748877 0 22
1671769751849 1 22
1671769762607 1 45
1671769765831 2 45
1671769767667 2 49
1671769776759 2 68
1671769779922 3 68
1671769790522 3 91
1671769793711 4 91
1671769796647 4 99
1671769804657 4 114
1671769807843 5 114
1671769818459 5 137
1671769821630 6 137
1671769825790 6 149
1671769832520 6 160
1671769835632 7 160
1671769846722 7 183
1671769849899 8 183
1671769855149 8 199
1671769860760 8 206
1671769863877 9 206
1671769874665 9 229
1671769877883 10 229
1671769884216 10 249
1671769888727 10 252
1671769891915 11 252
1671769902712 11 275
1671769905840 12 275
1671769916501 12 298
1671769919806 13 298
1671769920706 13 299
1671769930530 13 321
1671769933811 14 321
1671769944488 14 344
1671769947638 15 344
1671769949682 15 349
1671769958356 15 367
1671769961518 16 367
1671769972278 16 390
1671769975422 17 390
1671769978644 17 399
1671769986132 17 413
1671769989198 18 413
1671770000268 18 436
1671770003454 19 436
1671770007824 19 449
1671770014252 19 459
1671770017429 20 459
1671770028050 20 482
1671770031224 21 482
1671770036631 21 499
1671770041817 21 505
1671770044958 22 505
1671770055794 22 528
1671770058877 23 528
1671770065529 23 549
1671770069712 23 551
1671770072845 24 551
1671770083512 24 574
1671770086639 25 574
1671770097376 25 597
1671770100511 26 597
1671770101727 26 599
1671770111370 26 620
1671770114505 27 620
1671770125193 27 643
1671770128419 28 643
1671770130793 28 649
1671770139206 28 666
1671770142412 29 666
1671770153329 29 689
1671770156546 30 689
1671770160142 30 699
1671770167505 30 712
1671770170697 31 712
1671770181451 31 735
1671770184637 32 735
1671770189218 32 749
1671770195322 32 758
1671770198466 33 758
1671770209090 33 781
1671770212280 34 781
1671770218065 34 799
1671770223009 34 804
1671770226192 35 804
1671770236863 35 827
1671770239978 36 827
1671770246854 36 849
1671770250633 36 850
1671770253783 37 850
1671770264509 37 873
1671770267750 38 873
1671770278556 38 896
1671770281784 39 896
1671770283295 39 899
1671770292501 39 919
1671770295685 40 919
1671770306475 40 942
1671770309705 41 942
1671770312379 41 949
1671770320619 41 965
1671770323760 42 965
1671770334695 42 988
1671770337834 43 988
1671770341718 43 999
1671770348692 43 1011
1671770351886 44 1011
1671770362640 44 1034
1671770365835 45 1034
1671770370773 45 1049
1671770376757 45 1057
1671770379929 46 1057
1671770390862 46 1080
1671770393962 47 1080
1671770399991 47 1099
1671770404581 47 1103
1671770407753 48 1103
1671770418611 48 1126
1671770421770 49 1126
1671770428781 49 1149
1671770432497 49 1149
1671770435639 50 1149
1671770446404 50 1172
1671770449568 51 1172
1671770460167 51 1195
1671770463359 52 1195
1671770465134 52 1199
1671770474238 52 1218
1671770477414 53 1218
1671770488079 53 1241
1671770491296 54 1241
1671770494224 54 1249
1671770502021 54 1264
1671770505248 55 1264
1671770516215 55 1287
1671770519353 56 1287
1671770523394 56 1299
1671770530012 56 1310
1671770533220 57 1310
1671770543876 57 1333
1671770546999 58 1333
1671770552267 58 1349
1671770557673 58 1356
1671770560843 59 1356
1671770571457 59 1379
1671770574589 60 1379
1671770580977 60 1399
1671770585330 60 1402
1671770588474 61 1402
1671770599098 61 1425
1671770602252 62 1425
1671770613205 62 1448
1671770616329 63 1448
1671770617228 63 1449
1671770627136 63 1471
1671770630268 64 1471
1671770641320 64 1494
1671770644397 65 1494
1671770646462 65 1499
1671770655202 65 1517
1671770658373 66 1517
1671770669268 66 1540
1671770672409 67 1540
1671770675645 67 1549
1671770683358 67 1563
1671770686576 68 1563
1671770697412 68 1586
1671770700604 69 1586
1671770705039 69 1599
1671770711492 69 1609
1671770714626 70 1609
1671770725370 70 1632
1671770728527 71 1632
1671770734020 71 1649
1671770739302 71 1655
1671770742441 72 1655
1671770753232 72 1678
1671770756400 73 1678
1671770763020 73 1699
1671770767137 73 1701
1671770770198 74 1701
1671770780838 74 1724
1671770783978 75 1724
1671770794651 75 1747
1671770797883 76 1747
1671770799076 76 1749
1671770808742 76 1770
1671770811860 77 1770
1671770822859 77 1793
1671770826068 78 1793
1671770828441 78 1799
1671770836956 78 1816
1671770840065 79 1816
1671770850912 79 1839
1671770854050 80 1839
1671770857562 80 1849
1671770864970 80 1862
1671770868191 81 1862
1671770879024 81 1885
1671770882221 82 1885
1671770886863 82 1899
1671770893030 82 1908
1671770896216 83 1908
1671770907154 83 1931
1671770910357 84 1931
1671770916059 84 1949
1671770920997 84 1954
1671770924141 85 1954
1671770935006 85 1977
1671770938148 86 1977
1671770945077 86 1999
1671770948980 86 2000
1671770952165 87 2000
1671770962847 87 2023
1671770966063 88 2023
1671770976674 88 2046
1671770979852 89 2046
1671770981483 89 2049
1671770990692 89 2069
1671770993903 90 2069
1671771004591 90 2092
1671771007705 91 2092
1671771010500 91 2099
1671771018563 91 2115
1671771021684 92 2115
1671771032543 92 2138
1671771035692 93 2138
1671771039443 93 2149
1671771046397 93 2161
1671771049580 94 2161
1671771060311 94 2184
1671771063484 95 2184
1671771068394 95 2199
1671771074049 95 2207
1671771077174 96 2207
1671771088051 96 2230
1671771091198 97 2230
1671771097252 97 2249
1671771101951 97 2253
1671771105229 98 2253
1671771116208 98 2276
1671771119323 99 2276
1671771126319 99 2299
1671771130118 99 2299
1671771133223 100 2299
1671771144003 100 2322
1671771147101 101 2322
1671771157796 101 2345
1671771160978 102 2345
1671771162756 102 2349
1671771171755 102 2368
1671771174917 103 2368
1671771185624 103 2391
1671771188727 104 2391
1671771191803 104 2399
1671771199676 104 2414
1671771202878 105 2414
1671771213583 105 2437
1671771216713 106 2437
1671771220780 106 2449
1671771227433 106 2460
1671771230625 107 2460
1671771241377 107 2483
1671771244635 108 2483
1671771249862 108 2499
1671771255452 108 2506
1671771258613 109 2506
1671771269355 109 2529
1671771272476 110 2529
1671771278912 110 2549
1671771283378 110 2552
1671771286524 111 2552
1671771297383 111 2575
1671771300567 112 2575
1671771311471 112 2598
1671771314641 113 2598
1671771315533 113 2599
1671771325309 113 2621
1671771328463 114 2621
1671771339101 114 2644
1671771342248 115 2644
1671771344324 115 2649
1671771352995 115 2667
1671771356146 116 2667
1671771366926 116 2690
1671771370067 117 2690
1671771373572 117 2699
1671771381104 117 2713
1671771384455 118 2713
1671771395165 118 2736
1671771398401 119 2736
1671771402733 119 2749
1671771409218 119 2759
1671771412479 120 2759
1671771423409 120 2782
1671771426586 121 2782
1671771432042 121 2799
1671771437356 121 2805
1671771440536 122 2805
1671771451530 122 2828
1671771454698 123 2828
1671771461319 123 2849
1671771465759 123 2851
1671771469013 124 2851
1671771479892 124 2874
1671771483158 125 2874
1671771493973 125 2897
1671771497198 126 2897
1671771498425 126 2899
1671771507937 126 2920
1671771511198 127 2920
1671771522167 127 2943
1671771525358 128 2943
1671771527711 128 2949
1671771536441 128 2966
1671771539648 129 2966
1671771550400 129 2989
1671771553616 130 2989
1671771557139 130 2999
1671771564349 130 3012
1671771567555 131 3012
1671771578343 131 3035
1671771581494 132 3035
1671771586132 132 3049
1671771592258 132 3058
1671771595374 133 3058
1671771606138 133 3081
1671771609330 134 3081
1671771615121 134 3099
1671771620266 134 3104
1671771623418 135 3104
1671771634278 135 3127
1671771637476 136 3127
1671771644292 136 3149
1671771648097 136 3150
1671771651292 137 3150
1671771662127 137 3173
1671771665377 138 3173
1671771676068 138 3196
1671771679244 139 3196
1671771680764 139 3199
1671771690248 139 3219
1671771693411 140 3219
1671771704188 140 3242
1671771707330 141 3242
1671771710173 141 3249
1671771718589 141 3265
1671771721794 142 3265
1671771732597 142 3288
1671771735791 143 3288
1671771739549 143 3299
1671771746503 143 3311
1671771749710 144 3311
1671771760594 144 3334
1671771763814 145 3334
1671771768755 145 3349
1671771774662 145 3357
1671771777818 146 3357
1671771788454 146 3380
1671771791570 147 3380
1671771797742 147 3399
1671771802534 147 3403
1671771805672 148 3403
1671771816309 148 3426
1671771819408 149 3426
1671771826410 149 3449
1671771830214 149 3449
1671771833194 150 3449
