1671769767667 1.804463761999604 49
1671769796647 1.1623422769590372 99
1671769825790 1.9712183079795889 149
1671769855149 1.6726043440307325 199
1671769884216 1.9837266588814515 249
1671769920706 1.9454233998945378 299
1671769949682 1.363771573311967 349
1671769978644 1.8752393152363311 399
1671770007824 1.2523040471272817 449
1671770036631 1.1207400278792803 499
1671770065529 1.6315322025680126 549
1671770101727 2.4262961823485334 599
1671770130793 2.0732419783452527 649
1671770160142 1.6145176464075472 699
1671770189218 1.8206602795506457 749
1671770218065 1.6040920675861505 799
1671770246854 1.5416735710683869 849
1671770283295 1.4792163274005228 899
1671770312379 2.1361824611149896 949
1671770341718 1.2715618754388263 999
1671770370773 1.5370955053430628 1049
1671770399991 2.1307619681999554 1099
1671770428781 0.7393886934053711 1149
1671770465134 0.8135271443495067 1199
1671770494224 1.95961888664102 1249
1671770523394 1.8395668596699049 1299
1671770552267 2.0504312497829655 1349
1671770580977 2.524706155526488 1399
1671770617228 1.7889717458475403 1449
1671770646462 1.2623946387822278 1499
1671770675645 2.3565067373693 1549
1671770705039 1.4528028246942724 1599
1671770734020 1.4832183606148186 1649
1671770763020 1.8556788060756204 1699
1671770799076 1.0706521489112164 1749
1671770828441 1.7989672273349666 1799
1671770857562 1.8597416668651354 1849
1671770886863 1.7067018656347415 1899
1671770916059 2.221803173862579 1949
1671770945077 1.5573256945103684 1999
1671770981483 2.341059663742931 2049
1671771010500 1.8197183793021978 2099
1671771039443 1.8335451755038639 2149
1671771068394 1.7146672559412917 2199
1671771097252 1.6702100297990166 2249
1671771126319 1.466340499429723 2299
1671771162756 2.627477830719566 2349
1671771191803 2.0817985477888126 2399
1671771220780 1.3541456946259343 2449
1671771249862 1.6483706374820541 2499
1671771278912 1.6175279356793255 2549
1671771315533 2.198997014070101 2599
1671771344324 1.5704001956208216 2649
1671771373572 1.5228903195353354 2699
1671771402733 2.220874151240601 2749
1671771432042 1.1408153636098903 2799
1671771461319 1.4108596452043396 2849
1671771498425 1.4324919862145866 2899
1671771527711 1.618100796353788 2949
1671771557139 1.639642117383225 2999
1671771586132 1.7198193682331047 3049
1671771615121 2.2996057549418616 3099
1671771644292 1.2085040246912326 3149
1671771680764 2.0326766040675626 3199
1671771710173 1.9315744145579352 3249
1671771739549 1.3490895685825577 3299
1671771768755 2.0339352545270586 3349
1671771797742 1.5198222525562368 3399
1671771826410 1.0341578467062646 3449
