1671769767667 1.0 49
1671769796647 1.0 99
1671769825790 1.0 149
1671769855149 1.0 199
1671769884216 1.0 249
1671769920706 1.0 299
1671769949682 1.0 349
1671769978644 1.0 399
1671770007824 1.0 449
1671770036631 1.0 499
1671770065529 1.0 549
1671770101727 1.0 599
1671770130793 1.0 649
1671770160142 1.0 699
1671770189218 1.0 749
1671770218065 1.0 799
1671770246854 1.0 849
1671770283295 1.0 899
1671770312379 1.0 949
1671770341718 1.0 999
1671770370773 1.0 1049
1671770399991 1.0 1099
1671770428781 1.0 1149
1671770465134 1.0 1199
1671770494224 1.0 1249
1671770523394 1.0 1299
1671770552267 1.0 1349
1671770580977 1.0 1399
1671770617228 1.0 1449
1671770646462 1.0 1499
1671770675645 1.0 1549
1671770705039 1.0 1599
1671770734020 1.0 1649
1671770763020 1.0 1699
1671770799076 1.0 1749
1671770828441 1.0 1799
1671770857562 1.0 1849
1671770886863 1.0 1899
1671770916059 1.0 1949
1671770945077 1.0 1999
1671770981483 1.0 2049
1671771010500 1.0 2099
1671771039443 1.0 2149
1671771068394 1.0 2199
1671771097252 1.0 2249
1671771126319 1.0 2299
1671771162756 1.0 2349
1671771191803 1.0 2399
1671771220780 1.0 2449
1671771249862 1.0 2499
1671771278912 1.0 2549
1671771315533 1.0 2599
1671771344324 1.0 2649
1671771373572 1.0 2699
1671771402733 1.0 2749
1671771432042 1.0 2799
1671771461319 1.0 2849
1671771498425 1.0 2899
1671771527711 1.0 2949
1671771557139 1.0 2999
1671771586132 1.0 3049
1671771615121 1.0 3099
1671771644292 1.0 3149
1671771680764 1.0 3199
1671771710173 1.0 3249
1671771739549 1.0 3299
1671771768755 1.0 3349
1671771797742 1.0 3399
1671771826410 1.0 3449
