1671769751849 0.6961528658866882 22
1671769765831 0.9646892547607422 45
1671769779922 0.950564980506897 68
1671769793711 0.9392655491828918 91
1671769807843 0.9519773721694946 114
1671769821630 0.9491525292396545 137
1671769835632 0.9717513918876648 160
1671769849899 0.9830508232116699 183
1671769863877 0.9971751570701599 206
1671769877883 0.9618644118309021 229
1671769891915 0.950564980506897 252
1671769905840 0.9872881174087524 275
1671769919806 0.950564980506897 298
1671769933811 0.9731638431549072 321
1671769947638 0.9731638431549072 344
1671769961518 0.9378530979156494 367
1671769975422 0.9632768630981445 390
1671769989198 0.9830508232116699 413
1671770003454 0.9618644118309021 436
1671770017429 0.950564980506897 459
1671770031224 0.9844632744789124 482
1671770044958 0.9519773721694946 505
1671770058877 0.9519773721694946 528
1671770072845 0.9519773721694946 551
1671770086639 0.950564980506897 574
1671770100511 0.9745762944221497 597
1671770114505 0.9731638431549072 620
1671770128419 0.9453861117362976 643
1671770142412 0.9618644118309021 666
1671770156546 0.950564980506897 689
1671770170697 0.9533898234367371 712
1671770184637 0.9971751570701599 735
1671770198466 0.9842615723609924 758
1671770212280 0.9745762944221497 781
1671770226192 0.9632768630981445 804
1671770239978 0.9392655491828918 827
1671770253783 0.9632768630981445 850
1671770267750 0.9293785095214844 873
1671770281784 0.9844632744789124 896
1671770295685 0.9632768630981445 919
1671770309705 0.9519773721694946 942
1671770323760 0.950564980506897 965
1671770337834 0.9774011373519897 988
1671770351886 0.9519773721694946 1011
1671770365835 0.9632768630981445 1034
1671770379929 0.9632768630981445 1057
1671770393962 0.9759886860847473 1080
1671770407753 0.9632768630981445 1103
1671770421770 0.9844632744789124 1126
1671770435639 0.9632768630981445 1149
1671770449568 0.9307909607887268 1172
1671770463359 0.9491525292396545 1195
1671770477414 0.9632768630981445 1218
1671770491296 0.9618644118309021 1241
1671770505248 0.9519773721694946 1264
1671770519353 0.9491525292396545 1287
1671770533220 0.9844632744789124 1310
1671770546999 0.9817953109741211 1333
1671770560843 0.9353914260864258 1356
1671770574589 0.9497175216674805 1379
1671770588474 0.9392655491828918 1402
1671770602252 0.9498744606971741 1425
1671770616329 0.9830508232116699 1448
1671770630268 0.9496234059333801 1471
1671770644397 0.952362596988678 1494
1671770658373 0.9679849147796631 1517
1671770672409 0.9723164439201355 1540
1671770686576 0.9785311222076416 1563
1671770700604 0.9511082768440247 1586
1671770714626 0.9606088995933533 1609
1671770728527 0.9465967416763306 1632
1671770742441 0.9830508232116699 1655
1671770756400 0.9478970170021057 1678
1671770770198 0.9709039926528931 1701
1671770783978 0.94679856300354 1724
1671770797883 0.9872881174087524 1747
1671770811860 0.9269388318061829 1770
1671770826068 0.9806968569755554 1793
1671770840065 0.9807909727096558 1816
1671770854050 0.9842615723609924 1839
1671770868191 0.9729621410369873 1862
1671770882221 0.9618644118309021 1885
1671770896216 0.9632768630981445 1908
1671770910357 0.9949153065681458 1931
1671770924141 0.9620212912559509 1954
1671770938148 0.9349834322929382 1977
1671770952165 0.9707241654396057 2000
1671770966063 0.9380099773406982 2023
1671770979852 0.9769303202629089 2046
1671770993903 0.9392655491828918 2069
1671771007705 0.9482109546661377 2092
1671771021684 0.9307909607887268 2115
1671771035692 0.910640299320221 2138
1671771049580 0.9588378071784973 2161
1671771063484 0.9620212912559509 2184
1671771077174 0.9820016026496887 2207
1671771091198 0.950564980506897 2230
1671771105229 0.9257062673568726 2253
1671771119323 0.9599680304527283 2276
1671771133223 0.9489508271217346 2299
1671771147101 0.948870062828064 2322
1671771160978 0.982360303401947 2345
1671771174917 0.9479014873504639 2368
1671771188727 0.9616627097129822 2391
1671771202878 0.9708098769187927 2414
1671771216713 0.9591964483261108 2437
1671771230625 0.955071210861206 2460
1671771244635 0.9583490490913391 2483
1671771258613 0.973320722579956 2506
1671771272476 0.9709039926528931 2529
1671771286524 0.9257062673568726 2552
1671771300567 0.9842615723609924 2575
1671771314641 0.9842615723609924 2598
1671771328463 0.9394224286079407 2621
1671771342248 0.9918886423110962 2644
1671771356146 0.98284912109375 2667
1671771370067 0.9564837217330933 2690
1671771384455 0.93744957447052 2713
1671771398401 0.9352973103523254 2736
1671771412479 0.9957627058029175 2759
1671771426586 0.9564837217330933 2782
1671771440536 0.9394224286079407 2805
1671771454698 0.9642184972763062 2828
1671771469013 0.9651151895523071 2851
1671771483158 0.9731638431549072 2874
1671771497198 0.8845978379249573 2897
1671771511198 0.9693974256515503 2920
1671771525358 0.9525195360183716 2943
1671771539648 0.959039568901062 2966
1671771553616 0.9462828636169434 2989
1671771567555 0.9822034239768982 3012
1671771581494 0.9367097616195679 3035
1671771595374 0.9437853097915649 3058
1671771609330 0.9558380246162415 3081
1671771623418 0.9729621410369873 3104
1671771637476 0.9791767597198486 3127
1671771651292 0.9596045613288879 3150
1671771665377 0.9683701395988464 3173
1671771679244 0.9558380246162415 3196
1671771693411 0.9312434792518616 3219
1671771707330 0.9497175216674805 3242
1671771721794 0.9565778970718384 3265
1671771735791 0.9482109546661377 3288
1671771749710 0.967675507068634 3311
1671771763814 0.9570217728614807 3334
1671771777818 0.9693974256515503 3357
1671771791570 0.9715496897697449 3380
1671771805672 0.9572276473045349 3403
1671771819408 0.9380365610122681 3426
1671771833194 0.9360371232032776 3449
