1671769751849 0.7301318645477295 22
1671769765831 0.9646892547607422 45
1671769779922 0.950564980506897 68
1671769793711 0.9392655491828918 91
1671769807843 0.9519773721694946 114
1671769821630 0.9491525292396545 137
1671769835632 0.9717513918876648 160
1671769849899 0.9830508232116699 183
1671769863877 0.9971751570701599 206
1671769877883 0.9618644118309021 229
1671769891915 0.950564980506897 252
1671769905840 0.9872881174087524 275
1671769919806 0.950564980506897 298
1671769933811 0.9731638431549072 321
1671769947638 0.9731638431549072 344
1671769961518 0.9378530979156494 367
1671769975422 0.9632768630981445 390
1671769989198 0.9830508232116699 413
1671770003454 0.9618644118309021 436
1671770017429 0.950564980506897 459
1671770031224 0.9844632744789124 482
1671770044958 0.9519773721694946 505
1671770058877 0.9519773721694946 528
1671770072845 0.9519773721694946 551
1671770086639 0.950564980506897 574
1671770100511 0.9745762944221497 597
1671770114505 0.9731638431549072 620
1671770128419 0.9491525292396545 643
1671770142412 0.9618644118309021 666
1671770156546 0.950564980506897 689
1671770170697 0.9533898234367371 712
1671770184637 0.9971751570701599 735
1671770198466 0.9858757257461548 758
1671770212280 0.9745762944221497 781
1671770226192 0.9632768630981445 804
1671770239978 0.9392655491828918 827
1671770253783 0.9632768630981445 850
1671770267750 0.9293785095214844 873
1671770281784 0.9844632744789124 896
1671770295685 0.9632768630981445 919
1671770309705 0.9519773721694946 942
1671770323760 0.950564980506897 965
1671770337834 0.9774011373519897 988
1671770351886 0.9519773721694946 1011
1671770365835 0.9632768630981445 1034
1671770379929 0.9632768630981445 1057
1671770393962 0.9759886860847473 1080
1671770407753 0.9632768630981445 1103
1671770421770 0.9844632744789124 1126
1671770435639 0.9632768630981445 1149
1671770449568 0.9307909607887268 1172
1671770463359 0.9491525292396545 1195
1671770477414 0.9632768630981445 1218
1671770491296 0.9618644118309021 1241
1671770505248 0.9519773721694946 1264
1671770519353 0.9491525292396545 1287
1671770533220 0.9844632744789124 1310
1671770546999 0.9807909727096558 1333
1671770560843 0.9364407062530518 1356
1671770574589 0.9482109546661377 1379
1671770588474 0.9392655491828918 1402
1671770602252 0.9496234059333801 1425
1671770616329 0.9830508232116699 1448
1671770630268 0.9477401375770569 1471
1671770644397 0.9515066146850586 1494
1671770658373 0.9717513918876648 1517
1671770672409 0.9708098769187927 1540
1671770686576 0.979284405708313 1563
1671770700604 0.9503632187843323 1586
1671770714626 0.9596045613288879 1609
1671770728527 0.9463276863098145 1632
1671770742441 0.9830508232116699 1655
1671770756400 0.9468926787376404 1678
1671770770198 0.9693973064422607 1701
1671770783978 0.944915235042572 1724
1671770797883 0.9872881174087524 1747
1671770811860 0.9260827898979187 1770
1671770826068 0.9788135886192322 1793
1671770840065 0.979284405708313 1816
1671770854050 0.9830508232116699 1839
1671770868191 0.9717513918876648 1862
1671770882221 0.9618644118309021 1885
1671770896216 0.9632768630981445 1908
1671770910357 0.9934086203575134 1931
1671770924141 0.9610170125961304 1954
1671770938148 0.9327684044837952 1977
1671770952165 0.9698681235313416 2000
1671770966063 0.9370056986808777 2023
1671770979852 0.9731638431549072 2046
1671770993903 0.9392655491828918 2069
1671771007705 0.9463276863098145 2092
1671771021684 0.9307909607887268 2115
1671771035692 0.9129002690315247 2138
1671771049580 0.9576271176338196 2161
1671771063484 0.9610170125961304 2184
1671771077174 0.9821093082427979 2207
1671771091198 0.950564980506897 2230
1671771105229 0.9241997003555298 2253
1671771119323 0.9583669304847717 2276
1671771133223 0.9477401375770569 2299
1671771147101 0.9458569288253784 2322
1671771160978 0.9798493385314941 2345
1671771174917 0.9477401375770569 2368
1671771188727 0.9604519605636597 2391
1671771202878 0.9689265489578247 2414
1671771216713 0.9581921100616455 2437
1671771230625 0.9519773721694946 2460
1671771244635 0.9558380246162415 2483
1671771258613 0.9723164439201355 2506
1671771272476 0.9693974256515503 2529
1671771286524 0.9241997003555298 2552
1671771300567 0.9830508232116699 2575
1671771314641 0.9830508232116699 2598
1671771328463 0.9384180903434753 2621
1671771342248 0.9891714453697205 2644
1671771356146 0.9816384315490723 2667
1671771370067 0.9533898234367371 2690
1671771384455 0.9350282549858093 2713
1671771398401 0.9322034120559692 2736
1671771412479 0.9957627058029175 2759
1671771426586 0.9533898234367371 2782
1671771440536 0.9384180903434753 2805
1671771454698 0.9623351693153381 2828
1671771469013 0.9632768630981445 2851
1671771483158 0.9731638431549072 2874
1671771497198 0.9081920981407166 2897
1671771511198 0.9675140976905823 2920
1671771525358 0.9506590962409973 2943
1671771539648 0.9573445916175842 2966
1671771553616 0.9463276863098145 2989
1671771567555 0.9806968569755554 3012
1671771581494 0.9336158037185669 3035
1671771595374 0.9430320262908936 3058
1671771609330 0.9524481892585754 3081
1671771623418 0.9717513918876648 3104
1671771637476 0.9764595031738281 3127
1671771651292 0.9580979943275452 3150
1671771665377 0.965630829334259 3173
1671771679244 0.9524482488632202 3196
1671771693411 0.9317325949668884 3219
1671771707330 0.9482109546661377 3242
1671771721794 0.9538607001304626 3265
1671771735791 0.9463276863098145 3288
1671771749710 0.9665725827217102 3311
1671771763814 0.9562146663665771 3334
1671771777818 0.9675140976905823 3357
1671771791570 0.9703390002250671 3380
1671771805672 0.9591336846351624 3403
1671771819408 0.9359698295593262 3426
1671771833194 0.9364407062530518 3449
