1671769751849 1.891233520038059 22
1671769765831 1.781334653588914 45
1671769779922 1.7755363190362807 68
1671769793711 1.7827703235459151 91
1671769807843 1.781843380808584 114
1671769821630 1.7926349828005377 137
1671769835632 1.778232119790821 160
1671769849899 1.7943972411413098 183
1671769863877 1.7914890021948615 206
1671769877883 1.7890915468513755 229
1671769891915 1.7779332571692232 252
1671769905840 1.7772867589543684 275
1671769919806 1.7815704116942612 298
1671769933811 1.77651260857255 321
1671769947638 1.7763035838075427 344
1671769961518 1.777906977293541 367
1671769975422 1.7900497416305061 390
1671769989198 1.7738529542577701 413
1671770003454 1.7801606278747095 436
1671770017429 1.781446588789782 459
1671770031224 1.7915618519477399 482
1671770044958 1.7864542430872579 505
1671770058877 1.783936714370802 528
1671770072845 1.7802753110665115 551
1671770086639 1.7749259852544845 574
1671770100511 1.7788097947242338 597
1671770114505 1.7742043027777896 620
1671770128419 1.7776058501285934 643
1671770142412 1.7908014834704404 666
1671770156546 1.7741916677611196 689
1671770170697 1.7822475957711805 712
1671770184637 1.7724738984873807 735
1671770198466 1.7772135195271677 758
1671770212280 1.7778359855051724 781
1671770226192 1.7748414064413283 804
1671770239978 1.7760737893075151 827
1671770253783 1.7760412212361583 850
1671770267750 1.7784019135368474 873
1671770281784 1.7723325486278068 896
1671770295685 1.7717867427677514 919
1671770309705 1.7776719951202173 942
1671770323760 1.772514211400749 965
1671770337834 1.7774588621162006 988
1671770351886 1.7763933051061598 1011
1671770365835 1.7704972633665683 1034
1671770379929 1.771753417771821 1057
1671770393962 1.7779419537311 1080
1671770407753 1.7807117645254276 1103
1671770421770 1.7703429130341282 1126
1671770435639 1.773828437925967 1149
1671770449568 1.7756539931838728 1172
1671770463359 1.7724905579701984 1195
1671770477414 1.7741430166569496 1218
1671770491296 1.7682071133490513 1241
1671770505248 1.7789237605557933 1264
1671770519353 1.7682290635014177 1287
1671770533220 1.7716976681489327 1310
1671770546999 1.7743246455798587 1333
1671770560843 1.781161139825728 1356
1671770574589 1.7732455179332947 1379
1671770588474 1.7712217377272965 1402
1671770602252 1.773798675093846 1425
1671770616329 1.7793261790366093 1448
1671770630268 1.7809381979418402 1471
1671770644397 1.7682819406300747 1494
1671770658373 1.77553716992714 1517
1671770672409 1.7721304213743307 1540
1671770686576 1.7783678691607854 1563
1671770700604 1.7744228767373251 1586
1671770714626 1.7738875952080215 1609
1671770728527 1.7673066028161166 1632
1671770742441 1.7684414720734034 1655
1671770756400 1.768314698608711 1678
1671770770198 1.7662401777657473 1701
1671770783978 1.7658613873223024 1724
1671770797883 1.7654807835307949 1747
1671770811860 1.76982027064337 1770
1671770826068 1.771206179603853 1793
1671770840065 1.7716617470625475 1816
1671770854050 1.7663034135003732 1839
1671770868191 1.7659683769871755 1862
1671770882221 1.7636978400801913 1885
1671770896216 1.7659322867566027 1908
1671770910357 1.7725657285298562 1931
1671770924141 1.7708248826463444 1954
1671770938148 1.7801442486061543 1977
1671770952165 1.7800005500413976 2000
1671770966063 1.77233867705805 2023
1671770979852 1.7687189344924084 2046
1671770993903 1.7643922854231509 2069
1671771007705 1.7741140934328918 2092
1671771021684 1.7768815950466175 2115
1671771035692 1.7749104544447503 2138
1671771049580 1.7633875356191124 2161
1671771063484 1.768165628783312 2184
1671771077174 1.7738086419468682 2207
1671771091198 1.8062369709473773 2230
1671771105229 1.7781999008902398 2253
1671771119323 1.785608782263745 2276
1671771133223 1.7652101792380714 2299
1671771147101 1.7685661619745094 2322
1671771160978 1.7695745305880421 2345
1671771174917 1.7687667060007843 2368
1671771188727 1.7605620943057125 2391
1671771202878 1.7625369116307052 2414
1671771216713 1.7691623042871658 2437
1671771230625 1.7644666518792351 2460
1671771244635 1.7720951985653268 2483
1671771258613 1.7604598780783933 2506
1671771272476 1.7644253521691842 2529
1671771286524 1.7587032126092719 2552
1671771300567 1.7579382031191404 2575
1671771314641 1.7624702221366886 2598
1671771328463 1.7680219253578426 2621
1671771342248 1.7694552130172232 2644
1671771356146 1.7597461151111788 2667
1671771370067 1.7593815856900412 2690
1671771384455 1.7704331800058857 2713
1671771398401 1.7629193794730393 2736
1671771412479 1.7601771595021751 2759
1671771426586 1.7667495746616564 2782
1671771440536 1.7563033585093932 2805
1671771454698 1.755858201400715 2828
1671771469013 1.7649532582346237 2851
1671771483158 1.7572891821177175 2874
1671771497198 1.8026328507651703 2897
1671771511198 1.7700081551624778 2920
1671771525358 1.762544778292584 2943
1671771539648 1.7579066545223614 2966
1671771553616 1.759030603807108 2989
1671771567555 1.7552680702597991 3012
1671771581494 1.7532351002487985 3035
1671771595374 1.7893510745345362 3058
1671771609330 1.7627280077405547 3081
1671771623418 1.762929526430039 3104
1671771637476 1.757862038314711 3127
1671771651292 1.7529618672868625 3150
1671771665377 1.750663022519284 3173
1671771679244 1.7558409604553586 3196
1671771693411 1.7756702712457109 3219
1671771707330 1.7569457479640742 3242
1671771721794 1.7520704288443845 3265
1671771735791 1.7610047379865819 3288
1671771749710 1.7565164887418132 3311
1671771763814 1.7796311914270857 3334
1671771777818 1.7596947500033668 3357
1671771791570 1.7542094670266122 3380
1671771805672 1.7543064991308146 3403
1671771819408 1.7578398919083624 3426
1671771833194 1.7567952860925065 3449
