1671602236590 0.0 22
1671602250162 0.0 45
1671602264180 0.0 68
1671602278305 0.0 91
1671602292088 0.0 114
1671602305934 0.0 137
1671602319724 0.0 160
1671602333863 0.0 183
1671602347732 0.0 206
1671602361838 0.0 229
1671602375854 0.0 252
1671602389832 0.0 275
1671602403821 0.0 298
1671602417744 0.0 321
1671602431670 0.0 344
1671602445357 0.0 367
1671602459182 0.0 390
1671602474271 0.0 413
1671602488308 0.0 436
1671602502564 0.0 459
1671602516259 0.0 482
1671602529975 0.0 505
1671602543788 0.0 528
1671602557612 0.0 551
1671602571793 0.0 574
1671602585657 0.0 597
1671602599608 0.0 620
1671602613467 0.0 643
1671602627300 0.0 666
1671602641327 0.0 689
1671602655599 0.0 712
1671602669476 0.0 735
1671602683293 0.0 758
1671602697066 0.0 781
1671602711088 0.0 804
1671602724905 0.0 827
1671602738995 0.0 850
1671602753051 0.0 873
1671602766875 0.0 896
1671602780819 0.0 919
1671602794797 0.0 942
1671602808838 0.0 965
1671602822853 0.0 988
1671602837050 0.0 1011
1671602851177 0.0 1034
1671602865040 0.0 1057
1671602879168 0.0 1080
1671602893447 0.0 1103
1671602907476 0.0 1126
1671602921369 0.0 1149
1671602935289 0.0 1172
1671602949381 0.0 1195
1671602963256 0.0 1218
1671602977573 0.0 1241
1671602991659 0.0 1264
1671603005577 0.0 1287
1671603019583 0.0 1310
1671603033602 0.0 1333
1671603047371 0.0 1356
1671603061352 0.0 1379
1671603075191 0.0 1402
1671603089199 0.0 1425
1671603103055 0.0 1448
1671603116833 0.0 1471
1671603130689 0.0 1494
1671603144673 0.0 1517
1671603158678 0.0 1540
1671603172961 0.0 1563
1671603186861 0.0 1586
1671603200932 0.0 1609
1671603214705 0.0 1632
1671603228709 0.0 1655
1671603242842 0.0 1678
1671603256801 0.0 1701
1671603270715 0.0 1724
1671603284511 0.0 1747
1671603298735 0.0 1770
1671603312924 0.0 1793
1671603327024 0.0 1816
1671603340830 0.0 1839
1671603354744 0.0 1862
1671603368943 0.0 1885
1671603382908 0.0 1908
1671603396951 0.0 1931
1671603410886 0.0 1954
1671603425272 0.0 1977
1671603439065 0.0 2000
1671603453045 0.0 2023
1671603466818 0.0 2046
1671603481049 0.0 2069
1671603495120 0.0 2092
1671603509424 0.0 2115
1671603524021 0.0 2138
1671603538271 0.0 2161
1671603552410 0.0 2184
1671603566411 0.0 2207
1671603580463 0.0 2230
1671603594205 0.0 2253
1671603608059 0.0 2276
1671603622059 0.0 2299
1671603636135 0.0 2322
1671603650316 0.0 2345
1671603664400 0.0 2368
1671603678689 0.0 2391
1671603692648 0.0 2414
1671603706955 0.0 2437
1671603720820 0.0 2460
1671603734843 0.0 2483
1671603749135 0.0 2506
1671603763046 0.0 2529
1671603777092 0.0 2552
1671603791107 0.0 2575
1671603805037 0.0 2598
1671603818993 0.0 2621
1671603833150 0.0 2644
1671603847156 0.0 2667
1671603860952 0.0 2690
1671603874825 0.0 2713
1671603888885 0.0 2736
1671603902744 0.0 2759
1671603916532 0.0 2782
1671603930510 0.0 2805
1671603944490 0.0 2828
1671603958600 0.0 2851
1671603972509 0.0 2874
1671603986865 0.0 2897
1671604001199 0.0 2920
1671604015175 0.0 2943
1671604029477 0.0 2966
1671604043741 0.0 2989
1671604057615 0.0 3012
1671604071620 0.0 3035
1671604085529 0.0 3058
1671604099379 0.0 3081
1671604113323 0.0 3104
1671604127208 0.0 3127
1671604141220 0.0 3150
1671604155591 0.0 3173
1671604169502 0.0 3196
1671604183743 0.0 3219
1671604197775 0.0 3242
1671604211931 0.0 3265
1671604226043 0.0 3288
1671604240036 0.0 3311
1671604254024 0.0 3334
1671604268308 0.0 3357
1671604282493 0.0 3380
1671604296466 0.0 3403
1671604310351 0.0 3426
1671604324362 0.0 3449
