1671602236590 17.0 22
1671602250162 14.5 45
1671602264180 13.25 68
1671602278305 13.25 91
1671602292088 14.5 114
1671602305934 13.25 137
1671602319724 13.0 160
1671602333863 14.5 183
1671602347732 17.0 206
1671602361838 14.5 229
1671602375854 13.0 252
1671602389832 13.0 275
1671602403821 17.0 298
1671602417744 14.25 321
1671602431670 13.0 344
1671602445357 14.5 367
1671602459182 13.0 390
1671602474271 14.25 413
1671602488308 14.25 436
1671602502564 14.25 459
1671602516259 16.75 482
1671602529975 14.25 505
1671602543788 17.0 528
1671602557612 14.5 551
1671602571793 14.25 574
1671602585657 14.25 597
1671602599608 14.75 620
1671602613467 14.25 643
1671602627300 14.25 666
1671602641327 13.0 689
1671602655599 14.25 712
1671602669476 16.75 735
1671602683293 12.75 758
1671602697066 14.25 781
1671602711088 14.25 804
1671602724905 12.25 827
1671602738995 12.75 850
1671602753051 13.75 873
1671602766875 14.25 896
1671602780819 13.75 919
1671602794797 14.25 942
1671602808838 14.5 965
1671602822853 17.0 988
1671602837050 17.0 1011
1671602851177 16.75 1034
1671602865040 16.75 1057
1671602879168 17.25 1080
1671602893447 14.25 1103
1671602907476 14.25 1126
1671602921369 17.0 1149
1671602935289 16.5 1172
1671602949381 13.5 1195
1671602963256 14.0 1218
1671602977573 13.75 1241
1671602991659 15.25 1264
1671603005577 14.75 1287
1671603019583 13.75 1310
1671603033602 13.75 1333
1671603047371 19.5 1356
1671603061352 16.25 1379
1671603075191 16.25 1402
1671603089199 16.75 1425
1671603103055 16.5 1448
1671603116833 19.5 1471
1671603130689 14.5 1494
1671603144673 13.5 1517
1671603158678 12.25 1540
1671603172961 13.5 1563
1671603186861 13.75 1586
1671603200932 13.5 1609
1671603214705 13.75 1632
1671603228709 13.5 1655
1671603242842 16.0 1678
1671603256801 14.75 1701
1671603270715 16.25 1724
1671603284511 13.75 1747
1671603298735 16.0 1770
1671603312924 13.75 1793
1671603327024 13.75 1816
1671603340830 13.5 1839
1671603354744 16.25 1862
1671603368943 14.0 1885
1671603382908 13.75 1908
1671603396951 16.25 1931
1671603410886 15.0 1954
1671603425272 16.25 1977
1671603439065 16.25 2000
1671603453045 16.0 2023
1671603466818 16.0 2046
1671603481049 13.5 2069
1671603495120 16.25 2092
1671603509424 16.25 2115
1671603524021 16.25 2138
1671603538271 16.25 2161
1671603552410 11.75 2184
1671603566411 13.75 2207
1671603580463 14.25 2230
1671603594205 16.25 2253
1671603608059 16.25 2276
1671603622059 16.25 2299
1671603636135 14.75 2322
1671603650316 16.25 2345
1671603664400 14.0 2368
1671603678689 16.25 2391
1671603692648 16.25 2414
1671603706955 16.25 2437
1671603720820 14.0 2460
1671603734843 16.25 2483
1671603749135 14.25 2506
1671603763046 12.0 2529
1671603777092 11.0 2552
1671603791107 13.75 2575
1671603805037 13.0 2598
1671603818993 15.25 2621
1671603833150 13.75 2644
1671603847156 14.0 2667
1671603860952 13.75 2690
1671603874825 13.5 2713
1671603888885 16.25 2736
1671603902744 13.5 2759
1671603916532 16.0 2782
1671603930510 14.0 2805
1671603944490 14.25 2828
1671603958600 14.0 2851
1671603972509 14.25 2874
1671603986865 14.0 2897
1671604001199 14.5 2920
1671604015175 16.25 2943
1671604029477 14.0 2966
1671604043741 15.0 2989
1671604057615 13.0 3012
1671604071620 14.0 3035
1671604085529 14.25 3058
1671604099379 16.25 3081
1671604113323 13.5 3104
1671604127208 12.0 3127
1671604141220 13.25 3150
1671604155591 14.0 3173
1671604169502 15.0 3196
1671604183743 13.75 3219
1671604197775 13.0 3242
1671604211931 14.0 3265
1671604226043 13.0 3288
1671604240036 14.0 3311
1671604254024 16.25 3334
1671604268308 13.75 3357
1671604282493 11.5 3380
1671604296466 12.25 3403
1671604310351 13.5 3426
1671604324362 16.25 3449
