1671602239463 0.756779670715332 22
1671602253347 0.6406779289245605 45
1671602267267 0.6575329899787903 68
1671602281388 0.6463680863380432 91
1671602295223 0.6258945465087891 114
1671602309025 0.6576809287071228 137
1671602322901 0.6537531018257141 160
1671602336959 0.5930320024490356 183
1671602350870 0.6435028314590454 206
1671602364989 0.7060264348983765 229
1671602378997 0.7080979943275452 252
1671602392940 0.7143126130104065 275
1671602406999 0.6546139717102051 298
1671602420966 0.7068738341331482 321
1671602434730 0.6916196346282959 344
1671602448455 0.5903955101966858 367
1671602462269 0.6215631365776062 390
1671602477398 0.7086629271507263 413
1671602491431 0.6830105781555176 436
1671602505631 0.6439735889434814 459
1671602519345 0.6558380722999573 482
1671602533208 0.6353108286857605 505
1671602546864 0.6457626819610596 528
1671602560821 0.7084745764732361 551
1671602574910 0.6890369057655334 574
1671602588747 0.6692628860473633 597
1671602602675 0.6506591439247131 620
1671602616557 0.6160075068473816 643
1671602630440 0.6717514395713806 666
1671602644459 0.6784369349479675 689
1671602658670 0.6881356239318848 712
1671602672589 0.6514124870300293 735
1671602686407 0.7045198678970337 758
1671602700289 0.6613936424255371 781
1671602714175 0.6482109427452087 804
1671602728079 0.6677966713905334 827
1671602742216 0.6822034120559692 850
1671602756114 0.6975518465042114 873
1671602770021 0.6553672552108765 896
1671602784009 0.6565913558006287 919
1671602797909 0.6655367016792297 942
1671602811929 0.6487355828285217 965
1671602826092 0.6122410893440247 988
1671602840160 0.6742938160896301 1011
1671602854345 0.7096045017242432 1034
1671602868167 0.6432472467422485 1057
1671602882301 0.7344632744789124 1080
1671602896631 0.7170433402061462 1103
1671602910605 0.7104519605636597 1126
1671602924496 0.6644067168235779 1149
1671602938475 0.6840866208076477 1172
1671602952493 0.6647834777832031 1195
1671602966679 0.7004707455635071 1218
1671602980693 0.6783427596092224 1241
1671602994794 0.6548964381217957 1264
1671603008697 0.6370998024940491 1287
1671603022735 0.6791902780532837 1310
1671603036689 0.6794726848602295 1333
1671603050641 0.6488701105117798 1356
1671603064422 0.7225989103317261 1379
1671603078294 0.6970809698104858 1402
1671603092302 0.698479950428009 1425
1671603106093 0.7239171266555786 1448
1671603119936 0.6680790781974792 1471
1671603133810 0.7272128462791443 1494
1671603147760 0.6689265966415405 1517
1671603161780 0.7140301465988159 1540
1671603176173 0.6442561149597168 1563
1671603189950 0.6679849624633789 1586
1671603204017 0.7224105000495911 1609
1671603217830 0.6542776226997375 1632
1671603231785 0.7060264348983765 1655
1671603246052 0.6387947201728821 1678
1671603259998 0.692695677280426 1701
1671603273797 0.6481167674064636 1724
1671603287657 0.722504734992981 1747
1671603301913 0.6694915294647217 1770
1671603316000 0.6761769652366638 1793
1671603330243 0.7348398566246033 1816
1671603343983 0.6956685781478882 1839
1671603357880 0.6866289973258972 1862
1671603372086 0.7559322118759155 1885
1671603385974 0.6420904397964478 1908
1671603400137 0.7224643230438232 1931
1671603414316 0.6759887337684631 1954
1671603428365 0.7009416818618774 1977
1671603442246 0.670809805393219 2000
1671603456138 0.652824878692627 2023
1671603469892 0.6845573782920837 2046
1671603484355 0.6733521819114685 2069
1671603498243 0.6693031787872314 2092
1671603512570 0.6648775935173035 2115
1671603527174 0.672504723072052 2138
1671603541424 0.712805986404419 2161
1671603555593 0.6758003234863281 2184
1671603569568 0.7529190182685852 2207
1671603583559 0.690489649772644 2230
1671603597371 0.6603578329086304 2253
1671603611122 0.6938256621360779 2276
1671603625193 0.6987758874893188 2299
1671603639341 0.6867635250091553 2322
1671603653447 0.6998116970062256 2345
1671603667655 0.6808582544326782 2368
1671603681830 0.670809805393219 2391
1671603695767 0.7367232441902161 2414
1671603709984 0.6489642262458801 2437
1671603724054 0.6956685185432434 2460
1671603737926 0.707344651222229 2483
1671603752249 0.7409604787826538 2506
1671603766268 0.6979284286499023 2529
1671603780300 0.72467041015625 2552
1671603794270 0.6728813648223877 2575
1671603808133 0.7003766894340515 2598
1671603822161 0.6805084347724915 2621
1671603836223 0.7422786951065063 2644
1671603850287 0.7272935509681702 2667
1671603864168 0.6888889074325562 2690
1671603877996 0.6712806224822998 2713
1671603891976 0.6892656087875366 2736
1671603905905 0.692561149597168 2759
1671603919636 0.6896825432777405 2782
1671603933713 0.7435028553009033 2805
1671603947601 0.6551788449287415 2828
1671603961695 0.7276837229728699 2851
1671603975719 0.6503766179084778 2874
1671603990237 0.7061205506324768 2897
1671604004340 0.6940678358078003 2920
1671604018427 0.720244824886322 2943
1671604032656 0.674858808517456 2966
1671604046892 0.6879472732543945 2989
1671604060751 0.7042372822761536 3012
1671604074732 0.6818267703056335 3035
1671604088619 0.6928437948226929 3058
1671604102552 0.7670298218727112 3081
1671604116437 0.7188324332237244 3104
1671604130318 0.7453860640525818 3127
1671604144524 0.7118644118309021 3150
1671604158644 0.6569545269012451 3173
1671604172660 0.715160071849823 3196
1671604186791 0.6907721757888794 3219
1671604200904 0.7234328985214233 3242
1671604215121 0.677589476108551 3265
1671604229130 0.6809792518615723 3288
1671604243270 0.6923729181289673 3311
1671604257235 0.645480215549469 3334
1671604271472 0.7405838370323181 3357
1671604285555 0.7212671637535095 3380
1671604299586 0.7226930856704712 3403
1671604313492 0.6824858784675598 3426
1671604327278 0.6741861701011658 3449
