1671602239463 0.6099139451980591 22
1671602253347 0.46147432923316956 45
1671602267267 0.4887409210205078 68
1671602281388 0.48879474401474 91
1671602295223 0.5276163220405579 114
1671602309025 0.5020715594291687 137
1671602322901 0.5009146928787231 160
1671602336959 0.5483992695808411 183
1671602350870 0.5042777061462402 206
1671602364989 0.5154425501823425 229
1671602378997 0.49884313344955444 252
1671602392940 0.5297013521194458 275
1671602406999 0.5326069593429565 298
1671602420966 0.5105326771736145 321
1671602434730 0.5020581483840942 344
1671602448455 0.5212267637252808 367
1671602462269 0.5211595296859741 390
1671602477398 0.4953591823577881 413
1671602491431 0.5190072655677795 436
1671602505631 0.4800511300563812 459
1671602519345 0.4908662736415863 482
1671602533208 0.49872204661369324 505
1671602546864 0.5061339735984802 528
1671602560821 0.5249394774436951 551
1671602574910 0.5007129311561584 574
1671602588747 0.5127118825912476 597
1671602602675 0.5316653251647949 620
1671602616557 0.5346784591674805 643
1671602630440 0.5170029997825623 666
1671602644459 0.5241727232933044 689
1671602658670 0.5706483721733093 712
1671602672589 0.539924681186676 735
1671602686407 0.5058783888816833 758
1671602700289 0.523944079875946 781
1671602714175 0.5205811262130737 804
1671602728079 0.5153887271881104 827
1671602742216 0.5065510272979736 850
1671602756114 0.5490987300872803 873
1671602770021 0.505784273147583 896
1671602784009 0.5170971751213074 919
1671602797909 0.5225181579589844 942
1671602811929 0.49761903285980225 965
1671602826092 0.5060936212539673 988
1671602840160 0.5228006839752197 1011
1671602854345 0.531234860420227 1034
1671602868167 0.5351223945617676 1057
1671602882301 0.5586225986480713 1080
1671602896631 0.5277508497238159 1103
1671602910605 0.5235808491706848 1126
1671602924496 0.5503632426261902 1149
1671602938475 0.5440005660057068 1172
1671602952493 0.5172451138496399 1195
1671602966679 0.5667608380317688 1218
1671602980693 0.5327683091163635 1241
1671602994794 0.5465697646141052 1264
1671603008697 0.5099542737007141 1287
1671603022735 0.5506187677383423 1310
1671603036689 0.5765401721000671 1333
1671603050641 0.5369518399238586 1356
1671603064422 0.5277374386787415 1379
1671603078294 0.5551520586013794 1402
1671603092302 0.5589857697486877 1425
1671603106093 0.513909101486206 1448
1671603119936 0.5389426946640015 1471
1671603133810 0.544834554195404 1494
1671603147760 0.5295400023460388 1517
1671603161780 0.5731638073921204 1540
1671603176173 0.5660209655761719 1563
1671603189950 0.5293516516685486 1586
1671603204017 0.5588915944099426 1609
1671603217830 0.5522598624229431 1632
1671603231785 0.5639628767967224 1655
1671603246052 0.5279526114463806 1678
1671603259998 0.5327010750770569 1701
1671603273797 0.5419020652770996 1724
1671603287657 0.5492467284202576 1747
1671603301913 0.552354097366333 1770
1671603316000 0.5782217383384705 1793
1671603330243 0.5566585659980774 1816
1671603343983 0.5344094038009644 1839
1671603357880 0.5514662861824036 1862
1671603372086 0.5786386728286743 1885
1671603385974 0.5308447480201721 1908
1671603400137 0.5614743232727051 1931
1671603414316 0.5234463214874268 1954
1671603428365 0.549825131893158 1977
1671603442246 0.5139897465705872 2000
1671603456138 0.5235001444816589 2023
1671603469892 0.5479956865310669 2046
1671603484355 0.5504304766654968 2069
1671603498243 0.5470271706581116 2092
1671603512570 0.5385122895240784 2115
1671603527174 0.5296206474304199 2138
1671603541424 0.5634382367134094 2161
1671603555593 0.5378127694129944 2184
1671603569568 0.5527306795120239 2207
1671603583559 0.5592817068099976 2230
1671603597371 0.5269976258277893 2253
1671603611122 0.5296879410743713 2276
1671603625193 0.5661958456039429 2299
1671603639341 0.5372881293296814 2322
1671603653447 0.5493139028549194 2345
1671603667655 0.5066854357719421 2368
1671603681830 0.5314232110977173 2391
1671603695767 0.556201159954071 2414
1671603709984 0.537234365940094 2437
1671603724054 0.5833467841148376 2460
1671603737926 0.5393596887588501 2483
1671603752249 0.563384473323822 2506
1671603766268 0.5624966621398926 2529
1671603780300 0.5370191335678101 2552
1671603794270 0.5444175601005554 2575
1671603808133 0.5523540377616882 2598
1671603822161 0.5513182878494263 2621
1671603836223 0.5764191150665283 2644
1671603850287 0.5639628767967224 2667
1671603864168 0.5510895848274231 2690
1671603877996 0.5351223945617676 2713
1671603891976 0.5778316259384155 2736
1671603905905 0.5432203412055969 2759
1671603919636 0.5592278838157654 2782
1671603933713 0.5561743378639221 2805
1671603947601 0.541969358921051 2828
1671603961695 0.535700798034668 2851
1671603975719 0.5246570110321045 2874
1671603990237 0.5430320501327515 2897
1671604004340 0.5709577798843384 2920
1671604018427 0.535014808177948 2943
1671604032656 0.5655770897865295 2966
1671604046892 0.5395749807357788 2989
1671604060751 0.5366290211677551 3012
1671604074732 0.5434086918830872 3035
1671604088619 0.5383373498916626 3058
1671604102552 0.5720877051353455 3081
1671604116437 0.5802798271179199 3104
1671604130318 0.5862254500389099 3127
1671604144524 0.5412160158157349 3150
1671604158644 0.5279526710510254 3173
1671604172660 0.5639494061470032 3196
1671604186791 0.5375303030014038 3219
1671604200904 0.5509819984436035 3242
1671604215121 0.5181329250335693 3265
1671604229130 0.5357546806335449 3288
1671604243270 0.5594162344932556 3311
1671604257235 0.5426285266876221 3334
1671604271472 0.5407721400260925 3357
1671604285555 0.5860506296157837 3380
1671604299586 0.5750202536582947 3403
1671604313492 0.5420500040054321 3426
1671604327278 0.5508070588111877 3449
