1671602255201 2.21531868484147 49
1671602284356 2.526645604371564 99
1671602313131 2.2152036994522746 149
1671602342165 2.2646283810067915 199
1671602371344 2.6449607496072884 249
1671602407963 2.15369473100954 299
1671602436800 2.1318401993482983 349
1671602466597 2.471987519726353 399
1671602496081 2.5663724076296193 449
1671602524850 1.845574491387092 499
1671602553524 2.2021009428407154 549
1671602589967 2.2340274241610523 599
1671602618927 2.9112279779620085 649
1671602648117 2.5816916135725454 699
1671602677304 2.064728261826579 749
1671602706081 2.430834241953527 799
1671602735085 2.191365255247967 849
1671602771572 2.2111831182583748 899
1671602800567 2.055485027658281 949
1671602830034 2.1262128058544914 999
1671602859281 2.230288152314326 1049
1671602888390 2.368106631719296 1099
1671602917586 2.0442418438425194 1149
1671602954284 2.2574730378321175 1199
1671602983637 2.349593772718149 1249
1671603012836 2.4576658642381854 1299
1671603041970 2.0129804115783427 1349
1671603070780 2.196593229048482 1399
1671603107010 2.2511444286563904 1449
1671603135943 2.42875204397558 1499
1671603165044 2.6489584859131323 1549
1671603194330 2.474740135623187 1599
1671603223309 2.485152318709172 1649
1671603252729 2.4051732701357853 1699
1671603288893 2.312250245345003 1749
1671603318637 1.8535322060034547 1799
1671603347512 2.161964964997109 1849
1671603376755 2.2267887108947915 1899
1671603405909 2.3543544656682545 1949
1671603435287 2.4697874479780513 1999
1671603471452 2.1458152973613016 2049
1671603501100 2.1179307835099284 2099
1671603531170 2.242598877699752 2149
1671603560550 2.2369786243915675 2199
1671603589623 2.5411873971010825 2249
1671603618165 1.5353609471465373 2299
1671603655278 2.6022462909053528 2349
1671603684843 2.1424717218619085 2399
1671603714108 2.4132487114352563 2449
1671603743476 2.43560809365923 2499
1671603772662 2.2109432494261734 2549
1671603809102 1.9858623777603603 2599
1671603838345 2.0282546335297256 2649
1671603867379 2.3088851046370253 2699
1671603896336 2.3122099562128566 2749
1671603925235 2.2980276222277864 2799
1671603954311 2.27339094353208 2849
1671603991530 2.381745526930912 2899
1671604020813 2.494462403013685 2949
1671604050434 2.32112485261295 2999
1671604079434 2.1989819515339404 3049
1671604108372 2.207352762528598 3099
1671604137294 2.219632641110141 3149
1671604174206 2.38136679571813 3199
1671604203551 2.3513971979188772 3249
1671604232965 2.4643925850235897 3299
1671604262186 2.348695078413163 3349
1671604291661 2.4349182628274626 3399
1671604320671 1.6364939789115227 3449
