1671602255201 0.4749999940395355 49
1671602284356 0.3333333432674408 99
1671602313131 0.4791666865348816 149
1671602342165 0.4375 199
1671602371344 0.6666666865348816 249
1671602407963 0.6000000238418579 299
1671602436800 0.75 349
1671602466597 0.625 399
1671602496081 0.4761905074119568 449
1671602524850 0.25 499
1671602553524 0.5166666507720947 549
1671602589967 0.3125 599
1671602618927 0.7916666865348816 649
1671602648117 0.6875 699
1671602677304 0.4333333671092987 749
1671602706081 0.5 799
1671602735085 0.3541666865348816 849
1671602771572 0.3916666805744171 899
1671602800567 0.4958333373069763 949
1671602830034 0.375 999
1671602859281 0.3916666805744171 1049
1671602888390 0.8125 1099
1671602917586 0.5 1149
1671602954284 0.75 1199
1671602983637 0.5625 1249
1671603012836 0.3541666865348816 1299
1671603041970 0.3125 1349
1671603070780 0.40833336114883423 1399
1671603107010 0.5625 1449
1671603135943 0.5208333730697632 1499
1671603165044 0.625 1549
1671603194330 0.875 1599
1671603223309 0.375 1649
1671603252729 0.5208333730697632 1699
1671603288893 0.625 1749
1671603318637 0.5666666626930237 1799
1671603347512 0.5125000476837158 1849
1671603376755 0.21250000596046448 1899
1671603405909 0.4375 1949
1671603435287 0.5833333730697632 1999
1671603471452 0.4333333373069763 2049
1671603501100 0.4625000059604645 2099
1671603531170 0.5833333730697632 2149
1671603560550 0.4833333492279053 2199
1671603589623 0.6499999761581421 2249
1671603618165 0.25 2299
1671603655278 0.5833333730697632 2349
1671603684843 0.4375 2399
1671603714108 0.6416666507720947 2449
1671603743476 0.4791666865348816 2499
1671603772662 0.6875 2549
1671603809102 0.4166666865348816 2599
1671603838345 0.4958333373069763 2649
1671603867379 0.625 2699
1671603896336 0.6666666865348816 2749
1671603925235 0.5999999642372131 2799
1671603954311 0.45952385663986206 2849
1671603991530 0.7541666626930237 2899
1671604020813 0.6083333492279053 2949
1671604050434 0.5916666984558105 2999
1671604079434 0.1190476268529892 3049
1671604108372 0.612500011920929 3099
1671604137294 0.6083332896232605 3149
1671604174206 0.6000000238418579 3199
1671604203551 0.3928571343421936 3249
1671604232965 0.5 3299
1671604262186 0.512499988079071 3349
1671604291661 0.5833333730697632 3399
1671604320671 0.25 3449
