1671602255201 0.65625 49
1671602284356 0.625 99
1671602313131 0.625 149
1671602342165 0.71875 199
1671602371344 0.6875 249
1671602407963 0.71875 299
1671602436800 0.875 349
1671602466597 0.6875 399
1671602496081 0.6875 449
1671602524850 0.46875 499
1671602553524 0.625 549
1671602589967 0.625 599
1671602618927 0.84375 649
1671602648117 0.71875 699
1671602677304 0.65625 749
1671602706081 0.6875 799
1671602735085 0.59375 849
1671602771572 0.6875 899
1671602800567 0.6875 949
1671602830034 0.71875 999
1671602859281 0.59375 1049
1671602888390 0.75 1099
1671602917586 0.75 1149
1671602954284 0.8125 1199
1671602983637 0.78125 1249
1671603012836 0.65625 1299
1671603041970 0.59375 1349
1671603070780 0.625 1399
1671603107010 0.71875 1449
1671603135943 0.6875 1499
1671603165044 0.84375 1549
1671603194330 0.875 1599
1671603223309 0.65625 1649
1671603252729 0.6875 1699
1671603288893 0.6875 1749
1671603318637 0.65625 1799
1671603347512 0.625 1849
1671603376755 0.59375 1899
1671603405909 0.65625 1949
1671603435287 0.71875 1999
1671603471452 0.625 2049
1671603501100 0.71875 2099
1671603531170 0.6875 2149
1671603560550 0.6875 2199
1671603589623 0.625 2249
1671603618165 0.75 2299
1671603655278 0.71875 2349
1671603684843 0.5625 2399
1671603714108 0.6875 2449
1671603743476 0.75 2499
1671603772662 0.71875 2549
1671603809102 0.53125 2599
1671603838345 0.71875 2649
1671603867379 0.6875 2699
1671603896336 0.78125 2749
1671603925235 0.71875 2799
1671603954311 0.71875 2849
1671603991530 0.6875 2899
1671604020813 0.75 2949
1671604050434 0.65625 2999
1671604079434 0.65625 3049
1671604108372 0.78125 3099
1671604137294 0.6875 3149
1671604174206 0.84375 3199
1671604203551 0.6875 3249
1671604232965 0.625 3299
1671604262186 0.6875 3349
1671604291661 0.71875 3399
1671604320671 0.5 3449
