1671602239463 0.6247221827507019 22
1671602253347 0.5053521990776062 45
1671602267267 0.5285563468933105 68
1671602281388 0.5159443616867065 91
1671602295223 0.5387169122695923 114
1671602309025 0.5344045758247375 137
1671602322901 0.5274006128311157 160
1671602336959 0.522849977016449 183
1671602350870 0.5256422758102417 206
1671602364989 0.5642812848091125 229
1671602378997 0.5485101342201233 252
1671602392940 0.5590308308601379 275
1671602406999 0.556463360786438 298
1671602420966 0.5484632253646851 321
1671602434730 0.5487924814224243 344
1671602448455 0.5119003057479858 367
1671602462269 0.5332432389259338 390
1671602477398 0.5469192266464233 413
1671602491431 0.5456905961036682 436
1671602505631 0.5214546918869019 459
1671602519345 0.5321035385131836 482
1671602533208 0.5261059999465942 505
1671602546864 0.5244336724281311 528
1671602560821 0.5678079128265381 551
1671602574910 0.5474792122840881 574
1671602588747 0.5382407903671265 597
1671602602675 0.5495944023132324 620
1671602616557 0.5349116325378418 643
1671602630440 0.5431841015815735 666
1671602644459 0.5556729435920715 689
1671602658670 0.568844199180603 712
1671602672589 0.5481212139129639 735
1671602686407 0.5530364513397217 758
1671602700289 0.543169379234314 781
1671602714175 0.5459445118904114 804
1671602728079 0.5470899343490601 827
1671602742216 0.5457741618156433 850
1671602756114 0.5773636102676392 873
1671602770021 0.536476194858551 896
1671602784009 0.5453228950500488 919
1671602797909 0.5421111583709717 942
1671602811929 0.5326007008552551 965
1671602826092 0.5222458243370056 988
1671602840160 0.559469997882843 1011
1671602854345 0.5743342041969299 1034
1671602868167 0.5468791723251343 1057
1671602882301 0.5915466547012329 1080
1671602896631 0.5750337839126587 1103
1671602910605 0.5649371147155762 1126
1671602924496 0.5650702714920044 1149
1671602938475 0.5678423047065735 1172
1671602952493 0.5562868118286133 1195
1671602966679 0.5817320942878723 1218
1671602980693 0.5641711950302124 1241
1671602994794 0.5656301379203796 1264
1671603008697 0.5443658232688904 1287
1671603022735 0.5681818127632141 1310
1671603036689 0.5801885724067688 1333
1671603050641 0.5537827610969543 1356
1671603064422 0.5728047490119934 1379
1671603078294 0.5753588676452637 1402
1671603092302 0.5840030908584595 1425
1671603106093 0.5654550194740295 1448
1671603119936 0.5686962604522705 1471
1671603133810 0.5973882079124451 1494
1671603147760 0.5634822249412537 1517
1671603161780 0.598987877368927 1540
1671603176173 0.5589984655380249 1563
1671603189950 0.5516048073768616 1586
1671603204017 0.5897814631462097 1609
1671603217830 0.5632275342941284 1632
1671603231785 0.5896434187889099 1655
1671603246052 0.5489600300788879 1678
1671603259998 0.5651188492774963 1701
1671603273797 0.5542010068893433 1724
1671603287657 0.5869293808937073 1747
1671603301913 0.5631554126739502 1770
1671603316000 0.5793182253837585 1793
1671603330243 0.5975533127784729 1816
1671603343983 0.5681366324424744 1839
1671603357880 0.572920560836792 1862
1671603372086 0.6249132752418518 1885
1671603385974 0.5455503463745117 1908
1671603400137 0.5916395783424377 1931
1671603414316 0.5649257302284241 1954
1671603428365 0.5773905515670776 1977
1671603442246 0.5543162226676941 2000
1671603456138 0.551557183265686 2023
1671603469892 0.5753206014633179 2046
1671603484355 0.5683693289756775 2069
1671603498243 0.5622267723083496 2092
1671603512570 0.5620030164718628 2115
1671603527174 0.5599001049995422 2138
1671603541424 0.5942679643630981 2161
1671603555593 0.5672491192817688 2184
1671603569568 0.5969150066375732 2207
1671603583559 0.5812381505966187 2230
1671603597371 0.5514103770256042 2253
1671603611122 0.568533182144165 2276
1671603625193 0.5893686413764954 2299
1671603639341 0.5778583288192749 2322
1671603653447 0.5751734972000122 2345
1671603667655 0.5513408780097961 2368
1671603681830 0.5685498714447021 2391
1671603695767 0.5947961211204529 2414
1671603709984 0.5512648820877075 2437
1671603724054 0.5952063202857971 2460
1671603737926 0.5831819772720337 2483
1671603752249 0.5964377522468567 2506
1671603766268 0.5836153030395508 2529
1671603780300 0.5864619016647339 2552
1671603794270 0.5679522752761841 2575
1671603808133 0.5777810215950012 2598
1671603822161 0.5756943821907043 2621
1671603836223 0.6116699576377869 2644
1671603850287 0.5963448286056519 2667
1671603864168 0.5738800168037415 2690
1671603877996 0.5673189163208008 2713
1671603891976 0.5996038317680359 2736
1671603905905 0.5835517644882202 2759
1671603919636 0.5754954814910889 2782
1671603933713 0.609212338924408 2805
1671603947601 0.5496400594711304 2828
1671603961695 0.5853279232978821 2851
1671603975719 0.551129162311554 2874
1671603990237 0.5903681516647339 2897
1671604004340 0.5849100351333618 2920
1671604018427 0.5784581303596497 2943
1671604032656 0.5820403695106506 2966
1671604046892 0.5671895146369934 2989
1671604060751 0.5737866759300232 3012
1671604074732 0.5678948163986206 3035
1671604088619 0.5700874924659729 3058
1671604102552 0.6141906380653381 3081
1671604116437 0.6031371355056763 3104
1671604130318 0.6176306009292603 3127
1671604144524 0.5745795369148254 3150
1671604158644 0.5459453463554382 3173
1671604172660 0.5918400883674622 3196
1671604186791 0.5630950331687927 3219
1671604200904 0.5874882936477661 3242
1671604215121 0.5491020083427429 3265
1671604229130 0.5740113258361816 3288
1671604243270 0.5903461575508118 3311
1671604257235 0.5555420517921448 3334
1671604271472 0.5951293110847473 3357
1671604285555 0.6050655841827393 3380
1671604299586 0.6057658791542053 3403
1671604313492 0.5754412412643433 3426
1671604327278 0.5624716281890869 3449
