1671602255201 0.8333333730697632 49
1671602284356 0.3583333492279053 99
1671602313131 0.625 149
1671602342165 0.3125 199
1671602371344 0.5208333730697632 249
1671602407963 0.875 299
1671602436800 0.4583333432674408 349
1671602466597 0.7291666865348816 399
1671602496081 0.5625 449
1671602524850 0.4375 499
1671602553524 0.887499988079071 549
1671602589967 0.4166666865348816 599
1671602618927 0.7416666746139526 649
1671602648117 0.6041666865348816 699
1671602677304 0.875 749
1671602706081 0.6041666865348816 799
1671602735085 0.3541666865348816 849
1671602771572 0.625 899
1671602800567 1.0 949
1671602830034 0.2708333134651184 999
1671602859281 0.5833333730697632 1049
1671602888390 0.6458333730697632 1099
1671602917586 0.5 1149
1671602954284 0.4166666865348816 1199
1671602983637 0.6041666865348816 1249
1671603012836 0.5416666865348816 1299
1671603041970 0.3541666865348816 1349
1671603070780 1.0 1399
1671603107010 0.75 1449
1671603135943 0.5833333730697632 1499
1671603165044 0.5416666865348816 1549
1671603194330 0.8999999761581421 1599
1671603223309 0.4000000059604645 1649
1671603252729 1.0 1699
1671603288893 0.6666666865348816 1749
1671603318637 0.7916666865348816 1799
1671603347512 0.7708333730697632 1849
1671603376755 0.5 1899
1671603405909 0.375 1949
1671603435287 0.6666666865348816 1999
1671603471452 0.6666666865348816 2049
1671603501100 1.0 2099
1671603531170 0.7708333730697632 2149
1671603560550 0.9375 2199
1671603589623 0.7291666865348816 2249
1671603618165 0.25 2299
1671603655278 0.7916666865348816 2349
1671603684843 0.6625000238418579 2399
1671603714108 0.7083333730697632 2449
1671603743476 0.75 2499
1671603772662 0.5208333730697632 2549
1671603809102 0.4375 2599
1671603838345 0.8125 2649
1671603867379 0.4583333432674408 2699
1671603896336 0.7916666865348816 2749
1671603925235 0.875 2799
1671603954311 1.0 2849
1671603991530 0.625 2899
1671604020813 0.7916666865348816 2949
1671604050434 0.7833333611488342 2999
1671604079434 0.5 3049
1671604108372 1.0 3099
1671604137294 0.6916666626930237 3149
1671604174206 0.75 3199
1671604203551 0.625 3249
1671604232965 0.5 3299
1671604262186 0.637499988079071 3349
1671604291661 0.7916666865348816 3399
1671604320671 0.25 3449
