1671602239463 0.7274011373519897 22
1671602253347 0.6525423526763916 45
1671602267267 0.651129961013794 68
1671602281388 0.6483050584793091 91
1671602295223 0.659604549407959 114
1671602309025 0.6497175097465515 137
1671602322901 0.659604549407959 160
1671602336959 0.6850282549858093 183
1671602350870 0.6553672552108765 206
1671602364989 0.6525423526763916 229
1671602378997 0.651129961013794 252
1671602392940 0.6567796468734741 275
1671602406999 0.6977401375770569 298
1671602420966 0.653954803943634 321
1671602434730 0.6525423526763916 344
1671602448455 0.6652542352676392 367
1671602462269 0.6581920981407166 390
1671602477398 0.6483050584793091 413
1671602491431 0.6553672552108765 436
1671602505631 0.6525423526763916 459
1671602519345 0.6737288236618042 482
1671602533208 0.659604549407959 505
1671602546864 0.6666666865348816 528
1671602560821 0.6935028433799744 551
1671602574910 0.6553672552108765 574
1671602588747 0.6624293923377991 597
1671602602675 0.6751412153244019 620
1671602616557 0.6737288236618042 643
1671602630440 0.6793785095214844 666
1671602644459 0.6737288236618042 689
1671602658670 0.7132768630981445 712
1671602672589 0.6751412153244019 735
1671602686407 0.6963276863098145 758
1671602700289 0.6709039807319641 781
1671602714175 0.6765536665916443 804
1671602728079 0.6694915294647217 827
1671602742216 0.6878530979156494 850
1671602756114 0.700564980506897 873
1671602770021 0.694915235042572 896
1671602784009 0.6737288236618042 919
1671602797909 0.6864407062530518 942
1671602811929 0.6765536665916443 965
1671602826092 0.6850282549858093 988
1671602840160 0.6963276863098145 1011
1671602854345 0.6878530979156494 1034
1671602868167 0.6793785095214844 1057
1671602882301 0.6977401375770569 1080
1671602896631 0.709039568901062 1103
1671602910605 0.6723163723945618 1126
1671602924496 0.6977401375770569 1149
1671602938475 0.6836158037185669 1172
1671602952493 0.6836158037185669 1195
1671602966679 0.7161017060279846 1218
1671602980693 0.6864407062530518 1241
1671602994794 0.7062146663665771 1264
1671603008697 0.6822034120559692 1287
1671603022735 0.6920903921127319 1310
1671603036689 0.7019773721694946 1333
1671603050641 0.6963276863098145 1356
1671603064422 0.6920903921127319 1379
1671603078294 0.7132768630981445 1402
1671603092302 0.7132768630981445 1425
1671603106093 0.7033898234367371 1448
1671603119936 0.694915235042572 1471
1671603133810 0.7132768630981445 1494
1671603147760 0.6878530979156494 1517
1671603161780 0.7274011373519897 1540
1671603176173 0.694915235042572 1563
1671603189950 0.7189265489578247 1586
1671603204017 0.709039568901062 1609
1671603217830 0.7033898234367371 1632
1671603231785 0.7189265489578247 1655
1671603246052 0.7033898234367371 1678
1671603259998 0.6991525292396545 1701
1671603273797 0.7104519605636597 1724
1671603287657 0.700564980506897 1747
1671603301913 0.6906779408454895 1770
1671603316000 0.7076271176338196 1793
1671603330243 0.7048022747039795 1816
1671603343983 0.7033898234367371 1839
1671603357880 0.7048022747039795 1862
1671603372086 0.7189265489578247 1885
1671603385974 0.694915235042572 1908
1671603400137 0.6977401375770569 1931
1671603414316 0.6963276863098145 1954
1671603428365 0.7076271176338196 1977
1671603442246 0.6906779408454895 2000
1671603456138 0.7033898234367371 2023
1671603469892 0.6935028433799744 2046
1671603484355 0.7048022747039795 2069
1671603498243 0.7076271176338196 2092
1671603512570 0.7019773721694946 2115
1671603527174 0.700564980506897 2138
1671603541424 0.7161017060279846 2161
1671603555593 0.6977401375770569 2184
1671603569568 0.7175140976905823 2207
1671603583559 0.7132768630981445 2230
1671603597371 0.6935028433799744 2253
1671603611122 0.709039568901062 2276
1671603625193 0.7175140976905823 2299
1671603639341 0.7033898234367371 2322
1671603653447 0.6977401375770569 2345
1671603667655 0.7033898234367371 2368
1671603681830 0.6991525292396545 2391
1671603695767 0.7217513918876648 2414
1671603709984 0.7104519605636597 2437
1671603724054 0.7146892547607422 2460
1671603737926 0.7203390002250671 2483
1671603752249 0.7161017060279846 2506
1671603766268 0.6991525292396545 2529
1671603780300 0.7288135886192322 2552
1671603794270 0.7048022747039795 2575
1671603808133 0.700564980506897 2598
1671603822161 0.7062146663665771 2621
1671603836223 0.7048022747039795 2644
1671603850287 0.7104519605636597 2667
1671603864168 0.700564980506897 2690
1671603877996 0.7104519605636597 2713
1671603891976 0.7274011373519897 2736
1671603905905 0.6991525292396545 2759
1671603919636 0.7033898234367371 2782
1671603933713 0.7217513918876648 2805
1671603947601 0.7048022747039795 2828
1671603961695 0.7146892547607422 2851
1671603975719 0.709039568901062 2874
1671603990237 0.7203390002250671 2897
1671604004340 0.7076271176338196 2920
1671604018427 0.700564980506897 2943
1671604032656 0.7062146663665771 2966
1671604046892 0.6977401375770569 2989
1671604060751 0.6963276863098145 3012
1671604074732 0.7062146663665771 3035
1671604088619 0.7076271176338196 3058
1671604102552 0.7259886860847473 3081
1671604116437 0.7033898234367371 3104
1671604130318 0.7274011373519897 3127
1671604144524 0.7231638431549072 3150
1671604158644 0.6935028433799744 3173
1671604172660 0.7231638431549072 3196
1671604186791 0.700564980506897 3219
1671604200904 0.7019773721694946 3242
1671604215121 0.700564980506897 3265
1671604229130 0.700564980506897 3288
1671604243270 0.7104519605636597 3311
1671604257235 0.6963276863098145 3334
1671604271472 0.7062146663665771 3357
1671604285555 0.7231638431549072 3380
1671604299586 0.7259886860847473 3403
1671604313492 0.7146892547607422 3426
1671604327278 0.6991525292396545 3449
