1671602239463 2.672564063003246 22
1671602253347 2.3011723469190546 45
1671602267267 2.296300880180128 68
1671602281388 2.2957747388104495 91
1671602295223 2.3037733712825292 114
1671602309025 2.296061353630284 137
1671602322901 2.299018746531129 160
1671602336959 2.299756346937013 183
1671602350870 2.2954863904700025 206
1671602364989 2.2963262356535106 229
1671602378997 2.2962972581456773 252
1671602392940 2.304184239240321 275
1671602406999 2.2998059361356864 298
1671602420966 2.2922186868421033 321
1671602434730 2.2922046318186307 344
1671602448455 2.3003560800254244 367
1671602462269 2.2963478758847793 390
1671602477398 2.2933662197341005 413
1671602491431 2.2907564214260594 436
1671602505631 2.2946094821153786 459
1671602519345 2.2921130102697735 482
1671602533208 2.2915504024769486 505
1671602546864 2.2977451631108887 528
1671602560821 2.2941701112346844 551
1671602574910 2.2923275294278778 574
1671602588747 2.2939795719722778 597
1671602602675 2.293899161544253 620
1671602616557 2.291102618087713 643
1671602630440 2.2910246325656454 666
1671602644459 2.2927012215566576 689
1671602658670 2.2960434748607472 712
1671602672589 2.290568986840662 735
1671602686407 2.287328744490352 758
1671602700289 2.2951321627777723 781
1671602714175 2.2904232737049464 804
1671602728079 2.2840981602892803 827
1671602742216 2.2922561456142554 850
1671602756114 2.2929300091526064 873
1671602770021 2.2940060464604053 896
1671602784009 2.2854484699904893 919
1671602797909 2.291336853121109 942
1671602811929 2.2881673336878197 965
1671602826092 2.285848274298973 988
1671602840160 2.2878330116227352 1011
1671602854345 2.2912474449492244 1034
1671602868167 2.2868939899688177 1057
1671602882301 2.293899847890898 1080
1671602896631 2.2907799797190496 1103
1671602910605 2.2839722922481007 1126
1671602924496 2.287159339183857 1149
1671602938475 2.28624576526234 1172
1671602952493 2.2880054716848357 1195
1671602966679 2.28581734183384 1218
1671602980693 2.283492884870742 1241
1671602994794 2.288954719713821 1264
1671603008697 2.27920848071253 1287
1671603022735 2.2858171028386405 1310
1671603036689 2.2795799555569825 1333
1671603050641 2.2843390270734356 1356
1671603064422 2.28599948948844 1379
1671603078294 2.287656635596915 1402
1671603092302 2.2873450699613596 1425
1671603106093 2.283494876384488 1448
1671603119936 2.282379694059553 1471
1671603133810 2.279633600098446 1494
1671603147760 2.284305586205317 1517
1671603161780 2.2913561742923987 1540
1671603176173 2.2860728998738207 1563
1671603189950 2.281198621323972 1586
1671603204017 2.278860411624164 1609
1671603217830 2.281026665815903 1632
1671603231785 2.287128190767053 1655
1671603246052 2.27585558908019 1678
1671603259998 2.281582621997552 1701
1671603273797 2.278486076388387 1724
1671603287657 2.276564331305436 1747
1671603301913 2.2835302094584504 1770
1671603316000 2.280815239596312 1793
1671603330243 2.278781295324701 1816
1671603343983 2.279462749287835 1839
1671603357880 2.281395664059935 1862
1671603372086 2.2763441050341138 1885
1671603385974 2.2791085425032502 1908
1671603400137 2.277764769448781 1931
1671603414316 2.2743062530598492 1954
1671603428365 2.28072264518123 1977
1671603442246 2.276115713297269 2000
1671603456138 2.2723171599541594 2023
1671603469892 2.2747101967493104 2046
1671603484355 2.2774763550267068 2069
1671603498243 2.2731300410351025 2092
1671603512570 2.275571831983753 2115
1671603527174 2.281247070347773 2138
1671603541424 2.2744972480211265 2161
1671603555593 2.2776774568510096 2184
1671603569568 2.2857604851459428 2207
1671603583559 2.282310805558969 2230
1671603597371 2.2754695766739395 2253
1671603611122 2.277127644871071 2276
1671603625193 2.2847780333449212 2299
1671603639341 2.271431730225982 2322
1671603653447 2.274266527229355 2345
1671603667655 2.2761432094421203 2368
1671603681830 2.2736661625824413 2391
1671603695767 2.2756247901596978 2414
1671603709984 2.271623939389182 2437
1671603724054 2.2820340075236025 2460
1671603737926 2.2804385668737814 2483
1671603752249 2.27228356586008 2506
1671603766268 2.2688414641705004 2529
1671603780300 2.27715131066792 2552
1671603794270 2.2750835862869714 2575
1671603808133 2.270221024382631 2598
1671603822161 2.2701892041756784 2621
1671603836223 2.2695131538946294 2644
1671603850287 2.274334018729143 2667
1671603864168 2.269138090336513 2690
1671603877996 2.2706811955704036 2713
1671603891976 2.277543146654993 2736
1671603905905 2.271268342850187 2759
1671603919636 2.278023038077419 2782
1671603933713 2.272605568190441 2805
1671603947601 2.275901397494944 2828
1671603961695 2.272995568916341 2851
1671603975719 2.266341346903453 2874
1671603990237 2.275589525007376 2897
1671604004340 2.26967624104297 2920
1671604018427 2.2810310762124066 2943
1671604032656 2.2719604332657624 2966
1671604046892 2.2702894730314167 2989
1671604060751 2.266161401311318 3012
1671604074732 2.2713790682330295 3035
1671604088619 2.2708885615890093 3058
1671604102552 2.2756050660505562 3081
1671604116437 2.2707965131197803 3104
1671604130318 2.2717659200975144 3127
1671604144524 2.2743227527797214 3150
1671604158644 2.2710338845459037 3173
1671604172660 2.2724552822982407 3196
1671604186791 2.264573461603567 3219
1671604200904 2.267772107682854 3242
1671604215121 2.2700884374860912 3265
1671604229130 2.2704098731598927 3288
1671604243270 2.266043466705383 3311
1671604257235 2.2649300111817947 3334
1671604271472 2.2669975056371423 3357
1671604285555 2.2728683538288226 3380
1671604299586 2.269738942263496 3403
1671604313492 2.26382516977727 3426
1671604327278 2.266692042500876 3449
