1672118622172 19.75 22
1672118636777 19.75 45
1672118651676 19.75 68
1672118666605 17.0 91
1672118681686 19.75 114
1672118696523 17.0 137
1672118711743 17.0 160
1672118726812 19.75 183
1672118741753 17.0 206
1672118756799 19.75 229
1672118771574 17.0 252
1672118786546 19.75 275
1672118801557 19.75 298
1672118816670 17.0 321
1672118831576 22.0 344
1672118846652 19.5 367
1672118861636 17.0 390
1672118876681 19.75 413
1672118891660 19.75 436
1672118906987 19.75 459
1672118922336 19.75 482
1672118937230 17.0 505
1672118952482 22.0 528
1672118967628 19.75 551
1672118982372 19.75 574
1672118997449 19.75 597
1672119012520 19.75 620
1672119027634 19.75 643
1672119042779 19.75 666
1672119057826 19.75 689
1672119073039 21.75 712
1672119088346 19.75 735
1672119103641 19.25 758
1672119118655 21.75 781
1672119133878 19.75 804
1672119148914 16.75 827
1672119163771 21.75 850
1672119178869 20.25 873
1672119193924 21.75 896
1672119209041 17.0 919
1672119224044 21.75 942
1672119238847 19.75 965
1672119254071 19.75 988
1672119268968 19.5 1011
1672119284541 21.75 1034
1672119299465 19.75 1057
1672119314478 19.75 1080
1672119329356 19.75 1103
1672119344381 21.75 1126
1672119359449 19.75 1149
1672119374430 21.75 1172
1672119389492 16.5 1195
1672119404523 22.0 1218
1672119419542 19.25 1241
1672119434828 22.0 1264
1672119449968 19.75 1287
1672119465467 19.5 1310
1672119480446 21.75 1333
1672119495509 22.0 1356
1672119510610 19.25 1379
1672119525630 22.0 1402
1672119540655 21.75 1425
1672119555730 19.75 1448
1672119570874 21.5 1471
1672119585767 19.25 1494
1672119600941 21.0 1517
1672119615978 22.0 1540
1672119630915 19.5 1563
1672119646316 19.0 1586
1672119661332 21.75 1609
1672119676039 19.25 1632
1672119690368 19.75 1655
1672119704508 21.5 1678
1672119718541 19.5 1701
1672119732940 21.5 1724
1672119747105 17.25 1747
1672119761445 21.75 1770
1672119775901 18.75 1793
1672119790073 19.5 1816
1672119804382 19.75 1839
1672119818865 19.75 1862
1672119833032 19.25 1885
1672119847258 19.0 1908
1672119861159 21.5 1931
1672119875439 19.25 1954
1672119889633 19.0 1977
1672119903951 22.0 2000
1672119918335 19.75 2023
1672119932444 20.5 2046
1672119946953 19.0 2069
1672119961172 21.75 2092
1672119975758 21.75 2115
1672119990142 19.0 2138
1672120004308 22.0 2161
1672120018677 19.0 2184
1672120033115 20.0 2207
1672120047360 18.75 2230
1672120061702 20.0 2253
1672120075858 21.75 2276
1672120090139 19.75 2299
1672120104490 21.0 2322
1672120118587 21.75 2345
1672120132954 18.75 2368
1672120147213 22.0 2391
1672120161821 18.75 2414
1672120176050 18.75 2437
1672120190454 19.5 2460
1672120204594 21.5 2483
1672120218867 19.25 2506
1672120233070 16.75 2529
1672120247244 21.75 2552
1672120261569 19.25 2575
1672120275856 19.5 2598
1672120290184 21.0 2621
1672120304165 21.0 2644
1672120318339 18.75 2667
1672120332738 21.25 2690
1672120347158 21.0 2713
1672120361432 19.0 2736
1672120375841 19.0 2759
1672120390099 19.0 2782
1672120404375 19.0 2805
1672120418532 19.5 2828
1672120432828 19.25 2851
1672120447083 19.25 2874
1672120461288 19.5 2897
1672120475646 18.75 2920
1672120489905 19.5 2943
1672120504262 19.0 2966
1672120518419 19.5 2989
1672120532641 19.0 3012
1672120546843 19.5 3035
1672120560977 18.5 3058
1672120575503 20.25 3081
1672120590016 18.5 3104
1672120604126 21.5 3127
1672120618302 19.0 3150
1672120632712 19.5 3173
1672120647043 19.75 3196
1672120661285 19.25 3219
1672120675824 21.5 3242
1672120690072 16.25 3265
1672120704277 21.0 3288
1672120718634 18.75 3311
1672120732737 19.0 3334
1672120746960 18.75 3357
1672120761279 19.25 3380
1672120775712 19.5 3403
1672120789958 18.75 3426
1672120804590 19.0 3449
