1672118622172 0 22
1672118625456 1 22
1672118636777 1 45
1672118640273 2 45
1672118642172 2 49
1672118651676 2 68
1672118655232 3 68
1672118666605 3 91
1672118670107 4 91
1672118673202 4 99
1672118681686 4 114
1672118685175 5 114
1672118696523 5 137
1672118699945 6 137
1672118704238 6 149
1672118711743 6 160
1672118715211 7 160
1672118726812 7 183
1672118730367 8 183
1672118735808 8 199
1672118741753 8 206
1672118745247 9 206
1672118756799 9 229
1672118760195 10 229
1672118766867 10 249
1672118771574 10 252
1672118774973 11 252
1672118786546 11 275
1672118790096 12 275
1672118801557 12 298
1672118805014 13 298
1672118806029 13 299
1672118816670 13 321
1672118820196 14 321
1672118831576 14 344
1672118835136 15 344
1672118837301 15 349
1672118846652 15 367
1672118850179 16 367
1672118861636 16 390
1672118865150 17 390
1672118868508 17 399
1672118876681 17 413
1672118880156 18 413
1672118891660 18 436
1672118895122 19 436
1672118899750 19 449
1672118906987 19 459
1672118910570 20 459
1672118922336 20 482
1672118925745 21 482
1672118931426 21 499
1672118937230 21 505
1672118940704 22 505
1672118952482 22 528
1672118955915 23 528
1672118962919 23 549
1672118967628 23 551
1672118971120 24 551
1672118982372 24 574
1672118985856 25 574
1672118997449 25 597
1672119000961 26 597
1672119002204 26 599
1672119012520 26 620
1672119015991 27 620
1672119027634 27 643
1672119031140 28 643
1672119033640 28 649
1672119042779 28 666
1672119046273 29 666
1672119057826 29 689
1672119061386 30 689
1672119065022 30 699
1672119073039 30 712
1672119076510 31 712
1672119088346 31 735
1672119091841 32 735
1672119096885 32 749
1672119103641 32 758
1672119107128 33 758
1672119118655 33 781
1672119122222 34 781
1672119128301 34 799
1672119133878 34 804
1672119137394 35 804
1672119148914 35 827
1672119152362 36 827
1672119159570 36 849
1672119163771 36 850
1672119167337 37 850
1672119178869 37 873
1672119182404 38 873
1672119193924 38 896
1672119197383 39 896
1672119198990 39 899
1672119209041 39 919
1672119212577 40 919
1672119224044 40 942
1672119227530 41 942
1672119230274 41 949
1672119238847 41 965
1672119242382 42 965
1672119254071 42 988
1672119257585 43 988
1672119261590 43 999
1672119268968 43 1011
1672119272577 44 1011
1672119284541 44 1034
1672119288106 45 1034
1672119293241 45 1049
1672119299465 45 1057
1672119303043 46 1057
1672119314478 46 1080
1672119318000 47 1080
1672119324302 47 1099
1672119329356 47 1103
1672119332870 48 1103
1672119344381 48 1126
1672119347858 49 1126
1672119355221 49 1149
1672119359449 49 1149
1672119363005 50 1149
1672119374430 50 1172
1672119377962 51 1172
1672119389492 51 1195
1672119393050 52 1195
1672119394909 52 1199
1672119404523 52 1218
1672119408022 53 1218
1672119419542 53 1241
1672119423112 54 1241
1672119426222 54 1249
1672119434828 54 1264
1672119438357 55 1264
1672119449968 55 1287
1672119453523 56 1287
1672119458003 56 1299
1672119465467 56 1310
1672119468894 57 1310
1672119480446 57 1333
1672119484042 58 1333
1672119489459 58 1349
1672119495509 58 1356
1672119499054 59 1356
1672119510610 59 1379
1672119514122 60 1379
1672119520726 60 1399
1672119525630 60 1402
1672119529145 61 1402
1672119540655 61 1425
1672119544137 62 1425
1672119555730 62 1448
1672119559250 63 1448
1672119560171 63 1449
1672119570874 63 1471
1672119574314 64 1471
1672119585767 64 1494
1672119589309 65 1494
1672119591436 65 1499
1672119600941 65 1517
1672119604416 66 1517
1672119615978 66 1540
1672119619499 67 1540
1672119622892 67 1549
1672119630915 67 1563
1672119634421 68 1563
1672119646316 68 1586
1672119649742 69 1586
1672119654313 69 1599
1672119661332 69 1609
1672119664971 70 1609
1672119676039 70 1632
1672119679294 71 1632
1672119684909 71 1649
1672119690368 71 1655
1672119693565 72 1655
1672119704508 72 1678
1672119707683 73 1678
1672119714436 73 1699
1672119718541 73 1701
1672119721778 74 1701
1672119732940 74 1724
1672119736141 75 1724
1672119747105 75 1747
1672119750321 76 1747
1672119751553 76 1749
1672119761445 76 1770
1672119764644 77 1770
1672119775901 77 1793
1672119779116 78 1793
1672119781538 78 1799
1672119790073 78 1816
1672119793265 79 1816
1672119804382 79 1839
1672119807574 80 1839
1672119811384 80 1849
1672119818865 80 1862
1672119822077 81 1862
1672119833032 81 1885
1672119836150 82 1885
1672119840960 82 1899
1672119847258 82 1908
1672119850430 83 1908
1672119861159 83 1931
1672119864375 84 1931
1672119870263 84 1949
1672119875439 84 1954
1672119878573 85 1954
1672119889633 85 1977
1672119892885 86 1977
1672119899962 86 1999
1672119903951 86 2000
1672119907257 87 2000
1672119918335 87 2023
1672119921497 88 2023
1672119932444 88 2046
1672119935741 89 2046
1672119937258 89 2049
1672119946953 89 2069
1672119950136 90 2069
1672119961172 90 2092
1672119964451 91 2092
1672119967185 91 2099
1672119975758 91 2115
1672119978977 92 2115
1672119990142 92 2138
1672119993350 93 2138
1672119997217 93 2149
1672120004308 93 2161
1672120007397 94 2161
1672120018677 94 2184
1672120021981 95 2184
1672120027047 95 2199
1672120033115 95 2207
1672120036319 96 2207
1672120047360 96 2230
1672120050610 97 2230
1672120056769 97 2249
1672120061702 97 2253
1672120064899 98 2253
1672120075858 98 2276
1672120079045 99 2276
1672120086143 99 2299
1672120090139 99 2299
1672120093421 100 2299
1672120104490 100 2322
1672120107611 101 2322
1672120118587 101 2345
1672120121770 102 2345
1672120123629 102 2349
1672120132954 102 2368
1672120136218 103 2368
1672120147213 103 2391
1672120150525 104 2391
1672120153527 104 2399
1672120161821 104 2414
1672120164980 105 2414
1672120176050 105 2437
1672120179239 106 2437
1672120183569 106 2449
1672120190454 106 2460
1672120193651 107 2460
1672120204594 107 2483
1672120207781 108 2483
1672120213158 108 2499
1672120218867 108 2506
1672120222107 109 2506
1672120233070 109 2529
1672120236259 110 2529
1672120242706 110 2549
1672120247244 110 2552
1672120250521 111 2552
1672120261569 111 2575
1672120264797 112 2575
1672120275856 112 2598
1672120278976 113 2598
1672120280070 113 2599
1672120290184 113 2621
1672120293380 114 2621
1672120304165 114 2644
1672120307387 115 2644
1672120309490 115 2649
1672120318339 115 2667
1672120321524 116 2667
1672120332738 116 2690
1672120335915 117 2690
1672120339336 117 2699
1672120347158 117 2713
1672120350363 118 2713
1672120361432 118 2736
1672120364684 119 2736
1672120369125 119 2749
1672120375841 119 2759
1672120379062 120 2759
1672120390099 120 2782
1672120393295 121 2782
1672120398899 121 2799
1672120404375 121 2805
1672120407496 122 2805
1672120418532 122 2828
1672120421733 123 2828
1672120428489 123 2849
1672120432828 123 2851
1672120436062 124 2851
1672120447083 124 2874
1672120450263 125 2874
1672120461288 125 2897
1672120464563 126 2897
1672120465805 126 2899
1672120475646 126 2920
1672120478832 127 2920
1672120489905 127 2943
1672120493133 128 2943
1672120495491 128 2949
1672120504262 128 2966
1672120507510 129 2966
1672120518419 129 2989
1672120521692 130 2989
1672120525300 130 2999
1672120532641 130 3012
1672120535813 131 3012
1672120546843 131 3035
1672120550032 132 3035
1672120554735 132 3049
1672120560977 132 3058
1672120564232 133 3058
1672120575503 133 3081
1672120578872 134 3081
1672120584788 134 3099
1672120590016 134 3104
1672120593223 135 3104
1672120604126 135 3127
1672120607254 136 3127
1672120614325 136 3149
1672120618302 136 3150
1672120621506 137 3150
1672120632712 137 3173
1672120635847 138 3173
1672120647043 138 3196
1672120650177 139 3196
1672120651697 139 3199
1672120661285 139 3219
1672120664430 140 3219
1672120675824 140 3242
1672120678986 141 3242
1672120681687 141 3249
1672120690072 141 3265
1672120693331 142 3265
1672120704277 142 3288
1672120707400 143 3288
1672120711416 143 3299
1672120718634 143 3311
1672120721798 144 3311
1672120732737 144 3334
1672120735872 145 3334
1672120740887 145 3349
1672120746960 145 3357
1672120750218 146 3357
1672120761279 146 3380
1672120764521 147 3380
1672120770710 147 3399
1672120775712 147 3403
1672120778857 148 3403
1672120789958 148 3426
1672120793203 149 3426
1672120800487 149 3449
1672120804590 149 3449
1672120807594 150 3449
