1672118622172 2.25 22
1672118636777 2.25 45
1672118651676 2.25 68
1672118666605 5.0 91
1672118681686 2.25 114
1672118696523 5.0 137
1672118711743 5.0 160
1672118726812 2.25 183
1672118741753 5.0 206
1672118756799 2.25 229
1672118771574 5.0 252
1672118786546 2.25 275
1672118801557 2.25 298
1672118816670 5.0 321
1672118831576 0.0 344
1672118846652 2.5 367
1672118861636 5.0 390
1672118876681 2.25 413
1672118891660 2.25 436
1672118906987 2.25 459
1672118922336 2.25 482
1672118937230 5.0 505
1672118952482 0.0 528
1672118967628 2.25 551
1672118982372 2.25 574
1672118997449 2.25 597
1672119012520 2.25 620
1672119027634 2.25 643
1672119042779 2.25 666
1672119057826 2.25 689
1672119073039 0.25 712
1672119088346 2.25 735
1672119103641 2.75 758
1672119118655 0.25 781
1672119133878 2.25 804
1672119148914 5.25 827
1672119163771 0.25 850
1672119178869 1.75 873
1672119193924 0.25 896
1672119209041 5.0 919
1672119224044 0.25 942
1672119238847 2.25 965
1672119254071 2.25 988
1672119268968 2.5 1011
1672119284541 0.25 1034
1672119299465 2.25 1057
1672119314478 2.25 1080
1672119329356 2.25 1103
1672119344381 0.25 1126
1672119359449 2.25 1149
1672119374430 0.25 1172
1672119389492 5.5 1195
1672119404523 0.0 1218
1672119419542 2.75 1241
1672119434828 0.0 1264
1672119449968 2.25 1287
1672119465467 2.5 1310
1672119480446 0.25 1333
1672119495509 0.0 1356
1672119510610 2.75 1379
1672119525630 0.0 1402
1672119540655 0.25 1425
1672119555730 2.25 1448
1672119570874 0.5 1471
1672119585767 2.75 1494
1672119600941 1.0 1517
1672119615978 0.0 1540
1672119630915 2.5 1563
1672119646316 3.0 1586
1672119661332 0.25 1609
1672119676039 2.75 1632
1672119690368 2.25 1655
1672119704508 0.5 1678
1672119718541 2.5 1701
1672119732940 0.5 1724
1672119747105 4.75 1747
1672119761445 0.25 1770
1672119775901 3.25 1793
1672119790073 2.5 1816
1672119804382 2.25 1839
1672119818865 2.25 1862
1672119833032 2.75 1885
1672119847258 3.0 1908
1672119861159 0.5 1931
1672119875439 2.75 1954
1672119889633 3.0 1977
1672119903951 0.0 2000
1672119918335 2.25 2023
1672119932444 1.5 2046
1672119946953 3.0 2069
1672119961172 0.25 2092
1672119975758 0.25 2115
1672119990142 3.0 2138
1672120004308 0.0 2161
1672120018677 3.0 2184
1672120033115 2.0 2207
1672120047360 3.25 2230
1672120061702 2.0 2253
1672120075858 0.25 2276
1672120090139 2.25 2299
1672120104490 1.0 2322
1672120118587 0.25 2345
1672120132954 3.25 2368
1672120147213 0.0 2391
1672120161821 3.25 2414
1672120176050 3.25 2437
1672120190454 2.5 2460
1672120204594 0.5 2483
1672120218867 2.75 2506
1672120233070 5.25 2529
1672120247244 0.25 2552
1672120261569 2.75 2575
1672120275856 2.5 2598
1672120290184 1.0 2621
1672120304165 1.0 2644
1672120318339 3.25 2667
1672120332738 0.75 2690
1672120347158 1.0 2713
1672120361432 3.0 2736
1672120375841 3.0 2759
1672120390099 3.0 2782
1672120404375 3.0 2805
1672120418532 2.5 2828
1672120432828 2.75 2851
1672120447083 2.75 2874
1672120461288 2.5 2897
1672120475646 3.25 2920
1672120489905 2.5 2943
1672120504262 3.0 2966
1672120518419 2.5 2989
1672120532641 3.0 3012
1672120546843 2.5 3035
1672120560977 3.25 3058
1672120575503 1.75 3081
1672120590016 3.25 3104
1672120604126 0.5 3127
1672120618302 3.0 3150
1672120632712 2.5 3173
1672120647043 2.25 3196
1672120661285 2.75 3219
1672120675824 0.5 3242
1672120690072 5.75 3265
1672120704277 1.0 3288
1672120718634 3.25 3311
1672120732737 3.0 3334
1672120746960 3.25 3357
1672120761279 2.75 3380
1672120775712 2.5 3403
1672120789958 3.25 3426
1672120804590 3.0 3449
