1672118642172 0.59375 49
1672118673202 0.40625 99
1672118704238 0.5625 149
1672118735808 0.6875 199
1672118766867 0.625 249
1672118806029 0.59375 299
1672118837301 0.5 349
1672118868508 0.53125 399
1672118899750 0.53125 449
1672118931426 0.3125 499
1672118962919 0.40625 549
1672119002204 0.53125 599
1672119033640 0.53125 649
1672119065022 0.46875 699
1672119096885 0.4375 749
1672119128301 0.46875 799
1672119159570 0.46875 849
1672119198990 0.59375 899
1672119230274 0.5625 949
1672119261590 0.65625 999
1672119293241 0.4375 1049
1672119324302 0.46875 1099
1672119355221 0.75 1149
1672119394909 0.4375 1199
1672119426222 0.5625 1249
1672119458003 0.46875 1299
1672119489459 0.34375 1349
1672119520726 0.46875 1399
1672119560171 0.46875 1449
1672119591436 0.40625 1499
1672119622892 0.75 1549
1672119654313 0.5625 1599
1672119684909 0.4375 1649
1672119714436 0.53125 1699
1672119751553 0.5 1749
1672119781538 0.4375 1799
1672119811384 0.5 1849
1672119840960 0.5 1899
1672119870263 0.5 1949
1672119899962 0.53125 1999
1672119937258 0.59375 2049
1672119967185 0.5625 2099
1672119997217 0.59375 2149
1672120027047 0.53125 2199
1672120056769 0.4375 2249
1672120086143 0.0 2299
1672120123629 0.59375 2349
1672120153527 0.4375 2399
1672120183569 0.5 2449
1672120213158 0.46875 2499
1672120242706 0.53125 2549
1672120280070 0.46875 2599
1672120309490 0.625 2649
1672120339336 0.46875 2699
1672120369125 0.625 2749
1672120398899 0.59375 2799
1672120428489 0.46875 2849
1672120465805 0.625 2899
1672120495491 0.59375 2949
1672120525300 0.5 2999
1672120554735 0.5 3049
1672120584788 0.59375 3099
1672120614325 0.5625 3149
1672120651697 0.53125 3199
1672120681687 0.5625 3249
1672120711416 0.59375 3299
1672120740887 0.46875 3349
1672120770710 0.5625 3399
1672120800487 0.5 3449
