1672118642172 0.4124999940395355 49
1672118673202 0.25 99
1672118704238 0.49166667461395264 149
1672118735808 0.3928571343421936 199
1672118766867 0.5166667103767395 249
1672118806029 0.5041666626930237 299
1672118837301 0.23749999701976776 349
1672118868508 0.3958333432674408 399
1672118899750 0.3303571343421936 449
1672118931426 0.1755952388048172 499
1672118962919 0.293154776096344 549
1672119002204 0.25 599
1672119033640 0.3500000238418579 649
1672119065022 0.42500001192092896 699
1672119096885 0.21666666865348816 749
1672119128301 0.2083333432674408 799
1672119159570 0.40833333134651184 849
1672119198990 0.3916666805744171 899
1672119230274 0.4208333492279053 949
1672119261590 0.49166667461395264 999
1672119293241 0.2529762089252472 1049
1672119324302 0.3511904776096344 1099
1672119355221 0.5 1149
1672119394909 0.30000001192092896 1199
1672119426222 0.3708333373069763 1249
1672119458003 0.1458333432674408 1299
1672119489459 0.24047619104385376 1349
1672119520726 0.23749999701976776 1399
1672119560171 0.42797619104385376 1449
1672119591436 0.21666666865348816 1499
1672119622892 0.44999998807907104 1549
1672119654313 0.5249999761581421 1599
1672119684909 0.1785714328289032 1649
1672119714436 0.3839285671710968 1699
1672119751553 0.375 1749
1672119781538 0.38333332538604736 1799
1672119811384 0.38749998807907104 1849
1672119840960 0.23571428656578064 1899
1672119870263 0.2666666805744171 1949
1672119899962 0.3541666865348816 1999
1672119937258 0.4208333492279053 2049
1672119967185 0.32083332538604736 2099
1672119997217 0.46547621488571167 2149
1672120027047 0.3291666507720947 2199
1672120056769 0.5178571343421936 2249
1672120086143 0.0 2299
1672120123629 0.3750000298023224 2349
1672120153527 0.41160714626312256 2399
1672120183569 0.4333333373069763 2449
1672120213158 0.3095238208770752 2499
1672120242706 0.45000001788139343 2549
1672120280070 0.4285714626312256 2599
1672120309490 0.4000000059604645 2649
1672120339336 0.34047621488571167 2699
1672120369125 0.46666666865348816 2749
1672120398899 0.5083333253860474 2799
1672120428489 0.2750000059604645 2849
1672120465805 0.675000011920929 2899
1672120495491 0.48750001192092896 2949
1672120525300 0.4000000059604645 2999
1672120554735 0.08571428805589676 3049
1672120584788 0.44999998807907104 3099
1672120614325 0.46666666865348816 3149
1672120651697 0.3500000238418579 3199
1672120681687 0.2708333432674408 3249
1672120711416 0.4732142686843872 3299
1672120740887 0.3083333373069763 3349
1672120770710 0.4333333373069763 3399
1672120800487 0.25 3449
