1672118642172 2.7856961648458576 49
1672118673202 2.615551420439175 99
1672118704238 2.5066706985687155 149
1672118735808 2.7412002334707624 199
1672118766867 2.8954584395301604 249
1672118806029 2.483316875607017 299
1672118837301 2.7315611118513936 349
1672118868508 2.762014355658468 399
1672118899750 2.868732962294346 449
1672118931426 2.516345536355076 499
1672118962919 2.615572963055089 549
1672119002204 2.640241587480795 599
1672119033640 2.8634844244173108 649
1672119065022 2.6122846304431224 699
1672119096885 2.5460328549248867 749
1672119128301 2.7307452761630393 799
1672119159570 2.5029400462722387 849
1672119198990 2.745071710728107 899
1672119230274 2.5182291106404593 949
1672119261590 2.541523746668995 999
1672119293241 2.362213907206469 1049
1672119324302 2.6367167891370054 1099
1672119355221 2.469625954074989 1149
1672119394909 2.6366798313634128 1199
1672119426222 2.7487087073206466 1249
1672119458003 2.9173129214147595 1299
1672119489459 2.4180057234702925 1349
1672119520726 2.7118487509655296 1399
1672119560171 2.529650775212667 1449
1672119591436 2.637667797207874 1499
1672119622892 2.901252543738503 1549
1672119654313 2.804024129498106 1599
1672119684909 2.59315056517936 1649
1672119714436 2.694292005296951 1699
1672119751553 2.4569696164772505 1749
1672119781538 2.282684371319368 1799
1672119811384 2.723083206410303 1849
1672119840960 2.7573538035274465 1899
1672119870263 2.8280576938953867 1949
1672119899962 2.7372451784846468 1999
1672119937258 2.5495734205817593 2049
1672119967185 2.6778285164955014 2099
1672119997217 2.4558871392933552 2149
1672120027047 2.6831607229616137 2199
1672120056769 2.622598884835098 2249
1672120086143 2.5161518713017363 2299
1672120123629 2.7440214371240734 2349
1672120153527 2.4843877151135483 2399
1672120183569 2.709452721572168 2449
1672120213158 2.553886048389949 2499
1672120242706 2.5127670294272964 2549
1672120280070 2.2826928067760885 2599
1672120309490 2.4041636186987754 2649
1672120339336 2.518935555301165 2699
1672120369125 2.828297318276803 2749
1672120398899 2.6488733152648556 2799
1672120428489 2.7231605433535004 2849
1672120465805 2.8004748414957366 2899
1672120495491 2.725901852425353 2949
1672120525300 2.6735817779667066 2999
1672120554735 2.741025365683172 3049
1672120584788 2.7396452040534314 3099
1672120614325 2.5611204804570686 3149
1672120651697 2.7787274657938075 3199
1672120681687 2.9064666289327903 3249
1672120711416 2.633095260612823 3299
1672120740887 2.6801247457542074 3349
1672120770710 2.7955292412790906 3399
1672120800487 2.2184948628510526 3449
