1672118625456 2.7112376451983673 22
1672118640273 2.6637446621749095 45
1672118655232 2.6619281665991714 68
1672118670107 2.657094017852819 91
1672118685175 2.667029455792558 114
1672118699945 2.6600223948197863 137
1672118715211 2.663781282862966 160
1672118730367 2.6677223442385882 183
1672118745247 2.6708636913046333 206
1672118760195 2.6569967001189467 229
1672118774973 2.6574549125706524 252
1672118790096 2.6742750799942843 275
1672118805014 2.660259763763867 298
1672118820196 2.655176254002128 321
1672118835136 2.6592914283201123 344
1672118850179 2.6562136833657517 367
1672118865150 2.6600028718266047 390
1672118880156 2.6626246475133257 413
1672118895122 2.656184535454605 436
1672118910570 2.657637811325385 459
1672118925745 2.659253755257581 482
1672118940704 2.6564612256110447 505
1672118955915 2.6605008611798464 528
1672118971120 2.6553361260252184 551
1672118985856 2.655155777366093 574
1672119000961 2.657075153462732 597
1672119015991 2.655867970513865 620
1672119031140 2.6557798141606384 643
1672119046273 2.6585406617727725 666
1672119061386 2.6582666490772557 689
1672119076510 2.6561944283352696 712
1672119091841 2.6590001329888824 735
1672119107128 2.6509156847454483 758
1672119122222 2.6553484274274433 781
1672119137394 2.653576906615632 804
1672119152362 2.6530929206465133 827
1672119167337 2.654848279717434 850
1672119182404 2.6556598191976133 873
1672119197383 2.6538663857262437 896
1672119212577 2.6569835359420217 919
1672119227530 2.656881088486364 942
1672119242382 2.6525731886787303 965
1672119257585 2.6520913759999836 988
1672119272577 2.650897278508211 1011
1672119288106 2.6503112770536323 1034
1672119303043 2.655138138123194 1057
1672119318000 2.658777855799484 1080
1672119332870 2.649368025283438 1103
1672119347858 2.6481997157834636 1126
1672119363005 2.6540883831736326 1149
1672119377962 2.6487513673781797 1172
1672119393050 2.647847550582305 1195
1672119408022 2.6499811727020957 1218
1672119423112 2.6489112124529948 1241
1672119438357 2.6560976561501324 1264
1672119453523 2.6413865494762963 1287
1672119468894 2.649627823795047 1310
1672119484042 2.6456254294253103 1333
1672119499054 2.647590713111898 1356
1672119514122 2.6527112529754047 1379
1672119529145 2.649284249576068 1402
1672119544137 2.650466260302306 1425
1672119559250 2.6520109380849686 1448
1672119574314 2.6456631582623147 1471
1672119589309 2.642053429469058 1494
1672119604416 2.6461124329536547 1517
1672119619499 2.6511196187546546 1540
1672119634421 2.643961521771432 1563
1672119649742 2.6433733105626307 1586
1672119664971 2.6522299775860363 1609
1672119679294 2.645851493043907 1632
1672119693565 2.6419837117571223 1655
1672119707683 2.640332823167622 1678
1672119721778 2.640858679719284 1701
1672119736141 2.640362116455775 1724
1672119750321 2.640255798456392 1747
1672119764644 2.6503132930611413 1770
1672119779116 2.638578881242782 1793
1672119793265 2.6441667054174145 1816
1672119807574 2.6438603813748927 1839
1672119822077 2.6436635558570054 1862
1672119836150 2.6383347531208585 1885
1672119850430 2.6369802634854334 1908
1672119864375 2.6428676248427787 1931
1672119878573 2.642466629750671 1954
1672119892885 2.6385598084077557 1977
1672119907257 2.642557779774714 2000
1672119921497 2.645793033180212 2023
1672119935741 2.6367996241295617 2046
1672119950136 2.6402206386323317 2069
1672119964451 2.6363954324284435 2092
1672119978977 2.638978108297505 2115
1672119993350 2.642503176434445 2138
1672120007397 2.648407991842348 2161
1672120021981 2.635798445199445 2184
1672120036319 2.647413489470891 2207
1672120050610 2.638647775268146 2230
1672120064899 2.6403870042473545 2253
1672120079045 2.6408954991418345 2276
1672120093421 2.6397050769249684 2299
1672120107611 2.639478440194564 2322
1672120121770 2.6380318180993227 2345
1672120136218 2.635174644928486 2368
1672120150525 2.643211032760815 2391
1672120164980 2.6461453387141436 2414
1672120179239 2.643697626799985 2437
1672120193651 2.6343145528929193 2460
1672120207781 2.6345982992956167 2483
1672120222107 2.63907458649357 2506
1672120236259 2.6369960644020494 2529
1672120250521 2.6481386159209874 2552
1672120264797 2.6368376459482175 2575
1672120278976 2.631056090056873 2598
1672120293380 2.6303171206078493 2621
1672120307387 2.6378693644277713 2644
1672120321524 2.6323913540881922 2667
1672120335915 2.634973383061525 2690
1672120350363 2.634766784931556 2713
1672120364684 2.634043853038509 2736
1672120379062 2.630771870099286 2759
1672120393295 2.6352498554567845 2782
1672120407496 2.628106297493577 2805
1672120421733 2.6318920011214684 2828
1672120436062 2.6320581368403775 2851
1672120450263 2.630140679800601 2874
1672120464563 2.6316254898096867 2897
1672120478832 2.62722642365261 2920
1672120493133 2.6322210658639706 2943
1672120507510 2.628157339240953 2966
1672120521692 2.626224656702587 2989
1672120535813 2.6269137611665982 3012
1672120550032 2.6285982022057617 3035
1672120564232 2.622899799588082 3058
1672120578872 2.6311384317842603 3081
1672120593223 2.6281127472267243 3104
1672120607254 2.6287661647994365 3127
1672120621506 2.626049261400287 3150
1672120635847 2.6264053230167943 3173
1672120650177 2.6283705620214106 3196
1672120664430 2.624694123882597 3219
1672120678986 2.622573367425989 3242
1672120693331 2.632825892316067 3265
1672120707400 2.627218893976966 3288
1672120721798 2.6215201663136347 3311
1672120735872 2.6233611602416924 3334
1672120750218 2.6209281842563037 3357
1672120764521 2.629818815330715 3380
1672120778857 2.6279516145564066 3403
1672120793203 2.621166260935162 3426
1672120807594 2.620098012753505 3449
