1672118642172 0.5297619104385376 49
1672118673202 0.2839285731315613 99
1672118704238 0.5984848737716675 149
1672118735808 0.5068181753158569 199
1672118766867 0.5982142686843872 249
1672118806029 0.5861111283302307 299
1672118837301 0.3142856955528259 349
1672118868508 0.4732142984867096 399
1672118899750 0.3693181872367859 449
1672118931426 0.236111119389534 499
1672118962919 0.335317462682724 549
1672119002204 0.3333333432674408 599
1672119033640 0.3499999940395355 649
1672119065022 0.4720238149166107 699
1672119096885 0.35476189851760864 749
1672119128301 0.236111119389534 799
1672119159570 0.3901515305042267 849
1672119198990 0.5277777910232544 899
1672119230274 0.5208333134651184 949
1672119261590 0.5119949579238892 999
1672119293241 0.3444444537162781 1049
1672119324302 0.4080086648464203 1099
1672119355221 0.5 1149
1672119394909 0.347222238779068 1199
1672119426222 0.4583333432674408 1249
1672119458003 0.1944444477558136 1299
1672119489459 0.3125 1349
1672119520726 0.2589285671710968 1399
1672119560171 0.4577922224998474 1449
1672119591436 0.25 1499
1672119622892 0.485714316368103 1549
1672119654313 0.4625000059604645 1599
1672119684909 0.2291666716337204 1649
1672119714436 0.5128968358039856 1699
1672119751553 0.4541666805744171 1749
1672119781538 0.472222238779068 1799
1672119811384 0.4464285969734192 1849
1672119840960 0.3263888955116272 1899
1672119870263 0.3214285671710968 1949
1672119899962 0.444444477558136 1999
1672119937258 0.4958333373069763 2049
1672119967185 0.4333333373069763 2099
1672119997217 0.590530276298523 2149
1672120027047 0.4642857313156128 2199
1672120056769 0.4804292917251587 2249
1672120086143 0.0 2299
1672120123629 0.4333333373069763 2349
1672120153527 0.4811508059501648 2399
1672120183569 0.4444444477558136 2449
1672120213158 0.40324676036834717 2499
1672120242706 0.5297619104385376 2549
1672120280070 0.5290404558181763 2599
1672120309490 0.49166667461395264 2649
1672120339336 0.4488636255264282 2699
1672120369125 0.5464285612106323 2749
1672120398899 0.6163420081138611 2799
1672120428489 0.36666667461395264 2849
1672120465805 0.5984848737716675 2899
1672120495491 0.5333333611488342 2949
1672120525300 0.4786255359649658 2999
1672120554735 0.1458333283662796 3049
1672120584788 0.5535714030265808 3099
1672120614325 0.5333333611488342 3149
1672120651697 0.3650793731212616 3199
1672120681687 0.2874999940395355 3249
1672120711416 0.586309552192688 3299
1672120740887 0.375 3349
1672120770710 0.5555555820465088 3399
1672120800487 0.25 3449
