1672118625456 0.3843153119087219 22
1672118640273 0.3889696002006531 45
1672118655232 0.383925199508667 68
1672118670107 0.3873957395553589 91
1672118685175 0.3868441879749298 114
1672118699945 0.39222487807273865 137
1672118715211 0.3900322914123535 160
1672118730367 0.3756524324417114 183
1672118745247 0.37986281514167786 206
1672118760195 0.39386603236198425 229
1672118774973 0.3911353647708893 252
1672118790096 0.3932068943977356 275
1672118805014 0.38291633129119873 298
1672118820196 0.386494517326355 321
1672118835136 0.3858891725540161 344
1672118850179 0.39184829592704773 367
1672118865150 0.39631420373916626 390
1672118880156 0.3920365571975708 413
1672118895122 0.3861716687679291 436
1672118910570 0.38353508710861206 459
1672118925745 0.3866962492465973 482
1672118940704 0.38785311579704285 505
1672118955915 0.3880952298641205 528
1672118971120 0.392924427986145 551
1672118985856 0.3894807696342468 574
1672119000961 0.3863196074962616 597
1672119015991 0.3863734006881714 620
1672119031140 0.38525691628456116 643
1672119046273 0.39179450273513794 666
1672119061386 0.3849206566810608 689
1672119076510 0.4004977345466614 712
1672119091841 0.37851762771606445 735
1672119107128 0.39225178956985474 758
1672119122222 0.38571426272392273 781
1672119137394 0.3799569606781006 804
1672119152362 0.39651602506637573 827
1672119167337 0.37335216999053955 850
1672119182404 0.38984397053718567 873
1672119197383 0.3909066319465637 896
1672119212577 0.3800510764122009 919
1672119227530 0.38732850551605225 942
1672119242382 0.38295668363571167 965
1672119257585 0.39870867133140564 988
1672119272577 0.38368311524391174 1011
1672119288106 0.3809255063533783 1034
1672119303043 0.3846650719642639 1057
1672119318000 0.39835888147354126 1080
1672119332870 0.3809792995452881 1103
1672119347858 0.3882969915866852 1126
1672119363005 0.3951573669910431 1149
1672119377962 0.39833196997642517 1172
1672119393050 0.3816518485546112 1195
1672119408022 0.37968793511390686 1218
1672119423112 0.395063191652298 1241
1672119438357 0.39015331864356995 1264
1672119453523 0.4014393091201782 1287
1672119468894 0.40302664041519165 1310
1672119484042 0.3949825167655945 1333
1672119499054 0.3970540761947632 1356
1672119514122 0.38855260610580444 1379
1672119529145 0.394552081823349 1402
1672119544137 0.3845036029815674 1425
1672119559250 0.39903146028518677 1448
1672119574314 0.3911891579627991 1471
1672119589309 0.4053134322166443 1494
1672119604416 0.39564159512519836 1517
1672119619499 0.3917541205883026 1540
1672119634421 0.39776697754859924 1563
1672119649742 0.4058380424976349 1586
1672119664971 0.3997444212436676 1609
1672119679294 0.3996771574020386 1632
1672119693565 0.39975786209106445 1655
1672119707683 0.4038606286048889 1678
1672119721778 0.4029728174209595 1701
1672119736141 0.4095372259616852 1724
1672119750321 0.40871670842170715 1747
1672119764644 0.3986952304840088 1770
1672119779116 0.40270376205444336 1793
1672119793265 0.3962739109992981 1816
1672119807574 0.4053672254085541 1839
1672119822077 0.4059591293334961 1862
1672119836150 0.387072890996933 1885
1672119850430 0.4003901183605194 1908
1672119864375 0.4093354642391205 1931
1672119878573 0.39444443583488464 1954
1672119892885 0.3964756727218628 1977
1672119907257 0.4043852388858795 2000
1672119921497 0.3855125308036804 2023
1672119935741 0.4067124128341675 2046
1672119950136 0.4031611680984497 2069
1672119964451 0.41583263874053955 2092
1672119978977 0.39386603236198425 2115
1672119993350 0.4048560559749603 2138
1672120007397 0.3992467224597931 2161
1672120021981 0.4082997143268585 2184
1672120036319 0.4063357710838318 2207
1672120050610 0.3968523144721985 2230
1672120064899 0.39718860387802124 2253
1672120079045 0.39803603291511536 2276
1672120093421 0.39716172218322754 2299
1672120107611 0.3981033265590668 2322
1672120121770 0.4002958834171295 2345
1672120136218 0.3776432275772095 2368
1672120150525 0.38552597165107727 2391
1672120164980 0.39094698429107666 2414
1672120179239 0.41428568959236145 2437
1672120193651 0.40355125069618225 2460
1672120207781 0.3969464600086212 2483
1672120222107 0.4182943105697632 2506
1672120236259 0.3915523290634155 2529
1672120250521 0.39578962326049805 2552
1672120264797 0.39911219477653503 2575
1672120278976 0.414164662361145 2598
1672120293380 0.4053134322166443 2621
1672120307387 0.4129001498222351 2644
1672120321524 0.4030669927597046 2667
1672120335915 0.4018697738647461 2690
1672120350363 0.4050443768501282 2713
1672120364684 0.4147700071334839 2736
1672120379062 0.4014393389225006 2759
1672120393295 0.42324453592300415 2782
1672120407496 0.4004439115524292 2805
1672120421733 0.39913904666900635 2828
1672120436062 0.39149850606918335 2851
1672120450263 0.4125235080718994 2874
1672120464563 0.40137210488319397 2897
1672120478832 0.4108017385005951 2920
1672120493133 0.39260151982307434 2943
1672120507510 0.3990180194377899 2966
1672120521692 0.3963545858860016 2989
1672120535813 0.4031476676464081 3012
1672120550032 0.3970540761947632 3035
1672120564232 0.4035109281539917 3058
1672120578872 0.41006189584732056 3081
1672120593223 0.42245087027549744 3104
1672120607254 0.4084476828575134 3127
1672120621506 0.39993274211883545 3150
1672120635847 0.4079230725765228 3173
1672120650177 0.41682809591293335 3196
1672120664430 0.3920634686946869 3219
1672120678986 0.40886467695236206 3242
1672120693331 0.41163569688796997 3265
1672120707400 0.4009954035282135 3288
1672120721798 0.41448745131492615 3311
1672120735872 0.4225046932697296 3334
1672120750218 0.40999460220336914 3357
1672120764521 0.4202044606208801 3380
1672120778857 0.3982781767845154 3403
1672120793203 0.41980087757110596 3426
1672120807594 0.40673932433128357 3449
