1672118625456 0.5282486081123352 22
1672118640273 0.5183615684509277 45
1672118655232 0.5197740197181702 68
1672118670107 0.5197740197181702 91
1672118685175 0.5211864113807678 114
1672118699945 0.5211864113807678 137
1672118715211 0.5197740197181702 160
1672118730367 0.5098869800567627 183
1672118745247 0.5197740197181702 206
1672118760195 0.5183615684509277 229
1672118774973 0.5197740197181702 252
1672118790096 0.5183615684509277 275
1672118805014 0.5183615684509277 298
1672118820196 0.5211864113807678 321
1672118835136 0.5183615684509277 344
1672118850179 0.5183615684509277 367
1672118865150 0.5197740197181702 390
1672118880156 0.5211864113807678 413
1672118895122 0.5211864113807678 436
1672118910570 0.5211864113807678 459
1672118925745 0.5211864113807678 482
1672118940704 0.5225988626480103 505
1672118955915 0.5197740197181702 528
1672118971120 0.5211864113807678 551
1672118985856 0.5197740197181702 574
1672119000961 0.5211864113807678 597
1672119015991 0.5197740197181702 620
1672119031140 0.5211864113807678 643
1672119046273 0.5211864113807678 666
1672119061386 0.5197740197181702 689
1672119076510 0.5225988626480103 712
1672119091841 0.5225988626480103 735
1672119107128 0.5225988626480103 758
1672119122222 0.5225988626480103 781
1672119137394 0.5211864113807678 804
1672119152362 0.5211864113807678 827
1672119167337 0.5197740197181702 850
1672119182404 0.5240113139152527 873
1672119197383 0.5254237055778503 896
1672119212577 0.5225988626480103 919
1672119227530 0.5240113139152527 942
1672119242382 0.5254237055778503 965
1672119257585 0.5225988626480103 988
1672119272577 0.5254237055778503 1011
1672119288106 0.5254237055778503 1034
1672119303043 0.5268361568450928 1057
1672119318000 0.5240113139152527 1080
1672119332870 0.5240113139152527 1103
1672119347858 0.5254237055778503 1126
1672119363005 0.5338982939720154 1149
1672119377962 0.5310734510421753 1172
1672119393050 0.5310734510421753 1195
1672119408022 0.5197740197181702 1218
1672119423112 0.5282486081123352 1241
1672119438357 0.5282486081123352 1264
1672119453523 0.5310734510421753 1287
1672119468894 0.5353107452392578 1310
1672119484042 0.5324859023094177 1333
1672119499054 0.5353107452392578 1356
1672119514122 0.5296609997749329 1379
1672119529145 0.5324859023094177 1402
1672119544137 0.5353107452392578 1425
1672119559250 0.5353107452392578 1448
1672119574314 0.5353107452392578 1471
1672119589309 0.5395480394363403 1494
1672119604416 0.5353107452392578 1517
1672119619499 0.5381355881690979 1540
1672119634421 0.5395480394363403 1563
1672119649742 0.5338982939720154 1586
1672119664971 0.5381355881690979 1609
1672119679294 0.5310734510421753 1632
1672119693565 0.5367231369018555 1655
1672119707683 0.540960431098938 1678
1672119721778 0.5395480394363403 1701
1672119736141 0.5451977252960205 1724
1672119750321 0.5381355881690979 1747
1672119764644 0.5395480394363403 1770
1672119779116 0.5423728823661804 1793
1672119793265 0.5395480394363403 1816
1672119807574 0.540960431098938 1839
1672119822077 0.5437853336334229 1862
1672119836150 0.5451977252960205 1885
1672119850430 0.5395480394363403 1908
1672119864375 0.5423728823661804 1931
1672119878573 0.5437853336334229 1954
1672119892885 0.5437853336334229 1977
1672119907257 0.549435019493103 2000
1672119921497 0.5367231369018555 2023
1672119935741 0.5451977252960205 2046
1672119950136 0.5480226278305054 2069
1672119964451 0.5451977252960205 2092
1672119978977 0.5466101765632629 2115
1672119993350 0.540960431098938 2138
1672120007397 0.5437853336334229 2161
1672120021981 0.5423728823661804 2184
1672120036319 0.540960431098938 2207
1672120050610 0.5437853336334229 2230
1672120064899 0.5480226278305054 2253
1672120079045 0.5423728823661804 2276
1672120093421 0.5437853336334229 2299
1672120107611 0.5437853336334229 2322
1672120121770 0.5522598624229431 2345
1672120136218 0.5466101765632629 2368
1672120150525 0.5480226278305054 2391
1672120164980 0.540960431098938 2414
1672120179239 0.540960431098938 2437
1672120193651 0.5451977252960205 2460
1672120207781 0.5536723136901855 2483
1672120222107 0.5437853336334229 2506
1672120236259 0.5437853336334229 2529
1672120250521 0.5451977252960205 2552
1672120264797 0.5437853336334229 2575
1672120278976 0.5522598624229431 2598
1672120293380 0.5466101765632629 2621
1672120307387 0.5508474707603455 2644
1672120321524 0.5522598624229431 2667
1672120335915 0.549435019493103 2690
1672120350363 0.5522598624229431 2713
1672120364684 0.5437853336334229 2736
1672120379062 0.5480226278305054 2759
1672120393295 0.5466101765632629 2782
1672120407496 0.549435019493103 2805
1672120421733 0.5480226278305054 2828
1672120436062 0.5480226278305054 2851
1672120450263 0.5480226278305054 2874
1672120464563 0.5480226278305054 2897
1672120478832 0.5466101765632629 2920
1672120493133 0.5480226278305054 2943
1672120507510 0.5522598624229431 2966
1672120521692 0.549435019493103 2989
1672120535813 0.549435019493103 3012
1672120550032 0.5536723136901855 3035
1672120564232 0.5536723136901855 3058
1672120578872 0.5466101765632629 3081
1672120593223 0.5508474707603455 3104
1672120607254 0.5536723136901855 3127
1672120621506 0.5508474707603455 3150
1672120635847 0.5522598624229431 3173
1672120650177 0.5480226278305054 3196
1672120664430 0.549435019493103 3219
1672120678986 0.555084764957428 3242
1672120693331 0.5466101765632629 3265
1672120707400 0.5522598624229431 3288
1672120721798 0.555084764957428 3311
1672120735872 0.5508474707603455 3334
1672120750218 0.555084764957428 3357
1672120764521 0.5564971566200256 3380
1672120778857 0.5480226278305054 3403
1672120793203 0.5536723136901855 3426
1672120807594 0.5508474707603455 3449
