1672118625456 0.422933965921402 22
1672118640273 0.4591165781021118 45
1672118655232 0.45716530084609985 68
1672118670107 0.45989230275154114 91
1672118685175 0.4562925398349762 114
1672118699945 0.4676283001899719 137
1672118715211 0.45238572359085083 160
1672118730367 0.4432913064956665 183
1672118745247 0.45847541093826294 206
1672118760195 0.46371304988861084 229
1672118774973 0.47099971771240234 252
1672118790096 0.4685762822628021 275
1672118805014 0.4563068151473999 298
1672118820196 0.4641968607902527 321
1672118835136 0.4636131227016449 344
1672118850179 0.46224308013916016 367
1672118865150 0.46374115347862244 390
1672118880156 0.4687740206718445 413
1672118895122 0.45555412769317627 436
1672118910570 0.462868869304657 459
1672118925745 0.46350717544555664 482
1672118940704 0.4650821089744568 505
1672118955915 0.45492544770240784 528
1672118971120 0.45981156826019287 551
1672118985856 0.45658978819847107 574
1672119000961 0.46260544657707214 597
1672119015991 0.45726025104522705 620
1672119031140 0.4568183720111847 643
1672119046273 0.46469128131866455 666
1672119061386 0.4560573995113373 689
1672119076510 0.4673706889152527 712
1672119091841 0.4577327370643616 735
1672119107128 0.4611172378063202 758
1672119122222 0.4626959562301636 781
1672119137394 0.4548760652542114 804
1672119152362 0.4653378129005432 827
1672119167337 0.44414281845092773 850
1672119182404 0.4546147584915161 873
1672119197383 0.4612322151660919 896
1672119212577 0.457599014043808 919
1672119227530 0.4534819722175598 942
1672119242382 0.45392683148384094 965
1672119257585 0.4634586572647095 988
1672119272577 0.4551059603691101 1011
1672119288106 0.4545954465866089 1034
1672119303043 0.4516778290271759 1057
1672119318000 0.47018733620643616 1080
1672119332870 0.45374569296836853 1103
1672119347858 0.4581925570964813 1126
1672119363005 0.4642311632633209 1149
1672119377962 0.47045356035232544 1172
1672119393050 0.4555782079696655 1195
1672119408022 0.4333731532096863 1218
1672119423112 0.46899011731147766 1241
1672119438357 0.4645800292491913 1264
1672119453523 0.47278478741645813 1287
1672119468894 0.475131094455719 1310
1672119484042 0.4688512086868286 1333
1672119499054 0.46287044882774353 1356
1672119514122 0.4556528627872467 1379
1672119529145 0.4531387388706207 1402
1672119544137 0.4480980336666107 1425
1672119559250 0.4708937704563141 1448
1672119574314 0.4602856934070587 1471
1672119589309 0.4726918041706085 1494
1672119604416 0.47818049788475037 1517
1672119619499 0.4638780951499939 1540
1672119634421 0.4669867157936096 1563
1672119649742 0.46678975224494934 1586
1672119664971 0.4635642170906067 1609
1672119679294 0.4616333246231079 1632
1672119693565 0.47392207384109497 1655
1672119707683 0.4701608419418335 1678
1672119721778 0.47967529296875 1701
1672119736141 0.4717118442058563 1724
1672119750321 0.48114195466041565 1747
1672119764644 0.4555482566356659 1770
1672119779116 0.46918612718582153 1793
1672119793265 0.46774163842201233 1816
1672119807574 0.4722291827201843 1839
1672119822077 0.4702256917953491 1862
1672119836150 0.46458491683006287 1885
1672119850430 0.46265071630477905 1908
1672119864375 0.4763670265674591 1931
1672119878573 0.4685739576816559 1954
1672119892885 0.46108371019363403 1977
1672119907257 0.46971896290779114 2000
1672119921497 0.4549697935581207 2023
1672119935741 0.4729355573654175 2046
1672119950136 0.46020370721817017 2069
1672119964451 0.46790218353271484 2092
1672119978977 0.4576271176338196 2115
1672119993350 0.4556986391544342 2138
1672120007397 0.4668460488319397 2161
1672120021981 0.4765850305557251 2184
1672120036319 0.477450430393219 2207
1672120050610 0.46850672364234924 2230
1672120064899 0.45417657494544983 2253
1672120079045 0.46815696358680725 2276
1672120093421 0.4524311423301697 2299
1672120107611 0.460916668176651 2322
1672120121770 0.4734618663787842 2345
1672120136218 0.4462376534938812 2368
1672120150525 0.456948846578598 2391
1672120164980 0.4563521146774292 2414
1672120179239 0.4729800522327423 2437
1672120193651 0.4662778079509735 2460
1672120207781 0.47085753083229065 2483
1672120222107 0.479636549949646 2506
1672120236259 0.4628394544124603 2529
1672120250521 0.45608463883399963 2552
1672120264797 0.46863865852355957 2575
1672120278976 0.47406548261642456 2598
1672120293380 0.4608641266822815 2621
1672120307387 0.4850967228412628 2644
1672120321524 0.4831560254096985 2667
1672120335915 0.4589177072048187 2690
1672120350363 0.46170786023139954 2713
1672120364684 0.4713095426559448 2736
1672120379062 0.4773281514644623 2759
1672120393295 0.4737614393234253 2782
1672120407496 0.47378015518188477 2805
1672120421733 0.4636346101760864 2828
1672120436062 0.46233347058296204 2851
1672120450263 0.4727497100830078 2874
1672120464563 0.45726147294044495 2897
1672120478832 0.471998006105423 2920
1672120493133 0.46085959672927856 2943
1672120507510 0.46691805124282837 2966
1672120521692 0.458085298538208 2989
1672120535813 0.46854451298713684 3012
1672120550032 0.4608231782913208 3035
1672120564232 0.4651099145412445 3058
1672120578872 0.4727484881877899 3081
1672120593223 0.4773452579975128 3104
1672120607254 0.47411730885505676 3127
1672120621506 0.4622117280960083 3150
1672120635847 0.47242727875709534 3173
1672120650177 0.4723029136657715 3196
1672120664430 0.45184800028800964 3219
1672120678986 0.46706292033195496 3242
1672120693331 0.4735971689224243 3265
1672120707400 0.4704091548919678 3288
1672120721798 0.47958847880363464 3311
1672120735872 0.4819616675376892 3334
1672120750218 0.4842488467693329 3357
1672120764521 0.48442542552948 3380
1672120778857 0.46916624903678894 3403
1672120793203 0.47739294171333313 3426
1672120807594 0.4653724730014801 3449
