1672118642172 0.75 49
1672118673202 0.3583333492279053 99
1672118704238 0.9166666865348816 149
1672118735808 0.75 199
1672118766867 0.7916666865348816 249
1672118806029 0.8125 299
1672118837301 0.5416666865348816 349
1672118868508 0.6458333134651184 399
1672118899750 0.4375 449
1672118931426 0.4375 499
1672118962919 0.5625 549
1672119002204 0.5 599
1672119033640 0.3916666805744171 649
1672119065022 0.5416666865348816 699
1672119096885 1.0 749
1672119128301 0.2916666865348816 799
1672119159570 0.375 849
1672119198990 0.875 899
1672119230274 0.8541666865348816 949
1672119261590 0.5833333134651184 999
1672119293241 0.5416666865348816 1049
1672119324302 0.5 1099
1672119355221 0.5 1149
1672119394909 0.4166666865348816 1199
1672119426222 0.6666666865348816 1249
1672119458003 0.2916666865348816 1299
1672119489459 0.4583333432674408 1349
1672119520726 0.3125 1399
1672119560171 0.5458333492279053 1449
1672119591436 0.3333333432674408 1499
1672119622892 0.6666666865348816 1549
1672119654313 0.42500001192092896 1599
1672119684909 0.44999998807907104 1649
1672119714436 0.8333333134651184 1699
1672119751553 0.6875 1749
1672119781538 0.6250000596046448 1799
1672119811384 0.6458333730697632 1849
1672119840960 0.625 1899
1672119870263 0.5416666865348816 1949
1672119899962 0.6666666865348816 1999
1672119937258 0.7291666865348816 2049
1672119967185 0.8333333134651184 2099
1672119997217 0.8125 2149
1672120027047 0.9375 2199
1672120056769 0.625 2249
1672120086143 0.0 2299
1672120123629 0.5416666865348816 2349
1672120153527 0.762499988079071 2399
1672120183569 0.4583333432674408 2449
1672120213158 0.6875 2499
1672120242706 0.6666666865348816 2549
1672120280070 0.7291666865348816 2599
1672120309490 0.6875 2649
1672120339336 0.6875 2699
1672120369125 0.75 2749
1672120398899 0.9166666865348816 2799
1672120428489 0.6875 2849
1672120465805 0.6666666865348816 2899
1672120495491 0.7916666865348816 2949
1672120525300 0.7333333492279053 2999
1672120554735 0.5 3049
1672120584788 0.7500000596046448 3099
1672120614325 0.699999988079071 3149
1672120651697 0.44999998807907104 3199
1672120681687 0.3125 3249
1672120711416 0.9166666865348816 3299
1672120740887 0.5416666865348816 3349
1672120770710 0.7916666865348816 3399
1672120800487 0.25 3449
