1671607468522 0.0 22
1671607482200 0.0 45
1671607496167 0.0 68
1671607509904 0.0 91
1671607523844 0.0 114
1671607537542 0.0 137
1671607551454 0.0 160
1671607565307 0.0 183
1671607579302 0.0 206
1671607592993 0.0 229
1671607607291 0.0 252
1671607621197 0.0 275
1671607635074 0.0 298
1671607648894 0.0 321
1671607662713 0.0 344
1671607676778 0.0 367
1671607690972 0.0 390
1671607704853 0.0 413
1671607719010 0.0 436
1671607733434 0.0 459
1671607747673 0.0 482
1671607761653 0.0 505
1671607775781 0.0 528
1671607789609 0.0 551
1671607803803 0.0 574
1671607817757 0.0 597
1671607831771 0.0 620
1671607846029 0.0 643
1671607860244 0.0 666
1671607874277 0.0 689
1671607888672 0.0 712
1671607903111 0.0 735
1671607917063 0.0 758
1671607931155 0.0 781
1671607945379 0.0 804
1671607959287 0.0 827
1671607973135 0.0 850
1671607987121 0.0 873
1671608001135 0.0 896
1671608015313 0.0 919
1671608029221 0.0 942
1671608043148 0.0 965
1671608057445 0.0 988
1671608071565 0.0 1011
1671608085734 0.0 1034
1671608099714 0.0 1057
1671608113689 0.0 1080
1671608127720 0.0 1103
1671608141613 0.0 1126
1671608155541 0.0 1149
1671608169264 0.0 1172
1671608183142 0.0 1195
1671608197142 0.0 1218
1671608211113 0.0 1241
1671608225314 0.0 1264
1671608239249 0.0 1287
1671608253498 0.0 1310
1671608267630 0.0 1333
1671608281574 0.0 1356
1671608295501 0.0 1379
1671608309137 0.0 1402
1671608323058 0.0 1425
1671608336981 0.0 1448
1671608351095 0.0 1471
1671608364851 0.0 1494
1671608378733 0.0 1517
1671608392712 0.0 1540
1671608407029 0.0 1563
1671608421101 0.0 1586
1671608435189 0.0 1609
1671608449239 0.0 1632
1671608463249 0.0 1655
1671608477404 0.0 1678
1671608491239 0.0 1701
1671608505268 0.0 1724
1671608519250 0.0 1747
1671608533211 0.0 1770
1671608547273 0.0 1793
1671608561217 0.0 1816
1671608575516 0.0 1839
1671608589326 0.0 1862
1671608603539 0.0 1885
1671608617658 0.0 1908
1671608631759 0.0 1931
1671608645836 0.0 1954
1671608659712 0.0 1977
1671608673807 0.0 2000
1671608687594 0.0 2023
1671608701526 0.0 2046
1671608715570 0.0 2069
1671608729597 0.0 2092
1671608743815 0.0 2115
1671608757859 0.0 2138
1671608772132 0.0 2161
1671608786367 0.0 2184
1671608800539 0.0 2207
1671608814757 0.0 2230
1671608828993 0.0 2253
1671608843297 0.0 2276
1671608857483 0.0 2299
1671608871611 0.0 2322
1671608885824 0.0 2345
1671608900021 0.0 2368
1671608914620 0.0 2391
1671608928834 0.0 2414
1671608943193 0.0 2437
1671608957587 0.0 2460
1671608971693 0.0 2483
1671608985789 0.0 2506
1671608999960 0.0 2529
1671609014431 0.0 2552
1671609028706 0.0 2575
1671609042897 0.0 2598
1671609057003 0.0 2621
1671609071206 0.0 2644
1671609085581 0.0 2667
1671609099833 0.0 2690
1671609114099 0.0 2713
1671609128125 0.0 2736
1671609142461 0.0 2759
1671609156967 0.0 2782
1671609171244 0.0 2805
1671609185612 0.0 2828
1671609199828 0.0 2851
1671609214137 0.0 2874
1671609228488 0.0 2897
1671609242572 0.0 2920
1671609256873 0.0 2943
1671609271254 0.0 2966
1671609285615 0.0 2989
1671609299654 0.0 3012
1671609313891 0.0 3035
1671609328193 0.0 3058
1671609342398 0.0 3081
1671609356533 0.0 3104
1671609370720 0.0 3127
1671609384998 0.0 3150
1671609399313 0.0 3173
1671609413570 0.0 3196
1671609427989 0.0 3219
1671609442385 0.0 3242
1671609456791 0.0 3265
1671609470885 0.0 3288
1671609485215 0.0 3311
1671609499436 0.0 3334
1671609513551 0.0 3357
1671609527754 0.0 3380
1671609542207 0.0 3403
1671609556392 0.0 3426
1671609570745 0.0 3449
