1671607468522 22.0 22
1671607482200 22.0 45
1671607496167 22.0 68
1671607509904 22.0 91
1671607523844 22.0 114
1671607537542 22.0 137
1671607551454 22.0 160
1671607565307 22.0 183
1671607579302 22.0 206
1671607592993 22.0 229
1671607607291 22.0 252
1671607621197 22.0 275
1671607635074 22.0 298
1671607648894 22.0 321
1671607662713 22.0 344
1671607676778 22.0 367
1671607690972 22.0 390
1671607704853 22.0 413
1671607719010 22.0 436
1671607733434 22.0 459
1671607747673 22.0 482
1671607761653 22.0 505
1671607775781 22.0 528
1671607789609 22.0 551
1671607803803 22.0 574
1671607817757 22.0 597
1671607831771 22.0 620
1671607846029 22.0 643
1671607860244 22.0 666
1671607874277 22.0 689
1671607888672 22.0 712
1671607903111 22.0 735
1671607917063 22.0 758
1671607931155 22.0 781
1671607945379 22.0 804
1671607959287 22.0 827
1671607973135 22.0 850
1671607987121 22.0 873
1671608001135 22.0 896
1671608015313 22.0 919
1671608029221 22.0 942
1671608043148 22.0 965
1671608057445 22.0 988
1671608071565 22.0 1011
1671608085734 22.0 1034
1671608099714 22.0 1057
1671608113689 22.0 1080
1671608127720 22.0 1103
1671608141613 22.0 1126
1671608155541 22.0 1149
1671608169264 22.0 1172
1671608183142 22.0 1195
1671608197142 22.0 1218
1671608211113 22.0 1241
1671608225314 22.0 1264
1671608239249 22.0 1287
1671608253498 22.0 1310
1671608267630 22.0 1333
1671608281574 22.0 1356
1671608295501 22.0 1379
1671608309137 22.0 1402
1671608323058 22.0 1425
1671608336981 22.0 1448
1671608351095 22.0 1471
1671608364851 22.0 1494
1671608378733 22.0 1517
1671608392712 22.0 1540
1671608407029 22.0 1563
1671608421101 22.0 1586
1671608435189 22.0 1609
1671608449239 22.0 1632
1671608463249 22.0 1655
1671608477404 22.0 1678
1671608491239 22.0 1701
1671608505268 22.0 1724
1671608519250 22.0 1747
1671608533211 22.0 1770
1671608547273 22.0 1793
1671608561217 22.0 1816
1671608575516 22.0 1839
1671608589326 22.0 1862
1671608603539 22.0 1885
1671608617658 22.0 1908
1671608631759 22.0 1931
1671608645836 22.0 1954
1671608659712 22.0 1977
1671608673807 22.0 2000
1671608687594 22.0 2023
1671608701526 22.0 2046
1671608715570 22.0 2069
1671608729597 22.0 2092
1671608743815 22.0 2115
1671608757859 22.0 2138
1671608772132 22.0 2161
1671608786367 22.0 2184
1671608800539 22.0 2207
1671608814757 22.0 2230
1671608828993 22.0 2253
1671608843297 22.0 2276
1671608857483 22.0 2299
1671608871611 22.0 2322
1671608885824 22.0 2345
1671608900021 22.0 2368
1671608914620 22.0 2391
1671608928834 22.0 2414
1671608943193 22.0 2437
1671608957587 22.0 2460
1671608971693 22.0 2483
1671608985789 22.0 2506
1671608999960 22.0 2529
1671609014431 22.0 2552
1671609028706 22.0 2575
1671609042897 22.0 2598
1671609057003 22.0 2621
1671609071206 22.0 2644
1671609085581 22.0 2667
1671609099833 22.0 2690
1671609114099 22.0 2713
1671609128125 22.0 2736
1671609142461 22.0 2759
1671609156967 22.0 2782
1671609171244 22.0 2805
1671609185612 22.0 2828
1671609199828 22.0 2851
1671609214137 22.0 2874
1671609228488 22.0 2897
1671609242572 22.0 2920
1671609256873 22.0 2943
1671609271254 22.0 2966
1671609285615 22.0 2989
1671609299654 22.0 3012
1671609313891 22.0 3035
1671609328193 22.0 3058
1671609342398 22.0 3081
1671609356533 22.0 3104
1671609370720 22.0 3127
1671609384998 22.0 3150
1671609399313 22.0 3173
1671609413570 22.0 3196
1671609427989 22.0 3219
1671609442385 22.0 3242
1671609456791 22.0 3265
1671609470885 22.0 3288
1671609485215 22.0 3311
1671609499436 22.0 3334
1671609513551 22.0 3357
1671609527754 22.0 3380
1671609542207 22.0 3403
1671609556392 22.0 3426
1671609570745 22.0 3449
