1671607471401 2.545637524358559 22
1671607485336 2.1465762823025223 45
1671607499265 2.14603287877694 68
1671607513033 2.1464105033514844 91
1671607526892 2.156510855663367 114
1671607540627 2.148150958289744 137
1671607554545 2.151966304151044 160
1671607568471 2.148783687671108 183
1671607582381 2.1445000596437622 206
1671607596194 2.1461989434483235 229
1671607610440 2.147433068277173 252
1671607624285 2.1549528674822302 275
1671607638211 2.1490021981734233 298
1671607651943 2.1452846324748407 321
1671607665884 2.143114362893651 344
1671607679902 2.1523296786241026 367
1671607694067 2.1469492226034754 390
1671607707925 2.143406921394773 413
1671607722496 2.1410752889969795 436
1671607736617 2.1447020506113845 459
1671607750934 2.1432689338828714 482
1671607764807 2.1429787072925257 505
1671607778948 2.149565604919479 528
1671607792786 2.14785711341526 551
1671607806955 2.1448909957951603 574
1671607820937 2.1442627931573126 597
1671607834894 2.141918445162616 620
1671607849557 2.142960683684315 643
1671607863367 2.142908839345912 666
1671607877360 2.1441353239486727 689
1671607891793 2.143629176860635 712
1671607906262 2.143320154099498 735
1671607920226 2.139164727186077 758
1671607934623 2.1448290971740462 781
1671607948514 2.1424630422399753 804
1671607962368 2.1367600330959267 827
1671607976289 2.1440834784710834 850
1671607990240 2.1416459474704013 873
1671608004452 2.146287546091553 896
1671608018444 2.1384155689959776 919
1671608032353 2.143023840606557 942
1671608046411 2.140780909949369 965
1671608060626 2.1387162520518803 988
1671608074847 2.140525755536337 1011
1671608088840 2.143305830048833 1034
1671608102939 2.1381556086291984 1057
1671608116827 2.1469272986289165 1080
1671608130810 2.1499159349640555 1103
1671608144778 2.136373539569484 1126
1671608158641 2.1381803220292905 1149
1671608172345 2.142558338373683 1172
1671608186267 2.141090896379088 1195
1671608200348 2.1398606381962026 1218
1671608214198 2.1396882267719612 1241
1671608228453 2.143026923258865 1264
1671608242548 2.1340615618342493 1287
1671608256641 2.1396463379034163 1310
1671608270776 2.135052084054817 1333
1671608284707 2.1379269526006452 1356
1671608298578 2.1378045850606657 1379
1671608312300 2.1416384272055953 1402
1671608326172 2.1409825184411595 1425
1671608340125 2.138442400714553 1448
1671608354184 2.1365397786982028 1471
1671608368019 2.1368732673102437 1494
1671608381819 2.140163609965805 1517
1671608395859 2.140581844086107 1540
1671608410150 2.1409493808774225 1563
1671608424208 2.135607841256303 1586
1671608438307 2.1345766847705336 1609
1671608452345 2.135710408612798 1632
1671608466439 2.1398783419007805 1655
1671608480545 2.1325309270944266 1678
1671608494363 2.1410136549257306 1701
1671608508613 2.1345347412910756 1724
1671608522329 2.134375667009564 1747
1671608536360 2.1415173118800794 1770
1671608550425 2.1379688991730887 1793
1671608564366 2.135700845863143 1816
1671608578612 2.13628774219712 1839
1671608592413 2.1353083298597673 1862
1671608606634 2.130567105085519 1885
1671608620775 2.1353753634650845 1908
1671608634941 2.1339181312360593 1931
1671608649003 2.1320704232406857 1954
1671608662812 2.138267453185895 1977
1671608677027 2.1347614426297157 2000
1671608690694 2.129969631108117 2023
1671608704601 2.1332001830959664 2046
1671608718707 2.1328833584740785 2069
1671608732726 2.129975756299104 2092
1671608747031 2.1346214363356197 2115
1671608761004 2.1402729800482034 2138
1671608775363 2.1306512610113204 2161
1671608789679 2.1346070317552286 2184
1671608803880 2.1393752126224244 2207
1671608818034 2.140871329555942 2230
1671608832280 2.132250842893075 2253
1671608846510 2.131489518922456 2276
1671608860681 2.1427088336278812 2299
1671608874818 2.130140722411772 2322
1671608889021 2.133281759738563 2345
1671608903207 2.1320941164217917 2368
1671608917898 2.1308787442097445 2391
1671608932275 2.1302614354500826 2414
1671608946473 2.128947620987006 2437
1671608960808 2.138535107497158 2460
1671608974941 2.1372628436366705 2483
1671608989043 2.1317735793710297 2506
1671609003365 2.1265042791690894 2529
1671609017749 2.1327443634897145 2552
1671609032019 2.1311190657828534 2575
1671609046108 2.12985557260557 2598
1671609060215 2.128067197540597 2621
1671609074411 2.128037438483464 2644
1671609088837 2.132049723566107 2667
1671609103069 2.127283030663059 2690
1671609117304 2.1286178234569246 2713
1671609131370 2.1358045913063184 2736
1671609145882 2.1316937431172245 2759
1671609160250 2.1363344069858705 2782
1671609174468 2.130922514877663 2805
1671609188850 2.135814075913132 2828
1671609203141 2.130057661796224 2851
1671609217416 2.1264332573797975 2874
1671609231602 2.1313861106281515 2897
1671609245834 2.1285911988209616 2920
1671609260146 2.1391155545992255 2943
1671609274510 2.132683275314302 2966
1671609288771 2.130095581345866 2989
1671609302888 2.1239162737352877 3012
1671609317173 2.1310579545169426 3035
1671609331558 2.130572091574231 3058
1671609345648 2.1356505067719778 3081
1671609359759 2.128662979465217 3104
1671609373997 2.128141737697721 3127
1671609388276 2.133373498319937 3150
1671609402504 2.129963450796374 3173
1671609416899 2.130122881015738 3196
1671609431267 2.1237145874154995 3219
1671609445698 2.1243126793476694 3242
1671609459993 2.131149748365029 3265
1671609474135 2.1256484249340812 3288
1671609488404 2.1244240972533395 3311
1671609502728 2.1238149873308805 3334
1671609516765 2.1237018123648226 3357
1671609530986 2.1309748993152904 3380
1671609545525 2.130254932595628 3403
1671609559666 2.1247495444221616 3426
1671609573805 2.1255558997496466 3449
