1671607487079 0.75 49
1671607516000 0.625 99
1671607544748 1.0 149
1671607573729 0.5 199
1671607602537 1.0 249
1671607639173 0.75 299
1671607667970 0.75 349
1671607697273 0.5 399
1671607726932 0.5 449
1671607756450 0.75 499
1671607785516 0.5 549
1671607822130 0.5 599
1671607851906 0.6666666865348816 649
1671607881142 1.0 699
1671607910910 0.25 749
1671607940410 0.5 799
1671607969269 0.5 849
1671608006012 0.75 899
1671608035075 1.0 949
1671608064519 0.5 999
1671608093731 0.625 1049
1671608122913 0.75 1099
1671608151725 0.25 1149
1671608188047 0.75 1199
1671608217189 0.75 1249
1671608246588 0.5 1299
1671608275950 0.5 1349
1671608304860 0.5 1399
1671608341101 0.75 1449
1671608370058 0.5 1499
1671608399385 0.5 1549
1671608428584 1.0 1599
1671608457872 0.5 1649
1671608487109 0.875 1699
1671608523556 1.0 1749
1671608552789 0.5 1799
1671608582134 0.75 1849
1671608611304 0.5 1899
1671608640658 0.5 1949
1671608669737 0.75 1999
1671608706170 0.75 2049
1671608735667 0.5 2099
1671608764830 0.875 2149
1671608794547 0.75 2199
1671608824135 0.875 2249
1671608853468 0.0 2299
1671608890836 0.5416666865348816 2349
1671608920864 0.625 2399
1671608950495 0.75 2449
1671608980156 0.5 2499
1671609009721 1.0 2549
1671609047055 0.75 2599
1671609076525 0.5 2649
1671609106278 0.3333333432674408 2699
1671609135739 1.0 2749
1671609165751 1.0 2799
1671609195589 0.9166666865348816 2849
1671609232885 1.0 2899
1671609262522 0.75 2949
1671609292236 1.0 2999
1671609321778 0.5 3049
1671609351385 0.75 3099
1671609380903 0.5 3149
1671609418428 0.75 3199
1671609448534 0.5 3249
1671609477931 0.6666666865348816 3299
1671609507666 0.75 3349
1671609537127 1.0 3399
1671609566777 0.0 3449
