1671607471401 0.4382297992706299 22
1671607485336 0.427871972322464 45
1671607499265 0.4379473030567169 68
1671607513033 0.4424804747104645 91
1671607526892 0.4282486140727997 114
1671607540627 0.43101966381073 137
1671607554545 0.44468653202056885 160
1671607568471 0.4354049265384674 183
1671607582381 0.4369114935398102 206
1671607596194 0.4581920802593231 229
1671607610440 0.4468926787376404 252
1671607624285 0.4602636694908142 275
1671607638211 0.4427495300769806 298
1671607651943 0.44934090971946716 321
1671607665884 0.472222238779068 344
1671607679902 0.41817328333854675 367
1671607694067 0.4137476682662964 390
1671607707925 0.4540489614009857 413
1671607722496 0.4393058717250824 436
1671607736617 0.4362523555755615 459
1671607750934 0.4460451900959015 482
1671607764807 0.4162900149822235 505
1671607778948 0.42062148451805115 528
1671607792786 0.4274953305721283 551
1671607806955 0.42331182956695557 574
1671607820937 0.4597390294075012 597
1671607834894 0.44256120920181274 620
1671607849557 0.4220338761806488 643
1671607863367 0.46911492943763733 666
1671607877360 0.45037660002708435 689
1671607891793 0.451977401971817 712
1671607906262 0.43022599816322327 735
1671607920226 0.4153887629508972 758
1671607934623 0.45489639043807983 781
1671607948514 0.4216572940349579 804
1671607962368 0.42278721928596497 827
1671607976289 0.4311676025390625 850
1671607990240 0.4271186888217926 873
1671608004452 0.4440677762031555 896
1671608018444 0.4179849624633789 919
1671608032353 0.42608287930488586 942
1671608046411 0.43282219767570496 965
1671608060626 0.41318267583847046 988
1671608074847 0.4146892726421356 1011
1671608088840 0.43072372674942017 1034
1671608102939 0.4505784213542938 1057
1671608116827 0.4646892547607422 1080
1671608130810 0.4087570607662201 1103
1671608144778 0.45885127782821655 1126
1671608158641 0.44717514514923096 1149
1671608172345 0.40894538164138794 1172
1671608186267 0.40847456455230713 1195
1671608200348 0.43512243032455444 1218
1671608214198 0.42598867416381836 1241
1671608228453 0.42514124512672424 1264
1671608242548 0.4333333671092987 1287
1671608256641 0.4456685483455658 1310
1671608270776 0.4534839689731598 1333
1671608284707 0.418173223733902 1356
1671608298578 0.44745761156082153 1379
1671608312300 0.4378530979156494 1402
1671608326172 0.4669088125228882 1425
1671608340125 0.4282486140727997 1448
1671608354184 0.4344632923603058 1471
1671608368019 0.4366289973258972 1494
1671608381819 0.41318267583847046 1517
1671608395859 0.4441888630390167 1540
1671608410150 0.42391708493232727 1563
1671608424208 0.4026365578174591 1586
1671608438307 0.46911492943763733 1609
1671608452345 0.39985203742980957 1632
1671608466439 0.42391708493232727 1655
1671608480545 0.4403013288974762 1678
1671608494363 0.4372343122959137 1701
1671608508613 0.4336158335208893 1724
1671608522329 0.4464218318462372 1747
1671608536360 0.4344632923603058 1770
1671608550425 0.4630885124206543 1793
1671608564366 0.45216572284698486 1816
1671608578612 0.4531073570251465 1839
1671608592413 0.43022599816322327 1862
1671608606634 0.4559321999549866 1885
1671608620775 0.4209039509296417 1908
1671608634941 0.45239442586898804 1931
1671608649003 0.4428436756134033 1954
1671608662812 0.42052730917930603 1977
1671608677027 0.44387951493263245 2000
1671608690694 0.41393595933914185 2023
1671608704601 0.4544256031513214 2046
1671608718707 0.42984938621520996 2069
1671608732726 0.4261770248413086 2092
1671608747031 0.44425609707832336 2115
1671608761004 0.43314504623413086 2138
1671608775363 0.44218453764915466 2161
1671608789679 0.42815446853637695 2184
1671608803880 0.4580037593841553 2207
1671608818034 0.46789076924324036 2230
1671608832280 0.4357815384864807 2253
1671608846510 0.43243208527565 2276
1671608860681 0.4436911344528198 2299
1671608874818 0.4348399341106415 2322
1671608889021 0.4589454233646393 2345
1671608903207 0.4265536665916443 2368
1671608917898 0.4350282549858093 2391
1671608932275 0.42975518107414246 2414
1671608946473 0.4229755401611328 2437
1671608960808 0.4241054654121399 2460
1671608974941 0.448587566614151 2483
1671608989043 0.44171375036239624 2506
1671609003365 0.432956725358963 2529
1671609017749 0.4606403112411499 2552
1671609032019 0.4337099492549896 2575
1671609046108 0.4613936245441437 2598
1671609060215 0.41516005992889404 2621
1671609074411 0.4785310626029968 2644
1671609088837 0.4450632333755493 2667
1671609103069 0.4557439088821411 2690
1671609117304 0.4194915294647217 2713
1671609131370 0.4410546123981476 2736
1671609145882 0.45988696813583374 2759
1671609160250 0.4630885124206543 2782
1671609174468 0.416666716337204 2805
1671609188850 0.42768365144729614 2828
1671609203141 0.4281409680843353 2851
1671609217416 0.42316386103630066 2874
1671609231602 0.4013182520866394 2897
1671609245834 0.45367231965065 2920
1671609260146 0.4490583539009094 2943
1671609274510 0.45743879675865173 2966
1671609288771 0.44425609707832336 2989
1671609302888 0.44755178689956665 3012
1671609317173 0.43672314286231995 3035
1671609331558 0.45838040113449097 3058
1671609345648 0.47028517723083496 3081
1671609359759 0.4523540437221527 3104
1671609373997 0.46704334020614624 3127
1671609388276 0.46666669845581055 3150
1671609402504 0.45738500356674194 3173
1671609416899 0.41902071237564087 3196
1671609431267 0.44291096925735474 3219
1671609445698 0.4266074597835541 3242
1671609459993 0.4331449866294861 3265
1671609474135 0.4271186292171478 3288
1671609488404 0.4449152648448944 3311
1671609502728 0.4302259683609009 3334
1671609516765 0.42796608805656433 3357
1671609530986 0.4297148287296295 3380
1671609545525 0.419114887714386 3403
1671609559666 0.4145009517669678 3426
1671609573805 0.42867904901504517 3449
