1671607487079 0.5833333730697632 49
1671607516000 0.3083333373069763 99
1671607544748 0.5 149
1671607573729 0.1875 199
1671607602537 0.5208333730697632 249
1671607639173 0.25 299
1671607667970 0.4583333432674408 349
1671607697273 0.4166666865348816 399
1671607726932 0.3125 449
1671607756450 0.375 499
1671607785516 0.3375000059604645 549
1671607822130 0.2083333432674408 599
1671607851906 0.5666667222976685 649
1671607881142 0.4375000298023224 699
1671607910910 0.25 749
1671607940410 0.1458333432674408 799
1671607969269 0.2708333432674408 849
1671608006012 0.375 899
1671608035075 0.6041666865348816 949
1671608064519 0.1875 999
1671608093731 0.3333333432674408 1049
1671608122913 0.3958333432674408 1099
1671608151725 0.25 1149
1671608188047 0.4166666865348816 1199
1671608217189 0.3958333432674408 1249
1671608246588 0.2916666865348816 1299
1671608275950 0.2916666865348816 1349
1671608304860 0.4375 1399
1671608341101 0.4416666626930237 1449
1671608370058 0.2083333432674408 1499
1671608399385 0.2916666865348816 1549
1671608428584 0.5874999761581421 1599
1671608457872 0.3166666626930237 1649
1671608487109 0.6666666865348816 1699
1671608523556 0.3958333432674408 1749
1671608552789 0.2291666716337204 1799
1671608582134 0.4583333432674408 1849
1671608611304 0.5 1899
1671608640658 0.2916666865348816 1949
1671608669737 0.5416666865348816 1999
1671608706170 0.3958333432674408 2049
1671608735667 0.3333333432674408 2099
1671608764830 0.4791666865348816 2149
1671608794547 0.5625 2199
1671608824135 0.4583333432674408 2249
1671608853468 0.0 2299
1671608890836 0.5416666865348816 2349
1671608920864 0.4749999940395355 2399
1671608950495 0.2291666865348816 2449
1671608980156 0.25 2499
1671609009721 0.3958333432674408 2549
1671609047055 0.375 2599
1671609076525 0.3125 2649
1671609106278 0.1875 2699
1671609135739 0.625 2749
1671609165751 0.6666666865348816 2799
1671609195589 0.7916666865348816 2849
1671609232885 0.5 2899
1671609262522 0.4166666865348816 2949
1671609292236 0.6000000238418579 2999
1671609321778 0.5 3049
1671609351385 0.5 3099
1671609380903 0.3499999940395355 3149
1671609418428 0.6000000238418579 3199
1671609448534 0.375 3249
1671609477931 0.4166666865348816 3299
1671609507666 0.5249999761581421 3349
1671609537127 0.6041666865348816 3399
1671609566777 0.0 3449
