1671607487079 2.029108176844773 49
1671607516000 2.3566398148708263 99
1671607544748 2.070433677270648 149
1671607573729 2.157181591871306 199
1671607602537 2.5118736289599353 249
1671607639173 2.088430132533435 299
1671607667970 1.93096487707273 349
1671607697273 2.348343112936152 399
1671607726932 2.3646821315145985 449
1671607756450 1.610312188298219 499
1671607785516 2.054108964684513 549
1671607822130 2.0739134736487084 599
1671607851906 2.739322950966791 649
1671607881142 2.4430665059908616 699
1671607910910 1.8926180181436678 749
1671607940410 2.3161848014455555 799
1671607969269 2.1137052888805945 849
1671608006012 2.0396984892053314 899
1671608035075 1.8699013950393482 949
1671608064519 2.05669242523219 999
1671608093731 2.1030656898051605 1049
1671608122913 2.2835769187787087 1099
1671608151725 1.925218965528181 1149
1671608188047 2.0894879682947245 1199
1671608217189 2.1802658176060197 1249
1671608246588 2.2651533251185847 1299
1671608275950 1.8585789051171573 1349
1671608304860 1.9517866243374 1399
1671608341101 2.0934585814230915 1449
1671608370058 2.2676602619204034 1499
1671608399385 2.5225273871617593 1549
1671608428584 2.396142756853469 1599
1671608457872 2.3426013181602823 1649
1671608487109 2.179575653733976 1699
1671608523556 2.169470924785106 1749
1671608552789 1.811540105629855 1799
1671608582134 1.9777203001639052 1849
1671608611304 1.9689563375599284 1899
1671608640658 2.214513145678411 1949
1671608669737 2.2731677078546912 1999
1671608706170 2.017052021762707 2049
1671608735667 1.9183427316369368 2099
1671608764830 2.1441305581871464 2149
1671608794547 2.00321768874937 2199
1671608824135 2.41863581758643 2249
1671608853468 1.417035636770593 2299
1671608890836 2.4685444828929564 2349
1671608920864 2.0197689863799386 2399
1671608950495 2.3214195389723224 2449
1671608980156 2.309692093967775 2499
1671609009721 2.130831664427565 2549
1671609047055 1.862350848792413 2599
1671609076525 1.8541926388902408 2649
1671609106278 2.315776496873214 2699
1671609135739 2.1584919358298853 2749
1671609165751 2.1280798234735014 2799
1671609195589 2.0753332956240085 2849
1671609232885 2.290331834610645 2899
1671609262522 2.354714489885599 2949
1671609292236 2.1532550526306835 2999
1671609321778 1.900559468072744 3049
1671609351385 2.0298615644406444 3099
1671609380903 2.119468200068134 3149
1671609418428 2.181668343309849 3199
1671609448534 2.1314650838001157 3249
1671609477931 2.315832540026952 3299
1671609507666 2.221251890991674 3349
1671609537127 2.2546913221227687 3399
1671609566777 1.4630120236223871 3449
