1671607487079 0.6499999761581421 49
1671607516000 0.3928571343421936 99
1671607544748 0.6583333611488342 149
1671607573729 0.2666666805744171 199
1671607602537 0.6666666865348816 249
1671607639173 0.3630952537059784 299
1671607667970 0.5416666865348816 349
1671607697273 0.44999998807907104 399
1671607726932 0.3499999940395355 449
1671607756450 0.5 499
1671607785516 0.4017857313156128 549
1671607822130 0.2916666865348816 599
1671607851906 0.6041666865348816 649
1671607881142 0.5892857313156128 699
1671607910910 0.25 749
1671607940410 0.22499999403953552 799
1671607969269 0.3392857313156128 849
1671608006012 0.5 899
1671608035075 0.7166666984558105 949
1671608064519 0.2666666805744171 999
1671608093731 0.4166666865348816 1049
1671608122913 0.5 1099
1671608151725 0.25 1149
1671608188047 0.5333333611488342 1199
1671608217189 0.5059524178504944 1249
1671608246588 0.36666667461395264 1299
1671608275950 0.36666667461395264 1349
1671608304860 0.4642857313156128 1399
1671608341101 0.5541666746139526 1449
1671608370058 0.2916666865348816 1499
1671608399385 0.36666667461395264 1549
1671608428584 0.6904761791229248 1599
1671608457872 0.38749998807907104 1649
1671608487109 0.7416666746139526 1699
1671608523556 0.5583333373069763 1749
1671608552789 0.30000001192092896 1799
1671608582134 0.5535714626312256 1849
1671608611304 0.5 1899
1671608640658 0.36666667461395264 1949
1671608669737 0.6166666746139526 1999
1671608706170 0.4749999940395355 2049
1671608735667 0.4000000059604645 2099
1671608764830 0.574999988079071 2149
1671608794547 0.6309523582458496 2199
1671608824135 0.5833333730697632 2249
1671608853468 0.0 2299
1671608890836 0.5249999761581421 2349
1671608920864 0.4761905074119568 2399
1671608950495 0.3499999940395355 2449
1671608980156 0.3142857253551483 2499
1671609009721 0.5583333373069763 2549
1671609047055 0.44999998807907104 2599
1671609076525 0.380952388048172 2649
1671609106278 0.2380952388048172 2699
1671609135739 0.7500000596046448 2749
1671609165751 0.7833333611488342 2799
1671609195589 0.8428571224212646 2849
1671609232885 0.6499999761581421 2899
1671609262522 0.5333333611488342 2949
1671609292236 0.7178571224212646 2999
1671609321778 0.5 3049
1671609351385 0.574999988079071 3099
1671609380903 0.3928571343421936 3149
1671609418428 0.6428571343421936 3199
1671609448534 0.4166666865348816 3249
1671609477931 0.49166667461395264 3299
1671609507666 0.6041666865348816 3349
1671609537127 0.7166666984558105 3399
1671609566777 0.0 3449
