1671607471401 0.5244641900062561 22
1671607485336 0.49591073393821716 45
1671607499265 0.5120661854743958 68
1671607513033 0.5156667828559875 91
1671607526892 0.5083131790161133 114
1671607540627 0.5166352987289429 137
1671607554545 0.5231760740280151 160
1671607568471 0.5216572284698486 183
1671607582381 0.51642906665802 206
1671607596194 0.5349206328392029 229
1671607610440 0.5383104681968689 252
1671607624285 0.5635458827018738 275
1671607638211 0.5365976691246033 298
1671607651943 0.5251367688179016 321
1671607665884 0.5604743957519531 344
1671607679902 0.5087012052536011 367
1671607694067 0.49215319752693176 390
1671607707925 0.5313514471054077 413
1671607722496 0.5153887271881104 436
1671607736617 0.5238230228424072 459
1671607750934 0.5375567674636841 482
1671607764807 0.5074657201766968 505
1671607778948 0.4963635504245758 528
1671607792786 0.5004573464393616 551
1671607806955 0.5107690691947937 574
1671607820937 0.5365303754806519 597
1671607834894 0.5187517404556274 620
1671607849557 0.5061787962913513 643
1671607863367 0.5585777163505554 666
1671607877360 0.5224061012268066 689
1671607891793 0.5390368700027466 712
1671607906262 0.516765296459198 735
1671607920226 0.49079903960227966 758
1671607934623 0.5235580205917358 781
1671607948514 0.5068783760070801 804
1671607962368 0.5146444439888 827
1671607976289 0.504560112953186 850
1671607990240 0.5048156976699829 873
1671608004452 0.5070845484733582 896
1671608018444 0.5073312520980835 919
1671608032353 0.5068020820617676 942
1671608046411 0.5193288922309875 965
1671608060626 0.4986010193824768 988
1671608074847 0.500869870185852 1011
1671608088840 0.5114249587059021 1034
1671608102939 0.5310465693473816 1057
1671608116827 0.5467985272407532 1080
1671608130810 0.47688552737236023 1103
1671608144778 0.5368711948394775 1126
1671608158641 0.5270783305168152 1149
1671608172345 0.4914402365684509 1172
1671608186267 0.48983052372932434 1195
1671608200348 0.5204421281814575 1218
1671608214198 0.5069500803947449 1241
1671608228453 0.5109722018241882 1264
1671608242548 0.5193256735801697 1287
1671608256641 0.532427191734314 1310
1671608270776 0.5405972599983215 1333
1671608284707 0.5096448659896851 1356
1671608298578 0.5316205024719238 1379
1671608312300 0.532024085521698 1402
1671608326172 0.5370590686798096 1425
1671608340125 0.5109766125679016 1448
1671608354184 0.5242668986320496 1471
1671608368019 0.5189535021781921 1494
1671608381819 0.5047081112861633 1517
1671608395859 0.5222488045692444 1540
1671608410150 0.519213080406189 1563
1671608424208 0.48354414105415344 1586
1671608438307 0.5515111088752747 1609
1671608452345 0.48100173473358154 1632
1671608466439 0.5110662579536438 1655
1671608480545 0.5188055634498596 1678
1671608494363 0.5273966789245605 1701
1671608508613 0.5117922425270081 1724
1671608522329 0.5342615246772766 1747
1671608536360 0.5069500803947449 1770
1671608550425 0.5434759259223938 1793
1671608564366 0.5341763496398926 1816
1671608578612 0.5311272740364075 1839
1671608592413 0.5034790635108948 1862
1671608606634 0.5281410217285156 1885
1671608620775 0.4809882938861847 1908
1671608634941 0.5233656167984009 1931
1671608649003 0.5287104249000549 1954
1671608662812 0.49161508679389954 1977
1671608677027 0.5315666794776917 2000
1671608690694 0.49744415283203125 2023
1671608704601 0.5264281630516052 2046
1671608718707 0.5221281051635742 2069
1671608732726 0.5165048241615295 2092
1671608747031 0.5148865580558777 2115
1671608761004 0.5140794515609741 2138
1671608775363 0.5287866592407227 2161
1671608789679 0.5192224979400635 2184
1671608803880 0.5201237797737122 2207
1671608818034 0.5505111813545227 2230
1671608832280 0.5227693319320679 2253
1671608846510 0.5162655711174011 2276
1671608860681 0.5174424052238464 2299
1671608874818 0.5329208970069885 2322
1671608889021 0.5354807376861572 2345
1671608903207 0.5073479413986206 2368
1671608917898 0.5201237797737122 2391
1671608932275 0.5140973925590515 2414
1671608946473 0.5110304355621338 2437
1671608960808 0.5051027536392212 2460
1671608974941 0.5266075134277344 2483
1671608989043 0.5181193947792053 2506
1671609003365 0.5182763934135437 2529
1671609017749 0.5416375994682312 2552
1671609032019 0.5038741230964661 2575
1671609046108 0.5453412532806396 2598
1671609060215 0.48477715253829956 2621
1671609074411 0.5616088509559631 2644
1671609088837 0.5190370678901672 2667
1671609103069 0.5266523361206055 2690
1671609117304 0.5000403523445129 2713
1671609131370 0.5312080383300781 2736
1671609145882 0.5461931824684143 2759
1671609160250 0.5353779792785645 2782
1671609174468 0.5116088390350342 2805
1671609188850 0.5028427839279175 2828
1671609203141 0.501202404499054 2851
1671609217416 0.4941391050815582 2874
1671609231602 0.49158817529678345 2897
1671609245834 0.5453322529792786 2920
1671609260146 0.5259484052658081 2943
1671609274510 0.5436104536056519 2966
1671609288771 0.5309210419654846 2989
1671609302888 0.5310420393943787 3012
1671609317173 0.5238723158836365 3035
1671609331558 0.5320509672164917 3058
1671609345648 0.5368800759315491 3081
1671609359759 0.5443010330200195 3104
1671609373997 0.5447086095809937 3127
1671609388276 0.5378082990646362 3150
1671609402504 0.5386422872543335 3173
1671609416899 0.510181725025177 3196
1671609431267 0.5124384164810181 3219
1671609445698 0.5055633187294006 3242
1671609459993 0.496816486120224 3265
1671609474135 0.5136400461196899 3288
1671609488404 0.5212133526802063 3311
1671609502728 0.5115819573402405 3334
1671609516765 0.5161106586456299 3357
1671609530986 0.5159255862236023 3380
1671609545525 0.5183257460594177 3403
1671609559666 0.49459242820739746 3426
1671609573805 0.5042988657951355 3449
