1671607487079 0.84375 49
1671607516000 0.78125 99
1671607544748 0.8125 149
1671607573729 0.78125 199
1671607602537 0.8125 249
1671607639173 0.6875 299
1671607667970 0.875 349
1671607697273 0.75 399
1671607726932 0.875 449
1671607756450 0.875 499
1671607785516 0.78125 549
1671607822130 0.8125 599
1671607851906 0.8125 649
1671607881142 0.78125 699
1671607910910 0.84375 749
1671607940410 0.75 799
1671607969269 0.71875 849
1671608006012 0.84375 899
1671608035075 0.84375 949
1671608064519 0.75 999
1671608093731 0.75 1049
1671608122913 0.75 1099
1671608151725 0.75 1149
1671608188047 0.8125 1199
1671608217189 0.84375 1249
1671608246588 0.84375 1299
1671608275950 0.8125 1349
1671608304860 0.90625 1399
1671608341101 0.78125 1449
1671608370058 0.8125 1499
1671608399385 0.84375 1549
1671608428584 0.75 1599
1671608457872 0.78125 1649
1671608487109 0.875 1699
1671608523556 0.78125 1749
1671608552789 0.6875 1799
1671608582134 0.84375 1849
1671608611304 0.9375 1899
1671608640658 0.8125 1949
1671608669737 0.875 1999
1671608706170 0.78125 2049
1671608735667 0.875 2099
1671608764830 0.75 2149
1671608794547 0.90625 2199
1671608824135 0.71875 2249
1671608853468 0.75 2299
1671608890836 0.78125 2349
1671608920864 0.75 2399
1671608950495 0.71875 2449
1671608980156 0.78125 2499
1671609009721 0.75 2549
1671609047055 0.75 2599
1671609076525 0.84375 2649
1671609106278 0.65625 2699
1671609135739 0.84375 2749
1671609165751 0.84375 2799
1671609195589 0.875 2849
1671609232885 0.75 2899
1671609262522 0.8125 2949
1671609292236 0.8125 2999
1671609321778 1.0 3049
1671609351385 0.84375 3099
1671609380903 0.75 3149
1671609418428 0.90625 3199
1671609448534 0.90625 3249
1671609477931 0.8125 3299
1671609507666 0.78125 3349
1671609537127 0.84375 3399
1671609566777 0.75 3449
