1671607471401 0.7193973064422607 22
1671607485336 0.6581920981407166 45
1671607499265 0.6991525292396545 68
1671607513033 0.6977401375770569 91
1671607526892 0.7043314576148987 114
1671607540627 0.7250470519065857 137
1671607554545 0.7241054773330688 160
1671607568471 0.7382296919822693 183
1671607582381 0.7175140976905823 206
1671607596194 0.7288135886192322 229
1671607610440 0.7664783596992493 252
1671607624285 0.8258004188537598 275
1671607638211 0.7645951509475708 298
1671607651943 0.7165724635124207 321
1671607665884 0.7697740197181702 344
1671607679902 0.7278720140457153 367
1671607694067 0.6694915294647217 390
1671607707925 0.7222222089767456 413
1671607722496 0.7033898234367371 436
1671607736617 0.737758994102478 459
1671607750934 0.7641242742538452 482
1671607764807 0.7283427715301514 505
1671607778948 0.6897363066673279 528
1671607792786 0.6704331636428833 551
1671607806955 0.7236347198486328 574
1671607820937 0.7452919483184814 597
1671607834894 0.709039568901062 620
1671607849557 0.7165725231170654 643
1671607863367 0.7758945226669312 666
1671607877360 0.7095103859901428 689
1671607891793 0.7598869800567627 712
1671607906262 0.7339925169944763 735
1671607920226 0.6704331636428833 758
1671607934623 0.7113936543464661 781
1671607948514 0.7109228372573853 804
1671607962368 0.7212806344032288 827
1671607976289 0.6822034120559692 850
1671607990240 0.6789076924324036 873
1671608004452 0.6760829091072083 896
1671608018444 0.7179849147796631 919
1671608032353 0.7019773721694946 942
1671608046411 0.7193974256515503 965
1671608060626 0.6939736604690552 988
1671608074847 0.6958569288253784 1011
1671608088840 0.7212806344032288 1034
1671608102939 0.7231638431549072 1057
1671608116827 0.7452919483184814 1080
1671608130810 0.6388888359069824 1103
1671608144778 0.7245762944221497 1126
1671608158641 0.7349341511726379 1149
1671608172345 0.6822034120559692 1172
1671608186267 0.6817325949668884 1195
1671608200348 0.7132768630981445 1218
1671608214198 0.7077212333679199 1241
1671608228453 0.7113936543464661 1264
1671608242548 0.7322034239768982 1287
1671608256641 0.7405837774276733 1310
1671608270776 0.7608286738395691 1333
1671608284707 0.720809817314148 1356
1671608298578 0.7429378628730774 1379
1671608312300 0.7589454650878906 1402
1671608326172 0.7335216403007507 1425
1671608340125 0.700564980506897 1448
1671608354184 0.712805986404419 1471
1671608368019 0.7104519605636597 1494
1671608381819 0.7024482488632202 1517
1671608395859 0.7076271176338196 1540
1671608410150 0.7391713261604309 1563
1671608424208 0.6770244836807251 1586
1671608438307 0.7608285546302795 1609
1671608452345 0.6699623465538025 1632
1671608466439 0.7137476205825806 1655
1671608480545 0.7156308889389038 1678
1671608494363 0.7419962286949158 1701
1671608508613 0.702919065952301 1724
1671608522329 0.743408739566803 1747
1671608536360 0.694915235042572 1770
1671608550425 0.7645951509475708 1793
1671608564366 0.7250470519065857 1816
1671608578612 0.7297552227973938 1839
1671608592413 0.6709039807319641 1862
1671608606634 0.6883239150047302 1885
1671608620775 0.6421846151351929 1908
1671608634941 0.6803202033042908 1931
1671608649003 0.743408739566803 1954
1671608662812 0.6719397306442261 1977
1671608677027 0.7325800657272339 2000
1671608690694 0.7015066146850586 2023
1671608704601 0.712805986404419 2046
1671608718707 0.755649745464325 2069
1671608732726 0.7269303202629089 2092
1671608747031 0.6939737200737 2115
1671608761004 0.7250470519065857 2138
1671608775363 0.7419962882995605 2161
1671608789679 0.729284405708313 2184
1671608803880 0.6770244240760803 2207
1671608818034 0.7688323855400085 2230
1671608832280 0.7401130199432373 2253
1671608846510 0.7132768630981445 2276
1671608860681 0.6817325949668884 2299
1671608874818 0.7721281051635742 2322
1671608889021 0.735404908657074 2345
1671608903207 0.7052730917930603 2368
1671608917898 0.7290018200874329 2391
1671608932275 0.7184557318687439 2414
1671608946473 0.7278720140457153 2437
1671608960808 0.6986817717552185 2460
1671608974941 0.721280574798584 2483
1671608989043 0.7311676144599915 2506
1671609003365 0.7193973660469055 2529
1671609017749 0.7448211312294006 2552
1671609032019 0.6647834777832031 2575
1671609046108 0.7363464832305908 2598
1671609060215 0.6548963785171509 2621
1671609074411 0.7693032026290894 2644
1671609088837 0.6996233463287354 2667
1671609103069 0.7099811434745789 2690
1671609117304 0.6812617182731628 2713
1671609131370 0.7382298111915588 2736
1671609145882 0.7645951509475708 2759
1671609160250 0.7062146663665771 2782
1671609174468 0.7405837774276733 2805
1671609188850 0.6723163723945618 2828
1671609203141 0.6647834777832031 2851
1671609217416 0.6693032383918762 2874
1671609231602 0.6902071237564087 2897
1671609245834 0.7730697393417358 2920
1671609260146 0.7236347198486328 2943
1671609274510 0.7532956600189209 2966
1671609288771 0.743879497051239 2989
1671609302888 0.7336158752441406 3012
1671609317173 0.7278720140457153 3035
1671609331558 0.7128060460090637 3058
1671609345648 0.7110170125961304 3081
1671609359759 0.7561205625534058 3104
1671609373997 0.7419962286949158 3127
1671609388276 0.6892655491828918 3150
1671609402504 0.7542372941970825 3173
1671609416899 0.7250471115112305 3196
1671609431267 0.6836158037185669 3219
1671609445698 0.7259886860847473 3242
1671609459993 0.6549906134605408 3265
1671609474135 0.7143126130104065 3288
1671609488404 0.7161017060279846 3311
1671609502728 0.715160071849823 3334
1671609516765 0.7405837774276733 3357
1671609530986 0.7236346006393433 3380
1671609545525 0.7528248429298401 3403
1671609559666 0.6836158037185669 3426
1671609573805 0.6854990720748901 3449
