1671698854242 0.0 22
1671698867861 0.0 45
1671698881902 0.0 68
1671698896220 0.0 91
1671698910629 0.0 114
1671698924681 0.0 137
1671698938971 0.0 160
1671698953571 0.0 183
1671698967936 0.0 206
1671698982460 0.0 229
1671698996840 0.0 252
1671699011063 0.0 275
1671699025131 0.0 298
1671699039507 0.0 321
1671699053722 0.0 344
1671699067874 0.0 367
1671699082294 0.0 390
1671699096745 0.0 413
1671699110968 0.0 436
1671699125555 0.0 459
1671699139765 0.0 482
1671699154135 0.0 505
1671699168290 0.0 528
1671699182386 0.0 551
1671699196536 0.0 574
1671699210895 0.0 597
1671699225210 0.0 620
1671699239248 0.0 643
1671699253463 0.0 666
1671699267645 0.0 689
1671699281816 0.0 712
1671699295588 0.0 735
1671699309817 0.0 758
1671699324178 0.0 781
1671699338380 0.0 804
1671699352405 0.0 827
1671699366792 0.0 850
1671699381089 0.0 873
1671699395285 0.0 896
1671699409524 0.0 919
1671699423849 0.0 942
1671699438195 0.0 965
1671699452685 0.0 988
1671699466925 0.0 1011
1671699481227 0.0 1034
1671699495596 0.0 1057
1671699509664 0.0 1080
1671699524042 0.0 1103
1671699538225 0.0 1126
1671699552435 0.0 1149
1671699566863 0.0 1172
1671699581135 0.0 1195
1671699595349 0.0 1218
1671699609396 0.0 1241
1671699623879 0.0 1264
1671699638097 0.0 1287
1671699652578 0.0 1310
1671699666717 0.0 1333
1671699680888 0.0 1356
1671699695024 0.0 1379
1671699709285 0.0 1402
1671699723472 0.0 1425
1671699737628 0.0 1448
1671699751720 0.0 1471
1671699765736 0.0 1494
1671699780011 0.0 1517
1671699794794 0.0 1540
1671699809050 0.0 1563
1671699823400 0.0 1586
1671699837563 0.0 1609
1671699852068 0.0 1632
1671699866292 0.0 1655
1671699880438 0.0 1678
1671699894442 0.0 1701
1671699908592 0.0 1724
1671699922703 0.0 1747
1671699937040 0.0 1770
1671699951053 0.0 1793
1671699965541 0.0 1816
1671699979882 0.0 1839
1671699994206 0.0 1862
1671700008721 0.0 1885
1671700022927 0.0 1908
1671700037140 0.0 1931
1671700051607 0.0 1954
1671700066005 0.0 1977
1671700080301 0.0 2000
1671700094388 0.0 2023
1671700108656 0.0 2046
1671700122870 0.0 2069
1671700137140 0.0 2092
1671700151590 0.0 2115
1671700165820 0.0 2138
1671700180090 0.0 2161
1671700194338 0.0 2184
1671700208611 0.0 2207
1671700222795 0.0 2230
1671700236953 0.0 2253
1671700251161 0.0 2276
1671700265391 0.0 2299
1671700279734 0.0 2322
1671700293994 0.0 2345
1671700308235 0.0 2368
1671700322714 0.0 2391
1671700336871 0.0 2414
1671700351076 0.0 2437
1671700365278 0.0 2460
1671700379530 0.0 2483
1671700393755 0.0 2506
1671700407759 0.0 2529
1671700421886 0.0 2552
1671700436742 0.0 2575
1671700451290 0.0 2598
1671700465897 0.0 2621
1671700480350 0.0 2644
1671700494618 0.0 2667
1671700508998 0.0 2690
1671700523331 0.25 2713
1671700537878 0.0 2736
1671700552095 0.0 2759
1671700566240 0.0 2782
1671700580565 0.0 2805
1671700594833 0.0 2828
1671700609402 0.0 2851
1671700623695 0.0 2874
1671700638319 0.0 2897
1671700652612 0.0 2920
1671700667082 0.0 2943
1671700681367 0.0 2966
1671700695828 0.0 2989
1671700710196 0.0 3012
1671700724417 0.0 3035
1671700738670 0.0 3058
1671700753121 0.0 3081
1671700767319 0.0 3104
1671700781661 0.0 3127
1671700796169 0.0 3150
1671700810474 0.0 3173
1671700824580 0.0 3196
1671700839004 0.0 3219
1671700853204 0.0 3242
1671700867688 0.0 3265
1671700882131 0.0 3288
1671700896296 0.0 3311
1671700910530 0.0 3334
1671700924667 0.0 3357
1671700939149 0.0 3380
1671700953232 0.0 3403
1671700967620 0.0 3426
1671700981928 0.0 3449
