1671698854242 0 22
1671698857141 1 22
1671698867861 1 45
1671698870986 2 45
1671698872776 2 49
1671698881902 2 68
1671698885095 3 68
1671698896220 3 91
1671698899471 4 91
1671698902542 4 99
1671698910629 4 114
1671698913864 5 114
1671698924681 5 137
1671698927840 6 137
1671698932094 6 149
1671698938971 6 160
1671698942405 7 160
1671698953571 7 183
1671698956855 8 183
1671698962031 8 199
1671698967936 8 206
1671698971310 9 206
1671698982460 9 229
1671698985814 10 229
1671698992197 10 249
1671698996840 10 252
1671699000090 11 252
1671699011063 11 275
1671699014305 12 275
1671699025131 12 298
1671699028321 13 298
1671699029316 13 299
1671699039507 13 321
1671699042749 14 321
1671699053722 14 344
1671699056991 15 344
1671699059083 15 349
1671699067874 15 367
1671699071163 16 367
1671699082294 16 390
1671699085527 17 390
1671699088979 17 399
1671699096745 17 413
1671699100015 18 413
1671699110968 18 436
1671699114387 19 436
1671699118904 19 449
1671699125555 19 459
1671699128757 20 459
1671699139765 20 482
1671699143085 21 482
1671699148598 21 499
1671699154135 21 505
1671699157438 22 505
1671699168290 22 528
1671699171475 23 528
1671699178126 23 549
1671699182386 23 551
1671699185635 24 551
1671699196536 24 574
1671699199923 25 574
1671699210895 25 597
1671699214179 26 597
1671699215463 26 599
1671699225210 26 620
1671699228441 27 620
1671699239248 27 643
1671699242512 28 643
1671699244895 28 649
1671699253463 28 666
1671699256684 29 666
1671699267645 29 689
1671699270821 30 689
1671699274533 30 699
1671699281816 30 712
1671699285012 31 712
1671699295588 31 735
1671699298864 32 735
1671699303507 32 749
1671699309817 32 758
1671699313067 33 758
1671699324178 33 781
1671699327427 34 781
1671699333237 34 799
1671699338380 34 804
1671699341473 35 804
1671699352405 35 827
1671699355655 36 827
1671699362543 36 849
1671699366792 36 850
1671699369985 37 850
1671699381089 37 873
1671699384242 38 873
1671699395285 38 896
1671699398581 39 896
1671699400153 39 899
1671699409524 39 919
1671699412694 40 919
1671699423849 40 942
1671699427127 41 942
1671699429865 41 949
1671699438195 41 965
1671699441522 42 965
1671699452685 42 988
1671699455870 43 988
1671699459692 43 999
1671699466925 43 1011
1671699470147 44 1011
1671699481227 44 1034
1671699484452 45 1034
1671699489539 45 1049
1671699495596 45 1057
1671699498792 46 1057
1671699509664 46 1080
1671699512974 47 1080
1671699519050 47 1099
1671699524042 47 1103
1671699527308 48 1103
1671699538225 48 1126
1671699541480 49 1126
1671699548545 49 1149
1671699552435 49 1149
1671699555711 50 1149
1671699566863 50 1172
1671699570168 51 1172
1671699581135 51 1195
1671699584291 52 1195
1671699586114 52 1199
1671699595349 52 1218
1671699598583 53 1218
1671699609396 53 1241
1671699612559 54 1241
1671699615647 54 1249
1671699623879 54 1264
1671699627146 55 1264
1671699638097 55 1287
1671699641292 56 1287
1671699645540 56 1299
1671699652578 56 1310
1671699655835 57 1310
1671699666717 57 1333
1671699669935 58 1333
1671699675178 58 1349
1671699680888 58 1356
1671699684196 59 1356
1671699695024 59 1379
1671699698284 60 1379
1671699704655 60 1399
1671699709285 60 1402
1671699712509 61 1402
1671699723472 61 1425
1671699726734 62 1425
1671699737628 62 1448
1671699740867 63 1448
1671699741857 63 1449
1671699751720 63 1471
1671699754963 64 1471
1671699765736 64 1494
1671699769022 65 1494
1671699771179 65 1499
1671699780011 65 1517
1671699783351 66 1517
1671699794794 66 1540
1671699798124 67 1540
1671699801409 67 1549
1671699809050 67 1563
1671699812366 68 1563
1671699823400 68 1586
1671699826639 69 1586
1671699831071 69 1599
1671699837563 69 1609
1671699840882 70 1609
1671699852068 70 1632
1671699855339 71 1632
1671699860873 71 1649
1671699866292 71 1655
1671699869475 72 1655
1671699880438 72 1678
1671699883623 73 1678
1671699890308 73 1699
1671699894442 73 1701
1671699897654 74 1701
1671699908592 74 1724
1671699911882 75 1724
1671699922703 75 1747
1671699925965 76 1747
1671699927208 76 1749
1671699937040 76 1770
1671699940213 77 1770
1671699951053 77 1793
1671699954398 78 1793
1671699956805 78 1799
1671699965541 78 1816
1671699968802 79 1816
1671699979882 79 1839
1671699983153 80 1839
1671699986712 80 1849
1671699994206 80 1862
1671699997441 81 1862
1671700008721 81 1885
1671700011997 82 1885
1671700016673 82 1899
1671700022927 82 1908
1671700026265 83 1908
1671700037140 83 1931
1671700040324 84 1931
1671700046197 84 1949
1671700051607 84 1954
1671700054935 85 1954
1671700066005 85 1977
1671700069250 86 1977
1671700076153 86 1999
1671700080301 86 2000
1671700083604 87 2000
1671700094388 87 2023
1671700097581 88 2023
1671700108656 88 2046
1671700111864 89 2046
1671700113382 89 2049
1671700122870 89 2069
1671700126145 90 2069
1671700137140 90 2092
1671700140368 91 2092
1671700143257 91 2099
1671700151590 91 2115
1671700154809 92 2115
1671700165820 92 2138
1671700169134 93 2138
1671700172959 93 2149
1671700180090 93 2161
1671700183453 94 2161
1671700194338 94 2184
1671700197724 95 2184
1671700202633 95 2199
1671700208611 95 2207
1671700211821 96 2207
1671700222795 96 2230
1671700226096 97 2230
1671700232160 97 2249
1671700236953 97 2253
1671700240194 98 2253
1671700251161 98 2276
1671700254478 99 2276
1671700261449 99 2299
1671700265391 99 2299
1671700268633 100 2299
1671700279734 100 2322
1671700282971 101 2322
1671700293994 101 2345
1671700297264 102 2345
1671700299117 102 2349
1671700308235 102 2368
1671700311458 103 2368
1671700322714 103 2391
1671700325979 104 2391
1671700329055 104 2399
1671700336871 104 2414
1671700340004 105 2414
1671700351076 105 2437
1671700354299 106 2437
1671700358382 106 2449
1671700365278 106 2460
1671700368509 107 2460
1671700379530 107 2483
1671700382851 108 2483
1671700388147 108 2499
1671700393755 108 2506
1671700396966 109 2506
1671700407759 109 2529
1671700410982 110 2529
1671700417396 110 2549
1671700421886 110 2552
1671700425244 111 2552
1671700436742 111 2575
1671700440173 112 2575
1671700451290 112 2598
1671700454621 113 2598
1671700455605 113 2599
1671700465897 113 2621
1671700469102 114 2621
1671700480350 114 2644
1671700483673 115 2644
1671700485764 115 2649
1671700494618 115 2667
1671700497808 116 2667
1671700508998 116 2690
1671700512249 117 2690
1671700515527 117 2699
1671700523331 117 2713
1671700526623 118 2713
1671700537878 118 2736
1671700541159 119 2736
1671700545553 119 2749
1671700552095 119 2759
1671700555353 120 2759
1671700566240 120 2782
1671700569442 121 2782
1671700575012 121 2799
1671700580565 121 2805
1671700583868 122 2805
1671700594833 122 2828
1671700598097 123 2828
1671700604849 123 2849
1671700609402 123 2851
1671700612577 124 2851
1671700623695 124 2874
1671700627022 125 2874
1671700638319 125 2897
1671700641587 126 2897
1671700642834 126 2899
1671700652612 126 2920
1671700655938 127 2920
1671700667082 127 2943
1671700670356 128 2943
1671700672745 128 2949
1671700681367 128 2966
1671700684712 129 2966
1671700695828 129 2989
1671700698998 130 2989
1671700702546 130 2999
1671700710196 130 3012
1671700713492 131 3012
1671700724417 131 3035
1671700727625 132 3035
1671700732341 132 3049
1671700738670 132 3058
1671700742228 133 3058
1671700753121 133 3081
1671700756342 134 3081
1671700762153 134 3099
1671700767319 134 3104
1671700770650 135 3104
1671700781661 135 3127
1671700785017 136 3127
1671700792121 136 3149
1671700796169 136 3150
1671700799504 137 3150
1671700810474 137 3173
1671700813705 138 3173
1671700824580 138 3196
1671700827878 139 3196
1671700829421 139 3199
1671700839004 139 3219
1671700842337 140 3219
1671700853204 140 3242
1671700856504 141 3242
1671700859207 141 3249
1671700867688 141 3265
1671700870970 142 3265
1671700882131 142 3288
1671700885396 143 3288
1671700889232 143 3299
1671700896296 143 3311
1671700899527 144 3311
1671700910530 144 3334
1671700913752 145 3334
1671700918710 145 3349
1671700924667 145 3357
1671700927966 146 3357
1671700939149 146 3380
1671700942346 147 3380
1671700948441 147 3399
1671700953232 147 3403
1671700956469 148 3403
1671700967620 148 3426
1671700970832 149 3426
1671700977855 149 3449
1671700981928 149 3449
1671700985032 150 3449
