1671698857141 1.9121326699937837 22
1671698870986 1.7694063153502204 45
1671698885095 1.7622663311094542 68
1671698899471 1.7695852733725645 91
1671698913864 1.7685189310592246 114
1671698927840 1.778629122567892 137
1671698942405 1.7649036777954534 160
1671698956855 1.7798045355747434 183
1671698971310 1.7784098218082114 206
1671698985814 1.7748659905648414 229
1671699000090 1.7647412236251347 252
1671699014305 1.763489473198261 275
1671699028321 1.7678473864315083 298
1671699042749 1.762271854863755 321
1671699056991 1.7622712248244883 344
1671699071163 1.764028261240926 367
1671699085527 1.7757762545731786 390
1671699100015 1.7598603352058624 413
1671699114387 1.7657733802005655 436
1671699128757 1.7676999964155835 459
1671699143085 1.7779253742542436 482
1671699157438 1.7719934181169044 505
1671699171475 1.769891426138046 528
1671699185635 1.766294171510967 551
1671699199923 1.760497809306615 574
1671699214179 1.7646608596887707 597
1671699228441 1.7601522525696944 620
1671699242512 1.763745127920618 643
1671699256684 1.7762951432774725 666
1671699270821 1.761013891453888 689
1671699285012 1.7683616428011477 712
1671699298864 1.7589925102668746 735
1671699313067 1.763325746529734 758
1671699327427 1.763625732130122 781
1671699341473 1.7606143594116814 804
1671699355655 1.7621297665174633 827
1671699369985 1.7615865948429554 850
1671699384242 1.7640804152882354 873
1671699398581 1.758332073110758 896
1671699412694 1.75752324242086 919
1671699427127 1.7635532392670654 942
1671699441522 1.7580496147074798 965
1671699455870 1.7639112505141905 988
1671699470147 1.762424993424478 1011
1671699484452 1.756493458850809 1034
1671699498792 1.7577942542258702 1057
1671699512974 1.7632855108076102 1080
1671699527308 1.7661825218389908 1103
1671699541480 1.7559767897731546 1126
1671699555711 1.7596160194854091 1149
1671699570168 1.761240482906039 1172
1671699584291 1.7584384838039113 1195
1671699598583 1.7597190778633713 1218
1671699612559 1.7541933684261952 1241
1671699627146 1.7643672015441973 1264
1671699641292 1.7543580088873376 1287
1671699655835 1.7576825895243815 1310
1671699669935 1.7603175542570484 1333
1671699684196 1.766754921102816 1356
1671699698284 1.75898927603873 1379
1671699712509 1.7569596053710694 1402
1671699726734 1.7595908161963945 1425
1671699740867 1.7647310385436477 1448
1671699754963 1.7671681787849303 1471
1671699769022 1.754122665921101 1494
1671699783351 1.7612724212822515 1517
1671699798124 1.758124042791222 1540
1671699812366 1.7640451747121124 1563
1671699826639 1.7597389196899715 1586
1671699840882 1.7593559880582628 1609
1671699855339 1.7527134518313379 1632
1671699869475 1.7544990150525934 1655
1671699883623 1.7536787219311814 1678
1671699897654 1.7523319311579113 1701
1671699911882 1.750773124467195 1724
1671699925965 1.7506780459138518 1747
1671699940213 1.7553908602686443 1770
1671699954398 1.7562125196340168 1793
1671699968802 1.7566387975290514 1816
1671699983153 1.751886854053139 1839
1671699997441 1.7514271970283917 1862
1671700011997 1.7484750119010046 1885
1671700026265 1.7507150570933299 1908
1671700040324 1.7580403815498413 1931
1671700054935 1.7560148709067789 1954
1671700069250 1.765056031229246 1977
1671700083604 1.766103230969942 2000
1671700097581 1.7581606522015005 2023
1671700111864 1.753245454548278 2046
1671700126145 1.7498618058708753 2069
1671700140368 1.7592458859761324 2092
1671700154809 1.763861536600926 2115
1671700169134 1.7607186997785038 2138
1671700183453 1.7494108427179098 2161
1671700197724 1.7537137995970244 2184
1671700211821 1.7594426457484647 2207
1671700226096 1.7907021450905287 2230
1671700240194 1.7639176849710123 2253
1671700254478 1.7707330243881283 2276
1671700268633 1.7513524821908368 2299
1671700282971 1.7544279509727798 2322
1671700297264 1.754423123115609 2345
1671700311458 1.7541996876790638 2368
1671700325979 1.7456757611054652 2391
1671700340004 1.7479981335170924 2414
1671700354299 1.755029755366392 2437
1671700368509 1.7498276884238506 2460
1671700382851 1.758615615618484 2483
1671700396966 1.7463422809615663 2506
1671700410982 1.7506354893373217 2529
1671700425244 1.7443290759999068 2552
1671700440173 1.7436156799535796 2575
1671700454621 1.747954520423481 2598
1671700469102 1.7532561341022077 2621
1671700483673 1.7554040449132005 2644
1671700497808 1.745558752796472 2667
1671700512249 1.7447097596279428 2690
1671700526623 1.7561178835690467 2713
1671700541159 1.748222345866971 2736
1671700555353 1.744372495202887 2759
1671700569442 1.7531397813282232 2782
1671700583868 1.7414139186125228 2805
1671700598097 1.742070725464558 2828
1671700612577 1.750015693307997 2851
1671700627022 1.742965040894123 2874
1671700641587 1.789761392617376 2897
1671700655938 1.7561306254683484 2920
1671700670356 1.7486291817709743 2943
1671700684712 1.743103113768712 2966
1671700698998 1.7453459157713662 2989
1671700713492 1.742253925586301 3012
1671700727625 1.738938048337663 3035
1671700742228 1.7739888225652711 3058
1671700756342 1.7472958082376682 3081
1671700770650 1.7483809489569344 3104
1671700785017 1.7440308059026963 3127
1671700799504 1.7379468609445605 3150
1671700813705 1.7367963810968772 3173
1671700827878 1.7406041621561374 3196
1671700842337 1.7618901129413729 3219
1671700856504 1.7438578477805255 3242
1671700870970 1.7376646284660031 3265
1671700885396 1.7473320239243548 3288
1671700899527 1.7416576774779895 3311
1671700913752 1.7649814646753037 3334
1671700927966 1.7446377225480167 3357
1671700942346 1.7395873719623276 3380
1671700956469 1.7397969445979742 3403
1671700970832 1.743970014517516 3426
1671700985032 1.7425133461496696 3449
