1671698857141 0.7301318645477295 22
1671698870986 0.9646892547607422 45
1671698885095 0.950564980506897 68
1671698899471 0.9392655491828918 91
1671698913864 0.9519773721694946 114
1671698927840 0.9491525292396545 137
1671698942405 0.9717513918876648 160
1671698956855 0.9830508232116699 183
1671698971310 0.9971751570701599 206
1671698985814 0.9618644118309021 229
1671699000090 0.950564980506897 252
1671699014305 0.9872881174087524 275
1671699028321 0.950564980506897 298
1671699042749 0.9731638431549072 321
1671699056991 0.9731638431549072 344
1671699071163 0.9378530979156494 367
1671699085527 0.9632768630981445 390
1671699100015 0.9830508232116699 413
1671699114387 0.9618644118309021 436
1671699128757 0.950564980506897 459
1671699143085 0.9844632744789124 482
1671699157438 0.9519773721694946 505
1671699171475 0.9519773721694946 528
1671699185635 0.9519773721694946 551
1671699199923 0.950564980506897 574
1671699214179 0.9745762944221497 597
1671699228441 0.9731638431549072 620
1671699242512 0.9491525292396545 643
1671699256684 0.9618644118309021 666
1671699270821 0.950564980506897 689
1671699285012 0.9533898234367371 712
1671699298864 0.9971751570701599 735
1671699313067 0.9858757257461548 758
1671699327427 0.9745762944221497 781
1671699341473 0.9632768630981445 804
1671699355655 0.9392655491828918 827
1671699369985 0.9632768630981445 850
1671699384242 0.9293785095214844 873
1671699398581 0.9844632744789124 896
1671699412694 0.9632768630981445 919
1671699427127 0.9519773721694946 942
1671699441522 0.950564980506897 965
1671699455870 0.9774011373519897 988
1671699470147 0.9519773721694946 1011
1671699484452 0.9632768630981445 1034
1671699498792 0.9632768630981445 1057
1671699512974 0.9759886860847473 1080
1671699527308 0.9632768630981445 1103
1671699541480 0.9844632744789124 1126
1671699555711 0.9632768630981445 1149
1671699570168 0.9307909607887268 1172
1671699584291 0.9491525292396545 1195
1671699598583 0.9632768630981445 1218
1671699612559 0.9618644118309021 1241
1671699627146 0.9519773721694946 1264
1671699641292 0.9491525292396545 1287
1671699655835 0.9844632744789124 1310
1671699669935 0.9830508232116699 1333
1671699684196 0.9392655491828918 1356
1671699698284 0.9519773721694946 1379
1671699712509 0.9392655491828918 1402
1671699726734 0.9646892547607422 1425
1671699740867 0.9774011373519897 1448
1671699754963 0.9533898234367371 1471
1671699769022 0.9533898234367371 1494
1671699783351 0.9717513918876648 1517
1671699798124 0.9745762944221497 1540
1671699812366 0.979284405708313 1563
1671699826639 0.9519773721694946 1586
1671699840882 0.9618644118309021 1609
1671699855339 0.9519773721694946 1632
1671699869475 0.9830508232116699 1655
1671699883623 0.9468926787376404 1678
1671699897654 0.9731638431549072 1701
1671699911882 0.944915235042572 1724
1671699925965 0.9872881174087524 1747
1671699940213 0.9260827898979187 1770
1671699954398 0.9844632744789124 1793
1671699968802 0.9830508232116699 1816
1671699983153 0.9830508232116699 1839
1671699997441 0.9717513918876648 1862
1671700011997 0.9618644118309021 1885
1671700026265 0.9632768630981445 1908
1671700040324 0.9971751570701599 1931
1671700054935 0.9553672671318054 1954
1671700069250 0.9327684044837952 1977
1671700083604 0.9698681235313416 2000
1671700097581 0.9392655491828918 2023
1671700111864 0.9731638431549072 2046
1671700126145 0.9354991316795349 2069
1671700140368 0.9463276863098145 2092
1671700154809 0.9279661178588867 2115
1671700169134 0.9129002690315247 2138
1671700183453 0.9576271176338196 2161
1671700197724 0.9610170125961304 2184
1671700211821 0.9858757257461548 2207
1671700226096 0.944915235042572 2230
1671700240194 0.9279661178588867 2253
1671700254478 0.9599810838699341 2276
1671700268633 0.9420903921127319 2299
1671700282971 0.9496233463287354 2322
1671700297264 0.9821091890335083 2345
1671700311458 0.9477401375770569 2368
1671700325979 0.9604519605636597 2391
1671700340004 0.965160071849823 2414
1671700354299 0.9581921100616455 2437
1671700368509 0.9519773721694946 2460
1671700382851 0.9558380246162415 2483
1671700396966 0.9723164439201355 2506
1671700410982 0.9693974256515503 2529
1671700425244 0.9241997003555298 2552
1671700440173 0.9807909727096558 2575
1671700454621 0.9807909727096558 2598
1671700469102 0.9384180903434753 2621
1671700483673 0.9891714453697205 2644
1671700497808 0.9816384315490723 2667
1671700512249 0.9533898234367371 2690
1671700526623 0.9350282549858093 2713
1671700541159 0.9293785095214844 2736
1671700555353 0.9935028553009033 2759
1671700569442 0.9533898234367371 2782
1671700583868 0.9384180903434753 2805
1671700598097 0.9632768630981445 2828
1671700612577 0.9632768630981445 2851
1671700627022 0.9731638431549072 2874
1671700641587 0.9185499548912048 2897
1671700655938 0.9731638431549072 2920
1671700670356 0.9506590962409973 2943
1671700684712 0.9573445916175842 2966
1671700698998 0.9463276863098145 2989
1671700713492 0.9778720140457153 3012
1671700727625 0.9336158037185669 3035
1671700742228 0.9430320262908936 3058
1671700756342 0.9524481892585754 3081
1671700770650 0.9717513918876648 3104
1671700785017 0.9764595031738281 3127
1671700799504 0.9552731513977051 3150
1671700813705 0.965630829334259 3173
1671700827878 0.9524482488632202 3196
1671700842337 0.9317325949668884 3219
1671700856504 0.9482109546661377 3242
1671700870970 0.9538607001304626 3265
1671700885396 0.9463276863098145 3288
1671700899527 0.9665725827217102 3311
1671700913752 0.9562146663665771 3334
1671700927966 0.9675140976905823 3357
1671700942346 0.9665724635124207 3380
1671700956469 0.9591336846351624 3403
1671700970832 0.9359698295593262 3426
1671700985032 0.9364407062530518 3449
