1671698857141 0.6961528658866882 22
1671698870986 0.9646892547607422 45
1671698885095 0.950564980506897 68
1671698899471 0.9392655491828918 91
1671698913864 0.9519773721694946 114
1671698927840 0.9491525292396545 137
1671698942405 0.9717513918876648 160
1671698956855 0.9830508232116699 183
1671698971310 0.9971751570701599 206
1671698985814 0.9618644118309021 229
1671699000090 0.950564980506897 252
1671699014305 0.9872881174087524 275
1671699028321 0.950564980506897 298
1671699042749 0.9731638431549072 321
1671699056991 0.9731638431549072 344
1671699071163 0.9378530979156494 367
1671699085527 0.9632768630981445 390
1671699100015 0.9830508232116699 413
1671699114387 0.9618644118309021 436
1671699128757 0.950564980506897 459
1671699143085 0.9844632744789124 482
1671699157438 0.9519773721694946 505
1671699171475 0.9519773721694946 528
1671699185635 0.9519773721694946 551
1671699199923 0.950564980506897 574
1671699214179 0.9745762944221497 597
1671699228441 0.9731638431549072 620
1671699242512 0.9491525292396545 643
1671699256684 0.9618644118309021 666
1671699270821 0.950564980506897 689
1671699285012 0.9533898234367371 712
1671699298864 0.9971751570701599 735
1671699313067 0.9858757257461548 758
1671699327427 0.9745762944221497 781
1671699341473 0.9632768630981445 804
1671699355655 0.9392655491828918 827
1671699369985 0.9632768630981445 850
1671699384242 0.9293785095214844 873
1671699398581 0.9844632744789124 896
1671699412694 0.9632768630981445 919
1671699427127 0.9519773721694946 942
1671699441522 0.950564980506897 965
1671699455870 0.9774011373519897 988
1671699470147 0.9519773721694946 1011
1671699484452 0.9632768630981445 1034
1671699498792 0.9632768630981445 1057
1671699512974 0.9759886860847473 1080
1671699527308 0.9632768630981445 1103
1671699541480 0.9844632744789124 1126
1671699555711 0.9632768630981445 1149
1671699570168 0.9307909607887268 1172
1671699584291 0.9491525292396545 1195
1671699598583 0.9632768630981445 1218
1671699612559 0.9618644118309021 1241
1671699627146 0.9519773721694946 1264
1671699641292 0.9491525292396545 1287
1671699655835 0.9844632744789124 1310
1671699669935 0.9830508232116699 1333
1671699684196 0.9392655491828918 1356
1671699698284 0.9519773721694946 1379
1671699712509 0.9392655491828918 1402
1671699726734 0.9634337425231934 1425
1671699740867 0.9792843461036682 1448
1671699754963 0.9533898234367371 1471
1671699769022 0.9533898234367371 1494
1671699783351 0.9717513918876648 1517
1671699798124 0.9745762944221497 1540
1671699812366 0.9807909727096558 1563
1671699826639 0.9519773721694946 1586
1671699840882 0.9618644118309021 1609
1671699855339 0.9519773721694946 1632
1671699869475 0.9830508232116699 1655
1671699883623 0.9478970170021057 1678
1671699897654 0.9731638431549072 1701
1671699911882 0.94679856300354 1724
1671699925965 0.9872881174087524 1747
1671699940213 0.9269388318061829 1770
1671699954398 0.9844632744789124 1793
1671699968802 0.9830508232116699 1816
1671699983153 0.9842615723609924 1839
1671699997441 0.9729621410369873 1862
1671700011997 0.9618644118309021 1885
1671700026265 0.9632768630981445 1908
1671700040324 0.9971751570701599 1931
1671700054935 0.958254873752594 1954
1671700069250 0.9349834322929382 1977
1671700083604 0.9707241654396057 2000
1671700097581 0.9392655491828918 2023
1671700111864 0.9769303202629089 2046
1671700126145 0.9370056986808777 2069
1671700140368 0.9482109546661377 2092
1671700154809 0.9291768074035645 2115
1671700169134 0.910640299320221 2138
1671700183453 0.9588378071784973 2161
1671700197724 0.9620212912559509 2184
1671700211821 0.9858757257461548 2207
1671700226096 0.9467984437942505 2230
1671700240194 0.9279661178588867 2253
1671700254478 0.9608371257781982 2276
1671700268633 0.9451842904090881 2299
1671700282971 0.9511299729347229 2322
1671700297264 0.9836158752441406 2345
1671700311458 0.9479014873504639 2368
1671700325979 0.9616627097129822 2391
1671700340004 0.9685500264167786 2414
1671700354299 0.9591964483261108 2437
1671700368509 0.955071210861206 2460
1671700382851 0.9583490490913391 2483
1671700396966 0.973320722579956 2506
1671700410982 0.9709039926528931 2529
1671700425244 0.9257062673568726 2552
1671700440173 0.9830060005187988 2575
1671700454621 0.9830060005187988 2598
1671700469102 0.9394224286079407 2621
1671700483673 0.9918886423110962 2644
1671700497808 0.98284912109375 2667
1671700512249 0.9564837217330933 2690
1671700526623 0.93744957447052 2713
1671700541159 0.9336830377578735 2736
1671700555353 0.9945071935653687 2759
1671700569442 0.9564837217330933 2782
1671700583868 0.9394224286079407 2805
1671700598097 0.9663708209991455 2828
1671700612577 0.9663707613945007 2851
1671700627022 0.9731638431549072 2874
1671700641587 0.9202179312705994 2897
1671700655938 0.9731638431549072 2920
1671700670356 0.9525195360183716 2943
1671700684712 0.959039568901062 2966
1671700698998 0.9475383758544922 2989
1671700713492 0.9805892109870911 3012
1671700727625 0.9367097616195679 3035
1671700742228 0.9460451602935791 3058
1671700756342 0.9558380246162415 3081
1671700770650 0.9729621410369873 3104
1671700785017 0.9791767597198486 3127
1671700799504 0.957990288734436 3150
1671700813705 0.9683701395988464 3173
1671700827878 0.9558380246162415 3196
1671700842337 0.9328576922416687 3219
1671700856504 0.9497175216674805 3242
1671700870970 0.9565778970718384 3265
1671700885396 0.9482109546661377 3288
1671700899527 0.9692897200584412 3311
1671700913752 0.9586359858512878 3334
1671700927966 0.9693974256515503 3357
1671700942346 0.9692897200584412 3380
1671700956469 0.9609941244125366 3403
1671700970832 0.9380365610122681 3426
1671700985032 0.9376513957977295 3449
