1671698872776 1.0 49
1671698902542 0.75 99
1671698932094 1.0 149
1671698962031 1.0 199
1671698992197 1.0 249
1671699029316 1.0 299
1671699059083 1.0 349
1671699088979 1.0 399
1671699118904 0.75 449
1671699148598 0.75 499
1671699178126 1.0 549
1671699215463 1.0 599
1671699244895 1.0 649
1671699274533 1.0 699
1671699303507 1.0 749
1671699333237 1.0 799
1671699362543 0.75 849
1671699400153 1.0 899
1671699429865 1.0 949
1671699459692 0.75 999
1671699489539 1.0 1049
1671699519050 1.0 1099
1671699548545 0.5 1149
1671699586114 1.0 1199
1671699615647 1.0 1249
1671699645540 1.0 1299
1671699675178 0.75 1349
1671699704655 1.0 1399
1671699741857 1.0 1449
1671699771179 1.0 1499
1671699801409 1.0 1549
1671699831071 1.0 1599
1671699860873 1.0 1649
1671699890308 1.0 1699
1671699927208 1.0 1749
1671699956805 1.0 1799
1671699986712 1.0 1849
1671700016673 0.75 1899
1671700046197 1.0 1949
1671700076153 1.0 1999
1671700113382 1.0 2049
1671700143257 1.0 2099
1671700172959 1.0 2149
1671700202633 1.0 2199
1671700232160 1.0 2249
1671700261449 0.25 2299
1671700299117 1.0 2349
1671700329055 1.0 2399
1671700358382 1.0 2449
1671700388147 1.0 2499
1671700417396 1.0 2549
1671700455605 1.0 2599
1671700485764 1.0 2649
1671700515527 1.0 2699
1671700545553 1.0 2749
1671700575012 1.0 2799
1671700604849 1.0 2849
1671700642834 1.0 2899
1671700672745 1.0 2949
1671700702546 1.0 2999
1671700732341 0.5 3049
1671700762153 1.0 3099
1671700792121 1.0 3149
1671700829421 0.75 3199
1671700859207 0.75 3249
1671700889232 1.0 3299
1671700918710 1.0 3349
1671700948441 1.0 3399
1671700977855 0.25 3449
