1671698872776 1.8113260341822772 49
1671698902542 1.177544803810122 99
1671698932094 1.9397627264163546 149
1671698962031 1.6775333129882117 199
1671698992197 1.9611254028370686 249
1671699029316 1.8982129082202914 299
1671699059083 1.3857186992634325 349
1671699088979 1.864618158679901 399
1671699118904 1.2430407072403347 449
1671699148598 1.1195177586669396 499
1671699178126 1.608122216614595 549
1671699215463 2.407790204626917 599
1671699244895 2.0195547698918555 649
1671699274533 1.5928361680638417 699
1671699303507 1.8362725202753476 749
1671699333237 1.5897722884403942 799
1671699362543 1.5331225864462987 849
1671699400153 1.4602990413014298 899
1671699429865 2.1280354849204226 949
1671699459692 1.2522155269998696 999
1671699489539 1.5308979908563525 1049
1671699519050 2.100251269238267 1099
1671699548545 0.7440256679412928 1149
1671699586114 0.8312629342172091 1199
1671699615647 1.921703996042896 1249
1671699645540 1.8198199667378268 1299
1671699675178 2.057734187001925 1349
1671699704655 2.5385975197186874 1399
1671699741857 1.7849668755925698 1449
1671699771179 1.2790429816219329 1499
1671699801409 2.319109471650554 1549
1671699831071 1.412021056009406 1599
1671699860873 1.4740909511137226 1649
1671699890308 1.863544235274602 1699
1671699927208 1.0706370953763453 1749
1671699956805 1.7654617859989175 1799
1671699986712 1.8552753369140427 1849
1671700016673 1.6756077878346922 1899
1671700046197 2.209377278389951 1949
1671700076153 1.5383587644425734 1999
1671700113382 2.3171090772406977 2049
1671700143257 1.8367666127036197 2099
1671700172959 1.8375738208728003 2149
1671700202633 1.6977751942062438 2199
1671700232160 1.6500936491294709 2249
1671700261449 1.4720952829153533 2299
1671700299117 2.5745387461896923 2349
1671700329055 2.073368975888609 2399
1671700358382 1.3548044264906103 2449
1671700388147 1.6616404931276116 2499
1671700417396 1.577509420515239 2549
1671700455605 2.21085840442919 2599
1671700485764 1.5786602778711494 2649
1671700515527 1.492368031776249 2699
1671700545553 2.1869455675495524 2749
1671700575012 1.1303529355027395 2799
1671700604849 1.4082270360667417 2849
1671700642834 1.4183075993918632 2899
1671700672745 1.5934510738874528 2949
1671700702546 1.6478490357826745 2999
1671700732341 1.739202866982628 3049
1671700762153 2.276553875564777 3099
1671700792121 1.1957678413401855 3149
1671700829421 2.0184569370014027 3199
1671700859207 1.8902771992155896 3249
1671700889232 1.3406358649733972 3299
1671700918710 2.0280444643286746 3349
1671700948441 1.5429832459175263 3399
1671700977855 0.9791162049299825 3449
