1671698857141 0.8234463334083557 22
1671698870986 1.0 45
1671698885095 1.0 68
1671698899471 1.0 91
1671698913864 1.0 114
1671698927840 1.0 137
1671698942405 1.0 160
1671698956855 1.0 183
1671698971310 1.0 206
1671698985814 1.0 229
1671699000090 1.0 252
1671699014305 1.0 275
1671699028321 1.0 298
1671699042749 1.0 321
1671699056991 1.0 344
1671699071163 1.0 367
1671699085527 1.0 390
1671699100015 1.0 413
1671699114387 1.0 436
1671699128757 1.0 459
1671699143085 1.0 482
1671699157438 1.0 505
1671699171475 1.0 528
1671699185635 1.0 551
1671699199923 1.0 574
1671699214179 1.0 597
1671699228441 1.0 620
1671699242512 1.0 643
1671699256684 1.0 666
1671699270821 1.0 689
1671699285012 1.0 712
1671699298864 1.0 735
1671699313067 1.0 758
1671699327427 1.0 781
1671699341473 1.0 804
1671699355655 1.0 827
1671699369985 1.0 850
1671699384242 1.0 873
1671699398581 1.0 896
1671699412694 1.0 919
1671699427127 1.0 942
1671699441522 1.0 965
1671699455870 1.0 988
1671699470147 1.0 1011
1671699484452 1.0 1034
1671699498792 1.0 1057
1671699512974 1.0 1080
1671699527308 1.0 1103
1671699541480 1.0 1126
1671699555711 1.0 1149
1671699570168 1.0 1172
1671699584291 1.0 1195
1671699598583 1.0 1218
1671699612559 1.0 1241
1671699627146 1.0 1264
1671699641292 1.0 1287
1671699655835 1.0 1310
1671699669935 1.0 1333
1671699684196 1.0 1356
1671699698284 1.0 1379
1671699712509 1.0 1402
1671699726734 0.9985875487327576 1425
1671699740867 0.9985875487327576 1448
1671699754963 1.0 1471
1671699769022 1.0 1494
1671699783351 1.0 1517
1671699798124 1.0 1540
1671699812366 0.9985875487327576 1563
1671699826639 1.0 1586
1671699840882 1.0 1609
1671699855339 1.0 1632
1671699869475 1.0 1655
1671699883623 0.9985875487327576 1678
1671699897654 1.0 1701
1671699911882 0.9985875487327576 1724
1671699925965 1.0 1747
1671699940213 0.9985875487327576 1770
1671699954398 1.0 1793
1671699968802 1.0 1816
1671699983153 0.9985875487327576 1839
1671699997441 0.9985875487327576 1862
1671700011997 0.9985875487327576 1885
1671700026265 0.9985875487327576 1908
1671700040324 1.0 1931
1671700054935 0.9971751570701599 1954
1671700069250 0.9971751570701599 1977
1671700083604 0.9985875487327576 2000
1671700097581 1.0 2023
1671700111864 0.9971751570701599 2046
1671700126145 0.9985875487327576 2069
1671700140368 0.9985875487327576 2092
1671700154809 0.9985875487327576 2115
1671700169134 0.9971751570701599 2138
1671700183453 0.9985875487327576 2161
1671700197724 0.9985875487327576 2184
1671700211821 1.0 2207
1671700226096 0.9971751570701599 2230
1671700240194 1.0 2253
1671700254478 0.9985875487327576 2276
1671700268633 0.9971751570701599 2299
1671700282971 0.9985875487327576 2322
1671700297264 0.9985875487327576 2345
1671700311458 0.9957627058029175 2368
1671700325979 0.9971751570701599 2391
1671700340004 0.9971751570701599 2414
1671700354299 0.9971751570701599 2437
1671700368509 0.9971751570701599 2460
1671700382851 0.9971751570701599 2483
1671700396966 0.9985875487327576 2506
1671700410982 0.9985875487327576 2529
1671700425244 0.9971751570701599 2552
1671700440173 0.9971751570701599 2575
1671700454621 0.9971751570701599 2598
1671700469102 0.9971751570701599 2621
1671700483673 0.9971751570701599 2644
1671700497808 0.9985875487327576 2667
1671700512249 0.9971751570701599 2690
1671700526623 0.9971751570701599 2713
1671700541159 0.9957627058029175 2736
1671700555353 0.9985875487327576 2759
1671700569442 0.9971751570701599 2782
1671700583868 0.9985875487327576 2805
1671700598097 0.9971751570701599 2828
1671700612577 0.9971751570701599 2851
1671700627022 1.0 2874
1671700641587 0.994350254535675 2897
1671700655938 1.0 2920
1671700670356 0.9971751570701599 2943
1671700684712 0.9971751570701599 2966
1671700698998 0.9985875487327576 2989
1671700713492 0.9971751570701599 3012
1671700727625 0.9971751570701599 3035
1671700742228 0.9971751570701599 3058
1671700756342 0.9971751570701599 3081
1671700770650 0.9985875487327576 3104
1671700785017 0.9971751570701599 3127
1671700799504 0.9971751570701599 3150
1671700813705 0.9971751570701599 3173
1671700827878 0.9971751570701599 3196
1671700842337 0.9957627058029175 3219
1671700856504 0.9971751570701599 3242
1671700870970 0.9971751570701599 3265
1671700885396 0.9971751570701599 3288
1671700899527 0.9971751570701599 3311
1671700913752 0.9971751570701599 3334
1671700927966 0.9985875487327576 3357
1671700942346 0.9971751570701599 3380
1671700956469 0.9971751570701599 3403
1671700970832 0.9971751570701599 3426
1671700985032 0.9971751570701599 3449
