1672189364482 217.0 216
1672189437135 217.0 433
1672189510509 215.5 650
1672189583325 215.5 867
1672189656313 217.0 1084
1672189729556 214.25 1301
1672189802600 203.25 1518
1672189877662 215.5 1735
1672189952080 210.75 1952
1672190024843 212.25 2169
1672190097813 187.25 2386
1672190170776 183.5 2603
1672190243319 191.5 2820
1672190316810 212.5 3037
1672190389491 192.25 3254
1672190462361 212.5 3471
1672190535411 189.5 3688
1672190608287 194.5 3905
1672190681162 189.75 4122
1672190754016 187.75 4339
1672190826757 188.25 4556
1672190899617 187.0 4773
1672190972629 188.75 4990
1672191046031 180.5 5207
1672191119470 196.0 5424
1672191192443 182.0 5641
1672191265755 187.0 5858
1672191338652 192.5 6075
1672191411848 192.5 6292
1672191485058 188.5 6509
1672191558274 195.0 6726
1672191633130 188.25 6943
1672191708162 199.5 7160
1672191782104 193.5 7377
1672191855530 189.0 7594
1672191930247 184.0 7811
1672192005580 194.5 8028
1672192079618 193.0 8245
1672192153149 187.0 8462
1672192226301 185.5 8679
1672192299937 182.75 8896
1672192373304 191.0 9113
1672192446727 190.0 9330
1672192520086 181.5 9547
1672192593277 186.5 9764
1672192666620 183.75 9981
1672192740215 187.75 10198
1672192813841 189.75 10415
1672192887706 185.25 10632
1672192961434 186.0 10849
1672193034617 175.0 11066
1672193108188 189.0 11283
1672193181716 186.25 11500
1672193256028 171.75 11717
1672193329788 187.25 11934
1672193403012 186.75 12151
1672193476894 186.25 12368
1672193550585 185.75 12585
1672193624390 176.75 12802
1672193697633 169.0 13019
1672193770995 183.75 13236
1672193844538 187.5 13453
1672193918205 185.75 13670
1672193991473 185.25 13887
1672194064830 183.25 14104
1672194138538 176.0 14321
1672194211966 186.75 14538
1672194285426 186.5 14755
1672194358581 176.75 14972
1672194432092 185.0 15189
1672194505620 186.25 15406
1672194579230 185.5 15623
1672194652440 181.75 15840
1672194726005 184.5 16057
1672194799349 176.25 16274
1672194873068 182.0 16491
1672194946183 184.25 16708
1672195020412 184.75 16925
1672195093872 182.75 17142
1672195167362 179.25 17359
1672195240447 185.25 17576
1672195313621 179.0 17793
1672195386870 186.75 18010
1672195459886 182.75 18227
1672195533762 176.0 18444
1672195607055 173.75 18661
1672195680659 176.25 18878
1672195753687 185.5 19095
1672195827451 181.0 19312
1672195900851 187.25 19529
1672195974233 183.75 19746
1672196047718 181.5 19963
1672196121168 182.0 20180
1672196194870 164.5 20397
1672196270013 176.25 20614
1672196343986 185.5 20831
1672196417875 187.75 21048
1672196491095 186.75 21265
1672196564541 187.25 21482
1672196637982 172.0 21699
1672196711434 176.5 21916
1672196784851 184.5 22133
1672196858261 176.5 22350
1672196931651 179.25 22567
1672197005017 181.75 22784
1672197078637 181.0 23001
1672197152693 186.75 23218
1672197226131 177.75 23435
1672197299559 182.5 23652
1672197373034 186.75 23869
1672197446376 178.5 24086
1672197519707 186.5 24303
1672197593144 183.0 24520
1672197666243 187.5 24737
1672197739995 176.25 24954
1672197813551 168.5 25171
1672197887345 182.5 25388
1672197960897 181.5 25605
1672198034174 176.75 25822
1672198107670 184.75 26039
1672198181231 182.25 26256
1672198254396 183.5 26473
1672198327587 185.25 26690
1672198400978 183.25 26907
1672198475033 184.5 27124
1672198548969 173.75 27341
1672198623592 172.25 27558
1672198697849 175.5 27775
1672198772097 187.75 27992
1672198846492 184.75 28209
1672198921029 168.0 28426
1672198995422 183.0 28643
1672199070043 182.5 28860
1672199144754 181.5 29077
1672199219140 174.0 29294
1672199293524 179.5 29511
1672199367783 181.5 29728
1672199442764 185.5 29945
1672199516580 174.5 30162
1672199591045 182.5 30379
1672199665193 184.5 30596
1672199740042 179.75 30813
1672199814233 182.5 31030
1672199889010 185.0 31247
1672199963720 182.75 31464
1672200037654 181.0 31681
1672200112649 181.0 31898
1672200187493 177.75 32115
1672200261736 185.75 32332
1672200335694 183.5 32549
