1672189309770 0 49
1672189324047 0 99
1672189338727 0 149
1672189352961 0 199
1672189364482 0 216
1672189367469 1 216
1672189377748 1 249
1672189392163 1 299
1672189406586 1 349
1672189421003 1 399
1672189437135 1 433
1672189440303 2 433
1672189445598 2 449
1672189460162 2 499
1672189474720 2 549
1672189489437 2 599
1672189503869 2 649
1672189510509 2 650
1672189513699 3 650
1672189528624 3 699
1672189542930 3 749
1672189557260 3 799
1672189571786 3 849
1672189583325 3 867
1672189586564 4 867
1672189596448 4 899
1672189611076 4 949
1672189625560 4 999
1672189640050 4 1049
1672189656313 4 1084
1672189659352 5 1084
1672189664334 5 1099
1672189678766 5 1149
1672189693340 5 1199
1672189707764 5 1249
1672189722281 5 1299
1672189729556 5 1301
1672189732732 6 1301
1672189747143 6 1349
1672189761620 6 1399
1672189775938 6 1449
1672189790287 6 1499
1672189802600 6 1518
1672189805706 7 1518
1672189815354 7 1549
1672189829987 7 1599
1672189844441 7 1649
1672189858904 7 1699
1672189877662 7 1735
1672189880772 8 1735
1672189885611 8 1749
1672189900116 8 1799
1672189914480 8 1849
1672189928883 8 1899
1672189943274 8 1949
1672189952080 8 1952
1672189955324 9 1952
1672189969611 9 1999
1672189983996 9 2049
1672189998417 9 2099
1672190013079 9 2149
1672190024843 9 2169
1672190027976 10 2169
1672190037490 10 2199
1672190051921 10 2249
1672190066291 10 2299
1672190080772 10 2349
1672190097813 10 2386
1672190100999 11 2386
1672190105454 11 2399
1672190119937 11 2449
1672190134530 11 2499
1672190149213 11 2549
1672190163659 11 2599
1672190170776 11 2603
1672190173964 12 2603
1672190187805 12 2649
1672190202232 12 2699
1672190216578 12 2749
1672190231000 12 2799
1672190243319 12 2820
1672190246456 13 2820
1672190255543 13 2849
1672190270170 13 2899
1672190284918 13 2949
1672190299657 13 2999
1672190316810 13 3037
1672190320031 14 3037
1672190324099 14 3049
1672190338521 14 3099
1672190352970 14 3149
1672190367518 14 3199
1672190381914 14 3249
1672190389491 14 3254
1672190392658 15 3254
1672190406374 15 3299
1672190420939 15 3349
1672190435462 15 3399
1672190450020 15 3449
1672190462361 15 3471
1672190465610 16 3471
1672190474404 16 3499
1672190489070 16 3549
1672190503537 16 3599
1672190518011 16 3649
1672190535411 16 3688
1672190538596 17 3688
1672190542481 17 3699
1672190557028 17 3749
1672190571568 17 3799
1672190586077 17 3849
1672190600512 17 3899
1672190608287 17 3905
1672190611406 18 3905
1672190624816 18 3949
1672190639227 18 3999
1672190653785 18 4049
1672190668168 18 4099
1672190681162 18 4122
1672190684309 19 4122
1672190692754 19 4149
1672190707226 19 4199
1672190721784 19 4249
1672190736221 19 4299
1672190754016 19 4339
1672190757227 20 4339
1672190760808 20 4349
1672190775320 20 4399
1672190789709 20 4449
1672190804233 20 4499
1672190818655 20 4549
1672190826757 20 4556
1672190829965 21 4556
1672190842987 21 4599
1672190857330 21 4649
1672190872010 21 4699
1672190886506 21 4749
1672190899617 21 4773
1672190902826 22 4773
1672190911272 22 4799
1672190925666 22 4849
1672190940057 22 4899
1672190954561 22 4949
1672190972629 22 4990
1672190975794 23 4990
1672190979049 23 4999
1672190993792 23 5049
1672191008274 23 5099
1672191022803 23 5149
1672191037415 23 5199
1672191046031 23 5207
1672191049216 24 5207
1672191062082 24 5249
1672191076646 24 5299
1672191091211 24 5349
1672191105697 24 5399
1672191119470 24 5424
1672191122645 25 5424
1672191130521 25 5449
1672191145061 25 5499
1672191159480 25 5549
1672191173856 25 5599
1672191192443 25 5641
1672191195596 26 5641
1672191198541 26 5649
1672191213105 26 5699
1672191227554 26 5749
1672191242184 26 5799
1672191256781 26 5849
1672191265755 26 5858
1672191268957 27 5858
1672191281467 27 5899
1672191295904 27 5949
1672191310329 27 5999
1672191324770 27 6049
1672191338652 27 6075
1672191341839 28 6075
1672191349437 28 6099
1672191364027 28 6149
1672191378501 28 6199
1672191393052 28 6249
1672191411848 28 6292
1672191415044 29 6292
1672191417751 29 6299
1672191432282 29 6349
1672191446681 29 6399
1672191461250 29 6449
1672191475613 29 6499
1672191485058 29 6509
1672191488252 30 6509
1672191500679 30 6549
1672191515038 30 6599
1672191529399 30 6649
1672191543787 30 6699
1672191558274 30 6726
1672191561467 31 6726
1672191568757 31 6749
1672191583505 31 6799
1672191597959 31 6849
1672191612612 31 6899
1672191633130 31 6943
1672191636319 32 6943
1672191638838 32 6949
1672191653276 32 6999
1672191667715 32 7049
1672191682145 32 7099
1672191696531 32 7149
1672191708162 32 7160
1672191711284 33 7160
1672191723435 33 7199
1672191737962 33 7249
1672191752717 33 7299
1672191767177 33 7349
1672191782104 33 7377
1672191785262 34 7377
1672191792346 34 7399
1672191806782 34 7449
1672191821211 34 7499
1672191835748 34 7549
1672191855530 34 7594
1672191858734 35 7594
1672191860891 35 7599
1672191875289 35 7649
1672191890004 35 7699
1672191904536 35 7749
1672191918923 35 7799
1672191930247 35 7811
1672191933202 36 7811
1672191944934 36 7849
1672191959433 36 7899
1672191974049 36 7949
1672191988629 36 7999
1672192005580 36 8028
1672192008824 37 8028
1672192015761 37 8049
1672192030339 37 8099
1672192044785 37 8149
1672192059309 37 8199
1672192079618 37 8245
1672192083039 38 8245
1672192084871 38 8249
1672192099290 38 8299
1672192113873 38 8349
1672192128402 38 8399
1672192142796 38 8449
1672192153149 38 8462
1672192156520 39 8462
1672192167839 39 8499
1672192182379 39 8549
1672192196828 39 8599
1672192211207 39 8649
1672192226301 39 8679
1672192229612 40 8679
1672192236015 40 8699
1672192250626 40 8749
1672192265184 40 8799
1672192279967 40 8849
1672192299937 40 8896
1672192303262 41 8896
1672192304789 41 8899
1672192319268 41 8949
1672192333850 41 8999
1672192348222 41 9049
1672192362579 41 9099
1672192373304 41 9113
1672192376684 42 9113
1672192387742 42 9149
1672192402188 42 9199
1672192416895 42 9249
1672192431328 42 9299
1672192446727 42 9330
1672192450052 43 9330
1672192456323 43 9349
1672192470908 43 9399
1672192485300 43 9449
1672192499723 43 9499
1672192520086 43 9547
1672192523357 44 9547
1672192524635 44 9549
1672192539167 44 9599
1672192553751 44 9649
1672192568214 44 9699
1672192582661 44 9749
1672192593277 44 9764
1672192596688 45 9764
1672192607521 45 9799
1672192622047 45 9849
1672192636563 45 9899
1672192650946 45 9949
1672192666620 45 9981
1672192669995 46 9981
1672192675936 46 9999
1672192690664 46 10049
1672192705115 46 10099
1672192719561 46 10149
1672192740215 46 10198
1672192743612 47 10198
1672192744622 47 10199
1672192759364 47 10249
1672192773800 47 10299
1672192788309 47 10349
1672192802768 47 10399
1672192813841 47 10415
1672192817237 48 10415
1672192827918 48 10449
1672192842486 48 10499
1672192857041 48 10549
1672192871550 48 10599
1672192887706 48 10632
1672192891175 49 10632
1672192896803 49 10649
1672192911237 49 10699
1672192925854 49 10749
1672192940579 49 10799
1672192954820 49 10849
1672192961434 49 10849
1672192964876 50 10849
1672192979926 50 10899
1672192994341 50 10949
1672193008911 50 10999
1672193023366 50 11049
1672193034617 50 11066
1672193038034 51 11066
1672193048223 51 11099
1672193062749 51 11149
1672193077355 51 11199
1672193091921 51 11249
1672193108188 51 11283
1672193111646 52 11283
1672193116995 52 11299
1672193131592 52 11349
1672193146015 52 11399
1672193160446 52 11449
1672193174875 52 11499
1672193181716 52 11500
1672193185315 53 11500
1672193200785 53 11549
1672193215299 53 11599
1672193229828 53 11649
1672193244430 53 11699
1672193256028 53 11717
1672193259459 54 11717
1672193269338 54 11749
1672193283815 54 11799
1672193298252 54 11849
1672193312698 54 11899
1672193329788 54 11934
1672193332796 55 11934
1672193337815 55 11949
1672193352418 55 11999
1672193366922 55 12049
1672193381362 55 12099
1672193396069 55 12149
1672193403012 55 12151
1672193406450 56 12151
1672193420983 56 12199
1672193435555 56 12249
1672193450221 56 12299
1672193464764 56 12349
1672193476894 56 12368
1672193480291 57 12368
1672193489955 57 12399
1672193504476 57 12449
1672193518997 57 12499
1672193533668 57 12549
1672193550585 57 12585
1672193553983 58 12585
1672193558766 58 12599
1672193573282 58 12649
1672193588176 58 12699
1672193602620 58 12749
1672193617027 58 12799
1672193624390 58 12802
1672193627702 59 12802
1672193641862 59 12849
1672193656402 59 12899
1672193670970 59 12949
1672193685340 59 12999
1672193697633 59 13019
1672193700922 60 13019
1672193710356 60 13049
1672193724842 60 13099
1672193739469 60 13149
1672193753935 60 13199
1672193770995 60 13236
1672193774363 61 13236
1672193778817 61 13249
1672193793252 61 13299
1672193807852 61 13349
1672193822333 61 13399
1672193836918 61 13449
1672193844538 61 13453
1672193848001 62 13453
1672193862131 62 13499
1672193876638 62 13549
1672193891109 62 13599
1672193905580 62 13649
1672193918205 62 13670
1672193921605 63 13670
1672193930671 63 13699
1672193945115 63 13749
1672193959524 63 13799
1672193974119 63 13849
1672193991473 63 13887
1672193994942 64 13887
1672193999070 64 13899
1672194013460 64 13949
1672194027899 64 13999
1672194042630 64 14049
1672194057046 64 14099
1672194064830 64 14104
1672194068272 65 14104
1672194082034 65 14149
1672194096544 65 14199
1672194111158 65 14249
1672194125844 65 14299
1672194138538 65 14321
1672194141905 66 14321
1672194150662 66 14349
1672194165219 66 14399
1672194179635 66 14449
1672194194172 66 14499
1672194211966 66 14538
1672194215290 67 14538
1672194219142 67 14549
1672194233754 67 14599
1672194248227 67 14649
1672194262674 67 14699
1672194277312 67 14749
1672194285426 67 14755
1672194288803 68 14755
1672194302128 68 14799
1672194316800 68 14849
1672194331240 68 14899
1672194345599 68 14949
1672194358581 68 14972
1672194361942 69 14972
1672194370429 69 14999
1672194384976 69 15049
1672194399370 69 15099
1672194413747 69 15149
1672194432092 69 15189
1672194435449 70 15189
1672194439042 70 15199
1672194453509 70 15249
1672194468120 70 15299
1672194482609 70 15349
1672194497081 70 15399
1672194505620 70 15406
1672194509057 71 15406
1672194522259 71 15449
1672194536672 71 15499
1672194551178 71 15549
1672194565618 71 15599
1672194579230 71 15623
1672194582603 72 15623
1672194590804 72 15649
1672194605218 72 15699
1672194619611 72 15749
1672194634226 72 15799
1672194652440 72 15840
1672194655825 73 15840
1672194659134 73 15849
1672194673574 73 15899
1672194688010 73 15949
1672194702599 73 15999
1672194717015 73 16049
1672194726005 73 16057
1672194729426 74 16057
1672194742439 74 16099
1672194756877 74 16149
1672194771302 74 16199
1672194785762 74 16249
1672194799349 74 16274
1672194802733 75 16274
1672194810608 75 16299
1672194825220 75 16349
1672194839827 75 16399
1672194854257 75 16449
1672194873068 75 16491
1672194876446 76 16491
1672194879479 76 16499
1672194893884 76 16549
1672194908292 76 16599
1672194922726 76 16649
1672194937128 76 16699
1672194946183 76 16708
1672194949539 77 16708
1672194962088 77 16749
1672194976958 77 16799
1672194991473 77 16849
1672195006157 77 16899
1672195020412 77 16925
1672195023882 78 16925
1672195031532 78 16949
1672195046040 78 16999
1672195060533 78 17049
1672195075044 78 17099
1672195093872 78 17142
1672195097233 79 17142
1672195099966 79 17149
1672195114621 79 17199
1672195129227 79 17249
1672195143624 79 17299
1672195158017 79 17349
1672195167362 79 17359
1672195170716 80 17359
1672195183050 80 17399
1672195197445 80 17449
1672195211862 80 17499
1672195226279 80 17549
1672195240447 80 17576
1672195243776 81 17576
1672195251305 81 17599
1672195265692 81 17649
1672195280037 81 17699
1672195294399 81 17749
1672195313621 81 17793
1672195317020 82 17793
1672195319407 82 17799
1672195333812 82 17849
1672195348245 82 17899
1672195362646 82 17949
1672195377253 82 17999
1672195386870 82 18010
1672195390180 83 18010
1672195402092 83 18049
1672195416636 83 18099
1672195431033 83 18149
1672195445582 83 18199
1672195459886 83 18227
1672195463280 84 18227
1672195470295 84 18249
1672195484766 84 18299
1672195499304 84 18349
1672195513966 84 18399
1672195533762 84 18444
1672195537153 85 18444
1672195539212 85 18449
1672195553658 85 18499
1672195568133 85 18549
1672195582741 85 18599
1672195597193 85 18649
1672195607055 85 18661
1672195610437 86 18661
1672195622079 86 18699
1672195636539 86 18749
1672195651259 86 18799
1672195665849 86 18849
1672195680659 86 18878
1672195684157 87 18878
1672195690870 87 18899
1672195705242 87 18949
1672195719743 87 18999
1672195734124 87 19049
1672195753687 87 19095
1672195757066 88 19095
1672195758971 88 19099
1672195773569 88 19149
1672195788048 88 19199
1672195802845 88 19249
1672195817359 88 19299
1672195827451 88 19312
1672195830470 89 19312
1672195841978 89 19349
1672195856461 89 19399
1672195870992 89 19449
1672195885461 89 19499
1672195900851 89 19529
1672195904217 90 19529
1672195910651 90 19549
1672195925100 90 19599
1672195939805 90 19649
1672195954211 90 19699
1672195974233 90 19746
1672195977584 91 19746
1672195979224 91 19749
1672195993697 91 19799
1672196008143 91 19849
1672196022588 91 19899
1672196037034 91 19949
1672196047718 91 19963
1672196051067 92 19963
1672196062184 92 19999
1672196076924 92 20049
1672196091400 92 20099
1672196105868 92 20149
1672196121168 92 20180
1672196124490 93 20180
1672196130649 93 20199
1672196145215 93 20249
1672196159664 93 20299
1672196174094 93 20349
1672196194870 93 20397
1672196198178 94 20397
1672196199451 94 20399
1672196214017 94 20449
1672196228467 94 20499
1672196242929 94 20549
1672196257416 94 20599
1672196270013 94 20614
1672196273383 95 20614
1672196284191 95 20649
1672196298620 95 20699
1672196313183 95 20749
1672196327618 95 20799
1672196343986 95 20831
1672196347326 96 20831
1672196353301 96 20849
1672196367762 96 20899
1672196382250 96 20949
1672196396753 96 20999
1672196417875 96 21048
1672196421169 97 21048
1672196422193 97 21049
1672196436624 97 21099
1672196451051 97 21149
1672196465597 97 21199
1672196479992 97 21249
1672196491095 97 21265
1672196494433 98 21265
1672196505180 98 21299
1672196519585 98 21349
1672196534153 98 21399
1672196548531 98 21449
1672196564541 98 21482
1672196567911 99 21482
1672196573506 99 21499
1672196587916 99 21549
1672196602445 99 21599
1672196617070 99 21649
1672196631291 99 21699
1672196637982 99 21699
1672196641333 100 21699
1672196656606 100 21749
1672196671087 100 21799
1672196685564 100 21849
1672196700061 100 21899
1672196711434 100 21916
1672196714835 101 21916
1672196725016 101 21949
1672196739424 101 21999
1672196753973 101 22049
1672196768605 101 22099
1672196784851 101 22133
1672196788193 102 22133
1672196793485 102 22149
1672196808085 102 22199
1672196822580 102 22249
1672196837029 102 22299
1672196851481 102 22349
1672196858261 102 22350
1672196861646 103 22350
1672196876527 103 22399
1672196890920 103 22449
1672196905434 103 22499
1672196919956 103 22549
1672196931651 103 22567
1672196934990 104 22567
1672196944933 104 22599
1672196959534 104 22649
1672196973986 104 22699
1672196988391 104 22749
1672197005017 104 22784
1672197008397 105 22784
1672197013506 105 22799
1672197028070 105 22849
1672197042572 105 22899
1672197057063 105 22949
1672197071584 105 22999
1672197078637 105 23001
1672197082034 106 23001
1672197096748 106 23049
1672197111351 106 23099
1672197125958 106 23149
1672197140678 106 23199
1672197152693 106 23218
1672197156125 107 23218
1672197165798 107 23249
1672197180198 107 23299
1672197194620 107 23349
1672197209137 107 23399
1672197226131 107 23435
1672197229494 108 23435
1672197234224 108 23449
1672197248640 108 23499
1672197263418 108 23549
1672197277810 108 23599
1672197292206 108 23649
1672197299559 108 23652
1672197303050 109 23652
1672197317353 109 23699
1672197331777 109 23749
1672197346369 109 23799
1672197360780 109 23849
1672197373034 109 23869
1672197376439 110 23869
1672197385780 110 23899
1672197400253 110 23949
1672197414896 110 23999
1672197429240 110 24049
1672197446376 110 24086
1672197449735 111 24086
1672197454136 111 24099
1672197468564 111 24149
1672197483174 111 24199
1672197497614 111 24249
1672197512096 111 24299
1672197519707 111 24303
1672197523062 112 24303
1672197537209 112 24349
1672197551575 112 24399
1672197566075 112 24449
1672197580550 112 24499
1672197593144 112 24520
1672197596512 113 24520
1672197605539 113 24549
1672197619959 113 24599
1672197634420 113 24649
1672197648835 113 24699
1672197666243 113 24737
1672197669632 114 24737
1672197673852 114 24749
1672197688462 114 24799
1672197703259 114 24849
1672197717656 114 24899
1672197732060 114 24949
1672197739995 114 24954
1672197743381 115 24954
1672197757041 115 24999
1672197771736 115 25049
1672197786161 115 25099
1672197800568 115 25149
1672197813551 115 25171
1672197817009 116 25171
1672197825819 116 25199
1672197840425 116 25249
1672197855009 116 25299
1672197869587 116 25349
1672197887345 116 25388
1672197890726 117 25388
1672197894611 117 25399
1672197909061 117 25449
1672197923539 117 25499
1672197937963 117 25549
1672197952559 117 25599
1672197960897 117 25605
1672197964257 118 25605
1672197977880 118 25649
1672197992261 118 25699
1672198006780 118 25749
1672198021161 118 25799
1672198034174 118 25822
1672198037513 119 25822
1672198046054 119 25849
1672198060560 119 25899
1672198075062 119 25949
1672198089549 119 25999
1672198107670 119 26039
1672198111100 120 26039
1672198114629 120 26049
1672198129221 120 26099
1672198143992 120 26149
1672198158406 120 26199
1672198172831 120 26249
1672198181231 120 26256
1672198184615 121 26256
1672198197683 121 26299
1672198212066 121 26349
1672198226516 121 26399
1672198241029 121 26449
1672198254396 121 26473
1672198257706 122 26473
1672198265872 122 26499
1672198280575 122 26549
1672198294963 122 26599
1672198309372 122 26649
1672198327587 122 26690
1672198330978 123 26690
1672198334260 123 26699
1672198348686 123 26749
1672198363201 123 26799
1672198377800 123 26849
1672198392190 123 26899
1672198400978 123 26907
1672198404257 124 26907
1672198417430 124 26949
1672198431997 124 26999
1672198446520 124 27049
1672198461095 124 27099
1672198475033 124 27124
1672198478369 125 27124
1672198486341 125 27149
1672198500980 125 27199
1672198515498 125 27249
1672198529964 125 27299
1672198548969 125 27341
1672198552422 126 27341
1672198555515 126 27349
1672198570200 126 27399
1672198584852 126 27449
1672198599807 126 27499
1672198614515 126 27549
1672198623592 126 27558
1672198626858 127 27558
1672198639706 127 27599
1672198654365 127 27649
1672198669050 127 27699
1672198683730 127 27749
1672198697849 127 27775
1672198701052 128 27775
1672198708792 128 27799
1672198723409 128 27849
1672198738038 128 27899
1672198752961 128 27949
1672198772097 128 27992
1672198775336 129 27992
1672198778133 129 27999
1672198792766 129 28049
1672198807579 129 28099
1672198822209 129 28149
1672198836876 129 28199
1672198846492 129 28209
1672198849836 130 28209
1672198862374 130 28249
1672198877247 130 28299
1672198891901 130 28349
1672198906484 130 28399
1672198921029 130 28426
1672198924304 131 28426
1672198931901 131 28449
1672198946497 131 28499
1672198961120 131 28549
1672198975788 131 28599
1672198995422 131 28643
1672198998863 132 28643
1672199001395 132 28649
1672199016306 132 28699
1672199031060 132 28749
1672199045667 132 28799
1672199060235 132 28849
1672199070043 132 28860
1672199073440 133 28860
1672199085779 133 28899
1672199100439 133 28949
1672199115103 133 28999
1672199129911 133 29049
1672199144754 133 29077
1672199148033 134 29077
1672199155566 134 29099
1672199170128 134 29149
1672199184694 134 29199
1672199199299 134 29249
1672199219140 134 29294
1672199222391 135 29294
1672199224671 135 29299
1672199239333 135 29349
1672199254004 135 29399
1672199268678 135 29449
1672199283320 135 29499
1672199293524 135 29511
1672199296814 136 29511
1672199309097 136 29549
1672199323787 136 29599
1672199338327 136 29649
1672199352881 136 29699
1672199367783 136 29728
1672199371023 137 29728
1672199377892 137 29749
1672199392571 137 29799
1672199407173 137 29849
1672199421796 137 29899
1672199442764 137 29945
1672199446096 138 29945
1672199447993 138 29949
1672199462514 138 29999
1672199477117 138 30049
1672199491678 138 30099
1672199506227 138 30149
1672199516580 138 30162
1672199519995 139 30162
1672199531503 139 30199
1672199546086 139 30249
1672199560956 139 30299
1672199575608 139 30349
1672199591045 139 30379
1672199594360 140 30379
1672199600952 140 30399
1672199615725 140 30449
1672199630377 140 30499
1672199644986 140 30549
1672199665193 140 30596
1672199668336 141 30596
1672199670012 141 30599
1672199684687 141 30649
1672199699810 141 30699
1672199714446 141 30749
1672199729162 141 30799
1672199740042 141 30813
1672199743272 142 30813
1672199754681 142 30849
1672199769347 142 30899
1672199783992 142 30949
1672199798621 142 30999
1672199814233 142 31030
1672199817573 143 31030
1672199824142 143 31049
1672199838839 143 31099
1672199853602 143 31149
1672199868258 143 31199
1672199889010 143 31247
1672199892408 144 31247
1672199893687 144 31249
1672199908264 144 31299
1672199922899 144 31349
1672199937821 144 31399
1672199952517 144 31449
1672199963720 144 31464
1672199967022 145 31464
1672199977928 145 31499
1672199992471 145 31549
1672200007100 145 31599
1672200021870 145 31649
1672200037654 145 31681
1672200040917 146 31681
1672200046871 146 31699
1672200061516 146 31749
1672200076534 146 31799
1672200091332 146 31849
1672200112649 146 31898
1672200115964 147 31898
1672200117062 147 31899
1672200131786 147 31949
1672200146595 147 31999
1672200161321 147 32049
1672200176042 147 32099
1672200187493 147 32115
1672200190816 148 32115
1672200201473 148 32149
1672200216393 148 32199
1672200231013 148 32249
1672200245625 148 32299
1672200261736 148 32332
1672200265026 149 32332
1672200270701 149 32349
1672200285265 149 32399
1672200300107 149 32449
1672200314697 149 32499
1672200329025 149 32549
1672200335694 149 32549
1672200338887 150 32549
