1672189364482 0.0 216
1672189437135 0.0 433
1672189510509 1.5 650
1672189583325 1.5 867
1672189656313 0.0 1084
1672189729556 2.75 1301
1672189802600 13.75 1518
1672189877662 1.5 1735
1672189952080 6.25 1952
1672190024843 1.5 2169
1672190097813 14.0 2386
1672190170776 5.5 2603
1672190243319 2.25 2820
1672190316810 2.0 3037
1672190389491 1.75 3254
1672190462361 1.75 3471
1672190535411 4.5 3688
1672190608287 1.0 3905
1672190681162 1.0 4122
1672190754016 5.75 4339
1672190826757 2.25 4556
1672190899617 2.75 4773
1672190972629 3.0 4990
1672191046031 2.5 5207
1672191119470 4.0 5424
1672191192443 3.0 5641
1672191265755 2.75 5858
1672191338652 1.5 6075
1672191411848 3.0 6292
1672191485058 2.25 6509
1672191558274 3.0 6726
1672191633130 3.5 6943
1672191708162 2.0 7160
1672191782104 2.0 7377
1672191855530 3.75 7594
1672191930247 6.0 7811
1672192005580 4.25 8028
1672192079618 2.25 8245
1672192153149 7.25 8462
1672192226301 8.5 8679
1672192299937 7.75 8896
1672192373304 2.0 9113
1672192446727 4.25 9330
1672192520086 11.25 9547
1672192593277 4.25 9764
1672192666620 8.75 9981
1672192740215 5.25 10198
1672192813841 5.25 10415
1672192887706 7.5 10632
1672192961434 8.5 10849
1672193034617 19.0 11066
1672193108188 3.5 11283
1672193181716 7.5 11500
1672193256028 21.0 11717
1672193329788 5.25 11934
1672193403012 5.0 12151
1672193476894 6.5 12368
1672193550585 7.5 12585
1672193624390 16.25 12802
1672193697633 25.5 13019
1672193770995 9.0 13236
1672193844538 6.0 13453
1672193918205 5.75 13670
1672193991473 6.25 13887
1672194064830 10.0 14104
1672194138538 16.0 14321
1672194211966 6.75 14538
1672194285426 8.25 14755
1672194358581 16.75 14972
1672194432092 5.5 15189
1672194505620 5.75 15406
1672194579230 8.75 15623
1672194652440 10.75 15840
1672194726005 8.75 16057
1672194799349 17.0 16274
1672194873068 11.5 16491
1672194946183 8.5 16708
1672195020412 8.25 16925
1672195093872 11.0 17142
1672195167362 14.25 17359
1672195240447 8.25 17576
1672195313621 14.5 17793
1672195386870 6.5 18010
1672195459886 8.75 18227
1672195533762 17.5 18444
1672195607055 18.0 18661
1672195680659 17.25 18878
1672195753687 7.5 19095
1672195827451 12.25 19312
1672195900851 6.0 19529
1672195974233 9.5 19746
1672196047718 11.5 19963
1672196121168 11.5 20180
1672196194870 28.25 20397
1672196270013 16.75 20614
1672196343986 8.25 20831
1672196417875 5.5 21048
1672196491095 6.25 21265
1672196564541 6.75 21482
1672196637982 21.25 21699
1672196711434 17.0 21916
1672196784851 8.75 22133
1672196858261 17.0 22350
1672196931651 14.0 22567
1672197005017 11.5 22784
1672197078637 12.5 23001
1672197152693 6.5 23218
1672197226131 15.5 23435
1672197299559 11.0 23652
1672197373034 6.75 23869
1672197446376 15.0 24086
1672197519707 7.0 24303
1672197593144 10.25 24520
1672197666243 7.5 24737
1672197739995 27.0 24954
1672197813551 25.0 25171
1672197887345 11.0 25388
1672197960897 16.25 25605
1672198034174 16.5 25822
1672198107670 8.75 26039
1672198181231 11.0 26256
1672198254396 9.75 26473
1672198327587 7.5 26690
1672198400978 9.5 26907
1672198475033 8.75 27124
1672198548969 19.5 27341
1672198623592 20.75 27558
1672198697849 17.25 27775
1672198772097 5.5 27992
1672198846492 10.0 28209
1672198921029 25.25 28426
1672198995422 9.75 28643
1672199070043 10.75 28860
1672199144754 11.75 29077
1672199219140 19.25 29294
1672199293524 13.25 29511
1672199367783 16.0 29728
1672199442764 7.25 29945
1672199516580 18.75 30162
1672199591045 10.5 30379
1672199665193 9.0 30596
1672199740042 12.75 30813
1672199814233 10.5 31030
1672199889010 8.25 31247
1672199963720 10.5 31464
1672200037654 12.25 31681
1672200112649 12.5 31898
1672200187493 15.5 32115
1672200261736 7.5 32332
1672200335694 9.75 32549
