1672189309770 0.7083333730697632 49
1672189324047 0.9166666865348816 99
1672189338727 0.75 149
1672189352961 0.625 199
1672189377748 0.8333333134651184 249
1672189392163 0.75 299
1672189406586 0.875 349
1672189421003 0.375 399
1672189445598 0.5625 449
1672189460162 0.9166666865348816 499
1672189474720 0.7916666865348816 549
1672189489437 0.75 599
1672189503869 0.7916666865348816 649
1672189528624 0.625 699
1672189542930 0.8125 749
1672189557260 0.6666666865348816 799
1672189571786 0.2916666865348816 849
1672189596448 0.8333333730697632 899
1672189611076 0.5874999761581421 949
1672189625560 0.6666666865348816 999
1672189640050 0.949999988079071 1049
1672189664334 0.8541666865348816 1099
1672189678766 0.6666666865348816 1149
1672189693340 0.6875 1199
1672189707764 0.6875 1249
1672189722281 0.75 1299
1672189747143 0.9375 1349
1672189761620 0.6041666865348816 1399
1672189775938 1.0 1449
1672189790287 0.6666666865348816 1499
1672189815354 0.9166666865348816 1549
1672189829987 0.9166666865348816 1599
1672189844441 0.7916666865348816 1649
1672189858904 0.2750000059604645 1699
1672189885611 0.5249999761581421 1749
1672189900116 0.8333333730697632 1799
1672189914480 0.9166666865348816 1849
1672189928883 0.9375 1899
1672189943274 0.8333333134651184 1949
1672189969611 0.8125 1999
1672189983996 0.8541666865348816 2049
1672189998417 0.6166666746139526 2099
1672190013079 1.0 2149
1672190037490 0.7333333492279053 2199
1672190051921 0.8333333730697632 2249
1672190066291 0.625 2299
1672190080772 0.9375 2349
1672190105454 0.7916666865348816 2399
1672190119937 0.9375 2449
1672190134530 0.949999988079071 2499
1672190149213 0.8333333730697632 2549
1672190163659 0.75 2599
1672190187805 0.5 2649
1672190202232 0.75 2699
1672190216578 0.8125 2749
1672190231000 0.75 2799
1672190255543 0.8333333730697632 2849
1672190270170 0.5 2899
1672190284918 0.75 2949
1672190299657 0.9166666865348816 2999
1672190324099 0.7916666865348816 3049
1672190338521 0.6875 3099
1672190352970 0.875 3149
1672190367518 0.75 3199
1672190381914 0.6666666865348816 3249
1672190406374 0.625 3299
1672190420939 0.9166666865348816 3349
1672190435462 0.6499999761581421 3399
1672190450020 0.25 3449
1672190474404 0.9375 3499
1672190489070 0.7916666865348816 3549
1672190503537 0.8125 3599
1672190518011 0.8333333730697632 3649
1672190542481 0.25 3699
1672190557028 0.6708333492279053 3749
1672190571568 1.0 3799
1672190586077 0.4166666865348816 3849
1672190600512 0.8333333730697632 3899
1672190624816 0.6875 3949
1672190639227 0.8999999761581421 3999
1672190653785 0.75 4049
1672190668168 0.6875 4099
1672190692754 0.9166666865348816 4149
1672190707226 0.7291666865348816 4199
1672190721784 1.0 4249
1672190736221 1.0 4299
1672190760808 1.0 4349
1672190775320 0.9166666865348816 4399
1672190789709 0.75 4449
1672190804233 0.875 4499
1672190818655 0.7916666865348816 4549
1672190842987 0.9166666865348816 4599
1672190857330 0.949999988079071 4649
1672190872010 0.9166666865348816 4699
1672190886506 0.75 4749
1672190911272 0.75 4799
1672190925666 0.574999988079071 4849
1672190940057 1.0 4899
1672190954561 0.6000000238418579 4949
1672190979049 0.7708333134651184 4999
1672190993792 0.75 5049
1672191008274 0.6666666865348816 5099
1672191022803 0.8333333730697632 5149
1672191037415 0.7083333730697632 5199
1672191062082 1.0 5249
1672191076646 0.7916666865348816 5299
1672191091211 0.8333333730697632 5349
1672191105697 0.5249999761581421 5399
1672191130521 0.6666666865348816 5449
1672191145061 0.7916666865348816 5499
1672191159480 1.0 5549
1672191173856 0.6666666865348816 5599
1672191198541 0.5208333730697632 5649
1672191213105 0.875 5699
1672191227554 1.0 5749
1672191242184 0.8541666865348816 5799
1672191256781 0.8333333134651184 5849
1672191281467 0.875 5899
1672191295904 1.0 5949
1672191310329 0.875 5999
1672191324770 0.6666666865348816 6049
1672191349437 0.3125 6099
1672191364027 0.5833333730697632 6149
1672191378501 0.5 6199
1672191393052 0.875 6249
1672191417751 0.75 6299
1672191432282 0.625 6349
1672191446681 0.7291666865348816 6399
1672191461250 0.625 6449
1672191475613 0.875 6499
1672191500679 0.875 6549
1672191515038 0.824999988079071 6599
1672191529399 0.5833333134651184 6649
1672191543787 0.75 6699
1672191568757 0.949999988079071 6749
1672191583505 0.625 6799
1672191597959 0.875 6849
1672191612612 0.887499988079071 6899
1672191638838 0.75 6949
1672191653276 0.5416666865348816 6999
1672191667715 0.6666666865348816 7049
1672191682145 0.5 7099
1672191696531 1.0 7149
1672191723435 0.5416666865348816 7199
1672191737962 0.8999999761581421 7249
1672191752717 0.625 7299
1672191767177 0.8333333730697632 7349
1672191792346 0.9583333134651184 7399
1672191806782 0.8166666626930237 7449
1672191821211 0.4166666865348816 7499
1672191835748 0.49166667461395264 7549
1672191860891 0.5416666865348816 7599
1672191875289 0.9166666865348816 7649
1672191890004 0.875 7699
1672191904536 0.4166666865348816 7749
1672191918923 0.6666666865348816 7799
1672191944934 0.625 7849
1672191959433 0.7083333134651184 7899
1672191974049 0.75 7949
1672191988629 1.0 7999
1672192015761 0.9375 8049
1672192030339 0.6875 8099
1672192044785 0.7708333730697632 8149
1672192059309 0.8333333134651184 8199
1672192084871 0.5833333134651184 8249
1672192099290 0.9375 8299
1672192113873 0.9166666865348816 8349
1672192128402 0.5833333730697632 8399
1672192142796 0.574999988079071 8449
1672192167839 0.875 8499
1672192182379 0.6666666865348816 8549
1672192196828 1.0 8599
1672192211207 1.0 8649
1672192236015 1.0 8699
1672192250626 0.25 8749
1672192265184 0.75 8799
1672192279967 0.9166666865348816 8849
1672192304789 0.7083333134651184 8899
1672192319268 0.5833333730697632 8949
1672192333850 0.375 8999
1672192348222 0.875 9049
1672192362579 0.875 9099
1672192387742 0.9375 9149
1672192402188 0.8999999761581421 9199
1672192416895 0.9166666865348816 9249
1672192431328 0.75 9299
1672192456323 0.699999988079071 9349
1672192470908 1.0 9399
1672192485300 0.625 9449
1672192499723 0.8541666865348816 9499
1672192524635 0.875 9549
1672192539167 0.875 9599
1672192553751 0.8125 9649
1672192568214 0.75 9699
1672192582661 0.75 9749
1672192607521 0.5 9799
1672192622047 0.875 9849
1672192636563 0.887499988079071 9899
1672192650946 0.9166666865348816 9949
1672192675936 0.9166666865348816 9999
1672192690664 0.625 10049
1672192705115 0.887499988079071 10099
1672192719561 0.875 10149
1672192744622 1.0 10199
1672192759364 0.5625 10249
1672192773800 0.6875 10299
1672192788309 0.6666666865348816 10349
1672192802768 0.4166666865348816 10399
1672192827918 0.8541666865348816 10449
1672192842486 0.875 10499
1672192857041 0.625 10549
1672192871550 0.5416666865348816 10599
1672192896803 0.75 10649
1672192911237 1.0 10699
1672192925854 0.875 10749
1672192940579 0.75 10799
1672192954820 0.5 10849
1672192979926 0.75 10899
1672192994341 0.5416666865348816 10949
1672193008911 0.4166666865348816 10999
1672193023366 0.75 11049
1672193048223 0.75 11099
1672193062749 0.9375 11149
1672193077355 1.0 11199
1672193091921 0.9375 11249
1672193116995 0.8999999761581421 11299
1672193131592 0.4166666865348816 11349
1672193146015 1.0 11399
1672193160446 0.875 11449
1672193174875 0.6666666865348816 11499
1672193200785 0.6666666865348816 11549
1672193215299 0.75 11599
1672193229828 0.6041666865348816 11649
1672193244430 0.9166666865348816 11699
1672193269338 0.6041666865348816 11749
1672193283815 0.5 11799
1672193298252 0.75 11849
1672193312698 0.7916666865348816 11899
1672193337815 0.8166666626930237 11949
1672193352418 0.5416666865348816 11999
1672193366922 0.7666667103767395 12049
1672193381362 0.9166666865348816 12099
1672193396069 0.5625 12149
1672193420983 0.875 12199
1672193435555 0.75 12249
1672193450221 0.6875 12299
1672193464764 0.5 12349
1672193489955 0.875 12399
1672193504476 1.0 12449
1672193518997 0.9166666865348816 12499
1672193533668 0.4375 12549
1672193558766 0.625 12599
1672193573282 0.6666666865348816 12649
1672193588176 1.0 12699
1672193602620 0.9375 12749
1672193617027 0.875 12799
1672193641862 1.0 12849
1672193656402 0.75 12899
1672193670970 0.6875 12949
1672193685340 0.375 12999
1672193710356 0.9166666865348816 13049
1672193724842 0.8166666626930237 13099
1672193739469 0.7083333730697632 13149
1672193753935 0.9166666865348816 13199
1672193778817 0.9166666865348816 13249
1672193793252 0.75 13299
1672193807852 0.625 13349
1672193822333 0.7916666865348816 13399
1672193836918 0.2916666865348816 13449
1672193862131 0.875 13499
1672193876638 0.8999999761581421 13549
1672193891109 0.9375 13599
1672193905580 0.9166666865348816 13649
1672193930671 0.8333333134651184 13699
1672193945115 0.9375 13749
1672193959524 0.5666666626930237 13799
1672193974119 0.9166666865348816 13849
1672193999070 0.7916666865348816 13899
1672194013460 0.5 13949
1672194027899 0.7916666865348816 13999
1672194042630 0.625 14049
1672194057046 0.625 14099
1672194082034 0.75 14149
1672194096544 0.75 14199
1672194111158 0.4000000059604645 14249
1672194125844 0.5416666865348816 14299
1672194150662 0.4583333432674408 14349
1672194165219 1.0 14399
1672194179635 0.75 14449
1672194194172 0.875 14499
1672194219142 0.5625 14549
1672194233754 0.6875 14599
1672194248227 1.0 14649
1672194262674 0.6875 14699
1672194277312 0.7749999761581421 14749
1672194302128 0.8125 14799
1672194316800 0.8333333730697632 14849
1672194331240 0.6666666865348816 14899
1672194345599 0.9166666865348816 14949
1672194370429 0.625 14999
1672194384976 0.875 15049
1672194399370 0.375 15099
1672194413747 0.699999988079071 15149
1672194439042 0.75 15199
1672194453509 0.6666666865348816 15249
1672194468120 0.5166667103767395 15299
1672194482609 0.824999988079071 15349
1672194497081 0.9375 15399
1672194522259 0.5833333730697632 15449
1672194536672 0.7500000596046448 15499
1672194551178 0.9166666865348816 15549
1672194565618 0.9583333134651184 15599
1672194590804 0.6458333730697632 15649
1672194605218 0.887499988079071 15699
1672194619611 0.875 15749
1672194634226 0.5541666746139526 15799
1672194659134 0.6666666865348816 15849
1672194673574 0.75 15899
1672194688010 0.75 15949
1672194702599 0.75 15999
1672194717015 0.5833333134651184 16049
1672194742439 0.699999988079071 16099
1672194756877 0.5 16149
1672194771302 0.7833333611488342 16199
1672194785762 0.6666666865348816 16249
1672194810608 0.5833333134651184 16299
1672194825220 0.625 16349
1672194839827 0.8666666746139526 16399
1672194854257 0.75 16449
1672194879479 0.6666666865348816 16499
1672194893884 0.625 16549
1672194908292 0.7333333492279053 16599
1672194922726 1.0 16649
1672194937128 0.3125 16699
1672194962088 0.75 16749
1672194976958 0.75 16799
1672194991473 0.875 16849
1672195006157 0.8333333730697632 16899
1672195031532 0.75 16949
1672195046040 1.0 16999
1672195060533 0.9166666865348816 17049
1672195075044 0.6458333730697632 17099
1672195099966 0.8541666865348816 17149
1672195114621 0.6666666865348816 17199
1672195129227 0.6666666865348816 17249
1672195143624 0.4375 17299
1672195158017 0.6166666746139526 17349
1672195183050 1.0 17399
1672195197445 0.875 17449
1672195211862 0.7708333730697632 17499
1672195226279 0.75 17549
1672195251305 0.9166666865348816 17599
1672195265692 0.625 17649
1672195280037 0.8333333134651184 17699
1672195294399 0.8333333730697632 17749
1672195319407 0.9375 17799
1672195333812 0.949999988079071 17849
1672195348245 1.0 17899
1672195362646 0.5 17949
1672195377253 0.5249999761581421 17999
1672195402092 0.625 18049
1672195416636 0.6875 18099
1672195431033 0.8541666865348816 18149
1672195445582 1.0 18199
1672195470295 1.0 18249
1672195484766 0.6875 18299
1672195499304 0.5 18349
1672195513966 0.6875 18399
1672195539212 0.6666666865348816 18449
1672195553658 0.875 18499
1672195568133 1.0 18549
1672195582741 0.6666666865348816 18599
1672195597193 1.0 18649
1672195622079 0.7291666865348816 18699
1672195636539 1.0 18749
1672195651259 0.8999999761581421 18799
1672195665849 0.8666666746139526 18849
1672195690870 0.875 18899
1672195705242 0.4833333492279053 18949
1672195719743 0.8374999761581421 18999
1672195734124 0.4000000059604645 19049
1672195758971 0.75 19099
1672195773569 0.6666666865348816 19149
1672195788048 0.6666666865348816 19199
1672195802845 0.9166666865348816 19249
1672195817359 0.4583333432674408 19299
1672195841978 0.875 19349
1672195856461 1.0 19399
1672195870992 0.75 19449
1672195885461 0.8333333730697632 19499
1672195910651 0.8666666746139526 19549
1672195925100 0.9375 19599
1672195939805 0.699999988079071 19649
1672195954211 0.4166666865348816 19699
1672195979224 0.699999988079071 19749
1672195993697 0.7083333730697632 19799
1672196008143 0.5 19849
1672196022588 0.699999988079071 19899
1672196037034 0.8999999761581421 19949
1672196062184 0.6666666865348816 19999
1672196076924 0.7916666865348816 20049
1672196091400 0.9166666865348816 20099
1672196105868 0.9375 20149
1672196130649 0.8541666865348816 20199
1672196145215 0.7250000238418579 20249
1672196159664 0.8125 20299
1672196174094 0.875 20349
1672196199451 0.6666666865348816 20399
1672196214017 0.75 20449
1672196228467 0.5625 20499
1672196242929 0.75 20549
1672196257416 0.75 20599
1672196284191 0.7916666865348816 20649
1672196298620 0.7083333730697632 20699
1672196313183 0.625 20749
1672196327618 0.4583333730697632 20799
1672196353301 0.5833333730697632 20849
1672196367762 0.5416666865348816 20899
1672196382250 0.75 20949
1672196396753 0.875 20999
1672196422193 0.875 21049
1672196436624 0.7083333730697632 21099
1672196451051 0.7291666865348816 21149
1672196465597 0.75 21199
1672196479992 0.5416666865348816 21249
1672196505180 0.7500000596046448 21299
1672196519585 0.75 21349
1672196534153 0.3750000298023224 21399
1672196548531 0.5416666865348816 21449
1672196573506 0.7083333730697632 21499
1672196587916 0.6666666865348816 21549
1672196602445 0.7083333730697632 21599
1672196617070 1.0 21649
1672196631291 0.0 21699
1672196656606 1.0 21749
1672196671087 0.9375 21799
1672196685564 0.8125 21849
1672196700061 0.7083333730697632 21899
1672196725016 0.49166667461395264 21949
1672196739424 0.75 21999
1672196753973 0.6666666865348816 22049
1672196768605 0.7500000596046448 22099
1672196793485 0.7916666865348816 22149
1672196808085 0.75 22199
1672196822580 0.75 22249
1672196837029 0.625 22299
1672196851481 0.625 22349
1672196876527 0.6458333730697632 22399
1672196890920 0.9166666865348816 22449
1672196905434 0.699999988079071 22499
1672196919956 0.75 22549
1672196944933 0.7916666865348816 22599
1672196959534 1.0 22649
1672196973986 0.4583333432674408 22699
1672196988391 0.75 22749
1672197013506 0.4851190447807312 22799
1672197028070 0.7916666865348816 22849
1672197042572 0.5416666865348816 22899
1672197057063 0.8333333730697632 22949
1672197071584 0.7083333730697632 22999
1672197096748 0.875 23049
1672197111351 0.7916666865348816 23099
1672197125958 0.9166666865348816 23149
1672197140678 0.699999988079071 23199
1672197165798 0.6875 23249
1672197180198 0.1666666716337204 23299
1672197194620 0.875 23349
1672197209137 0.75 23399
1672197234224 0.75 23449
1672197248640 0.6041666865348816 23499
1672197263418 0.5416666865348816 23549
1672197277810 0.625 23599
1672197292206 0.8125 23649
1672197317353 0.875 23699
1672197331777 0.8666666746139526 23749
1672197346369 0.699999988079071 23799
1672197360780 0.6916666626930237 23849
1672197385780 1.0 23899
1672197400253 1.0 23949
1672197414896 1.0 23999
1672197429240 0.7250000238418579 24049
1672197454136 0.9375 24099
1672197468564 0.8333333730697632 24149
1672197483174 0.8333333134651184 24199
1672197497614 1.0 24249
1672197512096 0.875 24299
1672197537209 0.75 24349
1672197551575 0.8125 24399
1672197566075 0.75 24449
1672197580550 0.5 24499
1672197605539 1.0 24549
1672197619959 0.6875 24599
1672197634420 0.875 24649
1672197648835 0.9285714626312256 24699
1672197673852 0.6666666865348816 24749
1672197688462 0.5 24799
1672197703259 0.6166666746139526 24849
1672197717656 0.550000011920929 24899
1672197732060 1.0 24949
1672197757041 1.0 24999
1672197771736 0.75 25049
1672197786161 0.9375 25099
1672197800568 0.6666666865348816 25149
1672197825819 0.6499999761581421 25199
1672197840425 0.625 25249
1672197855009 0.5416666865348816 25299
1672197869587 0.9375 25349
1672197894611 1.0 25399
1672197909061 0.762499988079071 25449
1672197923539 0.8333333134651184 25499
1672197937963 0.6666666865348816 25549
1672197952559 0.625 25599
1672197977880 1.0 25649
1672197992261 0.9166666865348816 25699
1672198006780 0.875 25749
1672198021161 0.625 25799
1672198046054 0.75 25849
1672198060560 0.6916666626930237 25899
1672198075062 0.75 25949
1672198089549 0.875 25999
1672198114629 0.8125 26049
1672198129221 0.5833333730697632 26099
1672198143992 0.625 26149
1672198158406 0.5 26199
1672198172831 0.6666666865348816 26249
1672198197683 0.5416666865348816 26299
1672198212066 0.8541666865348816 26349
1672198226516 0.8333333730697632 26399
1672198241029 0.875 26449
1672198265872 0.5416666865348816 26499
1672198280575 0.875 26549
1672198294963 0.5625 26599
1672198309372 0.8125 26649
1672198334260 0.8333333730697632 26699
1672198348686 0.8333333134651184 26749
1672198363201 0.625 26799
1672198377800 0.9166666865348816 26849
1672198392190 0.9375 26899
1672198417430 0.8666666746139526 26949
1672198431997 0.44999998807907104 26999
1672198446520 0.8333333134651184 27049
1672198461095 0.75 27099
1672198486341 0.949999988079071 27149
1672198500980 0.5625 27199
1672198515498 0.4166666865348816 27249
1672198529964 0.75 27299
1672198555515 0.8541666865348816 27349
1672198570200 0.6666666865348816 27399
1672198584852 0.949999988079071 27449
1672198599807 1.0 27499
1672198614515 0.6499999761581421 27549
1672198639706 0.49166667461395264 27599
1672198654365 0.875 27649
1672198669050 1.0 27699
1672198683730 1.0 27749
1672198708792 0.75 27799
1672198723409 0.875 27849
1672198738038 0.7916666865348816 27899
1672198752961 0.75 27949
1672198778133 0.75 27999
1672198792766 0.8666666746139526 28049
1672198807579 1.0 28099
1672198822209 0.9375 28149
1672198836876 0.7916666865348816 28199
1672198862374 0.6875 28249
1672198877247 0.5 28299
1672198891901 0.8125 28349
1672198906484 0.9166666865348816 28399
1672198931901 0.8666666746139526 28449
1672198946497 0.8333333730697632 28499
1672198961120 0.5 28549
1672198975788 0.887499988079071 28599
1672199001395 1.0 28649
1672199016306 1.0 28699
1672199031060 0.699999988079071 28749
1672199045667 0.4166666865348816 28799
1672199060235 0.7083333134651184 28849
1672199085779 0.75 28899
1672199100439 0.8125 28949
1672199115103 0.6666666865348816 28999
1672199129911 0.7916666865348816 29049
1672199155566 0.4166666865348816 29099
1672199170128 0.75 29149
1672199184694 0.75 29199
1672199199299 0.4416666626930237 29249
1672199224671 1.0 29299
1672199239333 0.625 29349
1672199254004 0.8333333134651184 29399
1672199268678 0.824999988079071 29449
1672199283320 0.5 29499
1672199309097 0.75 29549
1672199323787 0.9375 29599
1672199338327 0.7916666865348816 29649
1672199352881 0.75 29699
1672199377892 0.625 29749
1672199392571 0.75 29799
1672199407173 0.8125 29849
1672199421796 0.5625 29899
1672199447993 0.75 29949
1672199462514 0.6875 29999
1672199477117 1.0 30049
1672199491678 0.875 30099
1672199506227 0.7875000238418579 30149
1672199531503 0.7916666865348816 30199
1672199546086 0.5 30249
1672199560956 0.875 30299
1672199575608 0.875 30349
1672199600952 1.0 30399
1672199615725 0.7083333134651184 30449
1672199630377 0.875 30499
1672199644986 0.6875 30549
1672199670012 0.5 30599
1672199684687 0.9166666865348816 30649
1672199699810 0.75 30699
1672199714446 0.8166666626930237 30749
1672199729162 0.75 30799
1672199754681 0.5 30849
1672199769347 0.4833333492279053 30899
1672199783992 0.8125 30949
1672199798621 1.0 30999
1672199824142 1.0 31049
1672199838839 0.875 31099
1672199853602 0.5833333730697632 31149
1672199868258 0.6041666865348816 31199
1672199893687 0.875 31249
1672199908264 0.9166666865348816 31299
1672199922899 0.6875 31349
1672199937821 0.7916666865348816 31399
1672199952517 0.4166666865348816 31449
1672199977928 0.5625 31499
1672199992471 0.6875 31549
1672200007100 1.0 31599
1672200021870 0.9166666865348816 31649
1672200046871 0.7916666865348816 31699
1672200061516 0.6666666865348816 31749
1672200076534 0.375 31799
1672200091332 0.7083333730697632 31849
1672200117062 0.9375 31899
1672200131786 0.375 31949
1672200146595 1.0 31999
1672200161321 0.625 32049
1672200176042 0.8333333134651184 32099
1672200201473 0.7833333611488342 32149
1672200216393 0.9166666865348816 32199
1672200231013 0.875 32249
1672200245625 0.8374999761581421 32299
1672200270701 1.0 32349
1672200285265 0.6666666865348816 32399
1672200300107 0.5416666865348816 32449
1672200314697 0.7083333730697632 32499
1672200329025 0.25 32549
