1672189309770 1.9403974948283758 49
1672189324047 1.9513087665768796 99
1672189338727 1.7402740941293764 149
1672189352961 1.5515195751860438 199
1672189377748 1.657478736808043 249
1672189392163 1.5771644311325828 299
1672189406586 2.395321124416165 349
1672189421003 1.7509557576548822 399
1672189445598 1.7449681284344272 449
1672189460162 1.8248151363807388 499
1672189474720 1.7033141564965897 549
1672189489437 1.65817871257305 599
1672189503869 1.9417428594345807 649
1672189528624 1.6521097791219788 699
1672189542930 1.783186524739956 749
1672189557260 1.9961121709455802 799
1672189571786 1.6370316958981266 849
1672189596448 2.0402613263534075 899
1672189611076 2.0130377334407688 949
1672189625560 1.736257371520583 999
1672189640050 2.135095981526746 1049
1672189664334 2.018955602784809 1099
1672189678766 1.3869301095315458 1149
1672189693340 2.1337851792640095 1199
1672189707764 1.8018314967787004 1249
1672189722281 1.511003980362212 1299
1672189747143 1.4971891298919944 1349
1672189761620 2.156229876653505 1399
1672189775938 2.3023921969515166 1449
1672189790287 2.0430415911778406 1499
1672189815354 1.7612366362586385 1549
1672189829987 2.2488863566390442 1599
1672189844441 1.9933470652528165 1649
1672189858904 1.7671597183590924 1699
1672189885611 2.046500717045964 1749
1672189900116 2.068080009331508 1799
1672189914480 1.404364975124865 1849
1672189928883 2.280237962592302 1899
1672189943274 1.9984399482062816 1949
1672189969611 1.922280574094864 1999
1672189983996 1.5484317223113528 2049
1672189998417 1.6615040041847546 2099
1672190013079 1.8877382042307191 2149
1672190037490 1.697709061576648 2199
1672190051921 2.1679148196438396 2249
1672190066291 1.8201929211505146 2299
1672190080772 1.8412688282180878 2349
1672190105454 2.208677891864217 2399
1672190119937 2.2446229146462797 2449
1672190134530 1.9166011535410832 2499
1672190149213 1.5198629562642483 2549
1672190163659 1.7455187756860062 2599
1672190187805 1.5217423903066165 2649
1672190202232 1.602956312198889 2699
1672190216578 1.5803382015503895 2749
1672190231000 2.1021982516950564 2799
1672190255543 1.938185237552573 2849
1672190270170 2.014881451018371 2899
1672190284918 1.6602918962998219 2949
1672190299657 2.365709657463499 2999
1672190324099 2.199070793872587 3049
1672190338521 1.9776991455322865 3099
1672190352970 1.6941018552821228 3149
1672190367518 1.9860887509784422 3199
1672190381914 1.4676798199089998 3249
1672190406374 1.5515004107396908 3299
1672190420939 2.2842080685228354 3349
1672190435462 1.6283398653951178 3399
1672190450020 1.6717559437409117 3449
1672190474404 1.6093268884906224 3499
1672190489070 1.8327256311102786 3549
1672190503537 2.0360839867407314 3599
1672190518011 1.7265801664072955 3649
1672190542481 1.4094901909170545 3699
1672190557028 2.006316341567924 3749
1672190571568 2.0588933126777675 3799
1672190586077 1.5680251226771826 3849
1672190600512 1.9434740216735444 3899
1672190624816 2.104973972965561 3949
1672190639227 1.7022429314370804 3999
1672190653785 1.912126027015291 4049
1672190668168 2.193854895207256 4099
1672190692754 1.8742713316355846 4149
1672190707226 1.9102237180877844 4199
1672190721784 2.0930040315251826 4249
1672190736221 1.9763456956081615 4299
1672190760808 1.7989381405777327 4349
1672190775320 1.8495956740857498 4399
1672190789709 2.1383932327520356 4449
1672190804233 1.8503131340779204 4499
1672190818655 2.180194564285197 4549
1672190842987 1.5311021694472728 4599
1672190857330 1.9732937540486168 4649
1672190872010 2.3393510334673113 4699
1672190886506 1.563966662500082 4749
1672190911272 1.7376572014119707 4799
1672190925666 1.620979049742174 4849
1672190940057 2.086445654244936 4899
1672190954561 2.2897094010525993 4949
1672190979049 1.903666157520039 4999
1672190993792 1.4989307955781626 5049
1672191008274 1.7321548683658323 5099
1672191022803 2.0461916345283937 5149
1672191037415 2.0444450621426395 5199
1672191062082 1.7185894379165996 5249
1672191076646 1.8451410392334784 5299
1672191091211 2.222644105702185 5349
1672191105697 1.8109295464072552 5399
1672191130521 1.7421742228249606 5449
1672191145061 1.5702012686302824 5499
1672191159480 1.4982960564327472 5549
1672191173856 1.923264235163661 5599
1672191198541 1.8532691996834822 5649
1672191213105 1.6568963619523878 5699
1672191227554 1.8277710279734936 5749
1672191242184 1.8154954993310082 5799
1672191256781 1.766994803198555 5849
1672191281467 1.7642212163686513 5899
1672191295904 1.557789679872132 5949
1672191310329 2.287656349348821 5999
1672191324770 1.8795945714429796 6049
1672191349437 1.6964587742196136 6099
1672191364027 1.8861685258121748 6149
1672191378501 1.4267505717212479 6199
1672191393052 1.6231119558627518 6249
1672191417751 2.091375577569572 6299
1672191432282 1.689531767984726 6349
1672191446681 2.185812714467848 6399
1672191461250 1.7939445836939811 6449
1672191475613 2.0345852882900393 6499
1672191500679 2.131459052446824 6549
1672191515038 1.652306515271943 6599
1672191529399 1.5163609230800286 6649
1672191543787 2.0481805600387837 6699
1672191568757 1.7604255432439326 6749
1672191583505 1.9068334060627163 6799
1672191597959 1.7584998948225705 6849
1672191612612 2.014048806362897 6899
1672191638838 1.6722174646300834 6949
1672191653276 1.7547845416029462 6999
1672191667715 2.2656272679570604 7049
1672191682145 1.3811972230226832 7099
1672191696531 1.38044218443122 7149
1672191723435 1.6955292191699007 7199
1672191737962 2.011242223197205 7249
1672191752717 1.7352616959260576 7299
1672191767177 1.8234127179047566 7349
1672191792346 1.9796260195261421 7399
1672191806782 2.3129141090667646 7449
1672191821211 1.7585284420486407 7499
1672191835748 1.7439952558431526 7549
1672191860891 1.8773395018117278 7599
1672191875289 1.7005125015979852 7649
1672191890004 1.926692673631662 7699
1672191904536 1.730506272433795 7749
1672191918923 1.8389810810105924 7799
1672191944934 1.6409437370664306 7849
1672191959433 1.9405055930768413 7899
1672191974049 1.580257396213127 7949
1672191988629 1.736944200157285 7999
1672192015761 1.6801778299598733 8049
1672192030339 1.3877489016926754 8099
1672192044785 2.0908124460960877 8149
1672192059309 1.5411248773397892 8199
1672192084871 1.872392976499575 8249
1672192099290 1.7627621409422378 8299
1672192113873 1.6533632803146259 8349
1672192128402 2.0184442943222307 8399
1672192142796 1.9022413250198336 8449
1672192167839 1.3925201781162047 8499
1672192182379 1.5402552942992105 8549
1672192196828 1.6185688990608673 8599
1672192211207 2.0020648208021132 8649
1672192236015 1.6805445838270896 8699
1672192250626 1.3475675791925743 8749
1672192265184 1.8108058097244133 8799
1672192279967 1.5520726947907928 8849
1672192304789 1.8496811397567732 8899
1672192319268 1.9965878590400385 8949
1672192333850 1.671687314424706 8999
1672192348222 2.176724922697824 9049
1672192362579 1.8418081448236951 9099
1672192387742 1.9396573829561958 9149
1672192402188 1.8461682459811786 9199
1672192416895 1.8994729705215883 9249
1672192431328 1.353011850459613 9299
1672192456323 2.0524542319877987 9349
1672192470908 1.80071131695211 9399
1672192485300 1.5958142220973341 9449
1672192499723 1.6597824344566217 9499
1672192524635 1.778208674887334 9549
1672192539167 2.077589262850804 9599
1672192553751 2.132336229940029 9649
1672192568214 1.3959897826577317 9699
1672192582661 1.3913725252816076 9749
1672192607521 1.6615234728243753 9799
1672192622047 1.9060967263242055 9849
1672192636563 1.7947545380553922 9899
1672192650946 1.4997553584318877 9949
1672192675936 1.825645266161128 9999
1672192690664 2.053001015713304 10049
1672192705115 1.7168259280155787 10099
1672192719561 1.8063818021650473 10149
1672192744622 1.8047903435643404 10199
1672192759364 1.8805425517799692 10249
1672192773800 1.606296055762064 10299
1672192788309 1.652638122040284 10349
1672192802768 1.5175442708171767 10399
1672192827918 2.0450079736373055 10449
1672192842486 1.8317359230372903 10499
1672192857041 1.7013666571959483 10549
1672192871550 1.871578797871593 10599
1672192896803 1.4391191326010757 10649
1672192911237 1.7764809429486867 10699
1672192925854 2.1445313157117076 10749
1672192940579 2.079997368194536 10799
1672192954820 2.2046642104477954 10849
1672192979926 1.831143185366745 10899
1672192994341 1.7555993071563578 10949
1672193008911 1.5715760601424438 10999
1672193023366 1.8326991190847768 11049
1672193048223 2.1127970768816726 11099
1672193062749 1.5845031891089698 11149
1672193077355 1.9215785730395967 11199
1672193091921 2.1240293928630694 11249
1672193116995 1.967303304790578 11299
1672193131592 1.922828818478299 11349
1672193146015 2.006751028577195 11399
1672193160446 1.728974352702643 11449
1672193174875 1.7411857549429859 11499
1672193200785 1.6898390303372022 11549
1672193215299 1.6110367147027818 11599
1672193229828 1.3565989497894042 11649
1672193244430 1.9574987352503155 11699
1672193269338 1.2872202977132192 11749
1672193283815 1.4367686163114202 11799
1672193298252 1.692163507647587 11849
1672193312698 1.7138123512359407 11899
1672193337815 2.264785849154246 11949
1672193352418 1.8097639230065503 11999
1672193366922 1.9012242217110948 12049
1672193381362 2.09242421475271 12099
1672193396069 2.102623610527618 12149
1672193420983 1.9354946823111536 12199
1672193435555 1.958997010361668 12249
1672193450221 1.82522919545253 12299
1672193464764 2.0206721852829936 12349
1672193489955 1.9154867615390085 12399
1672193504476 1.5265000128840513 12449
1672193518997 1.594760265553841 12499
1672193533668 1.4118701991613678 12549
1672193558766 1.5095025968971192 12599
1672193573282 1.7460864229718718 12649
1672193588176 1.5857931672204493 12699
1672193602620 2.228080801491868 12749
1672193617027 1.9228600465816754 12799
1672193641862 1.5406582611347064 12849
1672193656402 1.802728697181118 12899
1672193670970 1.7760089138406805 12949
1672193685340 1.6819316214559674 12999
1672193710356 1.8477878671457681 13049
1672193724842 2.0522337394461103 13099
1672193739469 2.305116076719359 13149
1672193753935 1.505660844873666 13199
1672193778817 1.4571932049638323 13249
1672193793252 1.52757329103625 13299
1672193807852 1.5882350735506923 13349
1672193822333 1.8018135838761093 13399
1672193836918 1.631716239694942 13449
1672193862131 2.2923444695125155 13499
1672193876638 1.5890025737961622 13549
1672193891109 1.7207795095690863 13599
1672193905580 1.7627925259178285 13649
1672193930671 1.7969400748584867 13699
1672193945115 1.7507312106625046 13749
1672193959524 1.624992537663137 13799
1672193974119 2.179072428026269 13849
1672193999070 1.2859979334549894 13899
1672194013460 1.519035125161876 13949
1672194027899 1.9746261206469846 13999
1672194042630 1.8397004380871436 14049
1672194057046 1.6766262274045725 14099
1672194082034 1.6085612282923154 14149
1672194096544 1.4902517730104947 14199
1672194111158 1.973127370791377 14249
1672194125844 1.7039398851551835 14299
1672194150662 1.6546021649230636 14349
1672194165219 1.9148150009235005 14399
1672194179635 1.7438983197591509 14449
1672194194172 1.7115757311705118 14499
1672194219142 1.9599370879942206 14549
1672194233754 2.1477417956934333 14599
1672194248227 2.1139738266752293 14649
1672194262674 1.7065662228498475 14699
1672194277312 1.5418989018434277 14749
1672194302128 1.8779463614738265 14799
1672194316800 2.0429366998530867 14849
1672194331240 1.9344323241585815 14899
1672194345599 1.386754989229023 14949
1672194370429 1.9885828088509743 14999
1672194384976 1.5539552431584438 15049
1672194399370 1.412383220984388 15099
1672194413747 1.7772379791859856 15149
1672194439042 2.1154722539400965 15199
1672194453509 1.6645911111573821 15249
1672194468120 1.5985476432137034 15299
1672194482609 2.0306717989742236 15349
1672194497081 1.8412957157153396 15399
1672194522259 2.0530733153626826 15449
1672194536672 1.642993883571663 15499
1672194551178 1.644205514646171 15549
1672194565618 1.8717668763880546 15599
1672194590804 2.3365117395382273 15649
1672194605218 1.9767224786784208 15699
1672194619611 1.7157840786636323 15749
1672194634226 1.8817105747402545 15799
1672194659134 1.2887984482789356 15849
1672194673574 1.6615667539979544 15899
1672194688010 1.575736175736501 15949
1672194702599 1.7511298153314052 15999
1672194717015 1.7721951268251874 16049
1672194742439 2.113066982475649 16099
1672194756877 1.4024502768790323 16149
1672194771302 1.6472328172122512 16199
1672194785762 1.671814742314529 16249
1672194810608 1.6340368903726543 16299
1672194825220 1.7901584662783612 16349
1672194839827 1.953371673471867 16399
1672194854257 2.259945570053434 16449
1672194879479 1.774343656872503 16499
1672194893884 1.6193242587223369 16549
1672194908292 1.9583607668825465 16599
1672194922726 1.5199476503446618 16649
1672194937128 1.8721075201157356 16699
1672194962088 1.8602171715119002 16749
1672194976958 1.431827638124127 16799
1672194991473 1.746771029966663 16849
1672195006157 1.8048203724370158 16899
1672195031532 1.3752009136398313 16949
1672195046040 1.7110959956601166 16999
1672195060533 2.231433649909855 17049
1672195075044 1.6076566444498568 17099
1672195099966 1.8744980151085322 17149
1672195114621 1.802978523292191 17199
1672195129227 1.4667663284594665 17249
1672195143624 1.6853216198328207 17299
1672195158017 2.145905149120374 17349
1672195183050 1.622548072128356 17399
1672195197445 2.149880962725516 17449
1672195211862 1.569053056395203 17499
1672195226279 1.7051774180354222 17549
1672195251305 1.8240725788219412 17599
1672195265692 1.7162769636072561 17649
1672195280037 1.5645474436100455 17699
1672195294399 2.1015243469568303 17749
1672195319407 1.8363232826827587 17799
1672195333812 1.8225283473648128 17849
1672195348245 1.7667017916391448 17899
1672195362646 1.6322217965854189 17949
1672195377253 1.7036868554494973 17999
1672195402092 1.6913798652954264 18049
1672195416636 1.429815229160369 18099
1672195431033 2.0660593505163813 18149
1672195445582 2.10803190160124 18199
1672195470295 1.77513348157041 18249
1672195484766 2.0578888284465884 18299
1672195499304 1.5044428645628498 18349
1672195513966 1.822217864994547 18399
1672195539212 2.0520828624151206 18449
1672195553658 1.6073678361967114 18499
1672195568133 1.3242782888363718 18549
1672195582741 2.022679191587078 18599
1672195597193 2.0172490391306708 18649
1672195622079 2.0176780628425828 18699
1672195636539 1.3438314390647426 18749
1672195651259 1.5730059684571143 18799
1672195665849 2.1575906597854475 18849
1672195690870 1.8612896498823202 18899
1672195705242 1.5847556603158583 18949
1672195719743 2.215630679848071 18999
1672195734124 2.0532744182529767 19049
1672195758971 1.5418105638689854 19099
1672195773569 2.0192776970383837 19149
1672195788048 1.556888906473132 19199
1672195802845 2.4884402838023387 19249
1672195817359 1.8156468784253936 19299
1672195841978 2.0545126633267885 19349
1672195856461 1.752990590562346 19399
1672195870992 1.2194310840768843 19449
1672195885461 1.6040191126142131 19499
1672195910651 2.171264736375 19549
1672195925100 1.5668021780731198 19599
1672195939805 1.6014963594427394 19649
1672195954211 1.6841962812609172 19699
1672195979224 2.280964686076855 19749
1672195993697 1.7737161121861111 19799
1672196008143 1.7064498234159329 19849
1672196022588 1.7419262043858401 19899
1672196037034 1.5794937117255248 19949
1672196062184 1.6357391708409335 19999
1672196076924 1.7764867581103112 20049
1672196091400 1.6622564869540128 20099
1672196105868 1.5913294059049186 20149
1672196130649 1.7735665363262871 20199
1672196145215 1.8903591999902776 20249
1672196159664 1.7523362145562074 20299
1672196174094 1.422264346455461 20349
1672196199451 1.4967990720970508 20399
1672196214017 1.7346227996792223 20449
1672196228467 1.8407906792762976 20499
1672196242929 1.7867869344794713 20549
1672196257416 2.0092595625374274 20599
1672196284191 2.0411237473240194 20649
1672196298620 2.036205073671859 20699
1672196313183 1.4351301122175426 20749
1672196327618 1.706146570280028 20799
1672196353301 1.7000685953290973 20849
1672196367762 1.7386347563193227 20899
1672196382250 1.9170545882130448 20949
1672196396753 1.9741854383779838 20999
1672196422193 1.9277707714052927 21049
1672196436624 1.9268018515890386 21099
1672196451051 1.6635094871702072 21149
1672196465597 1.923745500375601 21199
1672196479992 1.6279777827501007 21249
1672196505180 1.7856994029138915 21299
1672196519585 1.4598356096204328 21349
1672196534153 1.87929692743647 21399
1672196548531 1.898391131613164 21449
1672196573506 1.7413622924906111 21499
1672196587916 1.6131994265535348 21549
1672196602445 1.7801005451130918 21599
1672196617070 1.3497588308879354 21649
1672196631291 0.7173719115690989 21699
1672196656606 1.5342102905269361 21749
1672196671087 1.7204722684069136 21799
1672196685564 1.7674096769803902 21849
1672196700061 1.8711517939680995 21899
1672196725016 1.853976129039745 21949
1672196739424 1.6264512389967143 21999
1672196753973 1.7444500547993842 22049
1672196768605 1.7384025485529029 22099
1672196793485 1.6236831950955046 22149
1672196808085 1.4798748941329363 22199
1672196822580 1.16303247963634 22249
1672196837029 1.8864862662119757 22299
1672196851481 1.7526058664438264 22349
1672196876527 2.1830996978599737 22399
1672196890920 1.7679507797249616 22449
1672196905434 1.2716177548174092 22499
1672196919956 1.4987704431716509 22549
1672196944933 1.9620582144716696 22599
1672196959534 1.832151918380191 22649
1672196973986 1.7307624521961535 22699
1672196988391 1.6863029213570477 22749
1672197013506 1.4437173974658446 22799
1672197028070 1.825051867003567 22849
1672197042572 1.3917996517915459 22899
1672197057063 1.6697531315276755 22949
1672197071584 1.5711883577922836 22999
1672197096748 1.9255332972994155 23049
1672197111351 1.7827993229074508 23099
1672197125958 1.7273590005151096 23149
1672197140678 1.5694347755509654 23199
1672197165798 1.988415698217822 23249
1672197180198 1.894087221075711 23299
1672197194620 1.7698121378709766 23349
1672197209137 1.6998720776286174 23399
1672197234224 1.414381221703138 23449
1672197248640 1.5016667387841796 23499
1672197263418 2.0026172702617724 23549
1672197277810 1.6796733540733362 23599
1672197292206 1.7802334967998994 23649
1672197317353 1.868004296579962 23699
1672197331777 1.9247791462260633 23749
1672197346369 1.7398923607480103 23799
1672197360780 1.6298799699421282 23849
1672197385780 1.4589394222621526 23899
1672197400253 1.7848528613661223 23949
1672197414896 1.8950290617118355 23999
1672197429240 1.8173544957059096 24049
1672197454136 2.4049793025446418 24099
1672197468564 1.8301963812177025 24149
1672197483174 1.6591624069068196 24199
1672197497614 1.2540173700470083 24249
1672197512096 1.2886561970027492 24299
1672197537209 1.5322379961160808 24349
1672197551575 1.6825382989140594 24399
1672197566075 1.5069950835048687 24449
1672197580550 1.7211012703363833 24499
1672197605539 1.953306696648171 24549
1672197619959 1.5544876295346468 24599
1672197634420 1.8578700345991155 24649
1672197648835 1.5511031355781624 24699
1672197673852 1.576462856938077 24749
1672197688462 1.504023130107246 24799
1672197703259 1.9530810782916899 24849
1672197717656 2.0763899801499903 24899
1672197732060 1.747859341093895 24949
1672197757041 1.8080820205187238 24999
1672197771736 1.565908336937163 25049
1672197786161 1.9747950652943183 25099
1672197800568 1.835238639819924 25149
1672197825819 1.968875131043074 25199
1672197840425 1.5042373305963592 25249
1672197855009 1.5153701178177774 25299
1672197869587 1.8268278319457023 25349
1672197894611 1.7968843787971085 25399
1672197909061 1.863970306606973 25449
1672197923539 1.4546780359795632 25499
1672197937963 1.8112731318127564 25549
1672197952559 1.7992533279737324 25599
1672197977880 1.583598968469582 25649
1672197992261 1.2531558186699416 25699
1672198006780 1.9803776308185244 25749
1672198021161 1.529720404897109 25799
1672198046054 1.505918565965438 25849
1672198060560 1.5742458201534941 25899
1672198075062 2.087032931261174 25949
1672198089549 1.4987092634228736 25999
1672198114629 1.6735576159415573 26049
1672198129221 1.6264879200255982 26099
1672198143992 1.5892809849103835 26149
1672198158406 1.5239202406830237 26199
1672198172831 1.6677492335424895 26249
1672198197683 1.8333959188703122 26299
1672198212066 1.9220632694061297 26349
1672198226516 1.9479457989597648 26399
1672198241029 1.6188520882844872 26449
1672198265872 1.6457411764191694 26499
1672198280575 1.2703312858423188 26549
1672198294963 1.8355151040663016 26599
1672198309372 1.7619067897610163 26649
1672198334260 1.8806690059133437 26699
1672198348686 1.611939280741184 26749
1672198363201 1.7259487146196664 26799
1672198377800 1.8289345265057866 26849
1672198392190 1.8935952282434245 26899
1672198417430 1.7585785149273618 26949
1672198431997 1.835725968594248 26999
1672198446520 1.9238141400581483 27049
1672198461095 1.827045532205027 27099
1672198486341 1.8876765178896555 27149
1672198500980 1.6369556594113588 27199
1672198515498 1.2875201127410523 27249
1672198529964 2.016252636589998 27299
1672198555515 1.8306452928159405 27349
1672198570200 1.6265760797339313 27399
1672198584852 1.9602195430848237 27449
1672198599807 1.6756177828280778 27499
1672198614515 1.8436926614500941 27549
1672198639706 1.6082891490000513 27599
1672198654365 1.3209821986192338 27649
1672198669050 1.6926631707487532 27699
1672198683730 2.036812182773115 27749
1672198708792 1.7318312464309011 27799
1672198723409 1.5354741663313287 27849
1672198738038 2.3084000443636183 27899
1672198752961 1.5810874341359504 27949
1672198778133 1.4219222170025396 27999
1672198792766 1.8008935400369221 28049
1672198807579 1.964379534135459 28099
1672198822209 2.017377707925758 28149
1672198836876 1.8570561963421537 28199
1672198862374 1.4558293327738794 28249
1672198877247 1.6478445639836523 28299
1672198891901 1.4490643515678907 28349
1672198906484 1.6330700973392673 28399
1672198931901 1.601325878057299 28449
1672198946497 1.381108598184762 28499
1672198961120 1.5488714377358765 28549
1672198975788 1.487221469262551 28599
1672199001395 2.358335956628532 28649
1672199016306 1.8789654083030358 28699
1672199031060 1.763281813831854 28749
1672199045667 1.5031036088547127 28799
1672199060235 1.6498591222801646 28849
1672199085779 1.609958784224022 28899
1672199100439 1.5231635747259344 28949
1672199115103 1.4879236604217951 28999
1672199129911 1.825956651556997 29049
1672199155566 1.5060306936663788 29099
1672199170128 1.7431054798827577 29149
1672199184694 1.8344476186163183 29199
1672199199299 1.7785078007025454 29249
1672199224671 1.3987529084002088 29299
1672199239333 1.673603176167138 29349
1672199254004 1.2925241741243108 29399
1672199268678 1.5314254262352252 29449
1672199283320 1.4007270088328536 29499
1672199309097 1.8609995934306216 29549
1672199323787 1.6270762756059285 29599
1672199338327 2.1846933226438394 29649
1672199352881 1.9165543789526485 29699
1672199377892 1.7184500158784246 29749
1672199392571 1.9774113913567273 29799
1672199407173 1.7213127607490133 29849
1672199421796 1.7444495339733506 29899
1672199447993 1.295260546110983 29949
1672199462514 1.4652463401093614 29999
1672199477117 1.2606838700415273 30049
1672199491678 1.7259193562127892 30099
1672199506227 2.0316378285164083 30149
1672199531503 2.4711932189489607 30199
1672199546086 1.6520218854950537 30249
1672199560956 1.7370588773231235 30299
1672199575608 1.8107901432790252 30349
1672199600952 1.8200809271850842 30399
1672199615725 1.2161469287781796 30449
1672199630377 1.8689011669516127 30499
1672199644986 1.9340247474317833 30549
1672199670012 1.211347528267285 30599
1672199684687 1.9629838303875617 30649
1672199699810 2.0026441549192255 30699
1672199714446 2.0129985324589916 30749
1672199729162 1.4977295024759316 30799
1672199754681 1.5031521782106823 30849
1672199769347 1.8388571264553972 30899
1672199783992 1.5487318437046635 30949
1672199798621 1.5501556740898175 30999
1672199824142 1.5753486869800475 31049
1672199838839 1.901708439667591 31099
1672199853602 1.707793315617519 31149
1672199868258 1.7508599819017652 31199
1672199893687 1.1421807414672245 31249
1672199908264 1.6954520310700483 31299
1672199922899 1.512575819308245 31349
1672199937821 1.9308137904423985 31399
1672199952517 1.605780374083556 31449
1672199977928 1.6126876097839533 31499
1672199992471 2.1173911414161113 31549
1672200007100 2.0339774814183276 31599
1672200021870 1.411714778477117 31649
1672200046871 1.6443193393475433 31699
1672200061516 1.78672176366143 31749
1672200076534 1.266847348842784 31799
1672200091332 2.333823037946467 31849
1672200117062 1.6932099642474312 31899
1672200131786 1.7189006372917048 31949
1672200146595 1.4709085413107328 31999
1672200161321 1.7926517156661352 32049
1672200176042 2.0998562737492055 32099
1672200201473 2.053416929433535 32149
1672200216393 1.8935249968578585 32199
1672200231013 1.6103082667066513 32249
1672200245625 1.3587012979463395 32299
1672200270701 1.5287364435333388 32349
1672200285265 2.0737308328085184 32399
1672200300107 1.8867457319999947 32449
1672200314697 1.6706081096174392 32499
1672200329025 1.3986208551475843 32549
