1672189309770 0.6666666865348816 49
1672189324047 0.4583333432674408 99
1672189338727 0.512499988079071 149
1672189352961 0.6875 199
1672189377748 0.7083333134651184 249
1672189392163 0.5416666865348816 299
1672189406586 0.7500000596046448 349
1672189421003 0.375 399
1672189445598 0.6499999761581421 449
1672189460162 0.7291666865348816 499
1672189474720 0.5083333253860474 549
1672189489437 0.4375 599
1672189503869 0.5416666865348816 649
1672189528624 0.5625 699
1672189542930 0.7249999642372131 749
1672189557260 0.5625 799
1672189571786 0.375 849
1672189596448 0.5833333730697632 899
1672189611076 0.574999988079071 949
1672189625560 0.5416666865348816 999
1672189640050 0.625 1049
1672189664334 0.6458333134651184 1099
1672189678766 0.625 1149
1672189693340 0.6875 1199
1672189707764 0.5625 1249
1672189722281 0.625 1299
1672189747143 0.9375 1349
1672189761620 0.8541666865348816 1399
1672189775938 0.5249999761581421 1449
1672189790287 0.6458333134651184 1499
1672189815354 0.6875000596046448 1549
1672189829987 0.550000011920929 1599
1672189844441 0.7291666865348816 1649
1672189858904 0.2708333432674408 1699
1672189885611 0.5446428656578064 1749
1672189900116 0.5833333730697632 1799
1672189914480 0.7083333730697632 1849
1672189928883 0.6946429014205933 1899
1672189943274 0.75 1949
1672189969611 0.6666666865348816 1999
1672189983996 0.6875 2049
1672189998417 0.6666666865348816 2099
1672190013079 0.612500011920929 2149
1672190037490 0.7708333730697632 2199
1672190051921 0.5583333373069763 2249
1672190066291 0.4375 2299
1672190080772 0.6083333492279053 2349
1672190105454 0.4749999940395355 2399
1672190119937 0.875 2449
1672190134530 0.7916666865348816 2499
1672190149213 0.6041666865348816 2549
1672190163659 0.38333332538604736 2599
1672190187805 0.4166666865348816 2649
1672190202232 0.4333333373069763 2699
1672190216578 0.6041666269302368 2749
1672190231000 0.6000000238418579 2799
1672190255543 0.574999988079071 2849
1672190270170 0.2708333432674408 2899
1672190284918 0.5166666507720947 2949
1672190299657 0.6875 2999
1672190324099 0.6291667222976685 3049
1672190338521 0.5208333730697632 3099
1672190352970 0.5666666626930237 3149
1672190367518 0.6499999761581421 3199
1672190381914 0.6666666865348816 3249
1672190406374 0.625 3299
1672190420939 0.5583333373069763 3349
1672190435462 0.4833333492279053 3399
1672190450020 0.375 3449
1672190474404 0.8541666865348816 3499
1672190489070 1.0 3549
1672190503537 0.5458333492279053 3599
1672190518011 0.8541666865348816 3649
1672190542481 0.1666666716337204 3699
1672190557028 0.6708333492279053 3749
1672190571568 0.8125 3799
1672190586077 0.36666667461395264 3849
1672190600512 0.6250000596046448 3899
1672190624816 0.4583333432674408 3949
1672190639227 0.7166666984558105 3999
1672190653785 0.5625 4049
1672190668168 0.4583333432674408 4099
1672190692754 0.49166667461395264 4149
1672190707226 0.5625 4199
1672190721784 0.6428571343421936 4249
1672190736221 0.6904761791229248 4299
1672190760808 0.6250000596046448 4349
1672190775320 1.0 4399
1672190789709 0.4541666507720947 4449
1672190804233 0.5583333373069763 4499
1672190818655 0.5625 4549
1672190842987 0.625 4599
1672190857330 0.699999988079071 4649
1672190872010 0.6041666865348816 4699
1672190886506 0.375 4749
1672190911272 0.5 4799
1672190925666 0.6166666746139526 4849
1672190940057 0.5333333611488342 4899
1672190954561 0.6875 4949
1672190979049 0.6458333134651184 4999
1672190993792 0.4791666865348816 5049
1672191008274 0.4791666865348816 5099
1672191022803 0.7916666865348816 5149
1672191037415 0.6285714507102966 5199
1672191062082 0.625 5249
1672191076646 0.8333333730697632 5299
1672191091211 0.6875 5349
1672191105697 0.5208333134651184 5399
1672191130521 0.4333333373069763 5449
1672191145061 0.875 5499
1672191159480 0.8166666626930237 5549
1672191173856 0.4958333373069763 5599
1672191198541 0.5 5649
1672191213105 0.625 5699
1672191227554 0.550000011920929 5749
1672191242184 0.8166667222976685 5799
1672191256781 0.6666666865348816 5849
1672191281467 0.8166667222976685 5899
1672191295904 0.7916666865348816 5949
1672191310329 0.75 5999
1672191324770 0.4375 6049
1672191349437 0.2708333432674408 6099
1672191364027 0.4166666567325592 6149
1672191378501 0.2916666865348816 6199
1672191393052 0.625 6249
1672191417751 0.7875000238418579 6299
1672191432282 0.5625 6349
1672191446681 0.5333333015441895 6399
1672191461250 0.3958333432674408 6449
1672191475613 0.737500011920929 6499
1672191500679 0.9166666865348816 6549
1672191515038 0.875 6599
1672191529399 0.5249999761581421 6649
1672191543787 0.5375000238418579 6699
1672191568757 0.8166666626930237 6749
1672191583505 0.6499999761581421 6799
1672191597959 0.5625 6849
1672191612612 0.949999988079071 6899
1672191638838 0.7083333730697632 6949
1672191653276 0.3791666626930237 6999
1672191667715 0.6666666865348816 7049
1672191682145 0.5 7099
1672191696531 0.8125 7149
1672191723435 0.6666666865348816 7199
1672191737962 0.6000000238418579 7249
1672191752717 0.625 7299
1672191767177 0.7875000238418579 7349
1672191792346 0.7083333730697632 7399
1672191806782 0.5875000357627869 7449
1672191821211 0.3166666626930237 7499
1672191835748 0.550000011920929 7549
1672191860891 0.5208333730697632 7599
1672191875289 0.75 7649
1672191890004 0.612500011920929 7699
1672191904536 0.22499999403953552 7749
1672191918923 0.4749999940395355 7799
1672191944934 0.3333333432674408 7849
1672191959433 0.8374999761581421 7899
1672191974049 0.4625000059604645 7949
1672191988629 0.6000000238418579 7999
1672192015761 0.762499988079071 8049
1672192030339 0.5416666865348816 8099
1672192044785 0.7541667222976685 8149
1672192059309 0.9166666865348816 8199
1672192084871 0.4583333432674408 8249
1672192099290 0.7083333134651184 8299
1672192113873 0.7916666865348816 8349
1672192128402 0.3958333432674408 8399
1672192142796 0.44999998807907104 8449
1672192167839 0.5833333730697632 8499
1672192182379 0.5666666626930237 8549
1672192196828 0.574999988079071 8599
1672192211207 0.7249999642372131 8649
1672192236015 0.7250000238418579 8699
1672192250626 0.10000000149011612 8749
1672192265184 0.4791666865348816 8799
1672192279967 0.8541666865348816 8849
1672192304789 0.6499999761581421 8899
1672192319268 0.4375 8949
1672192333850 0.2666666805744171 8999
1672192348222 0.7333333492279053 9049
1672192362579 0.6041666865348816 9099
1672192387742 0.9166666865348816 9149
1672192402188 0.875 9199
1672192416895 0.7541667222976685 9249
1672192431328 0.38749998807907104 9299
1672192456323 0.824999988079071 9349
1672192470908 0.6875 9399
1672192485300 0.8333333730697632 9449
1672192499723 0.9375 9499
1672192524635 0.824999988079071 9549
1672192539167 0.625 9599
1672192553751 0.625 9649
1672192568214 0.5833333730697632 9699
1672192582661 0.5416666865348816 9749
1672192607521 0.5416666865348816 9799
1672192622047 0.824999988079071 9849
1672192636563 0.887499988079071 9899
1672192650946 0.6875 9949
1672192675936 0.7083333730697632 9999
1672192690664 0.625 10049
1672192705115 0.8999999761581421 10099
1672192719561 0.6666666865348816 10149
1672192744622 0.7708333730697632 10199
1672192759364 0.625 10249
1672192773800 0.4833333492279053 10299
1672192788309 0.6041666865348816 10349
1672192802768 0.4166666865348816 10399
1672192827918 0.7083333730697632 10449
1672192842486 0.824999988079071 10499
1672192857041 0.5 10549
1672192871550 0.5625 10599
1672192896803 0.7291666865348816 10649
1672192911237 0.6619048118591309 10699
1672192925854 0.5666666626930237 10749
1672192940579 0.625 10799
1672192954820 0.5 10849
1672192979926 0.4583333730697632 10899
1672192994341 0.5416666865348816 10949
1672193008911 0.4166666865348816 10999
1672193023366 0.6708332896232605 11049
1672193048223 0.625 11099
1672193062749 0.4625000059604645 11149
1672193077355 0.6499999761581421 11199
1672193091921 0.7083333134651184 11249
1672193116995 0.6458333730697632 11299
1672193131592 0.5416666865348816 11349
1672193146015 0.5833333730697632 11399
1672193160446 0.6208333969116211 11449
1672193174875 0.6041666865348816 11499
1672193200785 0.75 11549
1672193215299 0.6666666865348816 11599
1672193229828 0.4791666865348816 11649
1672193244430 0.6666666865348816 11699
1672193269338 0.5 11749
1672193283815 0.4166666865348816 11799
1672193298252 0.6875 11849
1672193312698 0.6083333492279053 11899
1672193337815 0.5791666507720947 11949
1672193352418 0.6000000238418579 11999
1672193366922 0.625 12049
1672193381362 0.7291666865348816 12099
1672193396069 0.6666666865348816 12149
1672193420983 0.6458333730697632 12199
1672193435555 0.5541666746139526 12249
1672193450221 0.6499999761581421 12299
1672193464764 0.5 12349
1672193489955 0.7678571343421936 12399
1672193504476 0.8333333730697632 12449
1672193518997 0.625 12499
1672193533668 0.5 12549
1672193558766 0.6875 12599
1672193573282 0.6666666865348816 12649
1672193588176 0.75 12699
1672193602620 0.7916666865348816 12749
1672193617027 0.7083333730697632 12799
1672193641862 0.875 12849
1672193656402 0.6875 12899
1672193670970 0.5 12949
1672193685340 0.25 12999
1672193710356 0.7916666865348816 13049
1672193724842 0.699999988079071 13099
1672193739469 0.6666666865348816 13149
1672193753935 0.8125 13199
1672193778817 0.7916666865348816 13249
1672193793252 0.4333333373069763 13299
1672193807852 0.4375 13349
1672193822333 0.4541666507720947 13399
1672193836918 0.25 13449
1672193862131 0.7678571343421936 13499
1672193876638 0.7333333492279053 13549
1672193891109 0.8125 13599
1672193905580 0.6916667222976685 13649
1672193930671 0.5833333730697632 13699
1672193945115 0.5874999761581421 13749
1672193959524 0.6666666865348816 13799
1672193974119 0.762499988079071 13849
1672193999070 0.9166666865348816 13899
1672194013460 0.4833333492279053 13949
1672194027899 0.6666666269302368 13999
1672194042630 0.4833333492279053 14049
1672194057046 0.3708333373069763 14099
1672194082034 0.5041667222976685 14149
1672194096544 0.6000000238418579 14199
1672194111158 0.375 14249
1672194125844 0.625 14299
1672194150662 0.625 14349
1672194165219 0.8374999761581421 14399
1672194179635 0.6499999761581421 14449
1672194194172 0.6499999761581421 14499
1672194219142 0.36250001192092896 14549
1672194233754 0.9375 14599
1672194248227 0.512499988079071 14649
1672194262674 0.6499999761581421 14699
1672194277312 1.0 14749
1672194302128 0.7333332896232605 14799
1672194316800 0.7083333730697632 14849
1672194331240 0.5416666865348816 14899
1672194345599 0.6041666865348816 14949
1672194370429 0.5833333730697632 14999
1672194384976 0.6666666865348816 15049
1672194399370 0.5625 15099
1672194413747 0.699999988079071 15149
1672194439042 0.3916666507720947 15199
1672194453509 0.4375 15249
1672194468120 0.4166666865348816 15299
1672194482609 0.6166666746139526 15349
1672194497081 0.44583335518836975 15399
1672194522259 0.3958333432674408 15449
1672194536672 0.7708333730697632 15499
1672194551178 0.875 15549
1672194565618 0.7250000238418579 15599
1672194590804 0.4583333432674408 15649
1672194605218 0.7666666507720947 15699
1672194619611 0.7541666626930237 15749
1672194634226 0.6666666865348816 15799
1672194659134 0.5416666865348816 15849
1672194673574 0.5416666865348816 15899
1672194688010 0.4333333373069763 15949
1672194702599 0.4124999940395355 15999
1672194717015 0.5714285373687744 16049
1672194742439 0.625 16099
1672194756877 0.4166666865348816 16149
1672194771302 0.75 16199
1672194785762 0.40833333134651184 16249
1672194810608 0.5 16299
1672194825220 0.3333333432674408 16349
1672194839827 0.75 16399
1672194854257 0.5809524059295654 16449
1672194879479 0.6666666865348816 16499
1672194893884 0.5 16549
1672194908292 0.8125 16599
1672194922726 0.7083333730697632 16649
1672194937128 0.2916666865348816 16699
1672194962088 0.512499988079071 16749
1672194976958 0.5 16799
1672194991473 0.8500000238418579 16849
1672195006157 0.7083333730697632 16899
1672195031532 0.949999988079071 16949
1672195046040 0.5208333730697632 16999
1672195060533 0.5375000238418579 17049
1672195075044 0.75 17099
1672195099966 0.7333333492279053 17149
1672195114621 0.3499999940395355 17199
1672195129227 0.6875 17249
1672195143624 0.5625 17299
1672195158017 0.5333333611488342 17349
1672195183050 0.5833333730697632 17399
1672195197445 0.7083333730697632 17449
1672195211862 0.7333333492279053 17499
1672195226279 0.6666666865348816 17549
1672195251305 1.0 17599
1672195265692 0.574999988079071 17649
1672195280037 0.9166666865348816 17699
1672195294399 0.8125 17749
1672195319407 0.824999988079071 17799
1672195333812 0.8374999761581421 17849
1672195348245 0.8125 17899
1672195362646 0.375 17949
1672195377253 0.5416666865348816 17999
1672195402092 0.5833333134651184 18049
1672195416636 0.6875 18099
1672195431033 0.8333333730697632 18149
1672195445582 0.8041666746139526 18199
1672195470295 0.5833333134651184 18249
1672195484766 0.7708333134651184 18299
1672195499304 0.5 18349
1672195513966 0.3958333432674408 18399
1672195539212 0.5416666865348816 18449
1672195553658 0.7500000596046448 18499
1672195568133 0.6666666865348816 18549
1672195582741 0.5625 18599
1672195597193 0.6875 18649
1672195622079 0.5666666626930237 18699
1672195636539 0.7250000238418579 18749
1672195651259 0.7708333730697632 18799
1672195665849 0.8041666746139526 18849
1672195690870 1.0 18899
1672195705242 0.574999988079071 18949
1672195719743 0.9017857313156128 18999
1672195734124 0.3928571343421936 19049
1672195758971 0.4583333730697632 19099
1672195773569 0.5625 19149
1672195788048 0.512499988079071 19199
1672195802845 0.8999999761581421 19249
1672195817359 0.3583333492279053 19299
1672195841978 0.7250000238418579 19349
1672195856461 0.6458333730697632 19399
1672195870992 0.949999988079071 19449
1672195885461 0.7333333492279053 19499
1672195910651 0.574999988079071 19549
1672195925100 0.887499988079071 19599
1672195939805 0.625 19649
1672195954211 0.4166666865348816 19699
1672195979224 0.6499999761581421 19749
1672195993697 0.9375 19799
1672196008143 0.75 19849
1672196022588 0.7083333730697632 19899
1672196037034 0.699999988079071 19949
1672196062184 0.5874999761581421 19999
1672196076924 0.7708333730697632 20049
1672196091400 0.875 20099
1672196105868 0.4375000298023224 20149
1672196130649 0.6666666865348816 20199
1672196145215 0.5833333730697632 20249
1672196159664 0.8333333134651184 20299
1672196174094 0.875 20349
1672196199451 0.7916666865348816 20399
1672196214017 0.6666666865348816 20449
1672196228467 0.4791666865348816 20499
1672196242929 0.4583333134651184 20549
1672196257416 0.5 20599
1672196284191 0.7083333730697632 20649
1672196298620 0.5458333492279053 20699
1672196313183 0.4166666865348816 20749
1672196327618 0.5416666865348816 20799
1672196353301 0.44999998807907104 20849
1672196367762 0.4166666865348816 20899
1672196382250 0.7291666865348816 20949
1672196396753 0.7458333373069763 20999
1672196422193 0.8541666865348816 21049
1672196436624 0.8125 21099
1672196451051 0.8125 21149
1672196465597 0.5833333730697632 21199
1672196479992 0.6666666865348816 21249
1672196505180 0.75 21299
1672196519585 0.550000011920929 21349
1672196534153 0.4166666865348816 21399
1672196548531 0.4791666865348816 21449
1672196573506 0.5166667103767395 21499
1672196587916 0.5 21549
1672196602445 0.5 21599
1672196617070 0.8125 21649
1672196631291 0.0 21699
1672196656606 0.6875 21749
1672196671087 0.6041666865348816 21799
1672196685564 0.875 21849
1672196700061 0.6000000238418579 21899
1672196725016 0.625 21949
1672196739424 0.4333333373069763 21999
1672196753973 0.6041666865348816 22049
1672196768605 0.7083333730697632 22099
1672196793485 0.6875 22149
1672196808085 0.5 22199
1672196822580 0.625 22249
1672196837029 0.4166666865348816 22299
1672196851481 0.4166666865348816 22349
1672196876527 0.7916666865348816 22399
1672196890920 0.8125 22449
1672196905434 0.46666666865348816 22499
1672196919956 0.824999988079071 22549
1672196944933 0.625 22599
1672196959534 0.6666666865348816 22649
1672196973986 0.5416666865348816 22699
1672196988391 0.42500001192092896 22749
1672197013506 0.75 22799
1672197028070 0.5208333134651184 22849
1672197042572 0.4583333432674408 22899
1672197057063 0.5416666865348816 22949
1672197071584 0.8333333134651184 22999
1672197096748 0.699999988079071 23049
1672197111351 0.6000000238418579 23099
1672197125958 0.5833333730697632 23149
1672197140678 0.6875 23199
1672197165798 0.637499988079071 23249
1672197180198 0.125 23299
1672197194620 0.625 23349
1672197209137 0.6666666865348816 23399
1672197234224 0.4583333432674408 23449
1672197248640 0.8333333134651184 23499
1672197263418 0.5416666865348816 23549
1672197277810 0.6041666865348816 23599
1672197292206 0.6666666865348816 23649
1672197317353 0.8374999761581421 23699
1672197331777 0.7416666746139526 23749
1672197346369 0.5333333015441895 23799
1672197360780 0.8125 23849
1672197385780 0.887499988079071 23899
1672197400253 0.75 23949
1672197414896 0.8125 23999
1672197429240 0.949999988079071 24049
1672197454136 0.7749999761581421 24099
1672197468564 1.0 24149
1672197483174 0.5416666865348816 24199
1672197497614 0.8333333730697632 24249
1672197512096 0.6666666865348816 24299
1672197537209 0.6041666865348816 24349
1672197551575 0.7916666865348816 24399
1672197566075 0.5416666865348816 24449
1672197580550 0.75 24499
1672197605539 0.5 24549
1672197619959 0.5416666865348816 24599
1672197634420 0.5375000238418579 24649
1672197648835 0.6041666865348816 24699
1672197673852 0.5833333730697632 24749
1672197688462 0.3375000059604645 24799
1672197703259 0.5333333611488342 24849
1672197717656 0.625 24899
1672197732060 0.7749999761581421 24949
1672197757041 0.6208333373069763 24999
1672197771736 0.6875 25049
1672197786161 0.7303571701049805 25099
1672197800568 0.3125 25149
1672197825819 0.4791666865348816 25199
1672197840425 0.625 25249
1672197855009 0.5833333730697632 25299
1672197869587 0.7749999761581421 25349
1672197894611 0.6875000596046448 25399
1672197909061 0.7124999761581421 25449
1672197923539 0.8333333134651184 25499
1672197937963 0.5833333134651184 25549
1672197952559 0.625 25599
1672197977880 0.9375 25649
1672197992261 0.8333333134651184 25699
1672198006780 0.5416666865348816 25749
1672198021161 0.3958333432674408 25799
1672198046054 0.625 25849
1672198060560 0.7708333730697632 25899
1672198075062 0.4583333432674408 25949
1672198089549 0.762499988079071 25999
1672198114629 0.7124999761581421 26049
1672198129221 0.4166666865348816 26099
1672198143992 0.5 26149
1672198158406 0.4000000059604645 26199
1672198172831 0.5 26249
1672198197683 0.625 26299
1672198212066 0.9166666865348816 26349
1672198226516 0.5500000715255737 26399
1672198241029 0.6875 26449
1672198265872 0.3958333432674408 26499
1672198280575 0.7916666865348816 26549
1672198294963 0.5625 26599
1672198309372 0.625 26649
1672198334260 0.6666666865348816 26699
1672198348686 0.875 26749
1672198363201 0.574999988079071 26799
1672198377800 0.6875 26849
1672198392190 0.6708332896232605 26899
1672198417430 0.6666666865348816 26949
1672198431997 0.375 26999
1672198446520 0.4375 27049
1672198461095 0.75 27099
1672198486341 0.8999999761581421 27149
1672198500980 0.5833333730697632 27199
1672198515498 0.4375 27249
1672198529964 0.5625 27299
1672198555515 0.8125 27349
1672198570200 0.6000000238418579 27399
1672198584852 0.675000011920929 27449
1672198599807 0.7916666865348816 27499
1672198614515 0.6708332896232605 27549
1672198639706 0.5833333730697632 27599
1672198654365 0.5249999761581421 27649
1672198669050 0.6500000357627869 27699
1672198683730 0.3541666865348816 27749
1672198708792 0.7291666865348816 27799
1672198723409 0.4583333432674408 27849
1672198738038 0.75 27899
1672198752961 0.4333333373069763 27949
1672198778133 0.6666666865348816 27999
1672198792766 0.6833333969116211 28049
1672198807579 0.7083333134651184 28099
1672198822209 1.0 28149
1672198836876 0.6666666865348816 28199
1672198862374 0.5625 28249
1672198877247 0.375 28299
1672198891901 0.7916666865348816 28349
1672198906484 0.7749999761581421 28399
1672198931901 0.8666666746139526 28449
1672198946497 0.7916666865348816 28499
1672198961120 0.5416666865348816 28549
1672198975788 0.75 28599
1672199001395 0.8999999761581421 28649
1672199016306 0.7416666746139526 28699
1672199031060 0.6000000238418579 28749
1672199045667 0.25 28799
1672199060235 0.6875 28849
1672199085779 0.6875 28899
1672199100439 0.8333333730697632 28949
1672199115103 0.75 28999
1672199129911 0.9375 29049
1672199155566 0.2291666716337204 29099
1672199170128 0.44999998807907104 29149
1672199184694 0.5416666865348816 29199
1672199199299 0.6041666865348816 29249
1672199224671 0.6458333134651184 29299
1672199239333 0.574999988079071 29349
1672199254004 0.9166666865348816 29399
1672199268678 0.699999988079071 29449
1672199283320 0.5416666865348816 29499
1672199309097 0.7250000238418579 29549
1672199323787 0.7291666865348816 29599
1672199338327 0.8374999761581421 29649
1672199352881 0.5874999761581421 29699
1672199377892 0.5208333134651184 29749
1672199392571 0.3125 29799
1672199407173 0.7708333134651184 29849
1672199421796 0.6041666865348816 29899
1672199447993 0.75 29949
1672199462514 0.46666669845581055 29999
1672199477117 0.762499988079071 30049
1672199491678 0.887499988079071 30099
1672199506227 0.7416666746139526 30149
1672199531503 0.4791666865348816 30199
1672199546086 0.3958333432674408 30249
1672199560956 0.8333333730697632 30299
1672199575608 0.625 30349
1672199600952 0.625 30399
1672199615725 0.875 30449
1672199630377 0.6666666865348816 30499
1672199644986 0.8125 30549
1672199670012 0.2916666865348816 30599
1672199684687 0.5249999761581421 30649
1672199699810 0.6041666865348816 30699
1672199714446 0.875 30749
1672199729162 0.7916666865348816 30799
1672199754681 0.6041666865348816 30849
1672199769347 0.5625 30899
1672199783992 0.7749999761581421 30949
1672199798621 0.6875 30999
1672199824142 0.7083333730697632 31049
1672199838839 0.9166666865348816 31099
1672199853602 0.36250001192092896 31149
1672199868258 0.4124999940395355 31199
1672199893687 1.0 31249
1672199908264 0.7083333730697632 31299
1672199922899 0.3958333432674408 31349
1672199937821 0.5833333730697632 31399
1672199952517 0.2916666865348816 31449
1672199977928 0.4583333432674408 31499
1672199992471 0.5874999761581421 31549
1672200007100 0.5833333730697632 31599
1672200021870 0.8333333730697632 31649
1672200046871 1.0 31699
1672200061516 0.4791666865348816 31749
1672200076534 0.5 31799
1672200091332 0.6458333134651184 31849
1672200117062 0.7124999761581421 31899
1672200131786 0.3750000298023224 31949
1672200146595 0.8541666865348816 31999
1672200161321 0.5833333134651184 32049
1672200176042 0.8452380895614624 32099
1672200201473 0.6875 32149
1672200216393 0.7250000238418579 32199
1672200231013 0.7291666865348816 32249
1672200245625 1.0 32299
1672200270701 0.5208333730697632 32349
1672200285265 0.5 32399
1672200300107 0.5833333730697632 32449
1672200314697 0.7291666865348816 32499
1672200329025 0.25 32549
