1672189367469 0.571074903011322 216
1672189440303 0.5854294896125793 433
1672189513699 0.585967481136322 650
1672189586564 0.598124086856842 867
1672189659352 0.5974869132041931 1084
1672189732732 0.5854582190513611 1301
1672189805706 0.5797742605209351 1518
1672189880772 0.5751389265060425 1735
1672189955324 0.5889458060264587 1952
1672190027976 0.5936843156814575 2169
1672190100999 0.5889952778816223 2386
1672190173964 0.6022157669067383 2603
1672190246456 0.600878119468689 2820
1672190320031 0.5988920331001282 3037
1672190392658 0.6006661057472229 3254
1672190465610 0.6087448000907898 3471
1672190538596 0.6003440618515015 3688
1672190611406 0.6073189973831177 3905
1672190684309 0.6186566948890686 4122
1672190757227 0.6202340126037598 4339
1672190829965 0.6228323578834534 4556
1672190902826 0.6216872930526733 4773
1672190975794 0.6189567446708679 4990
1672191049216 0.6260364055633545 5207
1672191122645 0.6177112460136414 5424
1672191195596 0.6220768094062805 5641
1672191268957 0.6227030158042908 5858
1672191341839 0.6258478164672852 6075
1672191415044 0.6340861320495605 6292
1672191488252 0.6288907527923584 6509
1672191561467 0.6382672786712646 6726
1672191636319 0.6276025772094727 6943
1672191711284 0.6362661123275757 7160
1672191785262 0.6274305582046509 7377
1672191858734 0.6290531158447266 7594
1672191933202 0.6321166753768921 7811
1672192008824 0.6344976425170898 8028
1672192083039 0.6314202547073364 8245
1672192156520 0.6287901997566223 8462
1672192229612 0.6355780363082886 8679
1672192303262 0.6261023283004761 8896
1672192376684 0.6207183599472046 9113
1672192450052 0.6322597861289978 9330
1672192523357 0.6328034400939941 9547
1672192596688 0.6249131560325623 9764
1672192669995 0.6434820294380188 9981
1672192743612 0.6321139335632324 10198
1672192817237 0.6375914216041565 10415
1672192891175 0.6249257922172546 10632
1672192964876 0.6334985494613647 10849
1672193038034 0.6333594918251038 11066
1672193111646 0.6273189783096313 11283
1672193185315 0.6364354491233826 11500
1672193259459 0.6252188086509705 11717
1672193332796 0.6306124329566956 11934
1672193406450 0.6255037188529968 12151
1672193480291 0.6339690685272217 12368
1672193553983 0.6415566205978394 12585
1672193627702 0.6355395317077637 12802
1672193700922 0.6244204640388489 13019
1672193774363 0.6492581367492676 13236
1672193848001 0.6319074630737305 13453
1672193921605 0.6380554437637329 13670
1672193994942 0.631516695022583 13887
1672194068272 0.636713445186615 14104
1672194141905 0.6353248357772827 14321
1672194215290 0.6416983604431152 14538
1672194288803 0.6280401945114136 14755
1672194361942 0.6348032355308533 14972
1672194435449 0.6329686641693115 15189
1672194509057 0.6375942826271057 15406
1672194582603 0.6439305543899536 15623
1672194655825 0.6381489038467407 15840
1672194729426 0.6280925273895264 16057
1672194802733 0.6301625370979309 16274
1672194876446 0.6334681510925293 16491
1672194949539 0.6383540630340576 16708
1672195023882 0.6398926377296448 16925
1672195097233 0.6383402347564697 17142
1672195170716 0.6432713866233826 17359
1672195243776 0.6422446966171265 17576
1672195317020 0.6278337240219116 17793
1672195390180 0.6418002843856812 18010
1672195463280 0.6409716010093689 18227
1672195537153 0.6444646120071411 18444
1672195610437 0.6357418894767761 18661
1672195684157 0.6478201150894165 18878
1672195757066 0.63634192943573 19095
1672195830470 0.6357721090316772 19312
1672195904217 0.6394714713096619 19529
1672195977584 0.6618110537528992 19746
1672196051067 0.6393448710441589 19963
1672196124490 0.6470740437507629 20180
1672196198178 0.6432824730873108 20397
1672196273383 0.6321883201599121 20614
1672196347326 0.6296958327293396 20831
1672196421169 0.6518152952194214 21048
1672196494433 0.6330801248550415 21265
1672196567911 0.6524883508682251 21482
1672196641333 0.6309798955917358 21699
1672196714835 0.6604651808738708 21916
1672196788193 0.6386456489562988 22133
1672196861646 0.6379148960113525 22350
1672196934990 0.6412220597267151 22567
1672197008397 0.6484351754188538 22784
1672197082034 0.641472578048706 23001
1672197156125 0.6458326578140259 23218
1672197229494 0.6360005736351013 23435
1672197303050 0.6508037447929382 23652
1672197376439 0.6560060977935791 23869
1672197449735 0.6494219899177551 24086
1672197523062 0.6295100450515747 24303
1672197596512 0.6561712622642517 24520
1672197669632 0.6418056488037109 24737
1672197743381 0.6471580266952515 24954
1672197817009 0.6348912715911865 25171
1672197890726 0.6443573236465454 25388
1672197964257 0.6469639539718628 25605
1672198037513 0.6428791284561157 25822
1672198111100 0.6452463269233704 26039
1672198184615 0.6390696167945862 26256
1672198257706 0.6555600762367249 26473
1672198330978 0.6396585702896118 26690
1672198404257 0.657420814037323 26907
1672198478369 0.6461629867553711 27124
1672198552422 0.6350193023681641 27341
1672198626858 0.6319694519042969 27558
1672198701052 0.6425420045852661 27775
1672198775336 0.6487957239151001 27992
1672198849836 0.6377456784248352 28209
1672198924304 0.6416542530059814 28426
1672198998863 0.6484861969947815 28643
1672199073440 0.6396049857139587 28860
1672199148033 0.6508671045303345 29077
1672199222391 0.6402036547660828 29294
1672199296814 0.6488274335861206 29511
1672199371023 0.6498526930809021 29728
1672199446096 0.6518799066543579 29945
1672199519995 0.6531282663345337 30162
1672199594360 0.6404913663864136 30379
1672199668336 0.6504651308059692 30596
1672199743272 0.6428379416465759 30813
1672199817573 0.6373493075370789 31030
1672199892408 0.6455628275871277 31247
1672199967022 0.6542484760284424 31464
1672200040917 0.647162139415741 31681
1672200115964 0.6503302454948425 31898
1672200190816 0.6356757879257202 32115
1672200265026 0.6464215517044067 32332
1672200338887 0.6469130516052246 32549
