1672189309770 0.6833333373069763 49
1672189324047 0.5833333730697632 99
1672189338727 0.60317462682724 149
1672189352961 0.6309524178504944 199
1672189377748 0.75 249
1672189392163 0.6166666746139526 299
1672189406586 0.7416666746139526 349
1672189421003 0.375 399
1672189445598 0.5833333730697632 449
1672189460162 0.797619104385376 499
1672189474720 0.6138889193534851 549
1672189489437 0.5166666507720947 599
1672189503869 0.6166666746139526 649
1672189528624 0.5476190447807312 699
1672189542930 0.763888955116272 749
1672189557260 0.550000011920929 799
1672189571786 0.32499998807907104 849
1672189596448 0.6666666865348816 899
1672189611076 0.5763888955116272 949
1672189625560 0.5833333730697632 999
1672189640050 0.699999988079071 1049
1672189664334 0.7152777910232544 1099
1672189678766 0.6166666746139526 1149
1672189693340 0.6785714626312256 1199
1672189707764 0.6041666865348816 1249
1672189722281 0.6666666865348816 1299
1672189747143 0.9375 1349
1672189761620 0.6970238089561462 1399
1672189775938 0.6375000476837158 1449
1672189790287 0.6415584683418274 1499
1672189815354 0.7559524178504944 1549
1672189829987 0.6746032238006592 1599
1672189844441 0.7392857074737549 1649
1672189858904 0.2666666805744171 1699
1672189885611 0.4833333492279053 1749
1672189900116 0.6583333611488342 1799
1672189914480 0.7678571343421936 1849
1672189928883 0.7749999761581421 1899
1672189943274 0.7833333015441895 1949
1672189969611 0.7059524059295654 1999
1672189983996 0.7470238208770752 2049
1672189998417 0.6388888955116272 2099
1672190013079 0.7559523582458496 2149
1672190037490 0.6916666626930237 2199
1672190051921 0.6428571939468384 2249
1672190066291 0.511904776096344 2299
1672190080772 0.7083333730697632 2349
1672190105454 0.5892857313156128 2399
1672190119937 0.8809524178504944 2449
1672190134530 0.8388888835906982 2499
1672190149213 0.6333333849906921 2549
1672190163659 0.49642854928970337 2599
1672190187805 0.44999998807907104 2649
1672190202232 0.5178571343421936 2699
1672190216578 0.6625000238418579 2749
1672190231000 0.6597222089767456 2799
1672190255543 0.6578283309936523 2849
1672190270170 0.3392857313156128 2899
1672190284918 0.6097222566604614 2949
1672190299657 0.773809552192688 2999
1672190324099 0.6934524178504944 3049
1672190338521 0.5874999761581421 3099
1672190352970 0.6791666746139526 3149
1672190367518 0.6875 3199
1672190381914 0.625 3249
1672190406374 0.5892857313156128 3299
1672190420939 0.6761904954910278 3349
1672190435462 0.5249999761581421 3399
1672190450020 0.2916666865348816 3449
1672190474404 0.8785714507102966 3499
1672190489070 0.8666666746139526 3549
1672190503537 0.6416666507720947 3599
1672190518011 0.8309524059295654 3649
1672190542481 0.20000000298023224 3699
1672190557028 0.6666666865348816 3749
1672190571568 0.8928571939468384 3799
1672190586077 0.3888888955116272 3849
1672190600512 0.7000000476837158 3899
1672190624816 0.5357142686843872 3949
1672190639227 0.7208333015441895 3999
1672190653785 0.6000000238418579 4049
1672190668168 0.5267857313156128 4099
1672190692754 0.615079402923584 4149
1672190707226 0.6208333373069763 4199
1672190721784 0.7651515603065491 4249
1672190736221 0.7939394116401672 4299
1672190760808 0.7666666507720947 4349
1672190775320 0.949999988079071 4399
1672190789709 0.5571428537368774 4449
1672190804233 0.6763889789581299 4499
1672190818655 0.6476190686225891 4549
1672190842987 0.7000000476837158 4599
1672190857330 0.769444465637207 4649
1672190872010 0.7142857313156128 4699
1672190886506 0.5 4749
1672190911272 0.6000000238418579 4799
1672190925666 0.5928571224212646 4849
1672190940057 0.6857143044471741 4899
1672190954561 0.6388888955116272 4949
1672190979049 0.6875 4999
1672190993792 0.5809524059295654 5049
1672191008274 0.5476190447807312 5099
1672191022803 0.7833333611488342 5149
1672191037415 0.625 5199
1672191062082 0.7666666507720947 5249
1672191076646 0.7416666746139526 5299
1672191091211 0.7510822415351868 5349
1672191105697 0.5166667103767395 5399
1672191130521 0.5095238089561462 5449
1672191145061 0.7833333611488342 5499
1672191159480 0.887499988079071 5549
1672191173856 0.5 5599
1672191198541 0.49761903285980225 5649
1672191213105 0.6666666865348816 5699
1672191227554 0.6900793313980103 5749
1672191242184 0.8017857074737549 5799
1672191256781 0.7285714149475098 5849
1672191281467 0.8041666746139526 5899
1672191295904 0.8666666746139526 5949
1672191310329 0.773809552192688 5999
1672191324770 0.523809552192688 6049
1672191349437 0.2874999940395355 6099
1672191364027 0.4791666865348816 6149
1672191378501 0.36666667461395264 6199
1672191393052 0.7083333730697632 6249
1672191417751 0.7420635223388672 6299
1672191432282 0.5892857313156128 6349
1672191446681 0.5821428894996643 6399
1672191461250 0.4583333432674408 6449
1672191475613 0.7916666865348816 6499
1672191500679 0.8666666746139526 6549
1672191515038 0.8055555820465088 6599
1672191529399 0.5375000238418579 6649
1672191543787 0.6071428656578064 6699
1672191568757 0.8597221970558167 6749
1672191583505 0.6309523582458496 6799
1672191597959 0.6416666507720947 6849
1672191612612 0.908730149269104 6899
1672191638838 0.6833333373069763 6949
1672191653276 0.4375 6999
1672191667715 0.6595238447189331 7049
1672191682145 0.5 7099
1672191696531 0.8500000238418579 7149
1672191723435 0.5833333730697632 7199
1672191737962 0.6553571224212646 7249
1672191752717 0.625 7299
1672191767177 0.7892857193946838 7349
1672191792346 0.7939394116401672 7399
1672191806782 0.6458333730697632 7449
1672191821211 0.3541666865348816 7499
1672191835748 0.49166667461395264 7549
1672191860891 0.5142857432365417 7599
1672191875289 0.7833333611488342 7649
1672191890004 0.6726190447807312 7699
1672191904536 0.2916666865348816 7749
1672191918923 0.5357142686843872 7799
1672191944934 0.4333333373069763 7849
1672191959433 0.7022727727890015 7899
1672191974049 0.5684524178504944 7949
1672191988629 0.6666666269302368 7999
1672192015761 0.8263888955116272 8049
1672192030339 0.5809524059295654 8099
1672192044785 0.7416666746139526 8149
1672192059309 0.824999988079071 8199
1672192084871 0.5083333253860474 8249
1672192099290 0.7559524178504944 8299
1672192113873 0.8166666626930237 8349
1672192128402 0.4642857313156128 8399
1672192142796 0.5040404200553894 8449
1672192167839 0.6833333373069763 8499
1672192182379 0.6041666865348816 8549
1672192196828 0.7222222685813904 8599
1672192211207 0.826388955116272 8649
1672192236015 0.8095238208770752 8699
1672192250626 0.1428571492433548 8749
1672192265184 0.5345238447189331 8799
1672192279967 0.8809524178504944 8849
1672192304789 0.6625000238418579 8899
1672192319268 0.49761903285980225 8949
1672192333850 0.2857142686843872 8999
1672192348222 0.7410714626312256 9049
1672192362579 0.6701298952102661 9099
1672192387742 0.9142857193946838 9149
1672192402188 0.8660714626312256 9199
1672192416895 0.8184523582458496 9249
1672192431328 0.4888888895511627 9299
1672192456323 0.7416666746139526 9349
1672192470908 0.7976190447807312 9399
1672192485300 0.7000000476837158 9449
1672192499723 0.8785714507102966 9499
1672192524635 0.8055555820465088 9549
1672192539167 0.7083333730697632 9599
1672192553751 0.6785714626312256 9649
1672192568214 0.6499999761581421 9699
1672192582661 0.6166666746139526 9749
1672192607521 0.49166667461395264 9799
1672192622047 0.8055555820465088 9849
1672192636563 0.8875000476837158 9899
1672192650946 0.7559524178504944 9949
1672192675936 0.7833333611488342 9999
1672192690664 0.5833333730697632 10049
1672192705115 0.888888955116272 10099
1672192719561 0.6916666626930237 10149
1672192744622 0.8642857074737549 10199
1672192759364 0.5892857313156128 10249
1672192773800 0.5416666865348816 10299
1672192788309 0.6142857074737549 10349
1672192802768 0.4166666865348816 10399
1672192827918 0.7684524059295654 10449
1672192842486 0.8472222089767456 10499
1672192857041 0.550000011920929 10549
1672192871550 0.5333333015441895 10599
1672192896803 0.7059523463249207 10649
1672192911237 0.7708333730697632 10699
1672192925854 0.6814394593238831 10749
1672192940579 0.6666666865348816 10799
1672192954820 0.5 10849
1672192979926 0.5666666626930237 10899
1672192994341 0.5095238089561462 10949
1672193008911 0.4166666865348816 10999
1672193023366 0.6458333730697632 11049
1672193048223 0.6666666865348816 11099
1672193062749 0.5803571343421936 11149
1672193077355 0.7708333730697632 11199
1672193091921 0.7767857313156128 11249
1672193116995 0.7333333492279053 11299
1672193131592 0.4583333730697632 11349
1672193146015 0.7083333730697632 11399
1672193160446 0.7071428298950195 11449
1672193174875 0.6309524178504944 11499
1672193200785 0.699999988079071 11549
1672193215299 0.699999988079071 11599
1672193229828 0.4809523820877075 11649
1672193244430 0.7606061100959778 11699
1672193269338 0.5059524178504944 11749
1672193283815 0.44999998807907104 11799
1672193298252 0.7142857313156128 11849
1672193312698 0.6541666984558105 11899
1672193337815 0.6583333611488342 11949
1672193352418 0.5359848737716675 11999
1672193366922 0.670634925365448 12049
1672193381362 0.797619104385376 12099
1672193396069 0.6071428656578064 12149
1672193420983 0.7142857313156128 12199
1672193435555 0.6365079283714294 12249
1672193450221 0.6309524178504944 12299
1672193464764 0.4642857313156128 12349
1672193489955 0.7651515603065491 12399
1672193504476 0.8999999761581421 12449
1672193518997 0.6916666626930237 12499
1672193533668 0.4583333432674408 12549
1672193558766 0.6309524178504944 12599
1672193573282 0.6666666865348816 12649
1672193588176 0.8333333730697632 12699
1672193602620 0.8517857193946838 12749
1672193617027 0.7666667103767395 12799
1672193641862 0.9166666865348816 12849
1672193656402 0.7142857313156128 12899
1672193670970 0.5392857193946838 12949
1672193685340 0.2916666865348816 12999
1672193710356 0.8333333730697632 13049
1672193724842 0.7192460894584656 13099
1672193739469 0.6642857193946838 13149
1672193753935 0.8309524059295654 13199
1672193778817 0.8333333730697632 13249
1672193793252 0.5178571343421936 13299
1672193807852 0.5059523582458496 13349
1672193822333 0.5690476298332214 13399
1672193836918 0.2678571343421936 13449
1672193862131 0.8068181872367859 13499
1672193876638 0.75 13549
1672193891109 0.8452380895614624 13599
1672193905580 0.7803571224212646 13649
1672193930671 0.6666666865348816 13699
1672193945115 0.699999988079071 13749
1672193959524 0.6041666865348816 13799
1672193974119 0.8031746745109558 13849
1672193999070 0.8333333730697632 13899
1672194013460 0.4809523820877075 13949
1672194027899 0.6904762387275696 13999
1672194042630 0.5397727489471436 14049
1672194057046 0.4571428596973419 14099
1672194082034 0.6017857193946838 14149
1672194096544 0.6428571343421936 14199
1672194111158 0.380952388048172 14249
1672194125844 0.5333333611488342 14299
1672194150662 0.5 14349
1672194165219 0.908730149269104 14399
1672194179635 0.6875 14449
1672194194172 0.7397727370262146 14499
1672194219142 0.3958333134651184 14549
1672194233754 0.761904776096344 14599
1672194248227 0.6666666865348816 14649
1672194262674 0.6666666865348816 14699
1672194277312 0.8541666865348816 14749
1672194302128 0.7689394354820251 14799
1672194316800 0.75 14849
1672194331240 0.5833333730697632 14899
1672194345599 0.7059524059295654 14949
1672194370429 0.6000000238418579 14999
1672194384976 0.7250000238418579 15049
1672194399370 0.4124999940395355 15099
1672194413747 0.7000000476837158 15149
1672194439042 0.4642857015132904 15199
1672194453509 0.4928571283817291 15249
1672194468120 0.4166666865348816 15299
1672194482609 0.6916667222976685 15349
1672194497081 0.5625 15399
1672194522259 0.4333333373069763 15449
1672194536672 0.747619092464447 15499
1672194551178 0.8666666746139526 15549
1672194565618 0.8036616444587708 15599
1672194590804 0.48749998211860657 15649
1672194605218 0.8166667222976685 15699
1672194619611 0.8041666746139526 15749
1672194634226 0.60317462682724 15799
1672194659134 0.5833333730697632 15849
1672194673574 0.6166666746139526 15899
1672194688010 0.5178571343421936 15949
1672194702599 0.4928571581840515 15999
1672194717015 0.4861111044883728 16049
1672194742439 0.638888955116272 16099
1672194756877 0.44999998807907104 16149
1672194771302 0.7317460179328918 16199
1672194785762 0.4900793731212616 16249
1672194810608 0.5357142686843872 16299
1672194825220 0.4166666865348816 16349
1672194839827 0.7817460298538208 16399
1672194854257 0.6529914736747742 16449
1672194879479 0.6499999761581421 16499
1672194893884 0.5416666865348816 16549
1672194908292 0.7446428537368774 16599
1672194922726 0.8035714626312256 16649
1672194937128 0.2928571403026581 16699
1672194962088 0.60317462682724 16749
1672194976958 0.574999988079071 16799
1672194991473 0.8095238208770752 16849
1672195006157 0.7178571224212646 16899
1672195031532 0.8055555820465088 16949
1672195046040 0.6416667103767395 16999
1672195060533 0.6095238327980042 17049
1672195075044 0.6499999761581421 17099
1672195099966 0.7833333611488342 17149
1672195114621 0.4583333730697632 17199
1672195129227 0.6642857193946838 17249
1672195143624 0.4791666865348816 17299
1672195158017 0.5249999761581421 17349
1672195183050 0.7202381491661072 17399
1672195197445 0.75 17449
1672195211862 0.7333333492279053 17499
1672195226279 0.699999988079071 17549
1672195251305 0.949999988079071 17599
1672195265692 0.5555555820465088 17649
1672195280037 0.824999988079071 17699
1672195294399 0.8071428537368774 17749
1672195319407 0.85317462682724 17799
1672195333812 0.8740079402923584 17849
1672195348245 0.8809524178504944 17899
1672195362646 0.4166666865348816 17949
1672195377253 0.512499988079071 17999
1672195402092 0.6000000238418579 18049
1672195416636 0.6785714626312256 18099
1672195431033 0.7892857193946838 18149
1672195445582 0.8865079283714294 18199
1672195470295 0.7083333730697632 18249
1672195484766 0.7041667103767395 18299
1672195499304 0.5 18349
1672195513966 0.4791666865348816 18399
1672195539212 0.5928571224212646 18449
1672195553658 0.7416666746139526 18499
1672195568133 0.75 18549
1672195582741 0.6059523820877075 18599
1672195597193 0.7666667103767395 18649
1672195622079 0.6345238089561462 18699
1672195636539 0.8095238208770752 18749
1672195651259 0.8166666626930237 18799
1672195665849 0.8309524059295654 18849
1672195690870 0.9166666865348816 18899
1672195705242 0.5222222805023193 18949
1672195719743 0.8557692170143127 18999
1672195734124 0.3693181872367859 19049
1672195758971 0.5666666626930237 19099
1672195773569 0.5809524059295654 19149
1672195788048 0.5222222805023193 19199
1672195802845 0.894444465637207 19249
1672195817359 0.38749998807907104 19299
1672195841978 0.7678571343421936 19349
1672195856461 0.7559524178504944 19399
1672195870992 0.8055555820465088 19449
1672195885461 0.7541666626930237 19499
1672195910651 0.6583333611488342 19549
1672195925100 0.9007936716079712 19599
1672195939805 0.638888955116272 19649
1672195954211 0.4166666865348816 19699
1672195979224 0.6722222566604614 19749
1672195993697 0.7767857313156128 19799
1672196008143 0.5833333730697632 19849
1672196022588 0.6984848976135254 19899
1672196037034 0.7555555701255798 19949
1672196062184 0.6017857193946838 19999
1672196076924 0.7420635223388672 20049
1672196091400 0.8666666746139526 20099
1672196105868 0.5625 20149
1672196130649 0.7351190447807312 20199
1672196145215 0.5595238208770752 20249
1672196159664 0.8142857551574707 20299
1672196174094 0.875 20349
1672196199451 0.6845238208770752 20399
1672196214017 0.699999988079071 20449
1672196228467 0.512499988079071 20499
1672196242929 0.560606062412262 20549
1672196257416 0.5833333730697632 20599
1672196284191 0.7095238566398621 20649
1672196298620 0.6101190447807312 20699
1672196313183 0.46785712242126465 20749
1672196327618 0.49166667461395264 20799
1672196353301 0.4913420081138611 20849
1672196367762 0.4583333730697632 20899
1672196382250 0.7000000476837158 20949
1672196396753 0.7510822415351868 20999
1672196422193 0.8309524059295654 21049
1672196436624 0.7446428537368774 21099
1672196451051 0.762499988079071 21149
1672196465597 0.6499999761581421 21199
1672196479992 0.5928571224212646 21249
1672196505180 0.7357142567634583 21299
1672196519585 0.615079402923584 21349
1672196534153 0.38333335518836975 21399
1672196548531 0.5 21449
1672196573506 0.5833333730697632 21499
1672196587916 0.5595238208770752 21549
1672196602445 0.5761904716491699 21599
1672196617070 0.8928571343421936 21649
1672196631291 0.0 21699
1672196656606 0.797619104385376 21749
1672196671087 0.6809523701667786 21799
1672196685564 0.8392857313156128 21849
1672196700061 0.6095238327980042 21899
1672196725016 0.5472222566604614 21949
1672196739424 0.5178571343421936 21999
1672196753973 0.6309524178504944 22049
1672196768605 0.7000000476837158 22099
1672196793485 0.7142857313156128 22149
1672196808085 0.5833333730697632 22199
1672196822580 0.6666666865348816 22249
1672196837029 0.4939393997192383 22299
1672196851481 0.49166667461395264 22349
1672196876527 0.6915584802627563 22399
1672196890920 0.8309524059295654 22449
1672196905434 0.5428571701049805 22499
1672196919956 0.7722222805023193 22549
1672196944933 0.6833333373069763 22599
1672196959534 0.7833333611488342 22649
1672196973986 0.4928571283817291 22699
1672196988391 0.5 22749
1672197013506 0.5700549483299255 22799
1672197028070 0.6071428656578064 22849
1672197042572 0.44999998807907104 22899
1672197057063 0.6428571939468384 22949
1672197071584 0.7250000238418579 22999
1672197096748 0.763888955116272 23049
1672197111351 0.6666666865348816 23099
1672197125958 0.7095237970352173 23149
1672197140678 0.6865079402923584 23199
1672197165798 0.6597222089767456 23249
1672197180198 0.1428571343421936 23299
1672197194620 0.7166666984558105 23349
1672197209137 0.699999988079071 23399
1672197234224 0.5666666626930237 23449
1672197248640 0.6809523701667786 23499
1672197263418 0.5416666865348816 23549
1672197277810 0.5809524059295654 23599
1672197292206 0.7059524059295654 23649
1672197317353 0.8392857313156128 23699
1672197331777 0.7777777910232544 23749
1672197346369 0.5916666984558105 23799
1672197360780 0.7416666746139526 23849
1672197385780 0.9365079402923584 23899
1672197400253 0.8333333730697632 23949
1672197414896 0.8809524178504944 23999
1672197429240 0.8041667342185974 24049
1672197454136 0.8184524178504944 24099
1672197468564 0.8999999761581421 24149
1672197483174 0.625 24199
1672197497614 0.8999999761581421 24249
1672197512096 0.6666666865348816 24299
1672197537209 0.6642857193946838 24349
1672197551575 0.7833333611488342 24399
1672197566075 0.6166666746139526 24449
1672197580550 0.5939394235610962 24499
1672197605539 0.6583333611488342 24549
1672197619959 0.5809524059295654 24599
1672197634420 0.6178571581840515 24649
1672197648835 0.6726190447807312 24699
1672197673852 0.6166666746139526 24749
1672197688462 0.4017857313156128 24799
1672197703259 0.5666667222976685 24849
1672197717656 0.511904776096344 24899
1672197732060 0.8541666865348816 24949
1672197757041 0.7321428656578064 24999
1672197771736 0.7142857313156128 25049
1672197786161 0.7978896498680115 25099
1672197800568 0.40952378511428833 25149
1672197825819 0.5166666507720947 25199
1672197840425 0.625 25249
1672197855009 0.550000011920929 25299
1672197869587 0.8452381491661072 25349
1672197894611 0.7892857193946838 25399
1672197909061 0.7222222089767456 25449
1672197923539 0.8272727727890015 25499
1672197937963 0.574999988079071 25549
1672197952559 0.5952380895614624 25599
1672197977880 0.9642857313156128 25649
1672197992261 0.824999988079071 25699
1672198006780 0.6583333611488342 25749
1672198021161 0.4583333432674408 25799
1672198046054 0.6666666865348816 25849
1672198060560 0.711309552192688 25899
1672198075062 0.5392857193946838 25949
1672198089549 0.7698413133621216 25999
1672198114629 0.7142857313156128 26049
1672198129221 0.4833333492279053 26099
1672198143992 0.5416666865348816 26149
1672198158406 0.4375 26199
1672198172831 0.5142857432365417 26249
1672198197683 0.5595238208770752 26299
1672198212066 0.8642857074737549 26349
1672198226516 0.6583333611488342 26399
1672198241029 0.7559524178504944 26449
1672198265872 0.4571428596973419 26499
1672198280575 0.824999988079071 26549
1672198294963 0.5625 26599
1672198309372 0.6726190447807312 26649
1672198334260 0.6916666626930237 26699
1672198348686 0.8106061220169067 26749
1672198363201 0.5555555820465088 26799
1672198377800 0.773809552192688 26849
1672198392190 0.7410714626312256 26899
1672198417430 0.7532467842102051 26949
1672198431997 0.3888888955116272 26999
1672198446520 0.5476190447807312 27049
1672198461095 0.75 27099
1672198486341 0.9097222089767456 27149
1672198500980 0.5642857551574707 27199
1672198515498 0.41428571939468384 27249
1672198529964 0.6309523582458496 27299
1672198555515 0.8041666746139526 27349
1672198570200 0.625 27399
1672198584852 0.7539682984352112 27449
1672198599807 0.8785714507102966 27499
1672198614515 0.637499988079071 27549
1672198639706 0.5222222805023193 27599
1672198654365 0.6458333730697632 27649
1672198669050 0.7874999642372131 27699
1672198683730 0.5166666507720947 27749
1672198708792 0.699999988079071 27799
1672198723409 0.5833333730697632 27849
1672198738038 0.7689394354820251 27899
1672198752961 0.5428571701049805 27949
1672198778133 0.699999988079071 27999
1672198792766 0.7568181753158569 28049
1672198807579 0.8035714626312256 28099
1672198822209 0.9642857313156128 28149
1672198836876 0.6916666626930237 28199
1672198862374 0.5642856955528259 28249
1672198877247 0.4166666865348816 28299
1672198891901 0.7892857193946838 28349
1672198906484 0.8041666746139526 28399
1672198931901 0.8500000238418579 28449
1672198946497 0.7833333611488342 28499
1672198961120 0.49166667461395264 28549
1672198975788 0.7615079283714294 28599
1672199001395 0.9375 28649
1672199016306 0.8388888835906982 28699
1672199031060 0.6375000476837158 28749
1672199045667 0.3095238208770752 28799
1672199060235 0.6476190686225891 28849
1672199085779 0.7142857313156128 28899
1672199100439 0.7559524178504944 28949
1672199115103 0.699999988079071 28999
1672199129911 0.8517857193946838 29049
1672199155566 0.2666666805744171 29099
1672199170128 0.5357142686843872 29149
1672199184694 0.5583333373069763 29199
1672199199299 0.5 29249
1672199224671 0.7559524178504944 29299
1672199239333 0.5972222089767456 29349
1672199254004 0.824999988079071 29399
1672199268678 0.7416666746139526 29449
1672199283320 0.49166667461395264 29499
1672199309097 0.6964285969734192 29549
1672199323787 0.7952381372451782 29599
1672199338327 0.7952380776405334 29649
1672199352881 0.6517857313156128 29699
1672199377892 0.5642857551574707 29749
1672199392571 0.4333333373069763 29799
1672199407173 0.7291666865348816 29849
1672199421796 0.5714285373687744 29899
1672199447993 0.6666666865348816 29949
1672199462514 0.49761903285980225 29999
1672199477117 0.85317462682724 30049
1672199491678 0.85317462682724 30099
1672199506227 0.7541666626930237 30149
1672199531503 0.5523809194564819 30199
1672199546086 0.4392857253551483 30249
1672199560956 0.8500000238418579 30299
1672199575608 0.6892856955528259 30349
1672199600952 0.7416666746139526 30399
1672199615725 0.7083333730697632 30449
1672199630377 0.7416666746139526 30499
1672199644986 0.7410714626312256 30549
1672199670012 0.36666667461395264 30599
1672199684687 0.6458333730697632 30649
1672199699810 0.6642857193946838 30699
1672199714446 0.8160714507102966 30749
1672199729162 0.7261905074119568 30799
1672199754681 0.5059523582458496 30849
1672199769347 0.5166667103767395 30899
1672199783992 0.7041666507720947 30949
1672199798621 0.7892857193946838 30999
1672199824142 0.8166666626930237 31049
1672199838839 0.8666666746139526 31099
1672199853602 0.3976190686225891 31149
1672199868258 0.4791666865348816 31199
1672199893687 0.9166666865348816 31249
1672199908264 0.7666667103767395 31299
1672199922899 0.4791666865348816 31349
1672199937821 0.6527777910232544 31399
1672199952517 0.3333333432674408 31449
1672199977928 0.3916666805744171 31499
1672199992471 0.6238095760345459 31549
1672200007100 0.7142857313156128 31599
1672200021870 0.8666666746139526 31649
1672200046871 0.8666666746139526 31699
1672200061516 0.5476190447807312 31749
1672200076534 0.4166666865348816 31799
1672200091332 0.6642857789993286 31849
1672200117062 0.797619104385376 31899
1672200131786 0.3678571283817291 31949
1672200146595 0.9142857193946838 31999
1672200161321 0.6022727489471436 32049
1672200176042 0.8351647853851318 32099
1672200201473 0.7222222089767456 32149
1672200216393 0.7595238089561462 32199
1672200231013 0.7892857193946838 32249
1672200245625 0.9017857313156128 32299
1672200270701 0.6726190447807312 32349
1672200285265 0.5142857432365417 32399
1672200300107 0.5333333611488342 32449
1672200314697 0.6333333253860474 32499
1672200329025 0.25 32549
