1672189367469 1.9069558720528204 216
1672189440303 1.8926625068760181 433
1672189513699 1.8910439914443034 650
1672189586564 1.8885589749469045 867
1672189659352 1.8814303277382758 1084
1672189732732 1.8784650470382032 1301
1672189805706 1.8699522468548686 1518
1672189880772 1.8670469935564766 1735
1672189955324 1.859368778291072 1952
1672190027976 1.8510214206620579 2169
1672190100999 1.8468847171580967 2386
1672190173964 1.8496949295847485 2603
1672190246456 1.8430794247171691 2820
1672190320031 1.8455234557821936 3037
1672190392658 1.8387157809042938 3254
1672190465610 1.8335368558751772 3471
1672190538596 1.8331330562341708 3688
1672190611406 1.8290013807490093 3905
1672190684309 1.8232989016902132 4122
1672190757227 1.8212471960865475 4339
1672190829965 1.8220062245256672 4556
1672190902826 1.8181403312829667 4773
1672190975794 1.8226117324165294 4990
1672191049216 1.8153082140293435 5207
1672191122645 1.8190134447862611 5424
1672191195596 1.808723007643787 5641
1672191268957 1.810410128539109 5858
1672191341839 1.812172422479254 6075
1672191415044 1.8078484644083312 6292
1672191488252 1.8027554634254637 6509
1672191561467 1.8036210479433823 6726
1672191636319 1.8013162024400033 6943
1672191711284 1.8015762811801852 7160
1672191785262 1.8020084251316977 7377
1672191858734 1.7966407596088159 7594
1672191933202 1.7909525950068366 7811
1672192008824 1.7955300922250328 8028
1672192083039 1.793086155138213 8245
1672192156520 1.7886828576297653 8462
1672192229612 1.7889430218354263 8679
1672192303262 1.7876572735867222 8896
1672192376684 1.7846239414886493 9113
1672192450052 1.7828891382720764 9330
1672192523357 1.7837040525407841 9547
1672192596688 1.786088053127283 9764
1672192669995 1.7774411067614746 9981
1672192743612 1.7802847552398702 10198
1672192817237 1.7777363104632982 10415
1672192891175 1.7772942750388738 10632
1672192964876 1.7728037789052342 10849
1672193038034 1.7703261433365052 11066
1672193111646 1.7738568681362663 11283
1672193185315 1.7719868700474364 11500
1672193259459 1.7685872597267782 11717
1672193332796 1.7683967853936027 11934
1672193406450 1.768043100481684 12151
1672193480291 1.7714768593868686 12368
1672193553983 1.7641773528178997 12585
1672193627702 1.764142582139231 12802
1672193700922 1.7638291276607434 13019
1672193774363 1.7601311265001809 13236
1672193848001 1.7649297293094652 13453
1672193921605 1.7607428467692197 13670
1672193994942 1.761871042410812 13887
1672194068272 1.7623554386263278 14104
1672194141905 1.7570739505774742 14321
1672194215290 1.7601190755185667 14538
1672194288803 1.7528054518067417 14755
1672194361942 1.7540631887956595 14972
1672194435449 1.7563069542202823 15189
1672194509057 1.7588363986573066 15406
1672194582603 1.7536077120144211 15623
1672194655825 1.7585940493942005 15840
1672194729426 1.754350067880203 16057
1672194802733 1.7533835011097494 16274
1672194876446 1.7501981049311102 16491
1672194949539 1.7498518041893143 16708
1672195023882 1.7483094021117351 16925
1672195097233 1.748922344904381 17142
1672195170716 1.749965227783965 17359
1672195243776 1.751240957775449 17576
1672195317020 1.7540375847371659 17793
1672195390180 1.7508856205750996 18010
1672195463280 1.7476315801042197 18227
1672195537153 1.7460035696504836 18444
1672195610437 1.7488920159253 18661
1672195684157 1.7486823553792776 18878
1672195757066 1.7483175661225978 19095
1672195830470 1.7419680209122654 19312
1672195904217 1.7460042567761638 19529
1672195977584 1.7427785740691109 19746
1672196051067 1.7460677362868815 19963
1672196124490 1.74775197240402 20180
1672196198178 1.7441696889642782 20397
1672196273383 1.7479585913236275 20614
1672196347326 1.7421895869100283 20831
1672196421169 1.7374392730844739 21048
1672196494433 1.7466228883687043 21265
1672196567911 1.7373651641178147 21482
1672196641333 1.739905137432563 21699
1672196714835 1.7389400364409333 21916
1672196788193 1.7404385364222204 22133
1672196861646 1.7362544837600795 22350
1672196934990 1.738780589550222 22567
1672197008397 1.7408968190935785 22784
1672197082034 1.7380975638795617 23001
1672197156125 1.740553992763158 23218
1672197229494 1.7355393594174993 23435
1672197303050 1.734576154681945 23652
1672197376439 1.7351971749791857 23869
1672197449735 1.7382267514805487 24086
1672197523062 1.7353883818832219 24303
1672197596512 1.7355868167108586 24520
1672197669632 1.7343987509074144 24737
1672197743381 1.7307732382110224 24954
1672197817009 1.7366598897454373 25171
1672197890726 1.7329164249085203 25388
1672197964257 1.736029459530433 25605
1672198037513 1.7354912912999063 25822
1672198111100 1.7276522800743934 26039
1672198184615 1.733067069740938 26256
1672198257706 1.7273079174259887 26473
1672198330978 1.7294711701099608 26690
1672198404257 1.7287260841467316 26907
1672198478369 1.728040685413839 27124
1672198552422 1.7256273357094263 27341
1672198626858 1.7273913215325645 27558
1672198701052 1.7297852451748574 27775
1672198775336 1.724094853631718 27992
1672198849836 1.730933022680022 28209
1672198924304 1.724923912878469 28426
1672198998863 1.7227605617953714 28643
1672199073440 1.7234245838766504 28860
1672199148033 1.7223059642987604 29077
1672199222391 1.7242170313713754 29294
1672199296814 1.7240815905871258 29511
1672199371023 1.7270033934045483 29728
1672199446096 1.7238080402532676 29945
1672199519995 1.7206888876545279 30162
1672199594360 1.7215233768466507 30379
1672199668336 1.719776520163073 30596
1672199743272 1.7173424797858283 30813
1672199817573 1.7203526284406188 31030
1672199892408 1.719467910208486 31247
1672199967022 1.7214156067868323 31464
1672200040917 1.7220881819675662 31681
1672200115964 1.7221247273769318 31898
1672200190816 1.7162114693632833 32115
1672200265026 1.716304909362477 32332
1672200338887 1.7204309252762466 32549
