1672189367469 0.7658959627151489 216
1672189440303 0.7754335403442383 433
1672189513699 0.7776011824607849 650
1672189586564 0.7767341136932373 867
1672189659352 0.7755780220031738 1084
1672189732732 0.7771676182746887 1301
1672189805706 0.7764450907707214 1518
1672189880772 0.7739884257316589 1735
1672189955324 0.7757225632667542 1952
1672190027976 0.7757225632667542 2169
1672190100999 0.7800577878952026 2386
1672190173964 0.7796242833137512 2603
1672190246456 0.7823699712753296 2820
1672190320031 0.7845375537872314 3037
1672190392658 0.7826589345932007 3254
1672190465610 0.7911849617958069 3471
1672190538596 0.788294792175293 3688
1672190611406 0.7952312231063843 3905
1672190684309 0.7949422001838684 4122
1672190757227 0.7984104156494141 4339
1672190829965 0.8010115623474121 4556
1672190902826 0.8008670806884766 4773
1672190975794 0.7986994385719299 4990
1672191049216 0.801300585269928 5207
1672191122645 0.7988439202308655 5424
1672191195596 0.8017340898513794 5641
1672191268957 0.800000011920929 5858
1672191341839 0.803901731967926 6075
1672191415044 0.8057803511619568 6292
1672191488252 0.8027456402778625 6509
1672191561467 0.8062138557434082 6726
1672191636319 0.8066474199295044 6943
1672191711284 0.8057803511619568 7160
1672191785262 0.8044797778129578 7377
1672191858734 0.8028901815414429 7594
1672191933202 0.81011563539505 7811
1672192008824 0.8054913282394409 8028
1672192083039 0.8054913282394409 8245
1672192156520 0.8060693740844727 8462
1672192229612 0.809393048286438 8679
1672192303262 0.8040462136268616 8896
1672192376684 0.8099710941314697 9113
1672192450052 0.808092474937439 9330
1672192523357 0.8050578236579895 9547
1672192596688 0.8050578236579895 9764
1672192669995 0.8070809245109558 9981
1672192743612 0.8060693740844727 10198
1672192817237 0.8125722408294678 10415
1672192891175 0.8034682273864746 10632
1672192964876 0.8086705207824707 10849
1672193038034 0.8079479932785034 11066
1672193111646 0.8063583970069885 11283
1672193185315 0.8075144290924072 11500
1672193259459 0.8078034520149231 11717
1672193332796 0.8054913282394409 11934
1672193406450 0.8057803511619568 12151
1672193480291 0.8105491399765015 12368
1672193553983 0.8098266124725342 12585
1672193627702 0.808092474937439 12802
1672193700922 0.8066474199295044 13019
1672193774363 0.8112716674804688 13236
1672193848001 0.8059248328208923 13453
1672193921605 0.809393048286438 13670
1672193994942 0.809393048286438 13887
1672194068272 0.8079479932785034 14104
1672194141905 0.8091040253639221 14321
1672194215290 0.8085260391235352 14538
1672194288803 0.811994194984436 14755
1672194361942 0.810693621635437 14972
1672194435449 0.808092474937439 15189
1672194509057 0.810693621635437 15406
1672194582603 0.8134393095970154 15623
1672194655825 0.811994194984436 15840
1672194729426 0.81011563539505 16057
1672194802733 0.81011563539505 16274
1672194876446 0.8096820712089539 16491
1672194949539 0.8141618371009827 16708
1672195023882 0.8099710941314697 16925
1672195097233 0.8128612637519836 17142
1672195170716 0.8138728141784668 17359
1672195243776 0.8127167820930481 17576
1672195317020 0.8086705207824707 17793
1672195390180 0.8124277591705322 18010
1672195463280 0.8096820712089539 18227
1672195537153 0.8184971213340759 18444
1672195610437 0.8109826445579529 18661
1672195684157 0.81488436460495 18878
1672195757066 0.8076589703559875 19095
1672195830470 0.8141618371009827 19312
1672195904217 0.81488436460495 19529
1672195977584 0.8154624104499817 19746
1672196051067 0.8096820712089539 19963
1672196124490 0.8127167820930481 20180
1672196198178 0.8135837912559509 20397
1672196273383 0.8137283325195312 20614
1672196347326 0.814306378364563 20831
1672196421169 0.81488436460495 21048
1672196494433 0.809393048286438 21265
1672196567911 0.8154624104499817 21482
1672196641333 0.8108381628990173 21699
1672196714835 0.8161849975585938 21916
1672196788193 0.8134393095970154 22133
1672196861646 0.8140173554420471 22350
1672196934990 0.8114162087440491 22567
1672197008397 0.8132947683334351 22784
1672197082034 0.8154624104499817 23001
1672197156125 0.8111271858215332 23218
1672197229494 0.8128612637519836 23435
1672197303050 0.8157514333724976 23652
1672197376439 0.816907525062561 23869
1672197449735 0.8128612637519836 24086
1672197523062 0.8104045987129211 24303
1672197596512 0.8173410296440125 24520
1672197669632 0.81488436460495 24737
1672197743381 0.8177745938301086 24954
1672197817009 0.8108381628990173 25171
1672197890726 0.8151733875274658 25388
1672197964257 0.8157514333724976 25605
1672198037513 0.8105491399765015 25822
1672198111100 0.8192196488380432 26039
1672198184615 0.8124277591705322 26256
1672198257706 0.8180635571479797 26473
1672198330978 0.8154624104499817 26690
1672198404257 0.8179190754890442 26907
1672198478369 0.8170520067214966 27124
1672198552422 0.8137283325195312 27341
1672198626858 0.8140173554420471 27558
1672198701052 0.8127167820930481 27775
1672198775336 0.8176300525665283 27992
1672198849836 0.8170520067214966 28209
1672198924304 0.8154624104499817 28426
1672198998863 0.8145954012870789 28643
1672199073440 0.8125722408294678 28860
1672199148033 0.8189306259155273 29077
1672199222391 0.8137283325195312 29294
1672199296814 0.8157514333724976 29511
1672199371023 0.816907525062561 29728
1672199446096 0.8127167820930481 29945
1672199519995 0.8163294792175293 30162
1672199594360 0.8179190754890442 30379
1672199668336 0.8195086717605591 30596
1672199743272 0.8147398829460144 30813
1672199817573 0.8176300525665283 31030
1672199892408 0.8171965479850769 31247
1672199967022 0.8193641901016235 31464
1672200040917 0.8183525800704956 31681
1672200115964 0.8163294792175293 31898
1672200190816 0.8166185021400452 32115
1672200265026 0.816907525062561 32332
1672200338887 0.8196531534194946 32549
