1672189369546 0.0 216
1672189441338 0.0 433
1672189513816 0.0 650
1672189585987 0.0 867
1672189658907 0.0 1084
1672189731305 0.0 1301
1672189803994 0.0 1518
1672189878409 0.0 1735
1672189958156 0.0 1952
1672190031939 5.0 2169
1672190104580 19.0 2386
1672190178418 28.5 2603
1672190252808 24.25 2820
1672190325941 3.0 3037
1672190398693 23.25 3254
1672190471501 7.0 3471
1672190547007 23.25 3688
1672190620284 22.0 3905
1672190693453 26.25 4122
1672190766704 23.5 4339
1672190839186 26.5 4556
1672190911793 28.0 4773
1672190984197 25.25 4990
1672191057411 34.25 5207
1672191129875 11.25 5424
1672191202370 31.0 5641
1672191274823 27.5 5858
1672191347479 23.25 6075
1672191419981 22.25 6292
1672191492595 26.25 6509
1672191565075 21.25 6726
1672191637599 24.75 6943
1672191710675 17.25 7160
1672191783269 21.75 7377
1672191856596 24.5 7594
1672191930608 26.75 7811
1672192004415 21.5 8028
1672192078257 21.75 8245
1672192150602 22.75 8462
1672192224026 23.0 8679
1672192296801 27.0 8896
1672192369977 24.0 9113
1672192443251 23.0 9330
1672192516325 24.25 9547
1672192589040 26.25 9764
1672192662320 24.5 9981
1672192734726 24.0 10198
1672192807793 21.75 10415
1672192880467 24.5 10632
1672192953320 23.0 10849
1672193026232 23.0 11066
1672193099117 24.5 11283
1672193171824 23.5 11500
1672193244875 24.5 11717
1672193317589 25.25 11934
1672193390133 24.5 12151
1672193463314 24.0 12368
1672193535866 23.5 12585
1672193609024 24.0 12802
1672193681622 22.5 13019
1672193754698 24.25 13236
1672193827531 23.5 13453
1672193900157 25.5 13670
1672193972778 25.25 13887
1672194045249 23.5 14104
1672194117839 25.0 14321
1672194190811 23.5 14538
1672194263672 22.25 14755
1672194336394 23.75 14972
1672194409575 26.5 15189
1672194482525 25.0 15406
1672194555383 21.5 15623
1672194628191 24.0 15840
1672194700928 23.75 16057
1672194773756 24.0 16274
1672194846872 23.5 16491
1672194919734 25.0 16708
1672194992555 24.0 16925
1672195065647 23.5 17142
1672195138836 23.75 17359
1672195211952 23.5 17576
1672195284921 23.75 17793
1672195358210 23.5 18010
1672195431050 25.5 18227
1672195503946 23.5 18444
1672195576413 25.5 18661
1672195649550 23.5 18878
1672195722184 24.0 19095
1672195795066 23.75 19312
1672195867578 23.75 19529
1672195940015 24.0 19746
1672196013122 24.0 19963
1672196085935 23.5 20180
1672196159042 24.0 20397
1672196231798 24.0 20614
1672196304382 23.5 20831
1672196377036 23.75 21048
1672196449546 24.0 21265
1672196522020 23.5 21482
1672196594798 23.75 21699
1672196668033 23.5 21916
1672196740773 24.0 22133
1672196813784 23.5 22350
1672196886627 23.75 22567
1672196959681 23.75 22784
1672197032607 23.5 23001
1672197105608 23.5 23218
1672197178571 23.75 23435
1672197251863 23.5 23652
1672197324385 23.5 23869
1672197397317 23.5 24086
1672197470206 23.5 24303
1672197543408 23.75 24520
1672197616336 21.5 24737
1672197689682 22.0 24954
1672197762485 23.5 25171
1672197835807 23.5 25388
1672197908907 17.5 25605
1672197982053 23.75 25822
1672198055258 23.25 26039
1672198128230 23.5 26256
1672198201252 23.75 26473
1672198273989 24.25 26690
1672198347005 24.25 26907
1672198419603 24.25 27124
1672198492477 23.75 27341
1672198565692 24.0 27558
1672198639068 24.0 27775
1672198713028 23.75 27992
1672198786699 21.75 28209
1672198860481 23.75 28426
1672198934140 24.0 28643
1672199008597 23.75 28860
1672199082676 24.0 29077
1672199156880 23.75 29294
1672199230649 24.5 29511
1672199304878 22.0 29728
1672199378931 24.25 29945
1672199452623 23.75 30162
1672199526998 24.5 30379
1672199601213 23.75 30596
1672199675613 24.25 30813
1672199749282 23.75 31030
1672199823625 23.75 31247
1672199897472 23.75 31464
1672199971480 23.75 31681
1672200045326 23.5 31898
1672200119232 23.75 32115
1672200193005 23.75 32332
1672200267639 23.25 32549
