1672189315182 0 49
1672189329414 0 99
1672189343976 0 149
1672189358315 0 199
1672189369546 0 216
1672189372457 1 216
1672189382572 1 249
1672189396865 1 299
1672189411088 1 349
1672189425351 1 399
1672189441338 1 433
1672189444447 2 433
1672189449574 2 449
1672189463855 2 499
1672189478379 2 549
1672189492922 2 599
1672189507210 2 649
1672189513816 2 650
1672189516954 3 650
1672189531659 3 699
1672189545924 3 749
1672189560256 3 799
1672189574529 3 849
1672189585987 3 867
1672189589157 4 867
1672189598988 4 899
1672189613478 4 949
1672189627849 4 999
1672189642411 4 1049
1672189658907 4 1084
1672189661992 5 1084
1672189666933 5 1099
1672189681257 5 1149
1672189695529 5 1199
1672189709813 5 1249
1672189724093 5 1299
1672189731305 5 1301
1672189734389 6 1301
1672189748733 6 1349
1672189763102 6 1399
1672189777445 6 1449
1672189791794 6 1499
1672189803994 6 1518
1672189807188 7 1518
1672189816743 7 1549
1672189831008 7 1599
1672189845259 7 1649
1672189859527 7 1699
1672189878409 7 1735
1672189881608 8 1735
1672189886228 8 1749
1672189900586 8 1799
1672189914860 8 1849
1672189929155 8 1899
1672189943457 8 1949
1672189958156 8 1952
1672189961302 9 1952
1672189975662 9 1999
1672189989954 9 2049
1672190004220 9 2099
1672190018618 9 2149
1672190031939 9 2169
1672190035086 10 2169
1672190044298 10 2199
1672190058620 10 2249
1672190072932 10 2299
1672190087250 10 2349
1672190104580 10 2386
1672190107721 11 2386
1672190112228 11 2399
1672190126968 11 2449
1672190141200 11 2499
1672190155441 11 2549
1672190169712 11 2599
1672190178418 11 2603
1672190181562 12 2603
1672190195468 12 2649
1672190209857 12 2699
1672190224113 12 2749
1672190238533 12 2799
1672190252808 12 2820
1672190255960 13 2820
1672190264931 13 2849
1672190279300 13 2899
1672190293568 13 2949
1672190307904 13 2999
1672190325941 13 3037
1672190329116 14 3037
1672190333255 14 3049
1672190347554 14 3099
1672190361868 14 3149
1672190376321 14 3199
1672190390582 14 3249
1672190398693 14 3254
1672190401849 15 3254
1672190415441 15 3299
1672190429808 15 3349
1672190444255 15 3399
1672190458688 15 3449
1672190471501 15 3471
1672190474572 16 3471
1672190483485 16 3499
1672190498004 16 3549
1672190512369 16 3599
1672190526900 16 3649
1672190547007 16 3688
1672190550146 17 3688
1672190554312 17 3699
1672190568695 17 3749
1672190583109 17 3799
1672190597619 17 3849
1672190611899 17 3899
1672190620284 17 3905
1672190623434 18 3905
1672190636655 18 3949
1672190651156 18 3999
1672190665489 18 4049
1672190679940 18 4099
1672190693453 18 4122
1672190696627 19 4122
1672190705180 19 4149
1672190719519 19 4199
1672190734000 19 4249
1672190748472 19 4299
1672190766704 19 4339
1672190769862 20 4339
1672190773608 20 4349
1672190787973 20 4399
1672190802202 20 4449
1672190816623 20 4499
1672190830870 20 4549
1672190839186 20 4556
1672190842411 21 4556
1672190855492 21 4599
1672190869950 21 4649
1672190884357 21 4699
1672190898614 21 4749
1672190911793 21 4773
1672190914890 22 4773
1672190922919 22 4799
1672190937228 22 4849
1672190951709 22 4899
1672190966085 22 4949
1672190984197 22 4990
1672190987317 23 4990
1672190990615 23 4999
1672191005299 23 5049
1672191019882 23 5099
1672191034313 23 5149
1672191048679 23 5199
1672191057411 23 5207
1672191060590 24 5207
1672191073275 24 5249
1672191087693 24 5299
1672191102073 24 5349
1672191116358 24 5399
1672191129875 24 5424
1672191133040 25 5424
1672191140815 25 5449
1672191155251 25 5499
1672191169553 25 5549
1672191183951 25 5599
1672191202370 25 5641
1672191205547 26 5641
1672191208522 26 5649
1672191222818 26 5699
1672191237095 26 5749
1672191251487 26 5799
1672191265935 26 5849
1672191274823 26 5858
1672191277943 27 5858
1672191290679 27 5899
1672191305042 27 5949
1672191319632 27 5999
1672191333983 27 6049
1672191347479 27 6075
1672191350548 28 6075
1672191358138 28 6099
1672191372509 28 6149
1672191386938 28 6199
1672191401333 28 6249
1672191419981 28 6292
1672191423177 29 6292
1672191425863 29 6299
1672191440491 29 6349
1672191454928 29 6399
1672191469235 29 6449
1672191483547 29 6499
1672191492595 29 6509
1672191495686 30 6509
1672191507863 30 6549
1672191522292 30 6599
1672191536930 30 6649
1672191551447 30 6699
1672191565075 30 6726
1672191568245 31 6726
1672191575598 31 6749
1672191590183 31 6799
1672191604562 31 6849
1672191618868 31 6899
1672191637599 31 6943
1672191640792 32 6943
1672191643203 32 6949
1672191657555 32 6999
1672191671909 32 7049
1672191686378 32 7099
1672191700738 32 7149
1672191710675 32 7160
1672191713740 33 7160
1672191725610 33 7199
1672191740096 33 7249
1672191754547 33 7299
1672191768882 33 7349
1672191783269 33 7377
1672191786408 34 7377
1672191793400 34 7399
1672191807795 34 7449
1672191822152 34 7499
1672191836637 34 7549
1672191856596 34 7594
1672191859803 35 7594
1672191861927 35 7599
1672191876232 35 7649
1672191890990 35 7699
1672191905291 35 7749
1672191919529 35 7799
1672191930608 35 7811
1672191933601 36 7811
1672191945160 36 7849
1672191959636 36 7899
1672191974024 36 7949
1672191988370 36 7999
1672192004415 36 8028
1672192007540 37 8028
1672192014487 37 8049
1672192028926 37 8099
1672192043549 37 8149
1672192057846 37 8199
1672192078257 37 8245
1672192081398 38 8245
1672192083318 38 8249
1672192097591 38 8299
1672192111978 38 8349
1672192126323 38 8399
1672192140700 38 8449
1672192150602 38 8462
1672192153772 39 8462
1672192165037 39 8499
1672192179758 39 8549
1672192194257 39 8599
1672192208710 39 8649
1672192224026 39 8679
1672192227249 40 8679
1672192233786 40 8699
1672192248137 40 8749
1672192262463 40 8799
1672192276899 40 8849
1672192296801 40 8896
1672192299993 41 8896
1672192301499 41 8899
1672192316235 41 8949
1672192330721 41 8999
1672192345119 41 9049
1672192359509 41 9099
1672192369977 41 9113
1672192373259 42 9113
1672192384544 42 9149
1672192398995 42 9199
1672192413534 42 9249
1672192428048 42 9299
1672192443251 42 9330
1672192446396 43 9330
1672192452598 43 9349
1672192467307 43 9399
1672192481775 43 9449
1672192496196 43 9499
1672192516325 43 9547
1672192519463 44 9547
1672192520729 44 9549
1672192535310 44 9599
1672192549749 44 9649
1672192564120 44 9699
1672192578615 44 9749
1672192589040 44 9764
1672192592261 45 9764
1672192603123 45 9799
1672192617683 45 9849
1672192632050 45 9899
1672192646564 45 9949
1672192662320 45 9981
1672192665539 46 9981
1672192671433 46 9999
1672192685728 46 10049
1672192699989 46 10099
1672192714423 46 10149
1672192734726 46 10198
1672192737916 47 10198
1672192738941 47 10199
1672192753480 47 10249
1672192767804 47 10299
1672192782323 47 10349
1672192796649 47 10399
1672192807793 47 10415
1672192810969 48 10415
1672192821354 48 10449
1672192835717 48 10499
1672192850232 48 10549
1672192864582 48 10599
1672192880467 48 10632
1672192883656 49 10632
1672192889324 49 10649
1672192903671 49 10699
1672192918061 49 10749
1672192932545 49 10799
1672192946772 49 10849
1672192953320 49 10849
1672192956496 50 10849
1672192971638 50 10899
1672192986032 50 10949
1672193000602 50 10999
1672193014994 50 11049
1672193026232 50 11066
1672193029374 51 11066
1672193039424 51 11099
1672193053902 51 11149
1672193068544 51 11199
1672193082872 51 11249
1672193099117 51 11283
1672193102263 52 11283
1672193107484 52 11299
1672193121806 52 11349
1672193136277 52 11399
1672193150700 52 11449
1672193165076 52 11499
1672193171824 52 11500
1672193174971 53 11500
1672193189825 53 11549
1672193204413 53 11599
1672193218793 53 11649
1672193233298 53 11699
1672193244875 53 11717
1672193248124 54 11717
1672193257989 54 11749
1672193272539 54 11799
1672193286956 54 11849
1672193301300 54 11899
1672193317589 54 11934
1672193320631 55 11934
1672193325558 55 11949
1672193339991 55 11999
1672193354403 55 12049
1672193368821 55 12099
1672193383070 55 12149
1672193390133 55 12151
1672193393335 56 12151
1672193407800 56 12199
1672193422336 56 12249
1672193436737 56 12299
1672193451098 56 12349
1672193463314 56 12368
1672193466543 57 12368
1672193476004 57 12399
1672193490350 57 12449
1672193504905 57 12499
1672193519198 57 12549
1672193535866 57 12585
1672193539047 58 12585
1672193543787 58 12599
1672193558312 58 12649
1672193572813 58 12699
1672193587202 58 12749
1672193601826 58 12799
1672193609024 58 12802
1672193612222 59 12802
1672193626264 59 12849
1672193640821 59 12899
1672193655133 59 12949
1672193669423 59 12999
1672193681622 59 13019
1672193684797 60 13019
1672193694226 60 13049
1672193708701 60 13099
1672193723024 60 13149
1672193737421 60 13199
1672193754698 60 13236
1672193757839 61 13236
1672193762281 61 13249
1672193776625 61 13299
1672193791080 61 13349
1672193805338 61 13399
1672193819802 61 13449
1672193827531 61 13453
1672193830739 62 13453
1672193844609 62 13499
1672193858925 62 13549
1672193873564 62 13599
1672193887923 62 13649
1672193900157 62 13670
1672193903323 63 13670
1672193912528 63 13699
1672193926849 63 13749
1672193941132 63 13799
1672193955582 63 13849
1672193972778 63 13887
1672193976005 64 13887
1672193980103 64 13899
1672193994380 64 13949
1672194008664 64 13999
1672194022938 64 14049
1672194037378 64 14099
1672194045249 64 14104
1672194048350 65 14104
1672194062007 65 14149
1672194076444 65 14199
1672194090747 65 14249
1672194105052 65 14299
1672194117839 65 14321
1672194121101 66 14321
1672194129804 66 14349
1672194144200 66 14399
1672194158726 66 14449
1672194173101 66 14499
1672194190811 66 14538
1672194194049 67 14538
1672194197837 67 14549
1672194212166 67 14599
1672194226494 67 14649
1672194241037 67 14699
1672194255429 67 14749
1672194263672 67 14755
1672194266912 68 14755
1672194280306 68 14799
1672194294619 68 14849
1672194308950 68 14899
1672194323431 68 14949
1672194336394 68 14972
1672194339641 69 14972
1672194348110 69 14999
1672194362598 69 15049
1672194376989 69 15099
1672194391495 69 15149
1672194409575 69 15189
1672194412815 70 15189
1672194416357 70 15199
1672194430686 70 15249
1672194445176 70 15299
1672194459495 70 15349
1672194473931 70 15399
1672194482525 70 15406
1672194485782 71 15406
1672194498755 71 15449
1672194513254 71 15499
1672194527827 71 15549
1672194542180 71 15599
1672194555383 71 15623
1672194558605 72 15623
1672194566763 72 15649
1672194581255 72 15699
1672194595680 72 15749
1672194610035 72 15799
1672194628191 72 15840
1672194631400 73 15840
1672194634673 73 15849
1672194649062 73 15899
1672194663488 73 15949
1672194677757 73 15999
1672194692004 73 16049
1672194700928 73 16057
1672194704177 74 16057
1672194716904 74 16099
1672194731216 74 16149
1672194745651 74 16199
1672194759980 74 16249
1672194773756 74 16274
1672194776992 75 16274
1672194784902 75 16299
1672194799410 75 16349
1672194813878 75 16399
1672194828273 75 16449
1672194846872 75 16491
1672194850120 76 16491
1672194853044 76 16499
1672194867359 76 16549
1672194881944 76 16599
1672194896264 76 16649
1672194910588 76 16699
1672194919734 76 16708
1672194922925 77 16708
1672194935410 77 16749
1672194949769 77 16799
1672194964145 77 16849
1672194978593 77 16899
1672194992555 77 16925
1672194995996 78 16925
1672195003534 78 16949
1672195018061 78 16999
1672195032564 78 17049
1672195046986 78 17099
1672195065647 78 17142
1672195068865 79 17142
1672195071618 79 17149
1672195086122 79 17199
1672195100483 79 17249
1672195114970 79 17299
1672195129304 79 17349
1672195138836 79 17359
1672195142088 80 17359
1672195154209 80 17399
1672195168774 80 17449
1672195183241 80 17499
1672195197562 80 17549
1672195211952 80 17576
1672195215123 81 17576
1672195222431 81 17599
1672195236949 81 17649
1672195251322 81 17699
1672195265720 81 17749
1672195284921 81 17793
1672195288198 82 17793
1672195290650 82 17799
1672195304973 82 17849
1672195319318 82 17899
1672195333950 82 17949
1672195348393 82 17999
1672195358210 82 18010
1672195361486 83 18010
1672195373340 83 18049
1672195387858 83 18099
1672195402176 83 18149
1672195416473 83 18199
1672195431050 83 18227
1672195434303 84 18227
1672195441280 84 18249
1672195455586 84 18299
1672195469859 84 18349
1672195484424 84 18399
1672195503946 84 18444
1672195507184 85 18444
1672195509439 85 18449
1672195523738 85 18499
1672195538015 85 18549
1672195552282 85 18599
1672195566561 85 18649
1672195576413 85 18661
1672195579699 86 18661
1672195591328 86 18699
1672195605662 86 18749
1672195619967 86 18799
1672195634724 86 18849
1672195649550 86 18878
1672195652852 87 18878
1672195659662 87 18899
1672195673958 87 18949
1672195688278 87 18999
1672195702545 87 19049
1672195722184 87 19095
1672195725481 88 19095
1672195727308 88 19099
1672195741625 88 19149
1672195756103 88 19199
1672195770385 88 19249
1672195784924 88 19299
1672195795066 88 19312
1672195798310 89 19312
1672195809543 89 19349
1672195824053 89 19399
1672195838359 89 19449
1672195852646 89 19499
1672195867578 89 19529
1672195870780 90 19529
1672195877145 90 19549
1672195891619 90 19599
1672195905856 90 19649
1672195920283 90 19699
1672195940015 90 19746
1672195943246 91 19746
1672195944780 91 19749
1672195959315 91 19799
1672195973825 91 19849
1672195988211 91 19899
1672196002734 91 19949
1672196013122 91 19963
1672196016349 92 19963
1672196027371 92 19999
1672196041794 92 20049
1672196056116 92 20099
1672196070471 92 20149
1672196085935 92 20180
1672196089196 93 20180
1672196095403 93 20199
1672196109815 93 20249
1672196124201 93 20299
1672196138908 93 20349
1672196159042 93 20397
1672196162319 94 20397
1672196163516 94 20399
1672196178007 94 20449
1672196192374 94 20499
1672196206950 94 20549
1672196221316 94 20599
1672196231798 94 20614
1672196235031 95 20614
1672196245797 95 20649
1672196260213 95 20699
1672196274499 95 20749
1672196288791 95 20799
1672196304382 95 20831
1672196307664 96 20831
1672196313474 96 20849
1672196327843 96 20899
1672196342209 96 20949
1672196356820 96 20999
1672196377036 96 21048
1672196380278 97 21048
1672196381217 97 21049
1672196395516 97 21099
1672196409926 97 21149
1672196424400 97 21199
1672196438696 97 21249
1672196449546 97 21265
1672196452717 98 21265
1672196463030 98 21299
1672196477374 98 21349
1672196491685 98 21399
1672196505996 98 21449
1672196522020 98 21482
1672196525343 99 21482
1672196531000 99 21499
1672196545432 99 21549
1672196559725 99 21599
1672196574020 99 21649
1672196588275 99 21699
1672196594798 99 21699
1672196598032 100 21699
1672196612967 100 21749
1672196627579 100 21799
1672196642069 100 21849
1672196656415 100 21899
1672196668033 100 21916
1672196671266 101 21916
1672196681391 101 21949
1672196695716 101 21999
1672196710165 101 22049
1672196724605 101 22099
1672196740773 101 22133
1672196744023 102 22133
1672196749341 102 22149
1672196763694 102 22199
1672196778060 102 22249
1672196792553 102 22299
1672196806875 102 22349
1672196813784 102 22350
1672196816999 103 22350
1672196831928 103 22399
1672196846258 103 22449
1672196860710 103 22499
1672196875039 103 22549
1672196886627 103 22567
1672196889847 104 22567
1672196899679 104 22599
1672196914140 104 22649
1672196928451 104 22699
1672196942804 104 22749
1672196959681 104 22784
1672196962968 105 22784
1672196967880 105 22799
1672196982219 105 22849
1672196996643 105 22899
1672197011001 105 22949
1672197025399 105 22999
1672197032607 105 23001
1672197035865 106 23001
1672197050315 106 23049
1672197064611 106 23099
1672197079241 106 23149
1672197093808 106 23199
1672197105608 106 23218
1672197108798 107 23218
1672197118342 107 23249
1672197132852 107 23299
1672197147375 107 23349
1672197161708 107 23399
1672197178571 107 23435
1672197181852 108 23435
1672197186535 108 23449
1672197200962 108 23499
1672197215362 108 23549
1672197230001 108 23599
1672197244375 108 23649
1672197251863 108 23652
1672197255098 109 23652
1672197269347 109 23699
1672197283640 109 23749
1672197297927 109 23799
1672197312256 109 23849
1672197324385 109 23869
1672197327650 110 23869
1672197336890 110 23899
1672197351297 110 23949
1672197365945 110 23999
1672197380285 110 24049
1672197397317 110 24086
1672197400548 111 24086
1672197404951 111 24099
1672197419442 111 24149
1672197433944 111 24199
1672197448301 111 24249
1672197462656 111 24299
1672197470206 111 24303
1672197473470 112 24303
1672197487530 112 24349
1672197502021 112 24399
1672197516405 112 24449
1672197530763 112 24499
1672197543408 112 24520
1672197546659 113 24520
1672197555776 113 24549
1672197570128 113 24599
1672197584539 113 24649
1672197598831 113 24699
1672197616336 113 24737
1672197619575 114 24737
1672197623717 114 24749
1672197638310 114 24799
1672197652741 114 24849
1672197667187 114 24899
1672197681682 114 24949
1672197689682 114 24954
1672197692967 115 24954
1672197706461 115 24999
1672197721040 115 25049
1672197735474 115 25099
1672197749720 115 25149
1672197762485 115 25171
1672197765736 116 25171
1672197774606 116 25199
1672197789109 116 25249
1672197803472 116 25299
1672197817851 116 25349
1672197835807 116 25388
1672197839023 117 25388
1672197842790 117 25399
1672197857428 117 25449
1672197871789 117 25499
1672197886175 117 25549
1672197900675 117 25599
1672197908907 117 25605
1672197912192 118 25605
1672197925548 118 25649
1672197939922 118 25699
1672197954298 118 25749
1672197968770 118 25799
1672197982053 118 25822
1672197985362 119 25822
1672197993879 119 25849
1672198008535 119 25899
1672198022968 119 25949
1672198037305 119 25999
1672198055258 119 26039
1672198058455 120 26039
1672198062039 120 26049
1672198076413 120 26099
1672198090785 120 26149
1672198105171 120 26199
1672198119680 120 26249
1672198128230 120 26256
1672198131463 121 26256
1672198144612 121 26299
1672198159112 121 26349
1672198173461 121 26399
1672198187936 121 26449
1672198201252 121 26473
1672198204417 122 26473
1672198212476 122 26499
1672198226797 122 26549
1672198241227 122 26599
1672198255498 122 26649
1672198273989 122 26690
1672198277200 123 26690
1672198280452 123 26699
1672198294935 123 26749
1672198309312 123 26799
1672198323698 123 26849
1672198338037 123 26899
1672198347005 123 26907
1672198350317 124 26907
1672198362965 124 26949
1672198377289 124 26999
1672198391564 124 27049
1672198405959 124 27099
1672198419603 124 27124
1672198422727 125 27124
1672198430623 125 27149
1672198444932 125 27199
1672198459275 125 27249
1672198473775 125 27299
1672198492477 125 27341
1672198495764 126 27341
1672198498747 126 27349
1672198513178 126 27399
1672198527765 126 27449
1672198542199 126 27499
1672198556639 126 27549
1672198565692 126 27558
1672198568918 127 27558
1672198581422 127 27599
1672198596171 127 27649
1672198610601 127 27699
1672198625051 127 27749
1672198639068 127 27775
1672198642497 128 27775
1672198650258 128 27799
1672198664745 128 27849
1672198679187 128 27899
1672198693783 128 27949
1672198713028 128 27992
1672198716251 129 27992
1672198719029 129 27999
1672198733480 129 28049
1672198748113 129 28099
1672198762609 129 28149
1672198777090 129 28199
1672198786699 129 28209
1672198789993 130 28209
1672198802281 130 28249
1672198816907 130 28299
1672198831673 130 28349
1672198846188 130 28399
1672198860481 130 28426
1672198863799 131 28426
1672198871216 131 28449
1672198885750 131 28499
1672198900281 131 28549
1672198914763 131 28599
1672198934140 131 28643
1672198937348 132 28643
1672198939784 132 28649
1672198954462 132 28699
1672198969313 132 28749
1672198983814 132 28799
1672198998920 132 28849
1672199008597 132 28860
1672199011903 133 28860
1672199023967 133 28899
1672199038500 133 28949
1672199053221 133 28999
1672199067752 133 29049
1672199082676 133 29077
1672199085935 134 29077
1672199093184 134 29099
1672199107820 134 29149
1672199122740 134 29199
1672199137252 134 29249
1672199156880 134 29294
1672199160128 135 29294
1672199162295 135 29299
1672199176859 135 29349
1672199191387 135 29399
1672199205915 135 29449
1672199220596 135 29499
1672199230649 135 29511
1672199233884 136 29511
1672199245963 136 29549
1672199260704 136 29599
1672199275289 136 29649
1672199289896 136 29699
1672199304878 136 29728
1672199308011 137 29728
1672199314780 137 29749
1672199329412 137 29799
1672199344057 137 29849
1672199358849 137 29899
1672199378931 137 29945
1672199382195 138 29945
1672199384078 138 29949
1672199398827 138 29999
1672199413383 138 30049
1672199427877 138 30099
1672199442352 138 30149
1672199452623 138 30162
1672199455978 139 30162
1672199467467 139 30199
1672199482106 139 30249
1672199496702 139 30299
1672199511607 139 30349
1672199526998 139 30379
1672199530279 140 30379
1672199536834 140 30399
1672199551472 140 30449
1672199566155 140 30499
1672199580692 140 30549
1672199601213 140 30596
1672199604677 141 30596
1672199606304 141 30599
1672199620804 141 30649
1672199635324 141 30699
1672199650308 141 30749
1672199664903 141 30799
1672199675613 141 30813
1672199678867 142 30813
1672199690033 142 30849
1672199704717 142 30899
1672199719243 142 30949
1672199733818 142 30999
1672199749282 142 31030
1672199752507 143 31030
1672199758666 143 31049
1672199773541 143 31099
1672199788115 143 31149
1672199802859 143 31199
1672199823625 143 31247
1672199826906 144 31247
1672199828245 144 31249
1672199842767 144 31299
1672199857498 144 31349
1672199871992 144 31399
1672199886523 144 31449
1672199897472 144 31464
1672199900818 145 31464
1672199912021 145 31499
1672199926639 145 31549
1672199941103 145 31599
1672199955561 145 31649
1672199971480 145 31681
1672199974688 146 31681
1672199980621 146 31699
1672199995219 146 31749
1672200009829 146 31799
1672200024458 146 31849
1672200045326 146 31898
1672200048559 147 31898
1672200049643 147 31899
1672200064561 147 31949
1672200079013 147 31999
1672200093452 147 32049
1672200108092 147 32099
1672200119232 147 32115
1672200122485 148 32115
1672200133122 148 32149
1672200147712 148 32199
1672200162180 148 32249
1672200176837 148 32299
1672200193005 148 32332
1672200196323 149 32332
1672200201923 149 32349
1672200216555 149 32399
1672200231474 149 32449
1672200246112 149 32499
1672200260707 149 32549
1672200267639 149 32549
1672200270958 150 32549
