1672189369546 0.0 216
1672189441338 0.0 433
1672189513816 1.5 650
1672189585987 1.5 867
1672189658907 0.0 1084
1672189731305 2.75 1301
1672189803994 13.5 1518
1672189878409 1.5 1735
1672189958156 6.75 1952
1672190031939 1.75 2169
1672190104580 13.75 2386
1672190178418 5.5 2603
1672190252808 2.25 2820
1672190325941 2.0 3037
1672190398693 1.75 3254
1672190471501 1.75 3471
1672190547007 4.25 3688
1672190620284 1.0 3905
1672190693453 1.0 4122
1672190766704 5.25 4339
1672190839186 2.25 4556
1672190911793 2.5 4773
1672190984197 3.0 4990
1672191057411 2.5 5207
1672191129875 4.75 5424
1672191202370 3.0 5641
1672191274823 2.5 5858
1672191347479 1.5 6075
1672191419981 3.0 6292
1672191492595 2.0 6509
1672191565075 3.0 6726
1672191637599 3.25 6943
1672191710675 2.25 7160
1672191783269 2.0 7377
1672191856596 4.0 7594
1672191930608 5.75 7811
1672192004415 4.0 8028
1672192078257 2.25 8245
1672192150602 6.0 8462
1672192224026 9.0 8679
1672192296801 7.5 8896
1672192369977 2.0 9113
1672192443251 3.5 9330
1672192516325 10.5 9547
1672192589040 4.0 9764
1672192662320 8.75 9981
1672192734726 4.5 10198
1672192807793 5.75 10415
1672192880467 7.25 10632
1672192953320 8.5 10849
1672193026232 19.75 11066
1672193099117 3.5 11283
1672193171824 6.75 11500
1672193244875 18.0 11717
1672193317589 4.5 11934
1672193390133 5.25 12151
1672193463314 6.25 12368
1672193535866 6.5 12585
1672193609024 14.5 12802
1672193681622 23.5 13019
1672193754698 10.25 13236
1672193827531 6.0 13453
1672193900157 6.25 13670
1672193972778 6.5 13887
1672194045249 12.0 14104
1672194117839 14.75 14321
1672194190811 6.25 14538
1672194263672 8.5 14755
1672194336394 15.75 14972
1672194409575 5.25 15189
1672194482525 5.75 15406
1672194555383 7.75 15623
1672194628191 10.25 15840
1672194700928 8.5 16057
1672194773756 14.5 16274
1672194846872 10.75 16491
1672194919734 8.75 16708
1672194992555 7.5 16925
1672195065647 9.5 17142
1672195138836 12.25 17359
1672195211952 7.5 17576
1672195284921 11.25 17793
1672195358210 6.5 18010
1672195431050 8.5 18227
1672195503946 17.0 18444
1672195576413 13.5 18661
1672195649550 13.5 18878
1672195722184 6.75 19095
1672195795066 12.5 19312
1672195867578 5.75 19529
1672195940015 9.0 19746
1672196013122 10.0 19963
1672196085935 12.0 20180
1672196159042 25.0 20397
1672196231798 14.5 20614
1672196304382 8.5 20831
1672196377036 5.75 21048
1672196449546 6.75 21265
1672196522020 6.25 21482
1672196594798 19.25 21699
1672196668033 12.75 21916
1672196740773 8.5 22133
1672196813784 20.0 22350
1672196886627 18.5 22567
1672196959681 12.5 22784
1672197032607 12.0 23001
1672197105608 6.75 23218
1672197178571 17.0 23435
1672197251863 10.0 23652
1672197324385 6.5 23869
1672197397317 15.0 24086
1672197470206 7.0 24303
1672197543408 11.25 24520
1672197616336 9.0 24737
1672197689682 23.0 24954
1672197762485 23.75 25171
1672197835807 12.0 25388
1672197908907 16.75 25605
1672197982053 19.25 25822
1672198055258 8.75 26039
1672198128230 11.25 26256
1672198201252 8.5 26473
1672198273989 6.25 26690
1672198347005 9.25 26907
1672198419603 8.5 27124
1672198492477 18.5 27341
1672198565692 20.25 27558
1672198639068 12.75 27775
1672198713028 5.25 27992
1672198786699 8.75 28209
1672198860481 21.25 28426
1672198934140 8.5 28643
1672199008597 10.5 28860
1672199082676 9.0 29077
1672199156880 16.25 29294
1672199230649 10.75 29511
1672199304878 12.25 29728
1672199378931 7.0 29945
1672199452623 18.0 30162
1672199526998 9.75 30379
1672199601213 9.0 30596
1672199675613 12.5 30813
1672199749282 11.5 31030
1672199823625 8.5 31247
1672199897472 10.25 31464
1672199971480 11.25 31681
1672200045326 11.75 31898
1672200119232 11.5 32115
1672200193005 7.0 32332
1672200267639 9.5 32549
