1672189372457 0.6194846630096436 216
1672189444447 0.635267436504364 433
1672189516954 0.6403264999389648 650
1672189589157 0.6434909105300903 867
1672189661992 0.6445146203041077 1084
1672189734389 0.6355922222137451 1301
1672189807188 0.6294326782226562 1518
1672189881608 0.6221076846122742 1735
1672189961302 0.6325573325157166 1952
1672190035086 0.6407086849212646 2169
1672190107721 0.636834979057312 2386
1672190181562 0.6463349461555481 2603
1672190255960 0.6425827741622925 2820
1672190329116 0.643921434879303 3037
1672190401849 0.6409516334533691 3254
1672190474572 0.6510960459709167 3471
1672190550146 0.6399708390235901 3688
1672190623434 0.6498024463653564 3905
1672190696627 0.6552378535270691 4122
1672190769862 0.6592895984649658 4339
1672190842411 0.6602286696434021 4556
1672190914890 0.663616955280304 4773
1672190987317 0.6531780362129211 4990
1672191060590 0.661357045173645 5207
1672191133040 0.6528047323226929 5424
1672191205547 0.6590615510940552 5641
1672191277943 0.656847357749939 5858
1672191350548 0.6559202075004578 6075
1672191423177 0.6722261905670166 6292
1672191495686 0.6606035232543945 6509
1672191568245 0.6660506129264832 6726
1672191640792 0.6544044613838196 6943
1672191713740 0.6676025390625 7160
1672191786408 0.6619582176208496 7377
1672191859803 0.6596783995628357 7594
1672191933601 0.6594409942626953 7811
1672192007540 0.6593803763389587 8028
1672192081398 0.6626016497612 8245
1672192153772 0.6548267006874084 8462
1672192227249 0.6605478525161743 8679
1672192299993 0.6538330316543579 8896
1672192373259 0.6454126834869385 9113
1672192446396 0.6594002842903137 9330
1672192519463 0.6568007469177246 9547
1672192592261 0.6521979570388794 9764
1672192665539 0.6692109704017639 9981
1672192737916 0.6590498089790344 10198
1672192810969 0.659749448299408 10415
1672192883656 0.6501486301422119 10632
1672192956496 0.6629474759101868 10849
1672193029374 0.6611580848693848 11066
1672193102263 0.6490186452865601 11283
1672193174971 0.6591175198554993 11500
1672193248124 0.6509748697280884 11717
1672193320631 0.6539487838745117 11934
1672193393335 0.6532017588615417 12151
1672193466543 0.6562219262123108 12368
1672193539047 0.6604512929916382 12585
1672193612222 0.6580880880355835 12802
1672193684797 0.6470677256584167 13019
1672193757839 0.671430230140686 13236
1672193830739 0.6551448106765747 13453
1672193903323 0.661651074886322 13670
1672193976005 0.6554309129714966 13887
1672194048350 0.6556121706962585 14104
1672194121101 0.6573475003242493 14321
1672194194049 0.6651362776756287 14538
1672194266912 0.651572048664093 14755
1672194339641 0.6598555445671082 14972
1672194412815 0.6517008543014526 15189
1672194485782 0.6581267714500427 15406
1672194558605 0.6581348776817322 15623
1672194631400 0.6630609631538391 15840
1672194704177 0.6532694101333618 16057
1672194776992 0.6459365487098694 16274
1672194850120 0.6530193090438843 16491
1672194922925 0.6586604118347168 16708
1672194995996 0.6586461067199707 16925
1672195068865 0.656110405921936 17142
1672195142088 0.6613290905952454 17359
1672195215123 0.6577675938606262 17576
1672195288198 0.6463850140571594 17793
1672195361486 0.6651471853256226 18010
1672195434303 0.6618145704269409 18227
1672195507184 0.6655332446098328 18444
1672195579699 0.6483583450317383 18661
1672195652852 0.6668808460235596 18878
1672195725481 0.6630213856697083 19095
1672195798310 0.6592110395431519 19312
1672195870780 0.6560731530189514 19529
1672195943246 0.6784966588020325 19746
1672196016349 0.6557010412216187 19963
1672196089196 0.6695271730422974 20180
1672196162319 0.6616480350494385 20397
1672196235031 0.6527674794197083 20614
1672196307664 0.6523227095603943 20831
1672196380278 0.6688914895057678 21048
1672196452717 0.6453806757926941 21265
1672196525343 0.6679101586341858 21482
1672196598032 0.654917299747467 21699
1672196671266 0.6693606972694397 21916
1672196744023 0.663086473941803 22133
1672196816999 0.6587924957275391 22350
1672196889847 0.6579289436340332 22567
1672196962968 0.6651285290718079 22784
1672197035865 0.6609253883361816 23001
1672197108798 0.6692625284194946 23218
1672197181852 0.6595377326011658 23435
1672197255098 0.6625869870185852 23652
1672197327650 0.6776807904243469 23869
1672197400548 0.6667854189872742 24086
1672197473470 0.65580815076828 24303
1672197546659 0.6672635078430176 24520
1672197619575 0.6581251621246338 24737
1672197692967 0.6651833057403564 24954
1672197765736 0.6584449410438538 25171
1672197839023 0.6620447635650635 25388
1672197912192 0.6652153134346008 25605
1672197985362 0.6602592468261719 25822
1672198058455 0.6684132814407349 26039
1672198131463 0.6583864688873291 26256
1672198204417 0.6679985523223877 26473
1672198277200 0.66083163022995 26690
1672198350317 0.6702263951301575 26907
1672198422727 0.6688700318336487 27124
1672198495764 0.6550865769386292 27341
1672198568918 0.6521189212799072 27558
1672198642497 0.6664289236068726 27775
1672198716251 0.6669663190841675 27992
1672198789993 0.6537200808525085 28209
1672198863799 0.660121738910675 28426
1672198937348 0.6670300364494324 28643
1672199011903 0.659057080745697 28860
1672199085935 0.6665650606155396 29077
1672199160128 0.6594479084014893 29294
1672199233884 0.6624502539634705 29511
1672199308011 0.6665775179862976 29728
1672199382195 0.6679614186286926 29945
1672199455978 0.6714308857917786 30162
1672199530279 0.6578487753868103 30379
1672199604677 0.6639522910118103 30596
1672199678867 0.6594065427780151 30813
1672199752507 0.6536961197853088 31030
1672199826906 0.6595175266265869 31247
1672199900818 0.6700618267059326 31464
1672199974688 0.6627394556999207 31681
1672200048559 0.6656258702278137 31898
1672200122485 0.6504454612731934 32115
1672200196323 0.6594922542572021 32332
1672200270958 0.661928117275238 32549
