1672189372457 1.9069501918049008 216
1672189444447 1.892554184974952 433
1672189516954 1.891019579608842 650
1672189589157 1.8886370991206582 867
1672189661992 1.8813964418748876 1084
1672189734389 1.8784607194906286 1301
1672189807188 1.8700141340905194 1518
1672189881608 1.867208560883328 1735
1672189961302 1.859280914453911 1952
1672190035086 1.8508160581887987 2169
1672190107721 1.8470027291738869 2386
1672190181562 1.8494030958389418 2603
1672190255960 1.8421806750103826 2820
1672190329116 1.844949818665968 3037
1672190401849 1.837991468748037 3254
1672190474572 1.8323909498534137 3471
1672190550146 1.8323410044506396 3688
1672190623434 1.8277991283674384 3905
1672190696627 1.8224209089999155 4122
1672190769862 1.8206967071432505 4339
1672190842411 1.8208406724384816 4556
1672190914890 1.8170804466367174 4773
1672190987317 1.821345004252507 4990
1672191060590 1.814210210177868 5207
1672191133040 1.817859760904115 5424
1672191205547 1.808131200892694 5641
1672191277943 1.8087187951811645 5858
1672191350548 1.8109706998607835 6075
1672191423177 1.805755946339405 6292
1672191495686 1.8015577491462553 6509
1672191568245 1.8025013937121488 6726
1672191640792 1.8008586496151446 6943
1672191713740 1.7997783655269222 7160
1672191786408 1.8003890112421528 7377
1672191859803 1.7950644413062788 7594
1672191933601 1.7886140896593916 7811
1672192007540 1.7948233648492777 8028
1672192081398 1.7917661373018372 8245
1672192153772 1.7876902535637693 8462
1672192227249 1.7869914014916848 8679
1672192299993 1.7858498694275908 8896
1672192373259 1.7832182114647424 9113
1672192446396 1.781418947709863 9330
1672192519463 1.7822528832635465 9547
1672192592261 1.784341973348382 9764
1672192665539 1.7755829465716122 9981
1672192737916 1.7793537560955413 10198
1672192810969 1.7766567409860385 10415
1672192883656 1.7771419305372889 10632
1672192956496 1.7712732158709914 10849
1672193029374 1.768539294983701 11066
1672193102263 1.7735363439119602 11283
1672193174971 1.7703683165983468 11500
1672193248124 1.7684136531364567 11717
1672193320631 1.7685262816692315 11934
1672193393335 1.7684551303274443 12151
1672193466543 1.7705644382465913 12368
1672193539047 1.7627700145727045 12585
1672193612222 1.7643929715593798 12802
1672193684797 1.7637503842862277 13019
1672193757839 1.76066789158645 13236
1672193830739 1.7646099398805688 13453
1672193903323 1.760674812859908 13670
1672193976005 1.7607041727336719 13887
1672194048350 1.7609645531594964 14104
1672194121101 1.7574486807057423 14321
1672194194049 1.7591904427590679 14538
1672194266912 1.7509862657750765 14755
1672194339641 1.7550087387538948 14972
1672194412815 1.756312934872284 15189
1672194485782 1.7586332838140255 15406
1672194558605 1.7540427705111097 15623
1672194631400 1.7579356546521112 15840
1672194704177 1.752872423524558 16057
1672194776992 1.7528703217506163 16274
1672194850120 1.7491797232802748 16491
1672194922925 1.7507846215373732 16708
1672194995996 1.7487505545129969 16925
1672195068865 1.7484388447579093 17142
1672195142088 1.7498914687147074 17359
1672195215123 1.7500757249029917 17576
1672195288198 1.7540039217792827 17793
1672195361486 1.7506240018257795 18010
1672195434303 1.746616861609726 18227
1672195507184 1.7470430011978924 18444
1672195579699 1.7484959634859472 18661
1672195652852 1.747613009302157 18878
1672195725481 1.7469866738495439 19095
1672195798310 1.7416572505730181 19312
1672195870780 1.745227519680063 19529
1672195943246 1.7420369181124893 19746
1672196016349 1.7471287428548343 19963
1672196089196 1.7476772816156532 20180
1672196162319 1.7428063789815336 20397
1672196235031 1.7461932920460985 20614
1672196307664 1.7406694589878153 20831
1672196380278 1.735957813444159 21048
1672196452717 1.7462057072942168 21265
1672196525343 1.7364219906796876 21482
1672196598032 1.7397047020517487 21699
1672196671266 1.7386953796142335 21916
1672196744023 1.7396116044815269 22133
1672196816999 1.7343638474326672 22350
1672196889847 1.7385253781811365 22567
1672196962968 1.7408238184549842 22784
1672197035865 1.7375010627801153 23001
1672197108798 1.7391113820280373 23218
1672197181852 1.735337338903969 23435
1672197255098 1.7347225095930943 23652
1672197327650 1.734747532249743 23869
1672197400548 1.7370812789138765 24086
1672197473470 1.7370439598038483 24303
1672197546659 1.7352487166505344 24520
1672197619575 1.7349654928147031 24737
1672197692967 1.7329151658847506 24954
1672197765736 1.7343878913077335 25171
1672197839023 1.732858569835944 25388
1672197912192 1.7348554257440119 25605
1672197985362 1.7352963612479224 25822
1672198058455 1.727779648615108 26039
1672198131463 1.7332489073711737 26256
1672198204417 1.7267951476161805 26473
1672198277200 1.7295220281379542 26690
1672198350317 1.7295345615001263 26907
1672198422727 1.7301294963097347 27124
1672198495764 1.726027653116458 27341
1672198568918 1.7273629430915154 27558
1672198642497 1.7290428678424676 27775
1672198716251 1.7235770737543255 27992
1672198789993 1.7299155317949837 28209
1672198863799 1.7245564296514762 28426
1672198937348 1.7228050122265468 28643
1672199011903 1.7222869299404728 28860
1672199085935 1.7207161904783037 29077
1672199160128 1.7255683172775869 29294
1672199233884 1.723379790352347 29511
1672199308011 1.725679044463669 29728
1672199382195 1.7239709835740549 29945
1672199455978 1.7213231973597207 30162
1672199530279 1.7215794414044567 30379
1672199604677 1.7211829346410823 30596
1672199678867 1.7180433634989107 30813
1672199752507 1.7212199482566855 31030
1672199826906 1.719331589559615 31247
1672199900818 1.7199779551085956 31464
1672199974688 1.7234569139127058 31681
1672200048559 1.7238425375476127 31898
1672200122485 1.7174573655331087 32115
1672200196323 1.7167463058786332 32332
1672200270958 1.7206766398075366 32549
