1672189315182 0.6666666865348816 49
1672189329414 0.4583333432674408 99
1672189343976 0.512499988079071 149
1672189358315 0.6875 199
1672189382572 0.7083333134651184 249
1672189396865 0.5416666865348816 299
1672189411088 0.7500000596046448 349
1672189425351 0.375 399
1672189449574 0.6499999761581421 449
1672189463855 0.7291666865348816 499
1672189478379 0.5083333253860474 549
1672189492922 0.4375 599
1672189507210 0.5416666865348816 649
1672189531659 0.5625 699
1672189545924 0.7249999642372131 749
1672189560256 0.5625 799
1672189574529 0.375 849
1672189598988 0.5833333730697632 899
1672189613478 0.574999988079071 949
1672189627849 0.5416666865348816 999
1672189642411 0.625 1049
1672189666933 0.6458333134651184 1099
1672189681257 0.625 1149
1672189695529 0.6875 1199
1672189709813 0.5625 1249
1672189724093 0.625 1299
1672189748733 0.9375 1349
1672189763102 0.8541666865348816 1399
1672189777445 0.5249999761581421 1449
1672189791794 0.6458333134651184 1499
1672189816743 0.6875000596046448 1549
1672189831008 0.550000011920929 1599
1672189845259 0.7291666865348816 1649
1672189859527 0.2708333432674408 1699
1672189886228 0.5446428656578064 1749
1672189900586 0.5833333730697632 1799
1672189914860 0.7083333730697632 1849
1672189929155 0.6946429014205933 1899
1672189943457 0.75 1949
1672189975662 0.6666666865348816 1999
1672189989954 0.6875 2049
1672190004220 0.6666666865348816 2099
1672190018618 0.612500011920929 2149
1672190044298 0.7291666865348816 2199
1672190058620 0.5583333373069763 2249
1672190072932 0.4375 2299
1672190087250 0.6083333492279053 2349
1672190112228 0.4749999940395355 2399
1672190126968 0.875 2449
1672190141200 0.7916666865348816 2499
1672190155441 0.6041666865348816 2549
1672190169712 0.38333332538604736 2599
1672190195468 0.4166666865348816 2649
1672190209857 0.4333333373069763 2699
1672190224113 0.6041666269302368 2749
1672190238533 0.6000000238418579 2799
1672190264931 0.574999988079071 2849
1672190279300 0.2708333432674408 2899
1672190293568 0.5166666507720947 2949
1672190307904 0.6875 2999
1672190333255 0.6291667222976685 3049
1672190347554 0.5208333730697632 3099
1672190361868 0.6083333492279053 3149
1672190376321 0.6499999761581421 3199
1672190390582 0.6666666865348816 3249
1672190415441 0.625 3299
1672190429808 0.5583333373069763 3349
1672190444255 0.4833333492279053 3399
1672190458688 0.375 3449
1672190483485 0.8541666865348816 3499
1672190498004 1.0 3549
1672190512369 0.5458333492279053 3599
1672190526900 0.875 3649
1672190554312 0.1666666716337204 3699
1672190568695 0.6708333492279053 3749
1672190583109 0.8125 3799
1672190597619 0.36666667461395264 3849
1672190611899 0.6250000596046448 3899
1672190636655 0.4583333432674408 3949
1672190651156 0.7166666984558105 3999
1672190665489 0.5625 4049
1672190679940 0.4583333432674408 4099
1672190705180 0.49166667461395264 4149
1672190719519 0.5625 4199
1672190734000 0.6428571343421936 4249
1672190748472 0.6904761791229248 4299
1672190773608 0.6250000596046448 4349
1672190787973 1.0 4399
1672190802202 0.4541666507720947 4449
1672190816623 0.5583333373069763 4499
1672190830870 0.5625 4549
1672190855492 0.625 4599
1672190869950 0.699999988079071 4649
1672190884357 0.6041666865348816 4699
1672190898614 0.375 4749
1672190922919 0.5 4799
1672190937228 0.6166666746139526 4849
1672190951709 0.5333333611488342 4899
1672190966085 0.6875 4949
1672190990615 0.6458333134651184 4999
1672191005299 0.4791666865348816 5049
1672191019882 0.4791666865348816 5099
1672191034313 0.7916666865348816 5149
1672191048679 0.6285714507102966 5199
1672191073275 0.6583333611488342 5249
1672191087693 0.8333333730697632 5299
1672191102073 0.6875 5349
1672191116358 0.5208333134651184 5399
1672191140815 0.4333333373069763 5449
1672191155251 0.875 5499
1672191169553 0.8166666626930237 5549
1672191183951 0.4958333373069763 5599
1672191208522 0.5 5649
1672191222818 0.625 5699
1672191237095 0.550000011920929 5749
1672191251487 0.8166667222976685 5799
1672191265935 0.6666666865348816 5849
1672191290679 0.8166667222976685 5899
1672191305042 0.75 5949
1672191319632 0.75 5999
1672191333983 0.4375 6049
1672191358138 0.3125 6099
1672191372509 0.4166666567325592 6149
1672191386938 0.2916666865348816 6199
1672191401333 0.6791666746139526 6249
1672191425863 0.7875000238418579 6299
1672191440491 0.5625 6349
1672191454928 0.5333333015441895 6399
1672191469235 0.3958333432674408 6449
1672191483547 0.737500011920929 6499
1672191507863 0.9166666865348816 6549
1672191522292 0.875 6599
1672191536930 0.5249999761581421 6649
1672191551447 0.5375000238418579 6699
1672191575598 0.8166666626930237 6749
1672191590183 0.6499999761581421 6799
1672191604562 0.5625 6849
1672191618868 0.949999988079071 6899
1672191643203 0.75 6949
1672191657555 0.3541666865348816 6999
1672191671909 0.6666666865348816 7049
1672191686378 0.5 7099
1672191700738 0.8333333730697632 7149
1672191725610 0.7083333730697632 7199
1672191740096 0.6000000238418579 7249
1672191754547 0.625 7299
1672191768882 0.7875000238418579 7349
1672191793400 0.7083333730697632 7399
1672191807795 0.5875000357627869 7449
1672191822152 0.2750000059604645 7499
1672191836637 0.550000011920929 7549
1672191861927 0.5208333730697632 7599
1672191876232 0.75 7649
1672191890990 0.612500011920929 7699
1672191905291 0.22499999403953552 7749
1672191919529 0.5166667103767395 7799
1672191945160 0.3333333432674408 7849
1672191959636 0.8374999761581421 7899
1672191974024 0.4625000059604645 7949
1672191988370 0.6000000238418579 7999
1672192014487 0.762499988079071 8049
1672192028926 0.5416666865348816 8099
1672192043549 0.8374999761581421 8149
1672192057846 0.9166666865348816 8199
1672192083318 0.4583333432674408 8249
1672192097591 0.7083333134651184 8299
1672192111978 0.7916666865348816 8349
1672192126323 0.3958333432674408 8399
1672192140700 0.44999998807907104 8449
1672192165037 0.5833333730697632 8499
1672192179758 0.5666666626930237 8549
1672192194257 0.574999988079071 8599
1672192208710 0.7124999761581421 8649
1672192233786 0.75 8699
1672192248137 0.10000000149011612 8749
1672192262463 0.4791666865348816 8799
1672192276899 0.8541666865348816 8849
1672192301499 0.6916666626930237 8899
1672192316235 0.4375 8949
1672192330721 0.2666666805744171 8999
1672192345119 0.7333333492279053 9049
1672192359509 0.6041666865348816 9099
1672192384544 0.9166666865348816 9149
1672192398995 0.875 9199
1672192413534 0.7541667222976685 9249
1672192428048 0.38749998807907104 9299
1672192452598 0.824999988079071 9349
1672192467307 0.6875 9399
1672192481775 0.8333333730697632 9449
1672192496196 0.9375 9499
1672192520729 0.824999988079071 9549
1672192535310 0.625 9599
1672192549749 0.5874999761581421 9649
1672192564120 0.5833333730697632 9699
1672192578615 0.5416666865348816 9749
1672192603123 0.5416666865348816 9799
1672192617683 0.6583333015441895 9849
1672192632050 0.887499988079071 9899
1672192646564 0.6875 9949
1672192671433 0.7083333730697632 9999
1672192685728 0.625 10049
1672192699989 0.8999999761581421 10099
1672192714423 0.6666666865348816 10149
1672192738941 0.7708333730697632 10199
1672192753480 0.6666666865348816 10249
1672192767804 0.4833333492279053 10299
1672192782323 0.6041666865348816 10349
1672192796649 0.4166666865348816 10399
1672192821354 0.7083333730697632 10449
1672192835717 0.824999988079071 10499
1672192850232 0.5 10549
1672192864582 0.5625 10599
1672192889324 0.8125 10649
1672192903671 0.6619048118591309 10699
1672192918061 0.5666666626930237 10749
1672192932545 0.625 10799
1672192946772 0.5 10849
1672192971638 0.4583333730697632 10899
1672192986032 0.6666666865348816 10949
1672193000602 0.4166666865348816 10999
1672193014994 0.6708332896232605 11049
1672193039424 0.625 11099
1672193053902 0.4625000059604645 11149
1672193068544 0.6499999761581421 11199
1672193082872 0.6875 11249
1672193107484 0.6041666865348816 11299
1672193121806 0.5416666865348816 11349
1672193136277 0.5833333730697632 11399
1672193150700 0.6208333969116211 11449
1672193165076 0.6041666865348816 11499
1672193189825 0.75 11549
1672193204413 0.6666666865348816 11599
1672193218793 0.4791666865348816 11649
1672193233298 0.7916666865348816 11699
1672193257989 0.5 11749
1672193272539 0.4166666865348816 11799
1672193286956 0.6875 11849
1672193301300 0.6083333492279053 11899
1672193325558 0.5791666507720947 11949
1672193339991 0.6000000238418579 11999
1672193354403 0.6499999761581421 12049
1672193368821 0.7291666865348816 12099
1672193383070 0.6666666865348816 12149
1672193407800 0.6458333730697632 12199
1672193422336 0.5541666746139526 12249
1672193436737 0.6499999761581421 12299
1672193451098 0.5 12349
1672193476004 0.7678571343421936 12399
1672193490350 0.8333333730697632 12449
1672193504905 0.625 12499
1672193519198 0.5 12549
1672193543787 0.6875 12599
1672193558312 0.6666666865348816 12649
1672193572813 0.75 12699
1672193587202 0.7916666865348816 12749
1672193601826 0.7083333730697632 12799
1672193626264 0.9166666865348816 12849
1672193640821 0.6875 12899
1672193655133 0.5 12949
1672193669423 0.25 12999
1672193694226 0.7916666865348816 13049
1672193708701 0.699999988079071 13099
1672193723024 0.6666666865348816 13149
1672193737421 0.8125 13199
1672193762281 0.7916666865348816 13249
1672193776625 0.4333333373069763 13299
1672193791080 0.4375 13349
1672193805338 0.4958333373069763 13399
1672193819802 0.25 13449
1672193844609 0.7678571343421936 13499
1672193858925 0.5666667222976685 13549
1672193873564 0.8125 13599
1672193887923 0.7333333492279053 13649
1672193912528 0.5833333730697632 13699
1672193926849 0.5874999761581421 13749
1672193941132 0.6666666865348816 13799
1672193955582 0.7250000238418579 13849
1672193980103 0.9166666865348816 13899
1672193994380 0.4833333492279053 13949
1672194008664 0.6666666269302368 13999
1672194022938 0.4416666626930237 14049
1672194037378 0.3708333373069763 14099
1672194062007 0.5041667222976685 14149
1672194076444 0.6000000238418579 14199
1672194090747 0.375 14249
1672194105052 0.625 14299
1672194129804 0.625 14349
1672194144200 0.8374999761581421 14399
1672194158726 0.6499999761581421 14449
1672194173101 0.6499999761581421 14499
1672194197837 0.36250001192092896 14549
1672194212166 0.9375 14599
1672194226494 0.512499988079071 14649
1672194241037 0.6499999761581421 14699
1672194255429 1.0 14749
1672194280306 0.7749999761581421 14799
1672194294619 0.7083333730697632 14849
1672194308950 0.5416666865348816 14899
1672194323431 0.5625 14949
1672194348110 0.625 14999
1672194362598 0.6666666865348816 15049
1672194376989 0.5625 15099
1672194391495 0.699999988079071 15149
1672194416357 0.3916666507720947 15199
1672194430686 0.4375 15249
1672194445176 0.4166666865348816 15299
1672194459495 0.6166666746139526 15349
1672194473931 0.42500001192092896 15399
1672194498755 0.3958333432674408 15449
1672194513254 0.7708333730697632 15499
1672194527827 0.75 15549
1672194542180 0.762499988079071 15599
1672194566763 0.5833333730697632 15649
1672194581255 0.7833333611488342 15699
1672194595680 0.7541666626930237 15749
1672194610035 0.6041666865348816 15799
1672194634673 0.6666666865348816 15849
1672194649062 0.6000000238418579 15899
1672194663488 0.4333333373069763 15949
1672194677757 0.4333333373069763 15999
1672194692004 0.5714285373687744 16049
1672194716904 0.625 16099
1672194731216 0.4166666865348816 16149
1672194745651 0.75 16199
1672194759980 0.40833333134651184 16249
1672194784902 0.4791666865348816 16299
1672194799410 0.3333333432674408 16349
1672194813878 0.75 16399
1672194828273 0.5809524059295654 16449
1672194853044 0.6666666865348816 16499
1672194867359 0.625 16549
1672194881944 0.875 16599
1672194896264 0.75 16649
1672194910588 0.2916666865348816 16699
1672194935410 0.512499988079071 16749
1672194949769 0.5 16799
1672194964145 0.7875000238418579 16849
1672194978593 0.7083333730697632 16899
1672195003534 0.949999988079071 16949
1672195018061 0.5416666865348816 16999
1672195032564 0.5375000238418579 17049
1672195046986 0.75 17099
1672195071618 0.7333333492279053 17149
1672195086122 0.3499999940395355 17199
1672195100483 0.6875 17249
1672195114970 0.5625 17299
1672195129304 0.5333333611488342 17349
1672195154209 0.5625 17399
1672195168774 0.7708333730697632 17449
1672195183241 0.7333333492279053 17499
1672195197562 0.6666666865348816 17549
1672195222431 1.0 17599
1672195236949 0.574999988079071 17649
1672195251322 0.875 17699
1672195265720 0.8125 17749
1672195290650 0.824999988079071 17799
1672195304973 0.8374999761581421 17849
1672195319318 0.8125 17899
1672195333950 0.375 17949
1672195348393 0.5416666865348816 17999
1672195373340 0.5833333134651184 18049
1672195387858 0.6875 18099
1672195402176 0.8333333730697632 18149
1672195416473 0.8041666746139526 18199
1672195441280 0.5 18249
1672195455586 0.7708333134651184 18299
1672195469859 0.5 18349
1672195484424 0.3958333432674408 18399
1672195509439 0.5416666865348816 18449
1672195523738 0.7500000596046448 18499
1672195538015 0.6666666865348816 18549
1672195552282 0.5625 18599
1672195566561 0.637499988079071 18649
1672195591328 0.5666666626930237 18699
1672195605662 0.7250000238418579 18749
1672195619967 0.7708333730697632 18799
1672195634724 0.8041666746139526 18849
1672195659662 1.0 18899
1672195673958 0.574999988079071 18949
1672195688278 0.9017857313156128 18999
1672195702545 0.3928571343421936 19049
1672195727308 0.4583333730697632 19099
1672195741625 0.5625 19149
1672195756103 0.512499988079071 19199
1672195770385 0.8999999761581421 19249
1672195784924 0.3958333432674408 19299
1672195809543 0.7250000238418579 19349
1672195824053 0.6458333730697632 19399
1672195838359 0.824999988079071 19449
1672195852646 0.7333333492279053 19499
1672195877145 0.5416666865348816 19549
1672195891619 0.887499988079071 19599
1672195905856 0.625 19649
1672195920283 0.4791666865348816 19699
1672195944780 0.6499999761581421 19749
1672195959315 0.9375 19799
1672195973825 0.75 19849
1672195988211 0.7083333730697632 19899
1672196002734 0.699999988079071 19949
1672196027371 0.5041666626930237 19999
1672196041794 0.7708333730697632 20049
1672196056116 0.7916666865348816 20099
1672196070471 0.40000003576278687 20149
1672196095403 0.6666666865348816 20199
1672196109815 0.5833333730697632 20249
1672196124201 0.8333333134651184 20299
1672196138908 0.8333333730697632 20349
1672196163516 0.75 20399
1672196178007 0.7083333730697632 20449
1672196192374 0.4791666865348816 20499
1672196206950 0.4583333134651184 20549
1672196221316 0.4749999940395355 20599
1672196245797 0.7083333730697632 20649
1672196260213 0.5458333492279053 20699
1672196274499 0.4166666865348816 20749
1672196288791 0.5416666865348816 20799
1672196313474 0.44999998807907104 20849
1672196327843 0.5416666865348816 20899
1672196342209 0.7291666865348816 20949
1672196356820 0.7458333373069763 20999
1672196381217 0.8541666865348816 21049
1672196395516 0.8125 21099
1672196409926 0.7916666865348816 21149
1672196424400 0.5833333730697632 21199
1672196438696 0.6666666865348816 21249
1672196463030 0.75 21299
1672196477374 0.550000011920929 21349
1672196491685 0.4583333432674408 21399
1672196505996 0.4791666865348816 21449
1672196531000 0.5166667103767395 21499
1672196545432 0.5249999761581421 21549
1672196559725 0.5 21599
1672196574020 0.8125 21649
1672196588275 0.0 21699
1672196612967 0.6499999761581421 21749
1672196627579 0.6041666865348816 21799
1672196642069 0.875 21849
1672196656415 0.6000000238418579 21899
1672196681391 0.625 21949
1672196695716 0.4333333373069763 21999
1672196710165 0.6041666865348816 22049
1672196724605 0.7083333730697632 22099
1672196749341 0.6458333730697632 22149
1672196763694 0.5 22199
1672196778060 0.625 22249
1672196792553 0.4166666865348816 22299
1672196806875 0.4166666865348816 22349
1672196831928 0.7916666865348816 22399
1672196846258 0.8125 22449
1672196860710 0.46666666865348816 22499
1672196875039 0.824999988079071 22549
1672196899679 0.625 22599
1672196914140 0.6666666865348816 22649
1672196928451 0.5416666865348816 22699
1672196942804 0.42500001192092896 22749
1672196967880 0.75 22799
1672196982219 0.5208333134651184 22849
1672196996643 0.4583333432674408 22899
1672197011001 0.5166666507720947 22949
1672197025399 0.8333333134651184 22999
1672197050315 0.699999988079071 23049
1672197064611 0.6000000238418579 23099
1672197079241 0.5833333730697632 23149
1672197093808 0.6875 23199
1672197118342 0.637499988079071 23249
1672197132852 0.125 23299
1672197147375 0.625 23349
1672197161708 0.6666666865348816 23399
1672197186535 0.4583333432674408 23449
1672197200962 0.8333333134651184 23499
1672197215362 0.5416666865348816 23549
1672197230001 0.6041666865348816 23599
1672197244375 0.6666666865348816 23649
1672197269347 0.8374999761581421 23699
1672197283640 0.7416666746139526 23749
1672197297927 0.574999988079071 23799
1672197312256 0.8125 23849
1672197336890 0.887499988079071 23899
1672197351297 0.7250000238418579 23949
1672197365945 0.8125 23999
1672197380285 1.0 24049
1672197404951 0.7749999761581421 24099
1672197419442 1.0 24149
1672197433944 0.5416666865348816 24199
1672197448301 0.8333333730697632 24249
1672197462656 0.6666666865348816 24299
1672197487530 0.6041666865348816 24349
1672197502021 0.7916666865348816 24399
1672197516405 0.4166666865348816 24449
1672197530763 0.75 24499
1672197555776 0.625 24549
1672197570128 0.5416666865348816 24599
1672197584539 0.5375000238418579 24649
1672197598831 0.6041666865348816 24699
1672197623717 0.5833333730697632 24749
1672197638310 0.3375000059604645 24799
1672197652741 0.5333333611488342 24849
1672197667187 0.625 24899
1672197681682 0.7749999761581421 24949
1672197706461 0.6208333373069763 24999
1672197721040 0.6875 25049
1672197735474 0.7303571701049805 25099
1672197749720 0.3125 25149
1672197774606 0.4791666865348816 25199
1672197789109 0.625 25249
1672197803472 0.7083333730697632 25299
1672197817851 0.7749999761581421 25349
1672197842790 0.6875000596046448 25399
1672197857428 0.7124999761581421 25449
1672197871789 0.8333333134651184 25499
1672197886175 0.5625 25549
1672197900675 0.625 25599
1672197925548 0.8999999761581421 25649
1672197939922 0.8333333134651184 25699
1672197954298 0.5416666865348816 25749
1672197968770 0.4166666865348816 25799
1672197993879 0.625 25849
1672198008535 0.7708333730697632 25899
1672198022968 0.4583333432674408 25949
1672198037305 0.762499988079071 25999
1672198062039 0.7124999761581421 26049
1672198076413 0.4166666865348816 26099
1672198090785 0.5 26149
1672198105171 0.4000000059604645 26199
1672198119680 0.5 26249
1672198144612 0.625 26299
1672198159112 0.9166666865348816 26349
1672198173461 0.5500000715255737 26399
1672198187936 0.6875 26449
1672198212476 0.4375 26499
1672198226797 0.7916666865348816 26549
1672198241227 0.5249999761581421 26599
1672198255498 0.5833333730697632 26649
1672198280452 0.6666666865348816 26699
1672198294935 0.875 26749
1672198309312 0.574999988079071 26799
1672198323698 0.6875 26849
1672198338037 0.6708332896232605 26899
1672198362965 0.6666666865348816 26949
1672198377289 0.375 26999
1672198391564 0.4375 27049
1672198405959 0.75 27099
1672198430623 0.8999999761581421 27149
1672198444932 0.5833333730697632 27199
1672198459275 0.4375 27249
1672198473775 0.5625 27299
1672198498747 0.8125 27349
1672198513178 0.6000000238418579 27399
1672198527765 0.675000011920929 27449
1672198542199 0.7916666865348816 27499
1672198556639 0.6708332896232605 27549
1672198581422 0.5833333730697632 27599
1672198596171 0.5249999761581421 27649
1672198610601 0.6500000357627869 27699
1672198625051 0.3541666865348816 27749
1672198650258 0.7291666865348816 27799
1672198664745 0.4749999940395355 27849
1672198679187 0.75 27899
1672198693783 0.4333333373069763 27949
1672198719029 0.6666666865348816 27999
1672198733480 0.7416666746139526 28049
1672198748113 0.7083333134651184 28099
1672198762609 1.0 28149
1672198777090 0.6666666865348816 28199
1672198802281 0.5625 28249
1672198816907 0.375 28299
1672198831673 0.7916666865348816 28349
1672198846188 0.7749999761581421 28399
1672198871216 0.8666666746139526 28449
1672198885750 0.7916666865348816 28499
1672198900281 0.5416666865348816 28549
1672198914763 0.75 28599
1672198939784 0.8999999761581421 28649
1672198954462 0.7416666746139526 28699
1672198969313 0.6000000238418579 28749
1672198983814 0.25 28799
1672198998920 0.6875 28849
1672199023967 0.6875 28899
1672199038500 0.8333333730697632 28949
1672199053221 0.75 28999
1672199067752 0.9375 29049
1672199093184 0.2291666716337204 29099
1672199107820 0.44999998807907104 29149
1672199122740 0.5416666865348816 29199
1672199137252 0.6041666865348816 29249
1672199162295 0.6458333134651184 29299
1672199176859 0.5333333015441895 29349
1672199191387 0.9166666865348816 29399
1672199205915 0.699999988079071 29449
1672199220596 0.5416666865348816 29499
1672199245963 0.7250000238418579 29549
1672199260704 0.7291666865348816 29599
1672199275289 0.7541666626930237 29649
1672199289896 0.5874999761581421 29699
1672199314780 0.5208333134651184 29749
1672199329412 0.3125 29799
1672199344057 0.7708333134651184 29849
1672199358849 0.6041666865348816 29899
1672199384078 0.75 29949
1672199398827 0.46666669845581055 29999
1672199413383 0.887499988079071 30049
1672199427877 0.887499988079071 30099
1672199442352 0.7416666746139526 30149
1672199467467 0.4791666865348816 30199
1672199482106 0.3958333432674408 30249
1672199496702 0.8333333730697632 30299
1672199511607 0.625 30349
1672199536834 0.625 30399
1672199551472 0.875 30449
1672199566155 0.6666666865348816 30499
1672199580692 0.8125 30549
1672199606304 0.2916666865348816 30599
1672199620804 0.5249999761581421 30649
1672199635324 0.6041666865348816 30699
1672199650308 0.875 30749
1672199664903 0.9166666865348816 30799
1672199690033 0.6041666865348816 30849
1672199704717 0.6041666865348816 30899
1672199719243 0.7749999761581421 30949
1672199733818 0.6875 30999
1672199758666 0.7083333730697632 31049
1672199773541 0.9166666865348816 31099
1672199788115 0.36250001192092896 31149
1672199802859 0.4124999940395355 31199
1672199828245 1.0 31249
1672199842767 0.7083333730697632 31299
1672199857498 0.3958333432674408 31349
1672199871992 0.5833333730697632 31399
1672199886523 0.2916666865348816 31449
1672199912021 0.4583333432674408 31499
1672199926639 0.5874999761581421 31549
1672199941103 0.5833333730697632 31599
1672199955561 0.8333333730697632 31649
1672199980621 1.0 31699
1672199995219 0.4791666865348816 31749
1672200009829 0.5 31799
1672200024458 0.6458333134651184 31849
1672200049643 0.7124999761581421 31899
1672200064561 0.3750000298023224 31949
1672200079013 0.8541666865348816 31999
1672200093452 0.5833333134651184 32049
1672200108092 0.8452380895614624 32099
1672200133122 0.6875 32149
1672200147712 0.7083333134651184 32199
1672200162180 0.7291666865348816 32249
1672200176837 1.0 32299
1672200201923 0.5833333730697632 32349
1672200216555 0.5 32399
1672200231474 0.5833333730697632 32449
1672200246112 0.7291666865348816 32499
1672200260707 0.25 32549
