1672189315182 0.6833333373069763 49
1672189329414 0.5833333730697632 99
1672189343976 0.60317462682724 149
1672189358315 0.6309524178504944 199
1672189382572 0.75 249
1672189396865 0.6166666746139526 299
1672189411088 0.7416666746139526 349
1672189425351 0.375 399
1672189449574 0.5833333730697632 449
1672189463855 0.797619104385376 499
1672189478379 0.6138889193534851 549
1672189492922 0.5166666507720947 599
1672189507210 0.6166666746139526 649
1672189531659 0.5476190447807312 699
1672189545924 0.763888955116272 749
1672189560256 0.550000011920929 799
1672189574529 0.32499998807907104 849
1672189598988 0.6666666865348816 899
1672189613478 0.5763888955116272 949
1672189627849 0.5833333730697632 999
1672189642411 0.699999988079071 1049
1672189666933 0.7152777910232544 1099
1672189681257 0.6166666746139526 1149
1672189695529 0.6785714626312256 1199
1672189709813 0.6041666865348816 1249
1672189724093 0.6666666865348816 1299
1672189748733 0.9375 1349
1672189763102 0.6970238089561462 1399
1672189777445 0.6375000476837158 1449
1672189791794 0.6415584683418274 1499
1672189816743 0.7559524178504944 1549
1672189831008 0.6746032238006592 1599
1672189845259 0.7392857074737549 1649
1672189859527 0.2666666805744171 1699
1672189886228 0.4833333492279053 1749
1672189900586 0.6583333611488342 1799
1672189914860 0.7678571343421936 1849
1672189929155 0.7749999761581421 1899
1672189943457 0.7833333015441895 1949
1672189975662 0.7059524059295654 1999
1672189989954 0.7470238208770752 2049
1672190004220 0.6388888955116272 2099
1672190018618 0.7559523582458496 2149
1672190044298 0.6583333611488342 2199
1672190058620 0.6428571939468384 2249
1672190072932 0.511904776096344 2299
1672190087250 0.7083333730697632 2349
1672190112228 0.5892857313156128 2399
1672190126968 0.8809524178504944 2449
1672190141200 0.8388888835906982 2499
1672190155441 0.6333333849906921 2549
1672190169712 0.49642854928970337 2599
1672190195468 0.44999998807907104 2649
1672190209857 0.5178571343421936 2699
1672190224113 0.6625000238418579 2749
1672190238533 0.6597222089767456 2799
1672190264931 0.6578283309936523 2849
1672190279300 0.3392857313156128 2899
1672190293568 0.6097222566604614 2949
1672190307904 0.773809552192688 2999
1672190333255 0.6934524178504944 3049
1672190347554 0.5874999761581421 3099
1672190361868 0.7124999761581421 3149
1672190376321 0.6875 3199
1672190390582 0.625 3249
1672190415441 0.5892857313156128 3299
1672190429808 0.6761904954910278 3349
1672190444255 0.5249999761581421 3399
1672190458688 0.2916666865348816 3449
1672190483485 0.8785714507102966 3499
1672190498004 0.8666666746139526 3549
1672190512369 0.6416666507720947 3599
1672190526900 0.8785714507102966 3649
1672190554312 0.20000000298023224 3699
1672190568695 0.6666666865348816 3749
1672190583109 0.8928571939468384 3799
1672190597619 0.3888888955116272 3849
1672190611899 0.7000000476837158 3899
1672190636655 0.5357142686843872 3949
1672190651156 0.7208333015441895 3999
1672190665489 0.6000000238418579 4049
1672190679940 0.5267857313156128 4099
1672190705180 0.615079402923584 4149
1672190719519 0.6208333373069763 4199
1672190734000 0.7651515603065491 4249
1672190748472 0.7939394116401672 4299
1672190773608 0.7666666507720947 4349
1672190787973 0.949999988079071 4399
1672190802202 0.5571428537368774 4449
1672190816623 0.6763889789581299 4499
1672190830870 0.6476190686225891 4549
1672190855492 0.7000000476837158 4599
1672190869950 0.769444465637207 4649
1672190884357 0.7142857313156128 4699
1672190898614 0.5 4749
1672190922919 0.6000000238418579 4799
1672190937228 0.5928571224212646 4849
1672190951709 0.6857143044471741 4899
1672190966085 0.6388888955116272 4949
1672190990615 0.6875 4999
1672191005299 0.5809524059295654 5049
1672191019882 0.5476190447807312 5099
1672191034313 0.7833333611488342 5149
1672191048679 0.625 5199
1672191073275 0.7888889312744141 5249
1672191087693 0.7416666746139526 5299
1672191102073 0.7510822415351868 5349
1672191116358 0.5166667103767395 5399
1672191140815 0.5095238089561462 5449
1672191155251 0.7833333611488342 5499
1672191169553 0.887499988079071 5549
1672191183951 0.5 5599
1672191208522 0.49761903285980225 5649
1672191222818 0.6666666865348816 5699
1672191237095 0.6900793313980103 5749
1672191251487 0.8017857074737549 5799
1672191265935 0.7285714149475098 5849
1672191290679 0.8041666746139526 5899
1672191305042 0.824999988079071 5949
1672191319632 0.773809552192688 5999
1672191333983 0.523809552192688 6049
1672191358138 0.3125 6099
1672191372509 0.4791666865348816 6149
1672191386938 0.36666667461395264 6199
1672191401333 0.7763888835906982 6249
1672191425863 0.7420635223388672 6299
1672191440491 0.5892857313156128 6349
1672191454928 0.5821428894996643 6399
1672191469235 0.4583333432674408 6449
1672191483547 0.7916666865348816 6499
1672191507863 0.8666666746139526 6549
1672191522292 0.8055555820465088 6599
1672191536930 0.5375000238418579 6649
1672191551447 0.6071428656578064 6699
1672191575598 0.8597221970558167 6749
1672191590183 0.6309523582458496 6799
1672191604562 0.6416666507720947 6849
1672191618868 0.908730149269104 6899
1672191643203 0.7083333730697632 6949
1672191657555 0.3928571343421936 6999
1672191671909 0.6595238447189331 7049
1672191686378 0.5 7099
1672191700738 0.875 7149
1672191725610 0.6428571343421936 7199
1672191740096 0.6553571224212646 7249
1672191754547 0.625 7299
1672191768882 0.7892857193946838 7349
1672191793400 0.7939394116401672 7399
1672191807795 0.6458333730697632 7449
1672191822152 0.3303571343421936 7499
1672191836637 0.49166667461395264 7549
1672191861927 0.5142857432365417 7599
1672191876232 0.7833333611488342 7649
1672191890990 0.6726190447807312 7699
1672191905291 0.2916666865348816 7749
1672191919529 0.5595238208770752 7799
1672191945160 0.4333333373069763 7849
1672191959636 0.7022727727890015 7899
1672191974024 0.5684524178504944 7949
1672191988370 0.6666666269302368 7999
1672192014487 0.8263888955116272 8049
1672192028926 0.5809524059295654 8099
1672192043549 0.7749999761581421 8149
1672192057846 0.824999988079071 8199
1672192083318 0.5083333253860474 8249
1672192097591 0.7559524178504944 8299
1672192111978 0.8166666626930237 8349
1672192126323 0.4642857313156128 8399
1672192140700 0.5040404200553894 8449
1672192165037 0.6833333373069763 8499
1672192179758 0.6041666865348816 8549
1672192194257 0.7222222685813904 8599
1672192208710 0.7916666865348816 8649
1672192233786 0.8333333730697632 8699
1672192248137 0.1428571492433548 8749
1672192262463 0.5345238447189331 8799
1672192276899 0.8809524178504944 8849
1672192301499 0.737500011920929 8899
1672192316235 0.49761903285980225 8949
1672192330721 0.2857142686843872 8999
1672192345119 0.7410714626312256 9049
1672192359509 0.6701298952102661 9099
1672192384544 0.9142857193946838 9149
1672192398995 0.8660714626312256 9199
1672192413534 0.8184523582458496 9249
1672192428048 0.4888888895511627 9299
1672192452598 0.7416666746139526 9349
1672192467307 0.7976190447807312 9399
1672192481775 0.7000000476837158 9449
1672192496196 0.8785714507102966 9499
1672192520729 0.8055555820465088 9549
1672192535310 0.7083333730697632 9599
1672192549749 0.6517857313156128 9649
1672192564120 0.6499999761581421 9699
1672192578615 0.6166666746139526 9749
1672192603123 0.49166667461395264 9799
1672192617683 0.7222222089767456 9849
1672192632050 0.8875000476837158 9899
1672192646564 0.7559524178504944 9949
1672192671433 0.7833333611488342 9999
1672192685728 0.5833333730697632 10049
1672192699989 0.888888955116272 10099
1672192714423 0.6916666626930237 10149
1672192738941 0.8642857074737549 10199
1672192753480 0.6642857193946838 10249
1672192767804 0.5416666865348816 10299
1672192782323 0.6142857074737549 10349
1672192796649 0.4166666865348816 10399
1672192821354 0.7684524059295654 10449
1672192835717 0.8472222089767456 10499
1672192850232 0.550000011920929 10549
1672192864582 0.5333333015441895 10599
1672192889324 0.7559523582458496 10649
1672192903671 0.7708333730697632 10699
1672192918061 0.6814394593238831 10749
1672192932545 0.6666666865348816 10799
1672192946772 0.5 10849
1672192971638 0.5666666626930237 10899
1672192986032 0.6761904954910278 10949
1672193000602 0.4166666865348816 10999
1672193014994 0.6458333730697632 11049
1672193039424 0.6666666865348816 11099
1672193053902 0.5803571343421936 11149
1672193068544 0.7708333730697632 11199
1672193082872 0.7291666865348816 11249
1672193107484 0.7000000476837158 11299
1672193121806 0.4583333730697632 11349
1672193136277 0.7083333730697632 11399
1672193150700 0.7071428298950195 11449
1672193165076 0.6309524178504944 11499
1672193189825 0.699999988079071 11549
1672193204413 0.699999988079071 11599
1672193218793 0.4809523820877075 11649
1672193233298 0.8439394235610962 11699
1672193257989 0.5059524178504944 11749
1672193272539 0.44999998807907104 11799
1672193286956 0.7142857313156128 11849
1672193301300 0.6541666984558105 11899
1672193325558 0.6583333611488342 11949
1672193339991 0.5359848737716675 11999
1672193354403 0.7095238566398621 12049
1672193368821 0.797619104385376 12099
1672193383070 0.6071428656578064 12149
1672193407800 0.7142857313156128 12199
1672193422336 0.6365079283714294 12249
1672193436737 0.6309524178504944 12299
1672193451098 0.4642857313156128 12349
1672193476004 0.7651515603065491 12399
1672193490350 0.8999999761581421 12449
1672193504905 0.6916666626930237 12499
1672193519198 0.4583333432674408 12549
1672193543787 0.6309524178504944 12599
1672193558312 0.6666666865348816 12649
1672193572813 0.8333333730697632 12699
1672193587202 0.8517857193946838 12749
1672193601826 0.7666667103767395 12799
1672193626264 0.949999988079071 12849
1672193640821 0.7142857313156128 12899
1672193655133 0.5392857193946838 12949
1672193669423 0.2916666865348816 12999
1672193694226 0.8333333730697632 13049
1672193708701 0.7192460894584656 13099
1672193723024 0.6642857193946838 13149
1672193737421 0.8309524059295654 13199
1672193762281 0.8333333730697632 13249
1672193776625 0.5178571343421936 13299
1672193791080 0.5059523582458496 13349
1672193805338 0.5928571820259094 13399
1672193819802 0.2678571343421936 13449
1672193844609 0.8068181872367859 13499
1672193858925 0.574999988079071 13549
1672193873564 0.8452380895614624 13599
1672193887923 0.8041666746139526 13649
1672193912528 0.6666666865348816 13699
1672193926849 0.699999988079071 13749
1672193941132 0.6041666865348816 13799
1672193955582 0.776388943195343 13849
1672193980103 0.8333333730697632 13899
1672193994380 0.4809523820877075 13949
1672194008664 0.6904762387275696 13999
1672194022938 0.5147727131843567 14049
1672194037378 0.4571428596973419 14099
1672194062007 0.6017857193946838 14149
1672194076444 0.6428571343421936 14199
1672194090747 0.380952388048172 14249
1672194105052 0.5333333611488342 14299
1672194129804 0.5 14349
1672194144200 0.908730149269104 14399
1672194158726 0.6875 14449
1672194173101 0.7397727370262146 14499
1672194197837 0.3958333134651184 14549
1672194212166 0.761904776096344 14599
1672194226494 0.6666666865348816 14649
1672194241037 0.6666666865348816 14699
1672194255429 0.8541666865348816 14749
1672194280306 0.7916666865348816 14799
1672194294619 0.75 14849
1672194308950 0.5833333730697632 14899
1672194323431 0.6821428537368774 14949
1672194348110 0.625 14999
1672194362598 0.7250000238418579 15049
1672194376989 0.4124999940395355 15099
1672194391495 0.7000000476837158 15149
1672194416357 0.4642857015132904 15199
1672194430686 0.4928571283817291 15249
1672194445176 0.4166666865348816 15299
1672194459495 0.6916667222976685 15349
1672194473931 0.5375000238418579 15399
1672194498755 0.4333333373069763 15449
1672194513254 0.747619092464447 15499
1672194527827 0.699999988079071 15549
1672194542180 0.8304473757743835 15599
1672194566763 0.512499988079071 15649
1672194581255 0.8500000238418579 15699
1672194595680 0.8041666746139526 15749
1672194610035 0.5763888955116272 15799
1672194634673 0.6666666865348816 15849
1672194649062 0.6428571343421936 15899
1672194663488 0.5178571343421936 15949
1672194677757 0.5178571343421936 15999
1672194692004 0.4861111044883728 16049
1672194716904 0.638888955116272 16099
1672194731216 0.44999998807907104 16149
1672194745651 0.6970238089561462 16199
1672194759980 0.4900793731212616 16249
1672194784902 0.4880952537059784 16299
1672194799410 0.4166666865348816 16349
1672194813878 0.7817460298538208 16399
1672194828273 0.6529914736747742 16449
1672194853044 0.6499999761581421 16499
1672194867359 0.625 16549
1672194881944 0.7803571224212646 16599
1672194896264 0.8452380895614624 16649
1672194910588 0.2928571403026581 16699
1672194935410 0.60317462682724 16749
1672194949769 0.574999988079071 16799
1672194964145 0.773809552192688 16849
1672194978593 0.7178571224212646 16899
1672195003534 0.8055555820465088 16949
1672195018061 0.6666666865348816 16999
1672195032564 0.6095238327980042 17049
1672195046986 0.699999988079071 17099
1672195071618 0.7833333611488342 17149
1672195086122 0.4583333730697632 17199
1672195100483 0.6642857193946838 17249
1672195114970 0.4791666865348816 17299
1672195129304 0.5249999761581421 17349
1672195154209 0.6952381134033203 17399
1672195168774 0.7767857313156128 17449
1672195183241 0.7333333492279053 17499
1672195197562 0.699999988079071 17549
1672195222431 0.949999988079071 17599
1672195236949 0.5555555820465088 17649
1672195251322 0.75 17699
1672195265720 0.8071428537368774 17749
1672195290650 0.85317462682724 17799
1672195304973 0.8740079402923584 17849
1672195319318 0.8809524178504944 17899
1672195333950 0.4166666865348816 17949
1672195348393 0.512499988079071 17999
1672195373340 0.6000000238418579 18049
1672195387858 0.6785714626312256 18099
1672195402176 0.824999988079071 18149
1672195416473 0.8865079283714294 18199
1672195441280 0.625 18249
1672195455586 0.7041667103767395 18299
1672195469859 0.5 18349
1672195484424 0.4791666865348816 18399
1672195509439 0.5928571224212646 18449
1672195523738 0.7416666746139526 18499
1672195538015 0.75 18549
1672195552282 0.6059523820877075 18599
1672195566561 0.7388888597488403 18649
1672195591328 0.6345238089561462 18699
1672195605662 0.8095238208770752 18749
1672195619967 0.8166666626930237 18799
1672195634724 0.8309524059295654 18849
1672195659662 0.9166666865348816 18899
1672195673958 0.5222222805023193 18949
1672195688278 0.8557692170143127 18999
1672195702545 0.3693181872367859 19049
1672195727308 0.5666666626930237 19099
1672195741625 0.5809524059295654 19149
1672195756103 0.5222222805023193 19199
1672195770385 0.9217171669006348 19249
1672195784924 0.41428571939468384 19299
1672195809543 0.7678571343421936 19349
1672195824053 0.7559524178504944 19399
1672195838359 0.7638888955116272 19449
1672195852646 0.7541666626930237 19499
1672195877145 0.6047619581222534 19549
1672195891619 0.9007936716079712 19599
1672195905856 0.638888955116272 19649
1672195920283 0.5166667103767395 19699
1672195944780 0.6722222566604614 19749
1672195959315 0.7767857313156128 19799
1672195973825 0.5833333730697632 19849
1672195988211 0.6984848976135254 19899
1672196002734 0.7555555701255798 19949
1672196027371 0.5684524178504944 19999
1672196041794 0.7420635223388672 20049
1672196056116 0.8333333730697632 20099
1672196070471 0.5416666865348816 20149
1672196095403 0.7351190447807312 20199
1672196109815 0.5595238208770752 20249
1672196124201 0.8142857551574707 20299
1672196138908 0.8500000238418579 20349
1672196163516 0.625 20399
1672196178007 0.7666667103767395 20449
1672196192374 0.512499988079071 20499
1672196206950 0.560606062412262 20549
1672196221316 0.5595238208770752 20599
1672196245797 0.7095238566398621 20649
1672196260213 0.6101190447807312 20699
1672196274499 0.46785712242126465 20749
1672196288791 0.49166667461395264 20799
1672196313474 0.4913420081138611 20849
1672196327843 0.5416666865348816 20899
1672196342209 0.7000000476837158 20949
1672196356820 0.7510822415351868 20999
1672196381217 0.8309524059295654 21049
1672196395516 0.7446428537368774 21099
1672196409926 0.7178571224212646 21149
1672196424400 0.6499999761581421 21199
1672196438696 0.5928571224212646 21249
1672196463030 0.7357142567634583 21299
1672196477374 0.615079402923584 21349
1672196491685 0.40833333134651184 21399
1672196505996 0.5 21449
1672196531000 0.5833333730697632 21499
1672196545432 0.6041666865348816 21549
1672196559725 0.5761904716491699 21599
1672196574020 0.8928571343421936 21649
1672196588275 0.0 21699
1672196612967 0.7708333730697632 21749
1672196627579 0.6809523701667786 21799
1672196642069 0.8392857313156128 21849
1672196656415 0.6095238327980042 21899
1672196681391 0.5472222566604614 21949
1672196695716 0.5178571343421936 21999
1672196710165 0.6309524178504944 22049
1672196724605 0.7000000476837158 22099
1672196749341 0.6809523701667786 22149
1672196763694 0.5833333730697632 22199
1672196778060 0.6666666865348816 22249
1672196792553 0.4939393997192383 22299
1672196806875 0.49166667461395264 22349
1672196831928 0.6915584802627563 22399
1672196846258 0.8309524059295654 22449
1672196860710 0.5428571701049805 22499
1672196875039 0.7722222805023193 22549
1672196899679 0.6833333373069763 22599
1672196914140 0.7833333611488342 22649
1672196928451 0.4928571283817291 22699
1672196942804 0.5 22749
1672196967880 0.5700549483299255 22799
1672196982219 0.6071428656578064 22849
1672196996643 0.44999998807907104 22899
1672197011001 0.6250000596046448 22949
1672197025399 0.7250000238418579 22999
1672197050315 0.763888955116272 23049
1672197064611 0.6666666865348816 23099
1672197079241 0.7095237970352173 23149
1672197093808 0.60317462682724 23199
1672197118342 0.6597222089767456 23249
1672197132852 0.1428571343421936 23299
1672197147375 0.7166666984558105 23349
1672197161708 0.699999988079071 23399
1672197186535 0.5666666626930237 23449
1672197200962 0.6809523701667786 23499
1672197215362 0.5416666865348816 23549
1672197230001 0.5809524059295654 23599
1672197244375 0.7059524059295654 23649
1672197269347 0.8392857313156128 23699
1672197283640 0.7777777910232544 23749
1672197297927 0.6666667461395264 23799
1672197312256 0.7416666746139526 23849
1672197336890 0.9365079402923584 23899
1672197351297 0.8095238208770752 23949
1672197365945 0.8809524178504944 23999
1672197380285 0.8263888955116272 24049
1672197404951 0.8184524178504944 24099
1672197419442 0.8999999761581421 24149
1672197433944 0.625 24199
1672197448301 0.8999999761581421 24249
1672197462656 0.6666666865348816 24299
1672197487530 0.6642857193946838 24349
1672197502021 0.7833333611488342 24399
1672197516405 0.5249999761581421 24449
1672197530763 0.5939394235610962 24499
1672197555776 0.7416666746139526 24549
1672197570128 0.5333333611488342 24599
1672197584539 0.6178571581840515 24649
1672197598831 0.6726190447807312 24699
1672197623717 0.6166666746139526 24749
1672197638310 0.4017857313156128 24799
1672197652741 0.5666667222976685 24849
1672197667187 0.511904776096344 24899
1672197681682 0.8541666865348816 24949
1672197706461 0.7321428656578064 24999
1672197721040 0.7142857313156128 25049
1672197735474 0.7978896498680115 25099
1672197749720 0.40952378511428833 25149
1672197774606 0.5166666507720947 25199
1672197789109 0.625 25249
1672197803472 0.7166666984558105 25299
1672197817851 0.8452381491661072 25349
1672197842790 0.7892857193946838 25399
1672197857428 0.7222222089767456 25449
1672197871789 0.8272727727890015 25499
1672197886175 0.550000011920929 25549
1672197900675 0.5952380895614624 25599
1672197925548 0.9375 25649
1672197939922 0.824999988079071 25699
1672197954298 0.6583333611488342 25749
1672197968770 0.4749999940395355 25799
1672197993879 0.6666666865348816 25849
1672198008535 0.711309552192688 25899
1672198022968 0.5392857193946838 25949
1672198037305 0.7698413133621216 25999
1672198062039 0.7142857313156128 26049
1672198076413 0.4833333492279053 26099
1672198090785 0.5416666865348816 26149
1672198105171 0.4375 26199
1672198119680 0.5142857432365417 26249
1672198144612 0.5595238208770752 26299
1672198159112 0.8642857074737549 26349
1672198173461 0.6583333611488342 26399
1672198187936 0.7559524178504944 26449
1672198212476 0.523809552192688 26499
1672198226797 0.824999988079071 26549
1672198241227 0.5416666865348816 26599
1672198255498 0.6309523582458496 26649
1672198280452 0.6916666626930237 26699
1672198294935 0.8106061220169067 26749
1672198309312 0.5555555820465088 26799
1672198323698 0.773809552192688 26849
1672198338037 0.7410714626312256 26899
1672198362965 0.7532467842102051 26949
1672198377289 0.3888888955116272 26999
1672198391564 0.5476190447807312 27049
1672198405959 0.75 27099
1672198430623 0.9097222089767456 27149
1672198444932 0.5166666507720947 27199
1672198459275 0.4642857313156128 27249
1672198473775 0.6309523582458496 27299
1672198498747 0.8041666746139526 27349
1672198513178 0.625 27399
1672198527765 0.7539682984352112 27449
1672198542199 0.8785714507102966 27499
1672198556639 0.637499988079071 27549
1672198581422 0.5222222805023193 27599
1672198596171 0.6458333730697632 27649
1672198610601 0.7874999642372131 27699
1672198625051 0.5166666507720947 27749
1672198650258 0.699999988079071 27799
1672198664745 0.5928571224212646 27849
1672198679187 0.7689394354820251 27899
1672198693783 0.5428571701049805 27949
1672198719029 0.699999988079071 27999
1672198733480 0.8166667222976685 28049
1672198748113 0.8035714626312256 28099
1672198762609 0.9642857313156128 28149
1672198777090 0.6916666626930237 28199
1672198802281 0.5642856955528259 28249
1672198816907 0.4166666865348816 28299
1672198831673 0.7892857193946838 28349
1672198846188 0.8041666746139526 28399
1672198871216 0.8500000238418579 28449
1672198885750 0.7833333611488342 28499
1672198900281 0.49166667461395264 28549
1672198914763 0.7615079283714294 28599
1672198939784 0.9147727489471436 28649
1672198954462 0.8388888835906982 28699
1672198969313 0.6375000476837158 28749
1672198983814 0.3095238208770752 28799
1672198998920 0.6476190686225891 28849
1672199023967 0.7142857313156128 28899
1672199038500 0.7559524178504944 28949
1672199053221 0.699999988079071 28999
1672199067752 0.8517857193946838 29049
1672199093184 0.2666666805744171 29099
1672199107820 0.485714316368103 29149
1672199122740 0.5583333373069763 29199
1672199137252 0.5 29249
1672199162295 0.7559524178504944 29299
1672199176859 0.5722222328186035 29349
1672199191387 0.824999988079071 29399
1672199205915 0.7416666746139526 29449
1672199220596 0.49166667461395264 29499
1672199245963 0.6964285969734192 29549
1672199260704 0.7952381372451782 29599
1672199275289 0.761904776096344 29649
1672199289896 0.6517857313156128 29699
1672199314780 0.5642857551574707 29749
1672199329412 0.4333333373069763 29799
1672199344057 0.7291666865348816 29849
1672199358849 0.5714285373687744 29899
1672199384078 0.6666666865348816 29949
1672199398827 0.49761903285980225 29999
1672199413383 0.9365079402923584 30049
1672199427877 0.85317462682724 30099
1672199442352 0.7541666626930237 30149
1672199467467 0.5523809194564819 30199
1672199482106 0.4392857253551483 30249
1672199496702 0.8500000238418579 30299
1672199511607 0.6892856955528259 30349
1672199536834 0.7416666746139526 30399
1672199551472 0.7083333730697632 30449
1672199566155 0.7416666746139526 30499
1672199580692 0.7410714626312256 30549
1672199606304 0.36666667461395264 30599
1672199620804 0.6458333730697632 30649
1672199635324 0.6642857193946838 30699
1672199650308 0.8160714507102966 30749
1672199664903 0.8095238208770752 30799
1672199690033 0.5059523582458496 30849
1672199704717 0.5833333730697632 30899
1672199719243 0.7041666507720947 30949
1672199733818 0.7892857193946838 30999
1672199758666 0.8166666626930237 31049
1672199773541 0.8666666746139526 31099
1672199788115 0.3976190686225891 31149
1672199802859 0.4791666865348816 31199
1672199828245 0.8333333730697632 31249
1672199842767 0.7666667103767395 31299
1672199857498 0.4791666865348816 31349
1672199871992 0.6527777910232544 31399
1672199886523 0.3333333432674408 31449
1672199912021 0.3916666805744171 31499
1672199926639 0.6238095760345459 31549
1672199941103 0.7142857313156128 31599
1672199955561 0.8666666746139526 31649
1672199980621 0.8666666746139526 31699
1672199995219 0.5476190447807312 31749
1672200009829 0.4166666865348816 31799
1672200024458 0.6642857789993286 31849
1672200049643 0.797619104385376 31899
1672200064561 0.3678571283817291 31949
1672200079013 0.9142857193946838 31999
1672200093452 0.6022727489471436 32049
1672200108092 0.8351647853851318 32099
1672200133122 0.7222222089767456 32149
1672200147712 0.760606050491333 32199
1672200162180 0.7892857193946838 32249
1672200176837 0.9017857313156128 32299
1672200201923 0.7083333730697632 32349
1672200216555 0.5142857432365417 32399
1672200231474 0.5333333611488342 32449
1672200246112 0.6333333253860474 32499
1672200260707 0.25 32549
