1672189315182 0.7083333730697632 49
1672189329414 0.9166666865348816 99
1672189343976 0.75 149
1672189358315 0.625 199
1672189382572 0.8333333134651184 249
1672189396865 0.75 299
1672189411088 0.875 349
1672189425351 0.375 399
1672189449574 0.5625 449
1672189463855 0.9166666865348816 499
1672189478379 0.7916666865348816 549
1672189492922 0.75 599
1672189507210 0.7916666865348816 649
1672189531659 0.625 699
1672189545924 0.8125 749
1672189560256 0.6666666865348816 799
1672189574529 0.2916666865348816 849
1672189598988 0.8333333730697632 899
1672189613478 0.5874999761581421 949
1672189627849 0.6666666865348816 999
1672189642411 0.949999988079071 1049
1672189666933 0.8541666865348816 1099
1672189681257 0.6666666865348816 1149
1672189695529 0.6875 1199
1672189709813 0.6875 1249
1672189724093 0.75 1299
1672189748733 0.9375 1349
1672189763102 0.6041666865348816 1399
1672189777445 1.0 1449
1672189791794 0.6666666865348816 1499
1672189816743 0.9166666865348816 1549
1672189831008 0.9166666865348816 1599
1672189845259 0.7916666865348816 1649
1672189859527 0.2750000059604645 1699
1672189886228 0.5249999761581421 1749
1672189900586 0.8333333730697632 1799
1672189914860 0.9166666865348816 1849
1672189929155 0.9375 1899
1672189943457 0.8333333134651184 1949
1672189975662 0.8125 1999
1672189989954 0.8541666865348816 2049
1672190004220 0.6166666746139526 2099
1672190018618 1.0 2149
1672190044298 0.7333333492279053 2199
1672190058620 0.8333333730697632 2249
1672190072932 0.625 2299
1672190087250 0.9375 2349
1672190112228 0.7916666865348816 2399
1672190126968 0.9375 2449
1672190141200 0.949999988079071 2499
1672190155441 0.8333333730697632 2549
1672190169712 0.75 2599
1672190195468 0.5 2649
1672190209857 0.75 2699
1672190224113 0.8125 2749
1672190238533 0.75 2799
1672190264931 0.8333333730697632 2849
1672190279300 0.5 2899
1672190293568 0.75 2949
1672190307904 0.9166666865348816 2999
1672190333255 0.7916666865348816 3049
1672190347554 0.6875 3099
1672190361868 0.875 3149
1672190376321 0.75 3199
1672190390582 0.6666666865348816 3249
1672190415441 0.625 3299
1672190429808 0.9166666865348816 3349
1672190444255 0.6499999761581421 3399
1672190458688 0.25 3449
1672190483485 0.9375 3499
1672190498004 0.7916666865348816 3549
1672190512369 0.8125 3599
1672190526900 0.9166666865348816 3649
1672190554312 0.25 3699
1672190568695 0.6708333492279053 3749
1672190583109 1.0 3799
1672190597619 0.4166666865348816 3849
1672190611899 0.8333333730697632 3899
1672190636655 0.6875 3949
1672190651156 0.8999999761581421 3999
1672190665489 0.75 4049
1672190679940 0.6875 4099
1672190705180 0.9166666865348816 4149
1672190719519 0.7291666865348816 4199
1672190734000 1.0 4249
1672190748472 1.0 4299
1672190773608 1.0 4349
1672190787973 0.9166666865348816 4399
1672190802202 0.75 4449
1672190816623 0.875 4499
1672190830870 0.7916666865348816 4549
1672190855492 0.9166666865348816 4599
1672190869950 0.949999988079071 4649
1672190884357 0.9166666865348816 4699
1672190898614 0.75 4749
1672190922919 0.75 4799
1672190937228 0.574999988079071 4849
1672190951709 1.0 4899
1672190966085 0.6000000238418579 4949
1672190990615 0.7708333134651184 4999
1672191005299 0.75 5049
1672191019882 0.6666666865348816 5099
1672191034313 0.8333333730697632 5149
1672191048679 0.7083333730697632 5199
1672191073275 1.0 5249
1672191087693 0.7916666865348816 5299
1672191102073 0.8333333730697632 5349
1672191116358 0.5249999761581421 5399
1672191140815 0.6666666865348816 5449
1672191155251 0.7916666865348816 5499
1672191169553 1.0 5549
1672191183951 0.6666666865348816 5599
1672191208522 0.5208333730697632 5649
1672191222818 0.875 5699
1672191237095 1.0 5749
1672191251487 0.8541666865348816 5799
1672191265935 0.8333333134651184 5849
1672191290679 0.875 5899
1672191305042 1.0 5949
1672191319632 0.875 5999
1672191333983 0.6666666865348816 6049
1672191358138 0.3125 6099
1672191372509 0.5833333730697632 6149
1672191386938 0.5 6199
1672191401333 0.9375 6249
1672191425863 0.75 6299
1672191440491 0.625 6349
1672191454928 0.7291666865348816 6399
1672191469235 0.625 6449
1672191483547 0.875 6499
1672191507863 0.875 6549
1672191522292 0.824999988079071 6599
1672191536930 0.5833333134651184 6649
1672191551447 0.75 6699
1672191575598 0.949999988079071 6749
1672191590183 0.625 6799
1672191604562 0.875 6849
1672191618868 0.887499988079071 6899
1672191643203 0.75 6949
1672191657555 0.4583333730697632 6999
1672191671909 0.6666666865348816 7049
1672191686378 0.5 7099
1672191700738 1.0 7149
1672191725610 0.6250000596046448 7199
1672191740096 0.8999999761581421 7249
1672191754547 0.625 7299
1672191768882 0.8333333730697632 7349
1672191793400 0.9583333134651184 7399
1672191807795 0.8166666626930237 7449
1672191822152 0.4166666865348816 7499
1672191836637 0.49166667461395264 7549
1672191861927 0.5416666865348816 7599
1672191876232 0.9166666865348816 7649
1672191890990 0.875 7699
1672191905291 0.4166666865348816 7749
1672191919529 0.6666666865348816 7799
1672191945160 0.625 7849
1672191959636 0.7083333134651184 7899
1672191974024 0.75 7949
1672191988370 1.0 7999
1672192014487 0.9375 8049
1672192028926 0.6875 8099
1672192043549 0.7708333730697632 8149
1672192057846 0.8333333134651184 8199
1672192083318 0.5833333134651184 8249
1672192097591 0.9375 8299
1672192111978 0.9166666865348816 8349
1672192126323 0.5833333730697632 8399
1672192140700 0.574999988079071 8449
1672192165037 0.875 8499
1672192179758 0.6666666865348816 8549
1672192194257 1.0 8599
1672192208710 0.9375 8649
1672192233786 1.0 8699
1672192248137 0.25 8749
1672192262463 0.75 8799
1672192276899 0.9166666865348816 8849
1672192301499 0.8333333134651184 8899
1672192316235 0.5833333730697632 8949
1672192330721 0.375 8999
1672192345119 0.875 9049
1672192359509 0.875 9099
1672192384544 0.9375 9149
1672192398995 0.8999999761581421 9199
1672192413534 0.9166666865348816 9249
1672192428048 0.75 9299
1672192452598 0.699999988079071 9349
1672192467307 1.0 9399
1672192481775 0.625 9449
1672192496196 0.8541666865348816 9499
1672192520729 0.875 9549
1672192535310 0.875 9599
1672192549749 0.8125 9649
1672192564120 0.75 9699
1672192578615 0.75 9749
1672192603123 0.5 9799
1672192617683 0.875 9849
1672192632050 0.887499988079071 9899
1672192646564 0.9166666865348816 9949
1672192671433 0.9166666865348816 9999
1672192685728 0.625 10049
1672192699989 0.887499988079071 10099
1672192714423 0.875 10149
1672192738941 1.0 10199
1672192753480 0.6875 10249
1672192767804 0.6875 10299
1672192782323 0.6666666865348816 10349
1672192796649 0.4166666865348816 10399
1672192821354 0.8541666865348816 10449
1672192835717 0.875 10499
1672192850232 0.625 10549
1672192864582 0.5416666865348816 10599
1672192889324 0.75 10649
1672192903671 1.0 10699
1672192918061 0.875 10749
1672192932545 0.75 10799
1672192946772 0.5 10849
1672192971638 0.75 10899
1672192986032 0.7916666865348816 10949
1672193000602 0.4166666865348816 10999
1672193014994 0.75 11049
1672193039424 0.75 11099
1672193053902 0.9375 11149
1672193068544 1.0 11199
1672193082872 0.8541666865348816 11249
1672193107484 0.8999999761581421 11299
1672193121806 0.4166666865348816 11349
1672193136277 1.0 11399
1672193150700 0.875 11449
1672193165076 0.6666666865348816 11499
1672193189825 0.6666666865348816 11549
1672193204413 0.75 11599
1672193218793 0.6041666865348816 11649
1672193233298 0.9166666865348816 11699
1672193257989 0.6041666865348816 11749
1672193272539 0.5 11799
1672193286956 0.75 11849
1672193301300 0.7916666865348816 11899
1672193325558 0.8166666626930237 11949
1672193339991 0.5416666865348816 11999
1672193354403 0.8166667222976685 12049
1672193368821 0.9166666865348816 12099
1672193383070 0.5625 12149
1672193407800 0.875 12199
1672193422336 0.75 12249
1672193436737 0.6875 12299
1672193451098 0.5 12349
1672193476004 0.875 12399
1672193490350 1.0 12449
1672193504905 0.9166666865348816 12499
1672193519198 0.4375 12549
1672193543787 0.625 12599
1672193558312 0.6666666865348816 12649
1672193572813 1.0 12699
1672193587202 0.9375 12749
1672193601826 0.875 12799
1672193626264 1.0 12849
1672193640821 0.75 12899
1672193655133 0.6875 12949
1672193669423 0.375 12999
1672193694226 0.9166666865348816 13049
1672193708701 0.8166666626930237 13099
1672193723024 0.7083333730697632 13149
1672193737421 0.9166666865348816 13199
1672193762281 0.9166666865348816 13249
1672193776625 0.75 13299
1672193791080 0.625 13349
1672193805338 0.7916666865348816 13399
1672193819802 0.2916666865348816 13449
1672193844609 0.875 13499
1672193858925 0.6499999761581421 13549
1672193873564 0.9375 13599
1672193887923 0.9166666865348816 13649
1672193912528 0.8333333134651184 13699
1672193926849 0.9375 13749
1672193941132 0.5666666626930237 13799
1672193955582 0.9166666865348816 13849
1672193980103 0.7916666865348816 13899
1672193994380 0.5 13949
1672194008664 0.7916666865348816 13999
1672194022938 0.625 14049
1672194037378 0.625 14099
1672194062007 0.75 14149
1672194076444 0.75 14199
1672194090747 0.4000000059604645 14249
1672194105052 0.5416666865348816 14299
1672194129804 0.4583333432674408 14349
1672194144200 1.0 14399
1672194158726 0.75 14449
1672194173101 0.875 14499
1672194197837 0.5625 14549
1672194212166 0.6875 14599
1672194226494 1.0 14649
1672194241037 0.6875 14699
1672194255429 0.7749999761581421 14749
1672194280306 0.8125 14799
1672194294619 0.8333333730697632 14849
1672194308950 0.6666666865348816 14899
1672194323431 0.9166666865348816 14949
1672194348110 0.625 14999
1672194362598 0.875 15049
1672194376989 0.375 15099
1672194391495 0.699999988079071 15149
1672194416357 0.75 15199
1672194430686 0.6666666865348816 15249
1672194445176 0.5166667103767395 15299
1672194459495 0.824999988079071 15349
1672194473931 0.9375 15399
1672194498755 0.5833333730697632 15449
1672194513254 0.7500000596046448 15499
1672194527827 0.6666666865348816 15549
1672194542180 0.9583333134651184 15599
1672194566763 0.6458333730697632 15649
1672194581255 0.949999988079071 15699
1672194595680 0.875 15749
1672194610035 0.5541666746139526 15799
1672194634673 0.6666666865348816 15849
1672194649062 0.75 15899
1672194663488 0.75 15949
1672194677757 0.75 15999
1672194692004 0.5833333134651184 16049
1672194716904 0.699999988079071 16099
1672194731216 0.5 16149
1672194745651 0.7333333492279053 16199
1672194759980 0.6666666865348816 16249
1672194784902 0.5 16299
1672194799410 0.625 16349
1672194813878 0.8666666746139526 16399
1672194828273 0.75 16449
1672194853044 0.6666666865348816 16499
1672194867359 0.625 16549
1672194881944 0.7333333492279053 16599
1672194896264 1.0 16649
1672194910588 0.3125 16699
1672194935410 0.75 16749
1672194949769 0.75 16799
1672194964145 0.875 16849
1672194978593 0.8333333730697632 16899
1672195003534 0.75 16949
1672195018061 1.0 16999
1672195032564 0.9166666865348816 17049
1672195046986 0.7291666865348816 17099
1672195071618 0.8541666865348816 17149
1672195086122 0.6666666865348816 17199
1672195100483 0.6666666865348816 17249
1672195114970 0.4375 17299
1672195129304 0.6166666746139526 17349
1672195154209 1.0 17399
1672195168774 0.875 17449
1672195183241 0.7708333730697632 17499
1672195197562 0.75 17549
1672195222431 0.9166666865348816 17599
1672195236949 0.625 17649
1672195251322 0.7083333134651184 17699
1672195265720 0.8333333730697632 17749
1672195290650 0.9375 17799
1672195304973 0.949999988079071 17849
1672195319318 1.0 17899
1672195333950 0.5 17949
1672195348393 0.5249999761581421 17999
1672195373340 0.625 18049
1672195387858 0.6875 18099
1672195402176 0.9166666865348816 18149
1672195416473 1.0 18199
1672195441280 1.0 18249
1672195455586 0.6875 18299
1672195469859 0.5 18349
1672195484424 0.6875 18399
1672195509439 0.6666666865348816 18449
1672195523738 0.875 18499
1672195538015 1.0 18549
1672195552282 0.6666666865348816 18599
1672195566561 1.0 18649
1672195591328 0.7291666865348816 18699
1672195605662 1.0 18749
1672195619967 0.8999999761581421 18799
1672195634724 0.8666666746139526 18849
1672195659662 0.875 18899
1672195673958 0.4833333492279053 18949
1672195688278 0.8374999761581421 18999
1672195702545 0.4000000059604645 19049
1672195727308 0.75 19099
1672195741625 0.6666666865348816 19149
1672195756103 0.6666666865348816 19199
1672195770385 0.9583333134651184 19249
1672195784924 0.4583333432674408 19299
1672195809543 0.875 19349
1672195824053 1.0 19399
1672195838359 0.75 19449
1672195852646 0.8333333730697632 19499
1672195877145 0.7416666746139526 19549
1672195891619 0.9375 19599
1672195905856 0.699999988079071 19649
1672195920283 0.6666666865348816 19699
1672195944780 0.699999988079071 19749
1672195959315 0.7083333730697632 19799
1672195973825 0.5 19849
1672195988211 0.699999988079071 19899
1672196002734 0.8999999761581421 19949
1672196027371 0.6666666865348816 19999
1672196041794 0.7916666865348816 20049
1672196056116 0.9166666865348816 20099
1672196070471 0.9375 20149
1672196095403 0.8541666865348816 20199
1672196109815 0.7250000238418579 20249
1672196124201 0.8125 20299
1672196138908 0.875 20349
1672196163516 0.5833333134651184 20399
1672196178007 0.875 20449
1672196192374 0.5625 20499
1672196206950 0.75 20549
1672196221316 0.75 20599
1672196245797 0.7916666865348816 20649
1672196260213 0.7083333730697632 20699
1672196274499 0.625 20749
1672196288791 0.4583333730697632 20799
1672196313474 0.5833333730697632 20849
1672196327843 0.5416666865348816 20899
1672196342209 0.75 20949
1672196356820 0.875 20999
1672196381217 0.875 21049
1672196395516 0.7083333730697632 21099
1672196409926 0.6666666865348816 21149
1672196424400 0.75 21199
1672196438696 0.5416666865348816 21249
1672196463030 0.7500000596046448 21299
1672196477374 0.75 21349
1672196491685 0.3750000298023224 21399
1672196505996 0.5416666865348816 21449
1672196531000 0.7083333730697632 21499
1672196545432 0.75 21549
1672196559725 0.7083333730697632 21599
1672196574020 1.0 21649
1672196588275 0.0 21699
1672196612967 1.0 21749
1672196627579 0.9375 21799
1672196642069 0.8125 21849
1672196656415 0.7083333730697632 21899
1672196681391 0.49166667461395264 21949
1672196695716 0.75 21999
1672196710165 0.6666666865348816 22049
1672196724605 0.7500000596046448 22099
1672196749341 0.7916666865348816 22149
1672196763694 0.75 22199
1672196778060 0.75 22249
1672196792553 0.625 22299
1672196806875 0.625 22349
1672196831928 0.6458333730697632 22399
1672196846258 0.9166666865348816 22449
1672196860710 0.699999988079071 22499
1672196875039 0.75 22549
1672196899679 0.7916666865348816 22599
1672196914140 1.0 22649
1672196928451 0.4583333432674408 22699
1672196942804 0.75 22749
1672196967880 0.4851190447807312 22799
1672196982219 0.7916666865348816 22849
1672196996643 0.5416666865348816 22899
1672197011001 0.8333333730697632 22949
1672197025399 0.7083333730697632 22999
1672197050315 0.875 23049
1672197064611 0.7916666865348816 23099
1672197079241 0.9166666865348816 23149
1672197093808 0.574999988079071 23199
1672197118342 0.6875 23249
1672197132852 0.1666666716337204 23299
1672197147375 0.875 23349
1672197161708 0.75 23399
1672197186535 0.75 23449
1672197200962 0.6041666865348816 23499
1672197215362 0.5416666865348816 23549
1672197230001 0.625 23599
1672197244375 0.8125 23649
1672197269347 0.875 23699
1672197283640 0.8666666746139526 23749
1672197297927 0.824999988079071 23799
1672197312256 0.6916666626930237 23849
1672197336890 1.0 23899
1672197351297 1.0 23949
1672197365945 1.0 23999
1672197380285 0.7250000238418579 24049
1672197404951 0.9375 24099
1672197419442 0.8333333730697632 24149
1672197433944 0.8333333134651184 24199
1672197448301 1.0 24249
1672197462656 0.875 24299
1672197487530 0.75 24349
1672197502021 0.8125 24399
1672197516405 0.75 24449
1672197530763 0.5 24499
1672197555776 1.0 24549
1672197570128 0.625 24599
1672197584539 0.875 24649
1672197598831 0.9285714626312256 24699
1672197623717 0.6666666865348816 24749
1672197638310 0.5 24799
1672197652741 0.6166666746139526 24849
1672197667187 0.550000011920929 24899
1672197681682 1.0 24949
1672197706461 1.0 24999
1672197721040 0.75 25049
1672197735474 0.9375 25099
1672197749720 0.6666666865348816 25149
1672197774606 0.6499999761581421 25199
1672197789109 0.625 25249
1672197803472 0.7916666865348816 25299
1672197817851 0.9375 25349
1672197842790 1.0 25399
1672197857428 0.762499988079071 25449
1672197871789 0.8333333134651184 25499
1672197886175 0.6666666865348816 25549
1672197900675 0.625 25599
1672197925548 1.0 25649
1672197939922 0.9166666865348816 25699
1672197954298 0.875 25749
1672197968770 0.625 25799
1672197993879 0.75 25849
1672198008535 0.6916666626930237 25899
1672198022968 0.75 25949
1672198037305 0.875 25999
1672198062039 0.8125 26049
1672198076413 0.5833333730697632 26099
1672198090785 0.625 26149
1672198105171 0.5 26199
1672198119680 0.6666666865348816 26249
1672198144612 0.5416666865348816 26299
1672198159112 0.8541666865348816 26349
1672198173461 0.8333333730697632 26399
1672198187936 0.875 26449
1672198212476 0.6666666865348816 26499
1672198226797 0.875 26549
1672198241227 0.5625 26599
1672198255498 0.8125 26649
1672198280452 0.8333333730697632 26699
1672198294935 0.8333333134651184 26749
1672198309312 0.625 26799
1672198323698 0.9166666865348816 26849
1672198338037 0.9375 26899
1672198362965 0.8666666746139526 26949
1672198377289 0.44999998807907104 26999
1672198391564 0.8333333134651184 27049
1672198405959 0.75 27099
1672198430623 0.949999988079071 27149
1672198444932 0.5 27199
1672198459275 0.5 27249
1672198473775 0.75 27299
1672198498747 0.8541666865348816 27349
1672198513178 0.6666666865348816 27399
1672198527765 0.949999988079071 27449
1672198542199 1.0 27499
1672198556639 0.6499999761581421 27549
1672198581422 0.49166667461395264 27599
1672198596171 0.875 27649
1672198610601 1.0 27699
1672198625051 1.0 27749
1672198650258 0.75 27799
1672198664745 0.875 27849
1672198679187 0.7916666865348816 27899
1672198693783 0.75 27949
1672198719029 0.75 27999
1672198733480 0.949999988079071 28049
1672198748113 1.0 28099
1672198762609 0.9375 28149
1672198777090 0.7916666865348816 28199
1672198802281 0.6875 28249
1672198816907 0.5 28299
1672198831673 0.8125 28349
1672198846188 0.9166666865348816 28399
1672198871216 0.8666666746139526 28449
1672198885750 0.8333333730697632 28499
1672198900281 0.5 28549
1672198914763 0.887499988079071 28599
1672198939784 0.9583333134651184 28649
1672198954462 1.0 28699
1672198969313 0.699999988079071 28749
1672198983814 0.4166666865348816 28799
1672198998920 0.7083333134651184 28849
1672199023967 0.75 28899
1672199038500 0.8125 28949
1672199053221 0.6666666865348816 28999
1672199067752 0.7916666865348816 29049
1672199093184 0.4166666865348816 29099
1672199107820 0.6666666865348816 29149
1672199122740 0.75 29199
1672199137252 0.4416666626930237 29249
1672199162295 1.0 29299
1672199176859 0.625 29349
1672199191387 0.8333333134651184 29399
1672199205915 0.824999988079071 29449
1672199220596 0.5 29499
1672199245963 0.75 29549
1672199260704 0.9375 29599
1672199275289 0.7916666865348816 29649
1672199289896 0.75 29699
1672199314780 0.625 29749
1672199329412 0.75 29799
1672199344057 0.8125 29849
1672199358849 0.5625 29899
1672199384078 0.75 29949
1672199398827 0.6875 29999
1672199413383 1.0 30049
1672199427877 0.875 30099
1672199442352 0.7875000238418579 30149
1672199467467 0.7916666865348816 30199
1672199482106 0.5 30249
1672199496702 0.875 30299
1672199511607 0.875 30349
1672199536834 1.0 30399
1672199551472 0.7083333134651184 30449
1672199566155 0.875 30499
1672199580692 0.6875 30549
1672199606304 0.5 30599
1672199620804 0.9166666865348816 30649
1672199635324 0.75 30699
1672199650308 0.8166666626930237 30749
1672199664903 0.75 30799
1672199690033 0.5 30849
1672199704717 0.5666666626930237 30899
1672199719243 0.8125 30949
1672199733818 1.0 30999
1672199758666 1.0 31049
1672199773541 0.875 31099
1672199788115 0.5833333730697632 31149
1672199802859 0.6041666865348816 31199
1672199828245 0.75 31249
1672199842767 0.9166666865348816 31299
1672199857498 0.6875 31349
1672199871992 0.7916666865348816 31399
1672199886523 0.4166666865348816 31449
1672199912021 0.5625 31499
1672199926639 0.6875 31549
1672199941103 1.0 31599
1672199955561 0.9166666865348816 31649
1672199980621 0.7916666865348816 31699
1672199995219 0.6666666865348816 31749
1672200009829 0.375 31799
1672200024458 0.7083333730697632 31849
1672200049643 0.9375 31899
1672200064561 0.375 31949
1672200079013 1.0 31999
1672200093452 0.625 32049
1672200108092 0.8333333134651184 32099
1672200133122 0.7833333611488342 32149
1672200147712 0.9166666865348816 32199
1672200162180 0.875 32249
1672200176837 0.8374999761581421 32299
1672200201923 1.0 32349
1672200216555 0.6666666865348816 32399
1672200231474 0.5416666865348816 32449
1672200246112 0.7083333730697632 32499
1672200260707 0.25 32549
