1672189315182 0.78125 49
1672189329414 0.75 99
1672189343976 0.875 149
1672189358315 0.84375 199
1672189382572 0.8125 249
1672189396865 0.875 299
1672189411088 0.8125 349
1672189425351 0.65625 399
1672189449574 0.875 449
1672189463855 0.84375 499
1672189478379 0.71875 549
1672189492922 0.71875 599
1672189507210 0.78125 649
1672189531659 0.75 699
1672189545924 0.75 749
1672189560256 0.65625 799
1672189574529 0.71875 849
1672189598988 0.75 899
1672189613478 0.75 949
1672189627849 0.84375 999
1672189642411 0.75 1049
1672189666933 0.71875 1099
1672189681257 0.875 1149
1672189695529 0.90625 1199
1672189709813 0.8125 1249
1672189724093 0.90625 1299
1672189748733 0.9375 1349
1672189763102 0.78125 1399
1672189777445 0.75 1449
1672189791794 0.8125 1499
1672189816743 0.84375 1549
1672189831008 0.71875 1599
1672189845259 0.84375 1649
1672189859527 0.65625 1699
1672189886228 0.71875 1749
1672189900586 0.78125 1799
1672189914860 0.84375 1849
1672189929155 0.75 1899
1672189943457 0.84375 1949
1672189975662 0.78125 1999
1672189989954 0.8125 2049
1672190004220 0.84375 2099
1672190018618 0.8125 2149
1672190044298 0.75 2199
1672190058620 0.6875 2249
1672190072932 0.78125 2299
1672190087250 0.78125 2349
1672190112228 0.65625 2399
1672190126968 0.90625 2449
1672190141200 0.84375 2499
1672190155441 0.78125 2549
1672190169712 0.65625 2599
1672190195468 0.90625 2649
1672190209857 0.78125 2699
1672190224113 0.78125 2749
1672190238533 0.75 2799
1672190264931 0.75 2849
1672190279300 0.65625 2899
1672190293568 0.8125 2949
1672190307904 0.84375 2999
1672190333255 0.71875 3049
1672190347554 0.8125 3099
1672190361868 0.8125 3149
1672190376321 0.84375 3199
1672190390582 0.8125 3249
1672190415441 0.75 3299
1672190429808 0.71875 3349
1672190444255 0.78125 3399
1672190458688 0.6875 3449
1672190483485 0.90625 3499
1672190498004 0.9375 3549
1672190512369 0.6875 3599
1672190526900 0.875 3649
1672190554312 0.8125 3699
1672190568695 0.6875 3749
1672190583109 0.90625 3799
1672190597619 0.78125 3849
1672190611899 0.8125 3899
1672190636655 0.59375 3949
1672190651156 0.78125 3999
1672190665489 0.8125 4049
1672190679940 0.8125 4099
1672190705180 0.75 4149
1672190719519 0.71875 4199
1672190734000 0.8125 4249
1672190748472 0.78125 4299
1672190773608 0.875 4349
1672190787973 0.96875 4399
1672190802202 0.75 4449
1672190816623 0.75 4499
1672190830870 0.78125 4549
1672190855492 0.8125 4599
1672190869950 0.84375 4649
1672190884357 0.78125 4699
1672190898614 0.8125 4749
1672190922919 0.8125 4799
1672190937228 0.78125 4849
1672190951709 0.75 4899
1672190966085 0.75 4949
1672190990615 0.75 4999
1672191005299 0.84375 5049
1672191019882 0.78125 5099
1672191034313 0.875 5149
1672191048679 0.65625 5199
1672191073275 0.84375 5249
1672191087693 0.875 5299
1672191102073 0.78125 5349
1672191116358 0.6875 5399
1672191140815 0.6875 5449
1672191155251 0.875 5499
1672191169553 0.90625 5549
1672191183951 0.59375 5599
1672191208522 0.8125 5649
1672191222818 0.84375 5699
1672191237095 0.78125 5749
1672191251487 0.84375 5799
1672191265935 0.8125 5849
1672191290679 0.84375 5899
1672191305042 0.90625 5949
1672191319632 0.78125 5999
1672191333983 0.78125 6049
1672191358138 0.6875 6099
1672191372509 0.65625 6149
1672191386938 0.75 6199
1672191401333 0.84375 6249
1672191425863 0.78125 6299
1672191440491 0.8125 6349
1672191454928 0.65625 6399
1672191469235 0.75 6449
1672191483547 0.78125 6499
1672191507863 0.9375 6549
1672191522292 0.90625 6599
1672191536930 0.75 6649
1672191551447 0.75 6699
1672191575598 0.875 6749
1672191590183 0.8125 6799
1672191604562 0.8125 6849
1672191618868 0.90625 6899
1672191643203 0.875 6949
1672191657555 0.71875 6999
1672191671909 0.75 7049
1672191686378 0.875 7099
1672191700738 0.9375 7149
1672191725610 0.75 7199
1672191740096 0.75 7249
1672191754547 0.875 7299
1672191768882 0.8125 7349
1672191793400 0.84375 7399
1672191807795 0.65625 7449
1672191822152 0.75 7499
1672191836637 0.71875 7549
1672191861927 0.6875 7599
1672191876232 0.90625 7649
1672191890990 0.71875 7699
1672191905291 0.71875 7749
1672191919529 0.71875 7799
1672191945160 0.75 7849
1672191959636 0.75 7899
1672191974024 0.875 7949
1672191988370 0.75 7999
1672192014487 0.875 8049
1672192028926 0.84375 8099
1672192043549 0.8125 8149
1672192057846 0.90625 8199
1672192083318 0.75 8249
1672192097591 0.8125 8299
1672192111978 0.90625 8349
1672192126323 0.6875 8399
1672192140700 0.75 8449
1672192165037 0.84375 8499
1672192179758 0.78125 8549
1672192194257 0.84375 8599
1672192208710 0.84375 8649
1672192233786 0.84375 8699
1672192248137 0.84375 8749
1672192262463 0.6875 8799
1672192276899 0.90625 8849
1672192301499 0.8125 8899
1672192316235 0.78125 8949
1672192330721 0.75 8999
1672192345119 0.8125 9049
1672192359509 0.75 9099
1672192384544 0.9375 9149
1672192398995 0.875 9199
1672192413534 0.84375 9249
1672192428048 0.75 9299
1672192452598 0.84375 9349
1672192467307 0.875 9399
1672192481775 0.8125 9449
1672192496196 0.90625 9499
1672192520729 0.90625 9549
1672192535310 0.875 9599
1672192549749 0.71875 9649
1672192564120 0.9375 9699
1672192578615 0.875 9749
1672192603123 0.8125 9799
1672192617683 0.84375 9849
1672192632050 0.875 9899
1672192646564 0.84375 9949
1672192671433 0.84375 9999
1672192685728 0.75 10049
1672192699989 0.875 10099
1672192714423 0.8125 10149
1672192738941 0.90625 10199
1672192753480 0.75 10249
1672192767804 0.78125 10299
1672192782323 0.8125 10349
1672192796649 0.8125 10399
1672192821354 0.8125 10449
1672192835717 0.90625 10499
1672192850232 0.75 10549
1672192864582 0.75 10599
1672192889324 0.875 10649
1672192903671 0.8125 10699
1672192918061 0.75 10749
1672192932545 0.75 10799
1672192946772 0.625 10849
1672192971638 0.78125 10899
1672192986032 0.75 10949
1672193000602 0.78125 10999
1672193014994 0.71875 11049
1672193039424 0.84375 11099
1672193053902 0.6875 11149
1672193068544 0.8125 11199
1672193082872 0.8125 11249
1672193107484 0.78125 11299
1672193121806 0.75 11349
1672193136277 0.8125 11399
1672193150700 0.78125 11449
1672193165076 0.84375 11499
1672193189825 0.84375 11549
1672193204413 0.90625 11599
1672193218793 0.8125 11649
1672193233298 0.875 11699
1672193257989 0.71875 11749
1672193272539 0.875 11799
1672193286956 0.90625 11849
1672193301300 0.75 11899
1672193325558 0.6875 11949
1672193339991 0.78125 11999
1672193354403 0.71875 12049
1672193368821 0.875 12099
1672193383070 0.78125 12149
1672193407800 0.78125 12199
1672193422336 0.84375 12249
1672193436737 0.71875 12299
1672193451098 0.71875 12349
1672193476004 0.84375 12399
1672193490350 0.9375 12449
1672193504905 0.8125 12499
1672193519198 0.78125 12549
1672193543787 0.84375 12599
1672193558312 0.84375 12649
1672193572813 0.90625 12699
1672193587202 0.875 12749
1672193601826 0.875 12799
1672193626264 0.96875 12849
1672193640821 0.875 12899
1672193655133 0.84375 12949
1672193669423 0.75 12999
1672193694226 0.875 13049
1672193708701 0.78125 13099
1672193723024 0.75 13149
1672193737421 0.90625 13199
1672193762281 0.90625 13249
1672193776625 0.78125 13299
1672193791080 0.78125 13349
1672193805338 0.6875 13399
1672193819802 0.6875 13449
1672193844609 0.84375 13499
1672193858925 0.78125 13549
1672193873564 0.875 13599
1672193887923 0.8125 13649
1672193912528 0.8125 13699
1672193926849 0.78125 13749
1672193941132 0.84375 13799
1672193955582 0.78125 13849
1672193980103 0.90625 13899
1672193994380 0.75 13949
1672194008664 0.71875 13999
1672194022938 0.6875 14049
1672194037378 0.75 14099
1672194062007 0.875 14149
1672194076444 0.875 14199
1672194090747 0.625 14249
1672194105052 0.75 14299
1672194129804 0.71875 14349
1672194144200 0.90625 14399
1672194158726 0.875 14449
1672194173101 0.8125 14499
1672194197837 0.6875 14549
1672194212166 0.84375 14599
1672194226494 0.6875 14649
1672194241037 0.8125 14699
1672194255429 0.875 14749
1672194280306 0.84375 14799
1672194294619 0.8125 14849
1672194308950 0.75 14899
1672194323431 0.78125 14949
1672194348110 0.9375 14999
1672194362598 0.84375 15049
1672194376989 0.6875 15099
1672194391495 0.90625 15149
1672194416357 0.65625 15199
1672194430686 0.6875 15249
1672194445176 0.65625 15299
1672194459495 0.8125 15349
1672194473931 0.6875 15399
1672194498755 0.71875 15449
1672194513254 0.8125 15499
1672194527827 0.875 15549
1672194542180 0.875 15599
1672194566763 0.6875 15649
1672194581255 0.84375 15699
1672194595680 0.8125 15749
1672194610035 0.78125 15799
1672194634673 0.9375 15849
1672194649062 0.78125 15899
1672194663488 0.8125 15949
1672194677757 0.78125 15999
1672194692004 0.71875 16049
1672194716904 0.875 16099
1672194731216 0.875 16149
1672194745651 0.78125 16199
1672194759980 0.78125 16249
1672194784902 0.75 16299
1672194799410 0.78125 16349
1672194813878 0.84375 16399
1672194828273 0.8125 16449
1672194853044 0.78125 16499
1672194867359 0.90625 16549
1672194881944 0.8125 16599
1672194896264 0.90625 16649
1672194910588 0.6875 16699
1672194935410 0.84375 16749
1672194949769 0.90625 16799
1672194964145 0.84375 16849
1672194978593 0.8125 16899
1672195003534 0.875 16949
1672195018061 0.84375 16999
1672195032564 0.6875 17049
1672195046986 0.8125 17099
1672195071618 0.8125 17149
1672195086122 0.78125 17199
1672195100483 0.875 17249
1672195114970 0.8125 17299
1672195129304 0.78125 17349
1672195154209 0.78125 17399
1672195168774 0.84375 17449
1672195183241 0.78125 17499
1672195197562 0.9375 17549
1672195222431 0.96875 17599
1672195236949 0.75 17649
1672195251322 0.875 17699
1672195265720 0.8125 17749
1672195290650 0.90625 17799
1672195304973 0.875 17849
1672195319318 0.90625 17899
1672195333950 0.8125 17949
1672195348393 0.84375 17999
1672195373340 0.8125 18049
1672195387858 0.8125 18099
1672195402176 0.875 18149
1672195416473 0.875 18199
1672195441280 0.75 18249
1672195455586 0.78125 18299
1672195469859 0.875 18349
1672195484424 0.78125 18399
1672195509439 0.84375 18449
1672195523738 0.84375 18499
1672195538015 0.875 18549
1672195552282 0.6875 18599
1672195566561 0.8125 18649
1672195591328 0.71875 18699
1672195605662 0.875 18749
1672195619967 0.84375 18799
1672195634724 0.84375 18849
1672195659662 0.96875 18899
1672195673958 0.8125 18949
1672195688278 0.84375 18999
1672195702545 0.625 19049
1672195727308 0.8125 19099
1672195741625 0.78125 19149
1672195756103 0.78125 19199
1672195770385 0.90625 19249
1672195784924 0.75 19299
1672195809543 0.78125 19349
1672195824053 0.8125 19399
1672195838359 0.875 19449
1672195852646 0.8125 19499
1672195877145 0.65625 19549
1672195891619 0.90625 19599
1672195905856 0.84375 19649
1672195920283 0.75 19699
1672195944780 0.78125 19749
1672195959315 0.84375 19799
1672195973825 0.875 19849
1672195988211 0.75 19899
1672196002734 0.84375 19949
1672196027371 0.78125 19999
1672196041794 0.78125 20049
1672196056116 0.875 20099
1672196070471 0.71875 20149
1672196095403 0.78125 20199
1672196109815 0.75 20249
1672196124201 0.875 20299
1672196138908 0.90625 20349
1672196163516 0.75 20399
1672196178007 0.84375 20449
1672196192374 0.6875 20499
1672196206950 0.8125 20549
1672196221316 0.75 20599
1672196245797 0.8125 20649
1672196260213 0.65625 20699
1672196274499 0.78125 20749
1672196288791 0.75 20799
1672196313474 0.71875 20849
1672196327843 0.75 20899
1672196342209 0.78125 20949
1672196356820 0.8125 20999
1672196381217 0.90625 21049
1672196395516 0.78125 21099
1672196409926 0.75 21149
1672196424400 0.78125 21199
1672196438696 0.84375 21249
1672196463030 0.78125 21299
1672196477374 0.84375 21349
1672196491685 0.6875 21399
1672196505996 0.75 21449
1672196531000 0.65625 21499
1672196545432 0.875 21549
1672196559725 0.6875 21599
1672196574020 0.90625 21649
1672196588275 1.0 21699
1672196612967 0.84375 21749
1672196627579 0.8125 21799
1672196642069 0.90625 21849
1672196656415 0.71875 21899
1672196681391 0.8125 21949
1672196695716 0.8125 21999
1672196710165 0.78125 22049
1672196724605 0.8125 22099
1672196749341 0.78125 22149
1672196763694 0.875 22199
1672196778060 0.9375 22249
1672196792553 0.75 22299
1672196806875 0.75 22349
1672196831928 0.78125 22399
1672196846258 0.90625 22449
1672196860710 0.78125 22499
1672196875039 0.84375 22549
1672196899679 0.75 22599
1672196914140 0.90625 22649
1672196928451 0.78125 22699
1672196942804 0.78125 22749
1672196967880 0.8125 22799
1672196982219 0.75 22849
1672196996643 0.75 22899
1672197011001 0.71875 22949
1672197025399 0.84375 22999
1672197050315 0.875 23049
1672197064611 0.78125 23099
1672197079241 0.8125 23149
1672197093808 0.84375 23199
1672197118342 0.84375 23249
1672197132852 0.625 23299
1672197147375 0.8125 23349
1672197161708 0.9375 23399
1672197186535 0.8125 23449
1672197200962 0.8125 23499
1672197215362 0.65625 23549
1672197230001 0.75 23599
1672197244375 0.8125 23649
1672197269347 0.84375 23699
1672197283640 0.84375 23749
1672197297927 0.75 23799
1672197312256 0.8125 23849
1672197336890 0.9375 23899
1672197351297 0.84375 23949
1672197365945 0.90625 23999
1672197380285 0.875 24049
1672197404951 0.875 24099
1672197419442 0.90625 24149
1672197433944 0.78125 24199
1672197448301 0.9375 24249
1672197462656 0.84375 24299
1672197487530 0.875 24349
1672197502021 0.84375 24399
1672197516405 0.78125 24449
1672197530763 0.78125 24499
1672197555776 0.8125 24549
1672197570128 0.875 24599
1672197584539 0.75 24649
1672197598831 0.78125 24699
1672197623717 0.78125 24749
1672197638310 0.875 24799
1672197652741 0.8125 24849
1672197667187 0.71875 24899
1672197681682 0.90625 24949
1672197706461 0.8125 24999
1672197721040 0.96875 25049
1672197735474 0.78125 25099
1672197749720 0.6875 25149
1672197774606 0.625 25199
1672197789109 0.90625 25249
1672197803472 0.84375 25299
1672197817851 0.84375 25349
1672197842790 0.875 25399
1672197857428 0.75 25449
1672197871789 0.875 25499
1672197886175 0.84375 25549
1672197900675 0.875 25599
1672197925548 0.9375 25649
1672197939922 0.90625 25699
1672197954298 0.8125 25749
1672197968770 0.84375 25799
1672197993879 0.84375 25849
1672198008535 0.75 25899
1672198022968 0.71875 25949
1672198037305 0.875 25999
1672198062039 0.8125 26049
1672198076413 0.75 26099
1672198090785 0.84375 26149
1672198105171 0.78125 26199
1672198119680 0.78125 26249
1672198144612 0.75 26299
1672198159112 0.90625 26349
1672198173461 0.71875 26399
1672198187936 0.875 26449
1672198212476 0.78125 26499
1672198226797 0.90625 26549
1672198241227 0.78125 26599
1672198255498 0.78125 26649
1672198280452 0.8125 26699
1672198294935 0.90625 26749
1672198309312 0.8125 26799
1672198323698 0.84375 26849
1672198338037 0.8125 26899
1672198362965 0.75 26949
1672198377289 0.8125 26999
1672198391564 0.71875 27049
1672198405959 0.90625 27099
1672198430623 0.90625 27149
1672198444932 0.8125 27199
1672198459275 0.84375 27249
1672198473775 0.75 27299
1672198498747 0.875 27349
1672198513178 0.8125 27399
1672198527765 0.8125 27449
1672198542199 0.90625 27499
1672198556639 0.6875 27549
1672198581422 0.8125 27599
1672198596171 0.8125 27649
1672198610601 0.84375 27699
1672198625051 0.71875 27749
1672198650258 0.78125 27799
1672198664745 0.75 27849
1672198679187 0.84375 27899
1672198693783 0.71875 27949
1672198719029 0.96875 27999
1672198733480 0.8125 28049
1672198748113 0.875 28099
1672198762609 0.96875 28149
1672198777090 0.84375 28199
1672198802281 0.8125 28249
1672198816907 0.8125 28299
1672198831673 0.875 28349
1672198846188 0.875 28399
1672198871216 0.875 28449
1672198885750 0.875 28499
1672198900281 0.8125 28549
1672198914763 0.84375 28599
1672198939784 0.90625 28649
1672198954462 0.90625 28699
1672198969313 0.78125 28749
1672198983814 0.71875 28799
1672198998920 0.8125 28849
1672199023967 0.84375 28899
1672199038500 0.875 28949
1672199053221 0.875 28999
1672199067752 0.875 29049
1672199093184 0.8125 29099
1672199107820 0.75 29149
1672199122740 0.75 29199
1672199137252 0.625 29249
1672199162295 0.875 29299
1672199176859 0.75 29349
1672199191387 0.90625 29399
1672199205915 0.84375 29449
1672199220596 0.84375 29499
1672199245963 0.78125 29549
1672199260704 0.84375 29599
1672199275289 0.78125 29649
1672199289896 0.875 29699
1672199314780 0.78125 29749
1672199329412 0.71875 29799
1672199344057 0.84375 29849
1672199358849 0.78125 29899
1672199384078 0.875 29949
1672199398827 0.78125 29999
1672199413383 0.9375 30049
1672199427877 0.875 30099
1672199442352 0.75 30149
1672199467467 0.625 30199
1672199482106 0.71875 30249
1672199496702 0.90625 30299
1672199511607 0.8125 30349
1672199536834 0.84375 30399
1672199551472 0.875 30449
1672199566155 0.75 30499
1672199580692 0.8125 30549
1672199606304 0.875 30599
1672199620804 0.71875 30649
1672199635324 0.9375 30699
1672199650308 0.84375 30749
1672199664903 0.875 30799
1672199690033 0.78125 30849
1672199704717 0.78125 30899
1672199719243 0.8125 30949
1672199733818 0.875 30999
1672199758666 0.90625 31049
1672199773541 0.9375 31099
1672199788115 0.71875 31149
1672199802859 0.65625 31199
1672199828245 0.9375 31249
1672199842767 0.84375 31299
1672199857498 0.8125 31349
1672199871992 0.75 31399
1672199886523 0.65625 31449
1672199912021 0.71875 31499
1672199926639 0.6875 31549
1672199941103 0.78125 31599
1672199955561 0.90625 31649
1672199980621 0.9375 31699
1672199995219 0.6875 31749
1672200009829 0.875 31799
1672200024458 0.78125 31849
1672200049643 0.84375 31899
1672200064561 0.71875 31949
1672200079013 0.9375 31999
1672200093452 0.84375 32049
1672200108092 0.8125 32099
1672200133122 0.75 32149
1672200147712 0.8125 32199
1672200162180 0.875 32249
1672200176837 0.90625 32299
1672200201923 0.875 32349
1672200216555 0.8125 32399
1672200231474 0.78125 32449
1672200246112 0.78125 32499
1672200260707 0.875 32549
