1672189315182 1.9404088466334537 49
1672189329414 1.951244958194935 99
1672189343976 1.7403490998858837 149
1672189358315 1.5517549406766302 199
1672189382572 1.6574880990091014 249
1672189396865 1.5770552920402228 299
1672189411088 2.3955563160607554 349
1672189425351 1.7513969008263501 399
1672189449574 1.744320044819358 449
1672189463855 1.8252868539168723 499
1672189478379 1.7030627129109737 549
1672189492922 1.656193070625772 599
1672189507210 1.942205638752121 649
1672189531659 1.6514591295591499 699
1672189545924 1.7828087907607006 749
1672189560256 1.9967429256407172 799
1672189574529 1.6383858146186072 849
1672189598988 2.0414452878408644 899
1672189613478 2.01273396017769 949
1672189627849 1.735190637601105 999
1672189642411 2.1349174657272183 1049
1672189666933 2.019033848955245 1099
1672189681257 1.386835437631231 1149
1672189695529 2.1327695777316675 1199
1672189709813 1.8029543352816915 1249
1672189724093 1.5110698708161414 1299
1672189748733 1.4954812517363198 1349
1672189763102 2.1572928617415323 1399
1672189777445 2.305368820171232 1449
1672189791794 2.0430728405022887 1499
1672189816743 1.7644104444858089 1549
1672189831008 2.246124102402668 1599
1672189845259 1.994275659914364 1649
1672189859527 1.7676744710389078 1699
1672189886228 2.0462394689520655 1749
1672189900586 2.0675487611922883 1799
1672189914860 1.4013611669317658 1849
1672189929155 2.2801817784227607 1899
1672189943457 1.998207685434214 1949
1672189975662 1.9219494325896302 1999
1672189989954 1.5472667049962325 2049
1672190004220 1.661634746551096 2099
1672190018618 1.8844687443847719 2149
1672190044298 1.6996939598427678 2199
1672190058620 2.17227390093922 2249
1672190072932 1.8118082324995426 2299
1672190087250 1.8443810428065044 2349
1672190112228 2.209801876550584 2399
1672190126968 2.240448317086874 2449
1672190141200 1.9194901268652582 2499
1672190155441 1.5187946374925052 2549
1672190169712 1.7442648247103067 2599
1672190195468 1.5219608783671172 2649
1672190209857 1.6049366586812819 2699
1672190224113 1.5748602121960897 2749
1672190238533 2.0992430589728057 2799
1672190264931 1.9388178433597534 2849
1672190279300 2.0157564259517637 2899
1672190293568 1.6603798424123206 2949
1672190307904 2.363030108909835 2999
1672190333255 2.202175614012474 3049
1672190347554 1.9808332253269145 3099
1672190361868 1.685377471593681 3149
1672190376321 1.9827307174493063 3199
1672190390582 1.4690174924650476 3249
1672190415441 1.5487179641965474 3299
1672190429808 2.2798733449384727 3349
1672190444255 1.6255833894028857 3399
1672190458688 1.6682384238186345 3449
1672190483485 1.6132203680744053 3499
1672190498004 1.839689499440897 3549
1672190512369 2.033685704347993 3599
1672190526900 1.7302253413232696 3649
1672190554312 1.4051148864139686 3699
1672190568695 2.0017622462916416 3749
1672190583109 2.0597959622808304 3799
1672190597619 1.568250668025121 3849
1672190611899 1.9430342650062653 3899
1672190636655 2.1074157634417254 3949
1672190651156 1.7030816032728056 3999
1672190665489 1.9135569127972172 4049
1672190679940 2.1902563021316936 4099
1672190705180 1.8748088446261644 4149
1672190719519 1.9149185335445764 4199
1672190734000 2.0941751727124105 4249
1672190748472 1.9789029110555463 4299
1672190773608 1.7977260818367964 4349
1672190787973 1.8523987894314375 4399
1672190802202 2.141750834530275 4449
1672190816623 1.8447216213447644 4499
1672190830870 2.1686685715747727 4549
1672190855492 1.5331938785296495 4599
1672190869950 1.9750961273262297 4649
1672190884357 2.3361782392924924 4699
1672190898614 1.5592091627899543 4749
1672190922919 1.7322484787604757 4799
1672190937228 1.6255385052406397 4849
1672190951709 2.087229780405472 4899
1672190966085 2.2870860354292883 4949
1672190990615 1.8975337921792277 4999
1672191005299 1.4986536996573327 5049
1672191019882 1.7303485049442342 5099
1672191034313 2.040027411051322 5149
1672191048679 2.036607511094026 5199
1672191073275 1.7196755167893905 5249
1672191087693 1.8460187585848244 5299
1672191102073 2.222091037545867 5349
1672191116358 1.8102251968695713 5399
1672191140815 1.7427262592250268 5449
1672191155251 1.5713630652222021 5499
1672191169553 1.4929490224915956 5549
1672191183951 1.9228930907339554 5599
1672191208522 1.852980624687409 5649
1672191222818 1.6615250554311225 5699
1672191237095 1.8242927715708115 5749
1672191251487 1.821441285673888 5799
1672191265935 1.7653195770330554 5849
1672191290679 1.7533342447309466 5899
1672191305042 1.5520558633970474 5949
1672191319632 2.276721112115563 5999
1672191333983 1.879237377566882 6049
1672191358138 1.6882877897652468 6099
1672191372509 1.8801191015968688 6149
1672191386938 1.433315237196226 6199
1672191401333 1.6149923303556055 6249
1672191425863 2.087367670372995 6299
1672191440491 1.6845684891020687 6349
1672191454928 2.185267731007362 6399
1672191469235 1.7900878597839758 6449
1672191483547 2.041244434712209 6499
1672191507863 2.1314503565315133 6549
1672191522292 1.6348905606161113 6599
1672191536930 1.5202012895050265 6649
1672191551447 2.0404878726998272 6699
1672191575598 1.7600722067896477 6749
1672191590183 1.9051555054124854 6799
1672191604562 1.759034694281879 6849
1672191618868 2.02512493184976 6899
1672191643203 1.6699444923433937 6949
1672191657555 1.7581329910850558 6999
1672191671909 2.262471311696725 7049
1672191686378 1.3921436436686627 7099
1672191700738 1.3778022633113916 7149
1672191725610 1.6932365954532131 7199
1672191740096 2.0094855315291116 7249
1672191754547 1.7359956027532517 7299
1672191768882 1.825180433507342 7349
1672191793400 1.973708424233089 7399
1672191807795 2.316166233154154 7449
1672191822152 1.7580494465395593 7499
1672191836637 1.7487357190675148 7549
1672191861927 1.858921077342919 7599
1672191876232 1.6978352814619015 7649
1672191890990 1.9134100529152793 7699
1672191905291 1.7183887333686991 7749
1672191919529 1.8412019654829048 7799
1672191945160 1.6461208274079988 7849
1672191959636 1.9326731752628803 7899
1672191974024 1.587187575718644 7949
1672191988370 1.7425101245722714 7999
1672192014487 1.663132157634472 8049
1672192028926 1.3918107292603445 8099
1672192043549 2.0798695938583824 8149
1672192057846 1.5477410562610618 8199
1672192083318 1.8781272718610595 8249
1672192097591 1.7591108799802062 8299
1672192111978 1.6538213655688105 8349
1672192126323 2.0067976165155423 8399
1672192140700 1.8979606920983252 8449
1672192165037 1.3970683006619073 8499
1672192179758 1.5251686440473906 8549
1672192194257 1.6235489095920879 8599
1672192208710 2.000725969074693 8649
1672192233786 1.679518918268842 8699
1672192248137 1.3513820015702704 8749
1672192262463 1.8248868709128732 8799
1672192276899 1.5465923626111948 8849
1672192301499 1.8528861515631194 8899
1672192316235 1.9831062500821575 8949
1672192330721 1.6606038291223575 8999
1672192345119 2.1655451577820437 9049
1672192359509 1.839734284271668 9099
1672192384544 1.9210786423623036 9149
1672192398995 1.8438104078874922 9199
1672192413534 1.8993770261563752 9249
1672192428048 1.3569221849872242 9299
1672192452598 2.044696304424842 9349
1672192467307 1.799730130297875 9399
1672192481775 1.5935858003468 9449
1672192496196 1.6649198581238656 9499
1672192520729 1.7667742117206051 9549
1672192535310 2.077663421514571 9599
1672192549749 2.1335355735940476 9649
1672192564120 1.4035025229938092 9699
1672192578615 1.400540463695393 9749
1672192603123 1.6677433355756208 9799
1672192617683 1.9079113567649537 9849
1672192632050 1.7956949349764668 9899
1672192646564 1.5114336953340317 9949
1672192671433 1.824520822456969 9999
1672192685728 2.0580500207887242 10049
1672192699989 1.713932688323648 10099
1672192714423 1.801656854995334 10149
1672192738941 1.8061173097597147 10199
1672192753480 1.8718901459623263 10249
1672192767804 1.6066467423261814 10299
1672192782323 1.6505984400355689 10349
1672192796649 1.515356700261033 10399
1672192821354 2.048481446391493 10449
1672192835717 1.822708567395733 10499
1672192850232 1.6978444405930377 10549
1672192864582 1.8714240248363172 10599
1672192889324 1.4322194596591342 10649
1672192903671 1.7727570849992058 10699
1672192918061 2.1413458294890892 10749
1672192932545 2.084275302903635 10799
1672192946772 2.204780117651709 10849
1672192971638 1.8296149584288355 10899
1672192986032 1.7607260450912383 10949
1672193000602 1.5656051788504766 10999
1672193014994 1.8293529768587724 11049
1672193039424 2.1308161525889844 11099
1672193053902 1.588235929332429 11149
1672193068544 1.934050211750772 11199
1672193082872 2.1153304099019308 11249
1672193107484 1.9763943371389918 11299
1672193121806 1.9158645432509154 11349
1672193136277 2.006179782714561 11399
1672193150700 1.72925163325163 11449
1672193165076 1.7417878029913294 11499
1672193189825 1.6940795839614762 11549
1672193204413 1.6103644603081295 11599
1672193218793 1.3584593421039615 11649
1672193233298 1.960218403302205 11699
1672193257989 1.2891272592891037 11749
1672193272539 1.4262078236147182 11799
1672193286956 1.7066932325268411 11849
1672193301300 1.7062506674654392 11899
1672193325558 2.278951727545281 11949
1672193339991 1.8022736654336393 11999
1672193354403 1.8999261794952194 12049
1672193368821 2.0824097056163646 12099
1672193383070 2.1132576544228776 12149
1672193407800 1.9398125855814574 12199
1672193422336 1.9689754985995056 12249
1672193436737 1.7986882188727265 12299
1672193451098 2.0164875319512947 12349
1672193476004 1.922196901198271 12399
1672193490350 1.5336652023354378 12449
1672193504905 1.5902396332628865 12499
1672193519198 1.4033775895821103 12549
1672193543787 1.5231731111280036 12599
1672193558312 1.7483348821792135 12649
1672193572813 1.5879291423984485 12699
1672193587202 2.2239289058004443 12749
1672193601826 1.9363959629860616 12799
1672193626264 1.5440612319484663 12849
1672193640821 1.7918498606644118 12899
1672193655133 1.779614651256596 12949
1672193669423 1.6949297214653356 12999
1672193694226 1.8487386907894594 13049
1672193708701 2.0505660379132227 13099
1672193723024 2.304835693706554 13149
1672193737421 1.5204316662017963 13199
1672193762281 1.4693042073231108 13249
1672193776625 1.5522322502749184 13299
1672193791080 1.583901910203905 13349
1672193805338 1.7912304484977488 13399
1672193819802 1.6253951143464003 13449
1672193844609 2.269878290062611 13499
1672193858925 1.5906616518359025 13549
1672193873564 1.7159627474647001 13599
1672193887923 1.774572269834937 13649
1672193912528 1.7797679522922734 13699
1672193926849 1.7475781037305589 13749
1672193941132 1.6275446540698137 13799
1672193955582 2.1789281887327796 13849
1672193980103 1.2866729745568444 13899
1672193994380 1.503778480678364 13949
1672194008664 1.982151514068467 13999
1672194022938 1.8541670946330544 14049
1672194037378 1.6770982609618377 14099
1672194062007 1.599244538960447 14149
1672194076444 1.487237548963915 14199
1672194090747 1.9888144149809222 14249
1672194105052 1.7099744291302463 14299
1672194129804 1.6518856634412007 14349
1672194144200 1.9287093060980043 14399
1672194158726 1.7379390671829764 14449
1672194173101 1.7017666519062793 14499
1672194197837 1.963812229378154 14549
1672194212166 2.1015224331568474 14599
1672194226494 2.1186143898762064 14649
1672194241037 1.7029201545178125 14699
1672194255429 1.549511967410169 14749
1672194280306 1.8670652776248702 14799
1672194294619 2.0418010425646163 14849
1672194308950 1.9379202542256346 14899
1672194323431 1.3946730421153812 14949
1672194348110 1.9827971359740455 14999
1672194362598 1.5502653277962377 15049
1672194376989 1.4105132160227587 15099
1672194391495 1.7782879178381013 15149
1672194416357 2.1048473193192745 15199
1672194430686 1.6490235969830098 15249
1672194445176 1.5982204484714866 15299
1672194459495 2.038114861397014 15349
1672194473931 1.8570172118757864 15399
1672194498755 2.0568550388957143 15449
1672194513254 1.6422081492920837 15499
1672194527827 1.64200821435159 15549
1672194542180 1.8695989882214872 15599
1672194566763 2.3241483478018274 15649
1672194581255 1.9750846858576057 15699
1672194595680 1.7043298084849832 15749
1672194610035 1.8782017585618558 15799
1672194634673 1.2865346328988574 15849
1672194649062 1.6714699731542308 15899
1672194663488 1.5753437436611388 15949
1672194677757 1.7472580475277373 15999
1672194692004 1.7810018883505991 16049
1672194716904 2.113868636665977 16099
1672194731216 1.3977633153165732 16149
1672194745651 1.6568962773264548 16199
1672194759980 1.6590369216130314 16249
1672194784902 1.6361945612513376 16299
1672194799410 1.7901469884917482 16349
1672194813878 1.953314766527685 16399
1672194828273 2.269960112662092 16449
1672194853044 1.7876692313779434 16499
1672194867359 1.6300584531138405 16549
1672194881944 1.9473127780678636 16599
1672194896264 1.523453639838927 16649
1672194910588 1.8884978714288658 16699
1672194935410 1.8584166576910073 16749
1672194949769 1.4448670666999566 16799
1672194964145 1.7492741901532214 16849
1672194978593 1.816507423499607 16899
1672195003534 1.3766802592984368 16949
1672195018061 1.718206298089531 16999
1672195032564 2.2104558797914784 17049
1672195046986 1.6035031082290696 17099
1672195071618 1.8576026717404217 17149
1672195086122 1.8034625046646633 17199
1672195100483 1.4641250185954777 17249
1672195114970 1.6529052247231633 17299
1672195129304 2.1365117628080545 17349
1672195154209 1.6347237553842073 17399
1672195168774 2.151867615009876 17449
1672195183241 1.5762841337240456 17499
1672195197562 1.6949974770683438 17549
1672195222431 1.827515563462384 17599
1672195236949 1.7131833617710395 17649
1672195251322 1.5486897965068125 17699
1672195265720 2.0989868521101736 17749
1672195290650 1.823366345326269 17799
1672195304973 1.8464291301721207 17849
1672195319318 1.7488929825567938 17899
1672195333950 1.630209151446894 17949
1672195348393 1.6890667634822665 17999
1672195373340 1.70123722557218 18049
1672195387858 1.423182174229258 18099
1672195402176 2.0655392616240693 18149
1672195416473 2.114775018061576 18199
1672195441280 1.8048542217317547 18249
1672195455586 2.051670399006647 18299
1672195469859 1.5157772671218064 18349
1672195484424 1.8233560785366398 18399
1672195509439 2.042787510824013 18449
1672195523738 1.6137558418794606 18499
1672195538015 1.3253042038692957 18549
1672195552282 2.001707109914892 18599
1672195566561 2.029577818413624 18649
1672195591328 2.007814221876432 18699
1672195605662 1.358473113214743 18749
1672195619967 1.568695038086968 18799
1672195634724 2.1577038277844593 18849
1672195659662 1.843012578556499 18899
1672195673958 1.5801987567292297 18949
1672195688278 2.2081954663130765 18999
1672195702545 2.048699054116931 19049
1672195727308 1.5343708011558386 19099
1672195741625 2.0150203373380107 19149
1672195756103 1.551420313102381 19199
1672195770385 2.4911504419309174 19249
1672195784924 1.7889571128903887 19299
1672195809543 2.059939692244686 19349
1672195824053 1.760176154589324 19399
1672195838359 1.2311399470233726 19449
1672195852646 1.5976450995139508 19499
1672195877145 2.1877216849041696 19549
1672195891619 1.5762577669133668 19599
1672195905856 1.5912237745595796 19649
1672195920283 1.6973405696799069 19699
1672195944780 2.2720635664080855 19749
1672195959315 1.7784892988667715 19799
1672195973825 1.7047569408136471 19849
1672195988211 1.752206401017716 19899
1672196002734 1.589832933216841 19949
1672196027371 1.6290084592853278 19999
1672196041794 1.7679522502290497 20049
1672196056116 1.6584997481225698 20099
1672196070471 1.5958465135589759 20149
1672196095403 1.7672316521278026 20199
1672196109815 1.8984116199722876 20249
1672196124201 1.756561803612748 20299
1672196138908 1.4220257672962835 20349
1672196163516 1.5014070693439228 20399
1672196178007 1.7247531252230655 20449
1672196192374 1.825285731816661 20499
1672196206950 1.7667670690210664 20549
1672196221316 2.0147359044319364 20599
1672196245797 2.030977174029671 20649
1672196260213 2.023493026926623 20699
1672196274499 1.4232490499286612 20749
1672196288791 1.710802016466678 20799
1672196313474 1.6973645151645553 20849
1672196327843 1.734542978802366 20899
1672196342209 1.9127988935622842 20949
1672196356820 1.9699329162415051 20999
1672196381217 1.913636239589602 21049
1672196395516 1.9349102690302193 21099
1672196409926 1.6548375006454106 21149
1672196424400 1.909736951785328 21199
1672196438696 1.6355950442780405 21249
1672196463030 1.7776000231172486 21299
1672196477374 1.4608305517289641 21349
1672196491685 1.8545337441872607 21399
1672196505996 1.8945670923873181 21449
1672196531000 1.7197696358263836 21499
1672196545432 1.6124817288512514 21549
1672196559725 1.7775304995133663 21599
1672196574020 1.3504927708567989 21649
1672196588275 0.6802931851713785 21699
1672196612967 1.5260494479234108 21749
1672196627579 1.7181704626890566 21799
1672196642069 1.76714376123596 21849
1672196656415 1.8635976368479414 21899
1672196681391 1.8802142951497263 21949
1672196695716 1.6353368227275449 21999
1672196710165 1.7378375219785767 22049
1672196724605 1.73839220070125 22099
1672196749341 1.6226836467394463 22149
1672196763694 1.4855387715810517 22199
1672196778060 1.1682447053739962 22249
1672196792553 1.8786735467167353 22299
1672196806875 1.7446929848124395 22349
1672196831928 2.168004111032275 22399
1672196846258 1.740448240217599 22449
1672196860710 1.2735920085614092 22499
1672196875039 1.5008259718592565 22549
1672196899679 1.9673515146287834 22599
1672196914140 1.8284508380759572 22649
1672196928451 1.7352436623253729 22699
1672196942804 1.6903503630748196 22749
1672196967880 1.4422309504311692 22799
1672196982219 1.7882023638494184 22849
1672196996643 1.40119375581537 22899
1672197011001 1.6935180816302697 22949
1672197025399 1.5601079169807806 22999
1672197050315 1.9211440550413768 23049
1672197064611 1.7723088504368099 23099
1672197079241 1.722934385397284 23149
1672197093808 1.6006126062361463 23199
1672197118342 1.996163189461624 23249
1672197132852 1.8910548817037833 23299
1672197147375 1.7517787633331618 23349
1672197161708 1.7086160913014328 23399
1672197186535 1.4315399596829383 23449
1672197200962 1.4990648993397364 23499
1672197215362 2.019897753964119 23549
1672197230001 1.6762646423133256 23599
1672197244375 1.7752846820474952 23649
1672197269347 1.8648650271415717 23699
1672197283640 1.929477295011935 23749
1672197297927 1.7406860890327227 23799
1672197312256 1.650083755460508 23849
1672197336890 1.4571524982692674 23899
1672197351297 1.775527708870167 23949
1672197365945 1.8867894283251767 23999
1672197380285 1.8214693020510606 24049
1672197404951 2.4335093326810666 24099
1672197419442 1.8234948402998237 24149
1672197433944 1.655480943715387 24199
1672197448301 1.262398818090042 24249
1672197462656 1.289948533881107 24299
1672197487530 1.5258892916108318 24349
1672197502021 1.6674593571831948 24399
1672197516405 1.5015204045510475 24449
1672197530763 1.7129722886140393 24499
1672197555776 1.9617602803875989 24549
1672197570128 1.5490822703927623 24599
1672197584539 1.8587402390453729 24649
1672197598831 1.565363053791181 24699
1672197623717 1.5786535178309615 24749
1672197638310 1.5014636980114187 24799
1672197652741 1.9597231093461331 24849
1672197667187 2.081409612135764 24899
1672197681682 1.7363225510985663 24949
1672197706461 1.8031714599418134 24999
1672197721040 1.5498945605562244 25049
1672197735474 1.9981568520437016 25099
1672197749720 1.8147600725233892 25149
1672197774606 1.9885310770232763 25199
1672197789109 1.5025041426876244 25249
1672197803472 1.5110117410873667 25299
1672197817851 1.8417700228356582 25349
1672197842790 1.793136184816801 25399
1672197857428 1.8739951784309976 25449
1672197871789 1.4682347952275527 25499
1672197886175 1.8093599531443483 25549
1672197900675 1.8696123291936362 25599
1672197925548 1.575223104719396 25649
1672197939922 1.25703602259687 25699
1672197954298 1.992630681836217 25749
1672197968770 1.5106319753280826 25799
1672197993879 1.5029834153629675 25849
1672198008535 1.6015705100954116 25899
1672198022968 2.066631611678496 25949
1672198037305 1.465737420733631 25999
1672198062039 1.6751289534322718 26049
1672198076413 1.6368991781784814 26099
1672198090785 1.5815564914072031 26149
1672198105171 1.5252329410523426 26199
1672198119680 1.6667884161518765 26249
1672198144612 1.8388875661070256 26299
1672198159112 1.9033548822850228 26349
1672198173461 1.9547369818642706 26399
1672198187936 1.599171467793709 26449
1672198212476 1.644846299711597 26499
1672198226797 1.2608208012320836 26549
1672198241227 1.8477103777885853 26599
1672198255498 1.7939327078005614 26649
1672198280452 1.882622050001049 26699
1672198294935 1.612672020247465 26749
1672198309312 1.7232079561429041 26799
1672198323698 1.8473116156998084 26849
1672198338037 1.9123828496875221 26899
1672198362965 1.7647477650484384 26949
1672198377289 1.832441772833377 26999
1672198391564 1.9313447797386987 27049
1672198405959 1.83474107768122 27099
1672198430623 1.9113559266649136 27149
1672198444932 1.6498422228160852 27199
1672198459275 1.282512880440335 27249
1672198473775 1.9980312714785795 27299
1672198498747 1.8212442879167303 27349
1672198513178 1.6296531474889242 27399
1672198527765 1.9867118367931227 27449
1672198542199 1.6792911302971227 27499
1672198556639 1.8660318492392303 27549
1672198581422 1.5950670399803186 27599
1672198596171 1.3178272314000794 27649
1672198610601 1.71157240305749 27699
1672198625051 2.0325257013102633 27749
1672198650258 1.7422333816404811 27799
1672198664745 1.5291767968311691 27849
1672198679187 2.2869307504143763 27899
1672198693783 1.575755725531376 27949
1672198719029 1.4192621249491575 27999
1672198733480 1.7757294299399593 28049
1672198748113 1.962470615493729 28099
1672198762609 2.0145616215030175 28149
1672198777090 1.8528539272425955 28199
1672198802281 1.4503714060719828 28249
1672198816907 1.6646334211597518 28299
1672198831673 1.4360175326153657 28349
1672198846188 1.6288474473232148 28399
1672198871216 1.625479570969639 28449
1672198885750 1.3880313057977567 28499
1672198900281 1.5387691501314928 28549
1672198914763 1.4896337371708923 28599
1672198939784 2.3380517054348715 28649
1672198954462 1.866588493370493 28699
1672198969313 1.7894086938987226 28749
1672198983814 1.47649494073575 28799
1672198998920 1.651863602422611 28849
1672199023967 1.6142674322700135 28899
1672199038500 1.5318837135117458 28949
1672199053221 1.5091583985094275 28999
1672199067752 1.8343112285096357 29049
1672199093184 1.4996095660107946 29099
1672199107820 1.751002007048615 29149
1672199122740 1.8187671649165567 29199
1672199137252 1.7723548375643532 29249
1672199162295 1.3745966517402777 29299
1672199176859 1.671116962354481 29349
1672199191387 1.2830230238403697 29399
1672199205915 1.550193722815021 29449
1672199220596 1.4232853883563654 29499
1672199245963 1.8601873744563657 29549
1672199260704 1.6619733925093474 29599
1672199275289 2.1986243433448798 29649
1672199289896 1.9355775145118643 29699
1672199314780 1.728084939705987 29749
1672199329412 1.9835286301687824 29799
1672199344057 1.7248883612993802 29849
1672199358849 1.7324303916507264 29899
1672199384078 1.3004178893124123 29949
1672199398827 1.4590787095684745 29999
1672199413383 1.2455318754084899 30049
1672199427877 1.7236490312918222 30099
1672199442352 2.024011841840464 30149
1672199467467 2.4693246306994023 30199
1672199482106 1.6546397555379533 30249
1672199496702 1.7208449097981777 30299
1672199511607 1.7840411685508863 30349
1672199536834 1.8237672025094889 30399
1672199551472 1.2113258186981963 30449
1672199566155 1.9022192958473254 30499
1672199580692 1.9420434743799613 30549
1672199606304 1.222269555181248 30599
1672199620804 1.9565999860269767 30649
1672199635324 1.9994800201995437 30699
1672199650308 1.9914488797705479 30749
1672199664903 1.4890598152023868 30799
1672199690033 1.493582296868361 30849
1672199704717 1.8156180305312186 30899
1672199719243 1.5370929661624746 30949
1672199733818 1.5380891901159828 30999
1672199758666 1.5931659220088812 31049
1672199773541 1.8895796811165684 31099
1672199788115 1.6932225061478332 31149
1672199802859 1.7628233088120586 31199
1672199828245 1.1393446388696098 31249
1672199842767 1.6917190762372896 31299
1672199857498 1.4961559042663262 31349
1672199871992 1.9375228937031443 31399
1672199886523 1.5879450625686948 31449
1672199912021 1.6022004512974126 31499
1672199926639 2.116613035324362 31549
1672199941103 2.065062991427133 31599
1672199955561 1.4043047589122022 31649
1672199980621 1.6520069653604317 31699
1672199995219 1.793133411392907 31749
1672200009829 1.2917363868333385 31799
1672200024458 2.3388476234673625 31849
1672200049643 1.695857569088418 31899
1672200064561 1.726844550641628 31949
1672200079013 1.4775140686751849 31999
1672200093452 1.7875066712947403 32049
1672200108092 2.105313685869057 32099
1672200133122 2.066498590655486 32149
1672200147712 1.9135129641734192 32199
1672200162180 1.611961285107021 32249
1672200176837 1.3697353663954552 32299
1672200201923 1.5246948268022944 32349
1672200216555 2.02408757553015 32399
1672200231474 1.861562499472106 32449
1672200246112 1.6693743798376126 32499
1672200260707 1.4175451303737914 32549
