1672189372457 0.7569062113761902 216
1672189444447 0.7777264714241028 433
1672189516954 0.7813956141471863 650
1672189589157 0.7769556641578674 867
1672189661992 0.7801157236099243 1084
1672189734389 0.7721002101898193 1301
1672189807188 0.7642582654953003 1518
1672189881608 0.7530636191368103 1735
1672189961302 0.7716736197471619 1952
1672190035086 0.7752602100372314 2169
1672190107721 0.7708560228347778 2386
1672190181562 0.7800000905990601 2603
1672190255960 0.7674925327301025 2820
1672190329116 0.7734875082969666 3037
1672190401849 0.7598431706428528 3254
1672190474572 0.7750757932662964 3471
1672190550146 0.7573796510696411 3688
1672190623434 0.7663295269012451 3905
1672190696627 0.7675227522850037 4122
1672190769862 0.7779521942138672 4339
1672190842411 0.7741811871528625 4556
1672190914890 0.7875145077705383 4773
1672190987317 0.7595430612564087 4990
1672191060590 0.7750386595726013 5207
1672191133040 0.7652684450149536 5424
1672191205547 0.7724663615226746 5641
1672191277943 0.7706441283226013 5858
1672191350548 0.7600716352462769 6075
1672191423177 0.778937578201294 6292
1672191495686 0.7638342976570129 6509
1672191568245 0.7702505588531494 6726
1672191640792 0.7519406080245972 6943
1672191713740 0.7719268798828125 7160
1672191786408 0.7715883255004883 7377
1672191859803 0.7704048156738281 7594
1672191933601 0.7587476372718811 7811
1672192007540 0.7603468298912048 8028
1672192081398 0.766011655330658 8245
1672192153772 0.7498432397842407 8462
1672192227249 0.7644178867340088 8679
1672192299993 0.7549313306808472 8896
1672192373259 0.7436307072639465 9113
1672192446396 0.7596725821495056 9330
1672192519463 0.7563116550445557 9547
1672192592261 0.7508753538131714 9764
1672192665539 0.7708877325057983 9981
1672192737916 0.7594303488731384 10198
1672192810969 0.7500550150871277 10415
1672192883656 0.7489596605300903 10632
1672192956496 0.7630994915962219 10849
1672193029374 0.7554336190223694 11066
1672193102263 0.7434626817703247 11283
1672193174971 0.7563968896865845 11500
1672193248124 0.7462331652641296 11717
1672193320631 0.7524678111076355 11934
1672193393335 0.7528324127197266 12151
1672193466543 0.7502698302268982 12368
1672193539047 0.7520768642425537 12585
1672193612222 0.7512717843055725 12802
1672193684797 0.7405478954315186 13019
1672193757839 0.7698267102241516 13236
1672193830739 0.754602313041687 13453
1672193903323 0.759399950504303 13670
1672193976005 0.7494549751281738 13887
1672194048350 0.7491412162780762 14104
1672194121101 0.7505394816398621 14321
1672194194049 0.7586403489112854 14538
1672194266912 0.7464259266853333 14755
1672194339641 0.7562800645828247 14972
1672194412815 0.7468786835670471 15189
1672194485782 0.7553070187568665 15406
1672194558605 0.7438535690307617 15623
1672194631400 0.7577016949653625 15840
1672194704177 0.7493147253990173 16057
1672194776992 0.7383403182029724 16274
1672194850120 0.7456029057502747 16491
1672194922925 0.7527649998664856 16708
1672194995996 0.7486883997917175 16925
1672195068865 0.749003529548645 17142
1672195142088 0.7445252537727356 17359
1672195215123 0.7473025321960449 17576
1672195288198 0.7391907572746277 17793
1672195361486 0.760002851486206 18010
1672195434303 0.7517699599266052 18227
1672195507184 0.7566667199134827 18444
1672195579699 0.742119550704956 18661
1672195652852 0.7578063011169434 18878
1672195725481 0.7626810669898987 19095
1672195798310 0.749110996723175 19312
1672195870780 0.7390697002410889 19529
1672195943246 0.7712111473083496 19746
1672196016349 0.7470521926879883 19963
1672196089196 0.7587640881538391 20180
1672196162319 0.7536210417747498 20397
1672196235031 0.7488219738006592 20614
1672196307664 0.7412827014923096 20831
1672196380278 0.75620436668396 21048
1672196452717 0.7276878952980042 21265
1672196525343 0.7523121237754822 21482
1672196598032 0.7424443364143372 21699
1672196671266 0.7564685940742493 21916
1672196744023 0.7565125823020935 22133
1672196816999 0.7534669637680054 22350
1672196889847 0.7499366998672485 22567
1672196962968 0.7588990926742554 22784
1672197035865 0.7505202889442444 23001
1672197108798 0.7575116753578186 23218
1672197181852 0.7475723028182983 23435
1672197255098 0.7460597157478333 23652
1672197327650 0.7668208479881287 23869
1672197400548 0.7526645660400391 24086
1672197473470 0.7433223128318787 24303
1672197546659 0.7557004690170288 24520
1672197619575 0.7453619837760925 24737
1672197692967 0.7509579062461853 24954
1672197765736 0.7530444264411926 25171
1672197839023 0.7492417097091675 25388
1672197912192 0.7566900849342346 25605
1672197985362 0.7489885091781616 25822
1672198058455 0.7576494216918945 26039
1672198131463 0.7457088232040405 26256
1672198204417 0.7525984048843384 26473
1672198277200 0.7495954036712646 26690
1672198350317 0.7616943120956421 26907
1672198422727 0.7584009170532227 27124
1672198495764 0.7449105978012085 27341
1672198568918 0.7444702386856079 27558
1672198642497 0.7609415054321289 27775
1672198716251 0.7522736191749573 27992
1672198789993 0.7386705875396729 28209
1672198863799 0.7505588531494141 28426
1672198937348 0.7548748254776001 28643
1672199011903 0.750451385974884 28860
1672199085935 0.7556840777397156 29077
1672199160128 0.7518772482872009 29294
1672199233884 0.7508037090301514 29511
1672199308011 0.7538894414901733 29728
1672199382195 0.7581695914268494 29945
1672199455978 0.7628365159034729 30162
1672199530279 0.7490752935409546 30379
1672199604677 0.7525819540023804 30596
1672199678867 0.7494027614593506 30813
1672199752507 0.7386044859886169 31030
1672199826906 0.7449904084205627 31247
1672199900818 0.7576548457145691 31464
1672199974688 0.7558574676513672 31681
1672200048559 0.7505064606666565 31898
1672200122485 0.7339568734169006 32115
1672200196323 0.7439307570457458 32332
1672200270958 0.7486375570297241 32549
