1672731884663 0.0 216
1672731957625 0.0 433
1672732031556 0.0 650
1672732104783 0.0 867
1672732179072 0.0 1084
1672732252391 0.0 1301
1672732326458 0.0 1518
1672732399687 0.0 1735
1672732473555 0.0 1952
1672732546812 1.25 2169
1672732620628 3.75 2386
1672732695063 25.0 2603
1672732768679 7.0 2820
1672732842665 0.25 3037
1672732916296 9.5 3254
1672732990634 2.5 3471
1672733064079 11.25 3688
1672733138334 20.5 3905
1672733211876 25.5 4122
1672733285473 22.75 4339
1672733358877 26.25 4556
1672733432695 26.25 4773
1672733506745 24.25 4990
1672733580178 31.75 5207
1672733653793 18.5 5424
1672733727414 31.0 5641
1672733800586 26.5 5858
1672733874361 22.75 6075
1672733947624 17.0 6292
1672734021791 25.75 6509
1672734095677 17.75 6726
1672734169005 25.5 6943
1672734242711 12.5 7160
1672734316004 21.75 7377
1672734389718 23.75 7594
1672734463470 26.25 7811
1672734537287 17.0 8028
1672734611541 21.75 8245
1672734685601 22.0 8462
1672734759394 23.0 8679
1672734833062 26.25 8896
1672734906753 23.0 9113
1672734981440 22.25 9330
1672735055151 24.0 9547
1672735129168 25.75 9764
1672735202858 24.75 9981
1672735276767 23.5 10198
1672735350446 22.0 10415
1672735424675 24.0 10632
1672735497876 22.5 10849
1672735571636 22.5 11066
1672735645212 24.25 11283
1672735719111 23.0 11500
1672735792547 24.25 11717
1672735866164 25.75 11934
1672735940714 25.5 12151
1672736014228 24.25 12368
1672736088124 23.0 12585
1672736161529 23.75 12802
1672736235239 21.0 13019
1672736308633 23.75 13236
1672736382221 23.75 13453
1672736455675 25.75 13670
1672736529566 24.75 13887
1672736603024 23.75 14104
1672736676608 25.75 14321
1672736750519 23.5 14538
1672736823860 22.25 14755
1672736897674 23.5 14972
1672736970980 27.0 15189
1672737044706 25.5 15406
1672737117747 22.0 15623
1672737192159 24.0 15840
1672737265663 23.75 16057
1672737339464 23.75 16274
1672737412700 23.5 16491
1672737486753 25.25 16708
1672737560067 24.0 16925
1672737633968 23.0 17142
1672737707541 23.5 17359
1672737781110 23.5 17576
1672737854479 23.5 17793
1672737928483 23.75 18010
1672738002439 25.0 18227
1672738076093 23.5 18444
1672738150183 24.0 18661
1672738223390 23.5 18878
1672738297332 24.5 19095
1672738370550 23.75 19312
1672738444422 23.5 19529
1672738518130 23.75 19746
1672738592084 25.25 19963
1672738665699 23.75 20180
1672738739590 24.0 20397
1672738813657 24.0 20614
1672738887085 23.5 20831
1672738960699 23.75 21048
1672739034233 23.75 21265
1672739107781 23.0 21482
1672739181446 23.75 21699
1672739254760 23.5 21916
1672739328655 23.75 22133
1672739402108 23.5 22350
1672739475805 23.75 22567
1672739548965 23.75 22784
1672739622563 23.5 23001
1672739696285 23.5 23218
1672739770011 23.75 23435
1672739843777 23.5 23652
1672739917490 23.5 23869
1672739991299 23.5 24086
1672740065423 23.75 24303
1672740138928 23.75 24520
1672740214107 22.0 24737
1672740287783 21.0 24954
1672740361618 23.25 25171
1672740435127 23.5 25388
1672740508640 20.25 25605
1672740582771 23.5 25822
1672740656013 23.25 26039
1672740729931 23.5 26256
1672740802954 23.75 26473
1672740876674 24.5 26690
1672740949874 24.0 26907
1672741023402 23.75 27124
1672741096880 23.75 27341
1672741171258 23.75 27558
1672741244233 24.0 27775
1672741317362 23.75 27992
1672741392987 21.25 28209
1672741466503 23.75 28426
1672741540144 24.5 28643
1672741614167 23.75 28860
1672741687442 24.0 29077
1672741761313 23.75 29294
1672741834581 24.25 29511
1672741908734 23.25 29728
1672741982147 24.5 29945
1672742055812 23.75 30162
1672742129186 24.0 30379
1672742202996 23.5 30596
1672742276331 24.5 30813
1672742349747 24.0 31030
1672742423255 23.75 31247
1672742497130 23.75 31464
1672742570551 23.75 31681
1672742644258 23.5 31898
1672742717964 24.0 32115
1672742791306 23.75 32332
1672742865013 23.75 32549
