1672731884663 217.0 216
1672731957625 217.0 433
1672732031556 217.0 650
1672732104783 217.0 867
1672732179072 217.0 1084
1672732252391 217.0 1301
1672732326458 217.0 1518
1672732399687 217.0 1735
1672732473555 217.0 1952
1672732546812 215.75 2169
1672732620628 213.25 2386
1672732695063 192.0 2603
1672732768679 210.0 2820
1672732842665 216.75 3037
1672732916296 207.5 3254
1672732990634 214.5 3471
1672733064079 205.75 3688
1672733138334 196.5 3905
1672733211876 191.5 4122
1672733285473 194.25 4339
1672733358877 190.75 4556
1672733432695 190.75 4773
1672733506745 192.75 4990
1672733580178 185.25 5207
1672733653793 198.5 5424
1672733727414 186.0 5641
1672733800586 190.5 5858
1672733874361 194.25 6075
1672733947624 200.0 6292
1672734021791 191.25 6509
1672734095677 199.25 6726
1672734169005 191.5 6943
1672734242711 204.5 7160
1672734316004 195.25 7377
1672734389718 193.25 7594
1672734463470 190.5 7811
1672734537287 200.0 8028
1672734611541 195.25 8245
1672734685601 195.0 8462
1672734759394 194.0 8679
1672734833062 189.75 8896
1672734906753 194.0 9113
1672734981440 194.75 9330
1672735055151 192.25 9547
1672735129168 190.75 9764
1672735202858 191.5 9981
1672735276767 193.5 10198
1672735350446 195.0 10415
1672735424675 192.0 10632
1672735497876 193.75 10849
1672735571636 193.5 11066
1672735645212 192.75 11283
1672735719111 193.0 11500
1672735792547 191.5 11717
1672735866164 190.25 11934
1672735940714 190.5 12151
1672736014228 191.75 12368
1672736088124 193.0 12585
1672736161529 192.0 12802
1672736235239 194.5 13019
1672736308633 191.75 13236
1672736382221 192.25 13453
1672736455675 190.0 13670
1672736529566 191.25 13887
1672736603024 191.75 14104
1672736676608 189.5 14321
1672736750519 192.25 14538
1672736823860 193.5 14755
1672736897674 192.0 14972
1672736970980 188.75 15189
1672737044706 190.25 15406
1672737117747 194.0 15623
1672737192159 191.5 15840
1672737265663 191.75 16057
1672737339464 191.75 16274
1672737412700 192.25 16491
1672737486753 190.25 16708
1672737560067 191.5 16925
1672737633968 192.5 17142
1672737707541 192.0 17359
1672737781110 192.0 17576
1672737854479 192.0 17793
1672737928483 192.0 18010
1672738002439 190.5 18227
1672738076093 192.0 18444
1672738150183 191.5 18661
1672738223390 192.0 18878
1672738297332 191.0 19095
1672738370550 191.75 19312
1672738444422 192.5 19529
1672738518130 191.75 19746
1672738592084 190.25 19963
1672738665699 191.75 20180
1672738739590 190.0 20397
1672738813657 191.5 20614
1672738887085 192.25 20831
1672738960699 192.0 21048
1672739034233 192.0 21265
1672739107781 193.25 21482
1672739181446 191.75 21699
1672739254760 192.0 21916
1672739328655 191.75 22133
1672739402108 191.5 22350
1672739475805 191.5 22567
1672739548965 191.75 22784
1672739622563 192.25 23001
1672739696285 192.25 23218
1672739770011 191.75 23435
1672739843777 192.25 23652
1672739917490 192.25 23869
1672739991299 192.0 24086
1672740065423 192.0 24303
1672740138928 191.75 24520
1672740214107 194.0 24737
1672740287783 193.75 24954
1672740361618 191.75 25171
1672740435127 192.0 25388
1672740508640 195.25 25605
1672740582771 192.0 25822
1672740656013 192.25 26039
1672740729931 192.0 26256
1672740802954 192.0 26473
1672740876674 191.25 26690
1672740949874 191.5 26907
1672741023402 191.75 27124
1672741096880 191.25 27341
1672741171258 191.0 27558
1672741244233 191.5 27775
1672741317362 192.5 27992
1672741392987 194.25 28209
1672741466503 190.75 28426
1672741540144 191.0 28643
1672741614167 191.75 28860
1672741687442 191.5 29077
1672741761313 190.75 29294
1672741834581 191.25 29511
1672741908734 192.25 29728
1672741982147 191.5 29945
1672742055812 191.75 30162
1672742129186 191.5 30379
1672742202996 192.25 30596
1672742276331 190.75 30813
1672742349747 191.5 31030
1672742423255 191.75 31247
1672742497130 191.75 31464
1672742570551 191.75 31681
1672742644258 192.0 31898
1672742717964 191.0 32115
1672742791306 192.0 32332
1672742865013 191.75 32549
