1672731828806 0 49
1672731843795 0 99
1672731858590 0 149
1672731873121 0 199
1672731884663 0 216
1672731887746 1 216
1672731898050 1 249
1672731912471 1 299
1672731926830 1 349
1672731941196 1 399
1672731957625 1 433
1672731961001 2 433
1672731966451 2 449
1672731980827 2 499
1672731995505 2 549
1672732010037 2 599
1672732024546 2 649
1672732031556 2 650
1672732034812 3 650
1672732049697 3 699
1672732064060 3 749
1672732078392 3 799
1672732092750 3 849
1672732104783 3 867
1672732108124 4 867
1672732118781 4 899
1672732133530 4 949
1672732148162 4 999
1672732162537 4 1049
1672732179072 4 1084
1672732182417 5 1084
1672732187571 5 1099
1672732201966 5 1149
1672732216352 5 1199
1672732230747 5 1249
1672732245122 5 1299
1672732252391 5 1301
1672732255753 6 1301
1672732270624 6 1349
1672732285017 6 1399
1672732299699 6 1449
1672732314077 6 1499
1672732326458 6 1518
1672732329787 7 1518
1672732339512 7 1549
1672732353893 7 1599
1672732368297 7 1649
1672732382692 7 1699
1672732399687 7 1735
1672732403100 8 1735
1672732407887 8 1749
1672732422259 8 1799
1672732437075 8 1849
1672732451466 8 1899
1672732465817 8 1949
1672732473555 8 1952
1672732477064 9 1952
1672732491278 9 1999
1672732505672 9 2049
1672732520048 9 2099
1672732534410 9 2149
1672732546812 9 2169
1672732550260 10 2169
1672732559939 10 2199
1672732574447 10 2249
1672732588792 10 2299
1672732603295 10 2349
1672732620628 10 2386
1672732624090 11 2386
1672732628851 11 2399
1672732643296 11 2449
1672732657642 11 2499
1672732672442 11 2549
1672732686783 11 2599
1672732695063 11 2603
1672732698464 12 2603
1672732712770 12 2649
1672732727136 12 2699
1672732741488 12 2749
1672732756000 12 2799
1672732768679 12 2820
1672732772184 13 2820
1672732781407 13 2849
1672732795833 13 2899
1672732810551 13 2949
1672732824958 13 2999
1672732842665 13 3037
1672732846138 14 3037
1672732850276 14 3049
1672732864673 14 3099
1672732879251 14 3149
1672732893655 14 3199
1672732908052 14 3249
1672732916296 14 3254
1672732919728 15 3254
1672732933449 15 3299
1672732948068 15 3349
1672732962700 15 3399
1672732977318 15 3449
1672732990634 15 3471
1672732994035 16 3471
1672733002826 16 3499
1672733017267 16 3549
1672733031654 16 3599
1672733046034 16 3649
1672733064079 16 3688
1672733067496 17 3688
1672733071439 17 3699
1672733086029 17 3749
1672733100673 17 3799
1672733115289 17 3849
1672733129876 17 3899
1672733138334 17 3905
1672733141843 18 3905
1672733155339 18 3949
1672733169739 18 3999
1672733184167 18 4049
1672733198584 18 4099
1672733211876 18 4122
1672733215356 19 4122
1672733223880 19 4149
1672733238427 19 4199
1672733252958 19 4249
1672733267369 19 4299
1672733285473 19 4339
1672733288899 20 4339
1672733292603 20 4349
1672733307148 20 4399
1672733321469 20 4449
1672733336109 20 4499
1672733350415 20 4549
1672733358877 20 4556
1672733362210 21 4556
1672733375324 21 4599
1672733389743 21 4649
1672733404316 21 4699
1672733418720 21 4749
1672733432695 21 4773
1672733436404 22 4773
1672733444696 22 4799
1672733459208 22 4849
1672733473742 22 4899
1672733488340 22 4949
1672733506745 22 4990
1672733510155 23 4990
1672733513417 23 4999
1672733527818 23 5049
1672733542227 23 5099
1672733556773 23 5149
1672733571346 23 5199
1672733580178 23 5207
1672733583599 24 5207
1672733596406 24 5249
1672733610807 24 5299
1672733625372 24 5349
1672733639821 24 5399
1672733653793 24 5424
1672733657245 25 5424
1672733665190 25 5449
1672733679487 25 5499
1672733693952 25 5549
1672733708245 25 5599
1672733727414 25 5641
1672733730846 26 5641
1672733733888 26 5649
1672733748204 26 5699
1672733762509 26 5749
1672733776802 26 5799
1672733791299 26 5849
1672733800586 26 5858
1672733804011 27 5858
1672733816564 27 5899
1672733830938 27 5949
1672733845563 27 5999
1672733860098 27 6049
1672733874361 27 6075
1672733877843 28 6075
1672733885421 28 6099
1672733899723 28 6149
1672733914100 28 6199
1672733928409 28 6249
1672733947624 28 6292
1672733951044 29 6292
1672733953803 29 6299
1672733968259 29 6349
1672733982977 29 6399
1672733997590 29 6449
1672734012177 29 6499
1672734021791 29 6509
1672734025456 30 6509
1672734037747 30 6549
1672734052162 30 6599
1672734066594 30 6649
1672734080994 30 6699
1672734095677 30 6726
1672734099055 31 6726
1672734106549 31 6749
1672734120889 31 6799
1672734135345 31 6849
1672734149819 31 6899
1672734169005 31 6943
1672734172338 32 6943
1672734174816 32 6949
1672734189229 32 6999
1672734203598 32 7049
1672734218260 32 7099
1672734232622 32 7149
1672734242711 32 7160
1672734246154 33 7160
1672734258218 33 7199
1672734272705 33 7249
1672734287049 33 7299
1672734301403 33 7349
1672734316004 33 7377
1672734319350 34 7377
1672734326526 34 7399
1672734340944 34 7449
1672734355510 34 7499
1672734370088 34 7549
1672734389718 34 7594
1672734393122 35 7594
1672734395334 35 7599
1672734410003 35 7649
1672734424398 35 7699
1672734438790 35 7749
1672734453179 35 7799
1672734463470 35 7811
1672734466800 36 7811
1672734478632 36 7849
1672734493173 36 7899
1672734507519 36 7949
1672734521862 36 7999
1672734537287 36 8028
1672734541043 37 8028
1672734547978 37 8049
1672734562338 37 8099
1672734576706 37 8149
1672734591327 37 8199
1672734611541 37 8245
1672734615058 38 8245
1672734616959 38 8249
1672734631708 38 8299
1672734646298 38 8349
1672734660730 38 8399
1672734675195 38 8449
1672734685601 38 8462
1672734689049 39 8462
1672734700515 39 8499
1672734715064 39 8549
1672734729489 39 8599
1672734744033 39 8649
1672734759394 39 8679
1672734762875 40 8679
1672734769509 40 8699
1672734783897 40 8749
1672734798293 40 8799
1672734812802 40 8849
1672734833062 40 8896
1672734836457 41 8896
1672734838018 41 8899
1672734852420 41 8949
1672734867029 41 8999
1672734881452 41 9049
1672734896030 41 9099
1672734906753 41 9113
1672734910259 42 9113
1672734921460 42 9149
1672734935882 42 9199
1672734950305 42 9249
1672734965163 42 9299
1672734981440 42 9330
1672734984786 43 9330
1672734990963 43 9349
1672735005441 43 9399
1672735019984 43 9449
1672735034428 43 9499
1672735055151 43 9547
1672735058502 44 9547
1672735059831 44 9549
1672735074253 44 9599
1672735088676 44 9649
1672735103114 44 9699
1672735117685 44 9749
1672735129168 44 9764
1672735132582 45 9764
1672735143454 45 9799
1672735157881 45 9849
1672735172476 45 9899
1672735186919 45 9949
1672735202858 45 9981
1672735206287 46 9981
1672735212242 46 9999
1672735226608 46 10049
1672735241263 46 10099
1672735255788 46 10149
1672735276767 46 10198
1672735280276 47 10198
1672735281253 47 10199
1672735296249 47 10249
1672735310555 47 10299
1672735324877 47 10349
1672735339179 47 10399
1672735350446 47 10415
1672735353855 48 10415
1672735364416 48 10449
1672735379231 48 10499
1672735393848 48 10549
1672735408313 48 10599
1672735424675 48 10632
1672735428101 49 10632
1672735433714 49 10649
1672735448133 49 10699
1672735462473 49 10749
1672735476843 49 10799
1672735490969 49 10849
1672735497876 49 10849
1672735501192 50 10849
1672735516519 50 10899
1672735531093 50 10949
1672735545531 50 10999
1672735560112 50 11049
1672735571636 50 11066
1672735575080 51 11066
1672735585572 51 11099
1672735599931 51 11149
1672735614306 51 11199
1672735628697 51 11249
1672735645212 51 11283
1672735648613 52 11283
1672735653932 52 11299
1672735668661 52 11349
1672735683161 52 11399
1672735697752 52 11449
1672735712094 52 11499
1672735719111 52 11500
1672735722501 53 11500
1672735737509 53 11549
1672735751872 53 11599
1672735766374 53 11649
1672735780723 53 11699
1672735792547 53 11717
1672735795885 54 11717
1672735806011 54 11749
1672735820727 54 11799
1672735835133 54 11849
1672735849549 54 11899
1672735866164 54 11934
1672735869583 55 11934
1672735874662 55 11949
1672735889101 55 11999
1672735903691 55 12049
1672735918135 55 12099
1672735932585 55 12149
1672735940714 55 12151
1672735944155 56 12151
1672735958839 56 12199
1672735973171 56 12249
1672735987685 56 12299
1672736002025 56 12349
1672736014228 56 12368
1672736017677 57 12368
1672736027414 57 12399
1672736042026 57 12449
1672736056489 57 12499
1672736071096 57 12549
1672736088124 57 12585
1672736091548 58 12585
1672736096381 58 12599
1672736110787 58 12649
1672736125186 58 12699
1672736139570 58 12749
1672736154105 58 12799
1672736161529 58 12802
1672736164864 59 12802
1672736179157 59 12849
1672736193726 59 12899
1672736208280 59 12949
1672736222847 59 12999
1672736235239 59 13019
1672736238660 60 13019
1672736248156 60 13049
1672736262526 60 13099
1672736276898 60 13149
1672736291263 60 13199
1672736308633 60 13236
1672736311970 61 13236
1672736316609 61 13249
1672736331264 61 13299
1672736345656 61 13349
1672736360008 61 13399
1672736374356 61 13449
1672736382221 61 13453
1672736385564 62 13453
1672736399511 62 13499
1672736413964 62 13549
1672736428377 62 13599
1672736442792 62 13649
1672736455675 62 13670
1672736459097 63 13670
1672736468354 63 13699
1672736482886 63 13749
1672736497487 63 13799
1672736511850 63 13849
1672736529566 63 13887
1672736532948 64 13887
1672736537114 64 13899
1672736551529 64 13949
1672736565923 64 13999
1672736580482 64 14049
1672736595017 64 14099
1672736603024 64 14104
1672736606411 65 14104
1672736620272 65 14149
1672736634806 65 14199
1672736649206 65 14249
1672736663621 65 14299
1672736676608 65 14321
1672736680068 66 14321
1672736688882 66 14349
1672736703295 66 14399
1672736717701 66 14449
1672736732099 66 14499
1672736750519 66 14538
1672736753870 67 14538
1672736757796 67 14549
1672736772271 67 14599
1672736786699 67 14649
1672736801099 67 14699
1672736815473 67 14749
1672736823860 67 14755
1672736827547 68 14755
1672736840938 68 14799
1672736855286 68 14849
1672736869622 68 14899
1672736884264 68 14949
1672736897674 68 14972
1672736901069 69 14972
1672736909549 69 14999
1672736923943 69 15049
1672736938333 69 15099
1672736952753 69 15149
1672736970980 69 15189
1672736974252 70 15189
1672736977909 70 15199
1672736992307 70 15249
1672737006716 70 15299
1672737021555 70 15349
1672737036057 70 15399
1672737044706 70 15406
1672737048132 71 15406
1672737061228 71 15449
1672737075579 71 15499
1672737089892 71 15549
1672737104228 71 15599
1672737117747 71 15623
1672737121540 72 15623
1672737129843 72 15649
1672737144415 72 15699
1672737158960 72 15749
1672737173693 72 15799
1672737192159 72 15840
1672737195547 73 15840
1672737199027 73 15849
1672737213486 73 15899
1672737228133 73 15949
1672737242534 73 15999
1672737256989 73 16049
1672737265663 73 16057
1672737269070 74 16057
1672737281987 74 16099
1672737296542 74 16149
1672737311248 74 16199
1672737325687 74 16249
1672737339464 74 16274
1672737342898 75 16274
1672737350843 75 16299
1672737365226 75 16349
1672737379586 75 16399
1672737393975 75 16449
1672737412700 75 16491
1672737416081 76 16491
1672737419140 76 16499
1672737433852 76 16549
1672737448579 76 16599
1672737462998 76 16649
1672737477441 76 16699
1672737486753 76 16708
1672737490214 77 16708
1672737502744 77 16749
1672737517157 77 16799
1672737531559 77 16849
1672737545991 77 16899
1672737560067 77 16925
1672737563397 78 16925
1672737571337 78 16949
1672737585883 78 16999
1672737600417 78 17049
1672737614803 78 17099
1672737633968 78 17142
1672737637417 79 17142
1672737640133 79 17149
1672737654560 79 17199
1672737669087 79 17249
1672737683422 79 17299
1672737697928 79 17349
1672737707541 79 17359
1672737710877 80 17359
1672737723265 80 17399
1672737737822 80 17449
1672737752245 80 17499
1672737766648 80 17549
1672737781110 80 17576
1672737784478 81 17576
1672737791773 81 17599
1672737806118 81 17649
1672737820644 81 17699
1672737835045 81 17749
1672737854479 81 17793
1672737857853 82 17793
1672737860399 82 17799
1672737875244 82 17849
1672737889695 82 17899
1672737904142 82 17949
1672737918556 82 17999
1672737928483 82 18010
1672737931931 83 18010
1672737943919 83 18049
1672737958321 83 18099
1672737972824 83 18149
1672737987497 83 18199
1672738002439 83 18227
1672738005767 84 18227
1672738013066 84 18249
1672738027543 84 18299
1672738041997 84 18349
1672738056458 84 18399
1672738076093 84 18444
1672738079422 85 18444
1672738081589 85 18449
1672738096007 85 18499
1672738110737 85 18549
1672738125151 85 18599
1672738139866 85 18649
1672738150183 85 18661
1672738153562 86 18661
1672738165182 86 18699
1672738179585 86 18749
1672738193967 86 18799
1672738208352 86 18849
1672738223390 86 18878
1672738226762 87 18878
1672738233549 87 18899
1672738248159 87 18949
1672738262730 87 18999
1672738277274 87 19049
1672738297332 87 19095
1672738300654 88 19095
1672738302580 88 19099
1672738317035 88 19149
1672738331492 88 19199
1672738345925 88 19249
1672738360350 88 19299
1672738370550 88 19312
1672738373867 89 19312
1672738385528 89 19349
1672738399899 89 19399
1672738414286 89 19449
1672738429089 89 19499
1672738444422 89 19529
1672738447786 90 19529
1672738454339 90 19549
1672738468753 90 19599
1672738483170 90 19649
1672738497610 90 19699
1672738518130 90 19746
1672738521702 91 19746
1672738523318 91 19749
1672738537865 91 19799
1672738552421 91 19849
1672738566963 91 19899
1672738581557 91 19949
1672738592084 91 19963
1672738595523 92 19963
1672738606777 92 19999
1672738621181 92 20049
1672738635737 92 20099
1672738650130 92 20149
1672738665699 92 20180
1672738669049 93 20180
1672738675433 93 20199
1672738689982 93 20249
1672738704699 93 20299
1672738719073 93 20349
1672738739590 93 20397
1672738743003 94 20397
1672738744333 94 20399
1672738758995 94 20449
1672738773409 94 20499
1672738788098 94 20549
1672738802500 94 20599
1672738813657 94 20614
1672738817051 95 20614
1672738828004 95 20649
1672738842530 95 20699
1672738856921 95 20749
1672738871303 95 20799
1672738887085 95 20831
1672738890437 96 20831
1672738896340 96 20849
1672738910686 96 20899
1672738925211 96 20949
1672738939877 96 20999
1672738960699 96 21048
1672738964240 97 21048
1672738965260 97 21049
1672738979703 97 21099
1672738994122 97 21149
1672739008552 97 21199
1672739022961 97 21249
1672739034233 97 21265
1672739037657 98 21265
1672739048203 98 21299
1672739062652 98 21349
1672739077280 98 21399
1672739091575 98 21449
1672739107781 98 21482
1672739111199 99 21482
1672739116859 99 21499
1672739131305 99 21549
1672739145792 99 21599
1672739160262 99 21649
1672739174569 99 21699
1672739181446 99 21699
1672739184852 100 21699
1672739199956 100 21749
1672739214601 100 21799
1672739229009 100 21849
1672739243402 100 21899
1672739254760 100 21916
1672739258244 101 21916
1672739268514 101 21949
1672739282966 101 21999
1672739297428 101 22049
1672739312001 101 22099
1672739328655 101 22133
1672739331989 102 22133
1672739337386 102 22149
1672739351846 102 22199
1672739366349 102 22249
1672739380717 102 22299
1672739395076 102 22349
1672739402108 102 22350
1672739405453 103 22350
1672739420310 103 22399
1672739434709 103 22449
1672739449558 103 22499
1672739463957 103 22549
1672739475805 103 22567
1672739479154 104 22567
1672739489150 104 22599
1672739503649 104 22649
1672739518002 104 22699
1672739532381 104 22749
1672739548965 104 22784
1672739552268 105 22784
1672739557489 105 22799
1672739572026 105 22849
1672739586417 105 22899
1672739600968 105 22949
1672739615354 105 22999
1672739622563 105 23001
1672739625891 106 23001
1672739640461 106 23049
1672739655016 106 23099
1672739669434 106 23149
1672739684119 106 23199
1672739696285 106 23218
1672739699713 107 23218
1672739709582 107 23249
1672739723990 107 23299
1672739738547 107 23349
1672739752947 107 23399
1672739770011 107 23435
1672739773369 108 23435
1672739778307 108 23449
1672739792725 108 23499
1672739807170 108 23549
1672739821884 108 23599
1672739836277 108 23649
1672739843777 108 23652
1672739847184 109 23652
1672739861728 109 23699
1672739876082 109 23749
1672739890632 109 23799
1672739904976 109 23849
1672739917490 109 23869
1672739920857 110 23869
1672739930242 110 23899
1672739944884 110 23949
1672739959326 110 23999
1672739973908 110 24049
1672739991299 110 24086
1672739994753 111 24086
1672739999441 111 24099
1672740013937 111 24149
1672740028489 111 24199
1672740042897 111 24249
1672740057458 111 24299
1672740065423 111 24303
1672740068792 112 24303
1672740082881 112 24349
1672740097483 112 24399
1672740111916 112 24449
1672740126356 112 24499
1672740138928 112 24520
1672740142566 113 24520
1672740152509 113 24549
1672740167504 113 24599
1672740182084 113 24649
1672740196509 113 24699
1672740214107 113 24737
1672740217467 114 24737
1672740221716 114 24749
1672740236203 114 24799
1672740250845 114 24849
1672740265309 114 24899
1672740279788 114 24949
1672740287783 114 24954
1672740291144 115 24954
1672740305569 115 24999
1672740319938 115 25049
1672740334335 115 25099
1672740348714 115 25149
1672740361618 115 25171
1672740364989 116 25171
1672740373706 116 25199
1672740388011 116 25249
1672740402462 116 25299
1672740417049 116 25349
1672740435127 116 25388
1672740438560 117 25388
1672740442622 117 25399
1672740457014 117 25449
1672740471394 117 25499
1672740485766 117 25549
1672740500136 117 25599
1672740508640 117 25605
1672740512019 118 25605
1672740525481 118 25649
1672740540016 118 25699
1672740554565 118 25749
1672740569098 118 25799
1672740582771 118 25822
1672740586089 119 25822
1672740594633 119 25849
1672740609054 119 25899
1672740623480 119 25949
1672740637893 119 25999
1672740656013 119 26039
1672740659359 120 26039
1672740662994 120 26049
1672740677575 120 26099
1672740691965 120 26149
1672740706833 120 26199
1672740721204 120 26249
1672740729931 120 26256
1672740733277 121 26256
1672740746362 121 26299
1672740760738 121 26349
1672740775099 121 26399
1672740789462 121 26449
1672740802954 121 26473
1672740806341 122 26473
1672740814550 122 26499
1672740828963 122 26549
1672740843511 122 26599
1672740858200 122 26649
1672740876674 122 26690
1672740880007 123 26690
1672740883373 123 26699
1672740897763 123 26749
1672740912160 123 26799
1672740926699 123 26849
1672740941067 123 26899
1672740949874 123 26907
1672740953261 124 26907
1672740966212 124 26949
1672740980564 124 26999
1672740995069 124 27049
1672741009399 124 27099
1672741023402 124 27124
1672741026740 125 27124
1672741034676 125 27149
1672741049046 125 27199
1672741063541 125 27249
1672741078065 125 27299
1672741096880 125 27341
1672741100687 126 27341
1672741103740 126 27349
1672741118220 126 27399
1672741132723 126 27449
1672741147370 126 27499
1672741161991 126 27549
1672741171258 126 27558
1672741174623 127 27558
1672741187064 127 27599
1672741201663 127 27649
1672741215970 127 27699
1672741230295 127 27749
1672741244233 127 27775
1672741247602 128 27775
1672741255278 128 27799
1672741269652 128 27849
1672741284019 128 27899
1672741298386 128 27949
1672741317362 128 27992
1672741321186 129 27992
1672741324108 129 27999
1672741339045 129 28049
1672741354398 129 28099
1672741368945 129 28149
1672741383394 129 28199
1672741392987 129 28209
1672741396381 130 28209
1672741408649 130 28249
1672741423066 130 28299
1672741437450 130 28349
1672741452132 130 28399
1672741466503 130 28426
1672741469875 131 28426
1672741477416 131 28449
1672741491856 131 28499
1672741506312 131 28549
1672741520775 131 28599
1672741540144 131 28643
1672741543605 132 28643
1672741546103 132 28649
1672741560500 132 28699
1672741574926 132 28749
1672741589452 132 28799
1672741603986 132 28849
1672741614167 132 28860
1672741617591 133 28860
1672741629609 133 28899
1672741643980 133 28949
1672741658353 133 28999
1672741672766 133 29049
1672741687442 133 29077
1672741690801 134 29077
1672741698001 134 29099
1672741712394 134 29149
1672741726791 134 29199
1672741741443 134 29249
1672741761313 134 29294
1672741764609 135 29294
1672741766771 135 29299
1672741781169 135 29349
1672741795551 135 29399
1672741809927 135 29449
1672741824344 135 29499
1672741834581 135 29511
1672741837965 136 29511
1672741849864 136 29549
1672741864471 136 29599
1672741878932 136 29649
1672741893385 136 29699
1672741908734 136 29728
1672741912136 137 29728
1672741918934 137 29749
1672741933359 137 29799
1672741947759 137 29849
1672741962147 137 29899
1672741982147 137 29945
1672741985475 138 29945
1672741987376 138 29949
1672742001943 138 29999
1672742016336 138 30049
1672742030863 138 30099
1672742045422 138 30149
1672742055812 138 30162
1672742059153 139 30162
1672742070542 139 30199
1672742084963 139 30249
1672742099348 139 30299
1672742113914 139 30349
1672742129186 139 30379
1672742132558 140 30379
1672742139039 140 30399
1672742153582 140 30449
1672742168244 140 30499
1672742182605 140 30549
1672742202996 140 30596
1672742206334 141 30596
1672742207931 141 30599
1672742222366 141 30649
1672742236784 141 30699
1672742251349 141 30749
1672742265739 141 30799
1672742276331 141 30813
1672742279695 142 30813
1672742290762 142 30849
1672742305446 142 30899
1672742319958 142 30949
1672742334342 142 30999
1672742349747 142 31030
1672742353143 143 31030
1672742359366 143 31049
1672742373779 143 31099
1672742388297 143 31149
1672742402690 143 31199
1672742423255 143 31247
1672742426611 144 31247
1672742427944 144 31249
1672742442647 144 31299
1672742457183 144 31349
1672742471723 144 31399
1672742486092 144 31449
1672742497130 144 31464
1672742500496 145 31464
1672742511305 145 31499
1672742525654 145 31549
1672742540201 145 31599
1672742554739 145 31649
1672742570551 145 31681
1672742573987 146 31681
1672742579982 146 31699
1672742594873 146 31749
1672742609243 146 31799
1672742623595 146 31849
1672742644258 146 31898
1672742647575 147 31898
1672742648573 147 31899
1672742663102 147 31949
1672742677495 147 31999
1672742692078 147 32049
1672742706489 147 32099
1672742717964 147 32115
1672742721284 148 32115
1672742732081 148 32149
1672742746425 148 32199
1672742760789 148 32249
1672742775158 148 32299
1672742791306 148 32332
1672742794681 149 32332
1672742800499 149 32349
1672742815006 149 32399
1672742829371 149 32449
1672742843745 149 32499
1672742858077 149 32549
1672742865013 149 32549
1672742868102 150 32549
