1672731884663 0.0 216
1672731957625 0.0 433
1672732031556 0.0 650
1672732104783 0.0 867
1672732179072 0.0 1084
1672732252391 0.0 1301
1672732326458 0.0 1518
1672732399687 0.0 1735
1672732473555 0.0 1952
1672732546812 0.0 2169
1672732620628 0.0 2386
1672732695063 0.0 2603
1672732768679 0.0 2820
1672732842665 0.0 3037
1672732916296 0.0 3254
1672732990634 0.0 3471
1672733064079 0.0 3688
1672733138334 0.0 3905
1672733211876 0.0 4122
1672733285473 0.0 4339
1672733358877 0.0 4556
1672733432695 0.0 4773
1672733506745 0.0 4990
1672733580178 0.0 5207
1672733653793 0.0 5424
1672733727414 0.0 5641
1672733800586 0.0 5858
1672733874361 0.0 6075
1672733947624 0.0 6292
1672734021791 0.0 6509
1672734095677 0.0 6726
1672734169005 0.0 6943
1672734242711 0.0 7160
1672734316004 0.0 7377
1672734389718 0.0 7594
1672734463470 0.25 7811
1672734537287 0.0 8028
1672734611541 0.0 8245
1672734685601 0.0 8462
1672734759394 0.0 8679
1672734833062 1.0 8896
1672734906753 0.0 9113
1672734981440 0.0 9330
1672735055151 0.75 9547
1672735129168 0.5 9764
1672735202858 0.75 9981
1672735276767 0.0 10198
1672735350446 0.0 10415
1672735424675 1.0 10632
1672735497876 0.75 10849
1672735571636 1.0 11066
1672735645212 0.0 11283
1672735719111 1.0 11500
1672735792547 1.25 11717
1672735866164 1.0 11934
1672735940714 1.0 12151
1672736014228 1.0 12368
1672736088124 1.0 12585
1672736161529 1.25 12802
1672736235239 1.5 13019
1672736308633 1.5 13236
1672736382221 1.0 13453
1672736455675 1.25 13670
1672736529566 1.0 13887
1672736603024 1.5 14104
1672736676608 1.75 14321
1672736750519 1.25 14538
1672736823860 1.25 14755
1672736897674 1.5 14972
1672736970980 1.25 15189
1672737044706 1.25 15406
1672737117747 1.0 15623
1672737192159 1.5 15840
1672737265663 1.5 16057
1672737339464 1.5 16274
1672737412700 1.25 16491
1672737486753 1.5 16708
1672737560067 1.5 16925
1672737633968 1.5 17142
1672737707541 1.5 17359
1672737781110 1.5 17576
1672737854479 1.5 17793
1672737928483 1.25 18010
1672738002439 1.5 18227
1672738076093 1.5 18444
1672738150183 1.5 18661
1672738223390 1.5 18878
1672738297332 1.5 19095
1672738370550 1.5 19312
1672738444422 1.0 19529
1672738518130 1.5 19746
1672738592084 1.5 19963
1672738665699 1.5 20180
1672738739590 3.0 20397
1672738813657 1.5 20614
1672738887085 1.25 20831
1672738960699 1.25 21048
1672739034233 1.25 21265
1672739107781 0.75 21482
1672739181446 1.5 21699
1672739254760 1.5 21916
1672739328655 1.5 22133
1672739402108 2.0 22350
1672739475805 1.75 22567
1672739548965 1.5 22784
1672739622563 1.25 23001
1672739696285 1.25 23218
1672739770011 1.5 23435
1672739843777 1.25 23652
1672739917490 1.25 23869
1672739991299 1.5 24086
1672740065423 1.25 24303
1672740138928 1.5 24520
1672740214107 1.0 24737
1672740287783 2.25 24954
1672740361618 2.0 25171
1672740435127 1.5 25388
1672740508640 1.5 25605
1672740582771 1.5 25822
1672740656013 1.5 26039
1672740729931 1.5 26256
1672740802954 1.25 26473
1672740876674 1.25 26690
1672740949874 1.5 26907
1672741023402 1.5 27124
1672741096880 2.0 27341
1672741171258 2.25 27558
1672741244233 1.5 27775
1672741317362 0.75 27992
1672741392987 1.5 28209
1672741466503 2.5 28426
1672741540144 1.5 28643
1672741614167 1.5 28860
1672741687442 1.5 29077
1672741761313 2.5 29294
1672741834581 1.5 29511
1672741908734 1.5 29728
1672741982147 1.0 29945
1672742055812 1.5 30162
1672742129186 1.5 30379
1672742202996 1.25 30596
1672742276331 1.75 30813
1672742349747 1.5 31030
1672742423255 1.5 31247
1672742497130 1.5 31464
1672742570551 1.5 31681
1672742644258 1.5 31898
1672742717964 2.0 32115
1672742791306 1.25 32332
1672742865013 1.5 32549
