1672731887746 0.6257324814796448 216
1672731961001 0.6452069282531738 433
1672732034812 0.6468252539634705 650
1672732108124 0.6530316472053528 867
1672732182417 0.6551064252853394 1084
1672732255753 0.6425631046295166 1301
1672732329787 0.6382830739021301 1518
1672732403100 0.6341867446899414 1735
1672732477064 0.6427481770515442 1952
1672732550260 0.6503316164016724 2169
1672732624090 0.6434621810913086 2386
1672732698464 0.6543075442314148 2603
1672732772184 0.6447815299034119 2820
1672732846138 0.6492336988449097 3037
1672732919728 0.6532832384109497 3254
1672732994035 0.6541951894760132 3471
1672733067496 0.6501931548118591 3688
1672733141843 0.6514043211936951 3905
1672733215356 0.6609886288642883 4122
1672733288899 0.66033935546875 4339
1672733362210 0.6623877882957458 4556
1672733436404 0.6643162965774536 4773
1672733510155 0.6580128073692322 4990
1672733583599 0.6628716588020325 5207
1672733657245 0.6612402200698853 5424
1672733730846 0.6614434719085693 5641
1672733804011 0.6598392128944397 5858
1672733877843 0.6630181074142456 6075
1672733951044 0.6780415177345276 6292
1672734025456 0.6697548031806946 6509
1672734099055 0.6755313277244568 6726
1672734172338 0.6652312874794006 6943
1672734246154 0.6726657748222351 7160
1672734319350 0.6681262850761414 7377
1672734393122 0.6660029292106628 7594
1672734466800 0.670090913772583 7811
1672734541043 0.6720781922340393 8028
1672734615058 0.6750288009643555 8245
1672734689049 0.6694887280464172 8462
1672734762875 0.6723793148994446 8679
1672734836457 0.6675043106079102 8896
1672734910259 0.6592299342155457 9113
1672734984786 0.6723474860191345 9330
1672735058502 0.6759536862373352 9547
1672735132582 0.6693100333213806 9764
1672735206287 0.6825329661369324 9981
1672735280276 0.6743351221084595 10198
1672735353855 0.6749511957168579 10415
1672735428101 0.6677098870277405 10632
1672735501192 0.6799935698509216 10849
1672735575080 0.6760083436965942 11066
1672735648613 0.6686708927154541 11283
1672735722501 0.6770344972610474 11500
1672735795885 0.6667440533638 11717
1672735869583 0.6749097108840942 11934
1672735944155 0.6723260283470154 12151
1672736017677 0.6756711006164551 12368
1672736091548 0.6893442273139954 12585
1672736164864 0.6767621636390686 12802
1672736238660 0.6728478670120239 13019
1672736311970 0.6907163858413696 13236
1672736385564 0.6777003407478333 13453
1672736459097 0.6876446604728699 13670
1672736532948 0.6747379302978516 13887
1672736606411 0.6837157607078552 14104
1672736680068 0.6775802969932556 14321
1672736753870 0.6842254996299744 14538
1672736827547 0.6740354299545288 14755
1672736901069 0.6828466653823853 14972
1672736974252 0.6744489073753357 15189
1672737048132 0.681260883808136 15406
1672737121540 0.6848363280296326 15623
1672737195547 0.6879777908325195 15840
1672737269070 0.6701481342315674 16057
1672737342898 0.6709851026535034 16274
1672737416081 0.6750808358192444 16491
1672737490214 0.6764390468597412 16708
1672737563397 0.6841698288917542 16925
1672737637417 0.674360454082489 17142
1672737710877 0.680014967918396 17359
1672737784478 0.6786154508590698 17576
1672737857853 0.6757367253303528 17793
1672737931931 0.684428334236145 18010
1672738005767 0.6895125508308411 18227
1672738079422 0.6868327856063843 18444
1672738153562 0.6749884486198425 18661
1672738226762 0.6865580081939697 18878
1672738300654 0.6837642788887024 19095
1672738373867 0.684820830821991 19312
1672738447786 0.676766574382782 19529
1672738521702 0.7022379040718079 19746
1672738595523 0.6787624955177307 19963
1672738669049 0.6940747499465942 20180
1672738743003 0.6864559650421143 20397
1672738817051 0.679924726486206 20614
1672738890437 0.6732996702194214 20831
1672738964240 0.6949051022529602 21048
1672739037657 0.6726119518280029 21265
1672739111199 0.6918706297874451 21482
1672739184852 0.674225926399231 21699
1672739258244 0.6947675347328186 21916
1672739331989 0.6863886117935181 22133
1672739405453 0.6817525625228882 22350
1672739479154 0.6853440999984741 22567
1672739552268 0.6886278390884399 22784
1672739625891 0.6825031638145447 23001
1672739699713 0.6942241787910461 23218
1672739773369 0.6820183992385864 23435
1672739847184 0.6890410780906677 23652
1672739920857 0.7037820219993591 23869
1672739994753 0.6916649341583252 24086
1672740068792 0.6823610663414001 24303
1672740142566 0.6886775493621826 24520
1672740217467 0.684717059135437 24737
1672740291144 0.6882891654968262 24954
1672740364989 0.6815620064735413 25171
1672740438560 0.6849952340126038 25388
1672740512019 0.690666913986206 25605
1672740586089 0.6860473155975342 25822
1672740659359 0.6891816854476929 26039
1672740733277 0.6831451058387756 26256
1672740806341 0.6905096173286438 26473
1672740880007 0.6906508207321167 26690
1672740953261 0.6932632923126221 26907
1672741026740 0.6946637034416199 27124
1672741100687 0.6807449460029602 27341
1672741174623 0.6823723316192627 27558
1672741247602 0.6915134191513062 27775
1672741321186 0.6894806623458862 27992
1672741396381 0.6788961887359619 28209
1672741469875 0.6867825388908386 28426
1672741543605 0.6939029097557068 28643
1672741617591 0.6865119934082031 28860
1672741690801 0.6881904602050781 29077
1672741764609 0.6893628239631653 29294
1672741837965 0.6909253001213074 29511
1672741912136 0.6930538415908813 29728
1672741985475 0.6986219882965088 29945
1672742059153 0.6985650062561035 30162
1672742132558 0.679609477519989 30379
1672742206334 0.6914219260215759 30596
1672742279695 0.6876991391181946 30813
1672742353143 0.6821075677871704 31030
1672742426611 0.6855461001396179 31247
1672742500496 0.6981562972068787 31464
1672742573987 0.6942449808120728 31681
1672742647575 0.6866665482521057 31898
1672742721284 0.6771986484527588 32115
1672742794681 0.6859464049339294 32332
1672742868102 0.6854079961776733 32549
