1672731828806 0.6833333373069763 49
1672731843795 0.5833333730697632 99
1672731858590 0.60317462682724 149
1672731873121 0.7142857313156128 199
1672731898050 0.75 249
1672731912471 0.6166666746139526 299
1672731926830 0.7416666746139526 349
1672731941196 0.6166666746139526 399
1672731966451 0.5833333730697632 449
1672731980827 0.797619104385376 499
1672731995505 0.6138889193534851 549
1672732010037 0.5166666507720947 599
1672732024546 0.6166666746139526 649
1672732049697 0.5476190447807312 699
1672732064060 0.763888955116272 749
1672732078392 0.550000011920929 799
1672732092750 0.32499998807907104 849
1672732118781 0.6666666865348816 899
1672732133530 0.6111111640930176 949
1672732148162 0.5833333730697632 999
1672732162537 0.699999988079071 1049
1672732187571 0.7152777910232544 1099
1672732201966 0.6166666746139526 1149
1672732216352 0.6785714626312256 1199
1672732230747 0.6041666865348816 1249
1672732245122 0.6666666865348816 1299
1672732270624 0.9375 1349
1672732285017 0.6970238089561462 1399
1672732299699 0.6375000476837158 1449
1672732314077 0.6415584683418274 1499
1672732339512 0.7559524178504944 1549
1672732353893 0.6746032238006592 1599
1672732368297 0.7392857074737549 1649
1672732382692 0.3333333432674408 1699
1672732407887 0.4833333492279053 1749
1672732422259 0.6583333611488342 1799
1672732437075 0.8125 1849
1672732451466 0.7749999761581421 1899
1672732465817 0.8583333492279053 1949
1672732491278 0.7416666746139526 1999
1672732505672 0.7470238208770752 2049
1672732520048 0.6388888955116272 2099
1672732534410 0.7559523582458496 2149
1672732559939 0.6583333611488342 2199
1672732574447 0.6428571939468384 2249
1672732588792 0.511904776096344 2299
1672732603295 0.7083333730697632 2349
1672732628851 0.6904762387275696 2399
1672732643296 0.8809524178504944 2449
1672732657642 0.8388888835906982 2499
1672732672442 0.6333333849906921 2549
1672732686783 0.49642854928970337 2599
1672732712770 0.44999998807907104 2649
1672732727136 0.5178571343421936 2699
1672732741488 0.6625000238418579 2749
1672732756000 0.6597222089767456 2799
1672732781407 0.6578283309936523 2849
1672732795833 0.3392857313156128 2899
1672732810551 0.6097222566604614 2949
1672732824958 0.773809552192688 2999
1672732850276 0.7351190447807312 3049
1672732864673 0.5874999761581421 3099
1672732879251 0.6458333730697632 3149
1672732893655 0.6875 3199
1672732908052 0.625 3249
1672732933449 0.5892857313156128 3299
1672732948068 0.6761904954910278 3349
1672732962700 0.5568181872367859 3399
1672732977318 0.36666667461395264 3449
1672733002826 0.8785714507102966 3499
1672733017267 1.0 3549
1672733031654 0.7083333730697632 3599
1672733046034 0.8785714507102966 3649
1672733071439 0.20000000298023224 3699
1672733086029 0.6666666865348816 3749
1672733100673 0.8928571939468384 3799
1672733115289 0.5138888955116272 3849
1672733129876 0.7000000476837158 3899
1672733155339 0.6642857193946838 3949
1672733169739 0.7208333015441895 3999
1672733184167 0.6000000238418579 4049
1672733198584 0.5267857313156128 4099
1672733223880 0.615079402923584 4149
1672733238427 0.735119104385376 4199
1672733252958 0.7500000596046448 4249
1672733267369 0.7939394116401672 4299
1672733292603 0.7249999642372131 4349
1672733307148 0.949999988079071 4399
1672733321469 0.5571428537368774 4449
1672733336109 0.7430556416511536 4499
1672733350415 0.6071428656578064 4549
1672733375324 0.6761904954910278 4599
1672733389743 0.7972222566604614 4649
1672733404316 0.7142857313156128 4699
1672733418720 0.5 4749
1672733444696 0.6000000238418579 4799
1672733459208 0.5928571224212646 4849
1672733473742 0.6857143044471741 4899
1672733488340 0.6388888955116272 4949
1672733513417 0.6875 4999
1672733527818 0.5809524059295654 5049
1672733542227 0.523809552192688 5099
1672733556773 0.7833333611488342 5149
1672733571346 0.625 5199
1672733596406 0.7666666507720947 5249
1672733610807 0.7416666746139526 5299
1672733625372 0.798701286315918 5349
1672733639821 0.5 5399
1672733665190 0.48571428656578064 5449
1672733679487 0.7416666746139526 5499
1672733693952 0.887499988079071 5549
1672733708245 0.5 5599
1672733733888 0.49761903285980225 5649
1672733748204 0.6666666865348816 5699
1672733762509 0.6650793552398682 5749
1672733776802 0.8017857074737549 5799
1672733791299 0.7285714149475098 5849
1672733816564 0.8041666746139526 5899
1672733830938 0.824999988079071 5949
1672733845563 0.773809552192688 5999
1672733860098 0.523809552192688 6049
1672733885421 0.3222222328186035 6099
1672733899723 0.5267857313156128 6149
1672733914100 0.36666667461395264 6199
1672733928409 0.7777778506278992 6249
1672733953803 0.7420635223388672 6299
1672733968259 0.5416666865348816 6349
1672733982977 0.5821428894996643 6399
1672733997590 0.40833333134651184 6449
1672734012177 0.826388955116272 6499
1672734037747 0.8666666746139526 6549
1672734052162 0.7833333611488342 6599
1672734066594 0.5375000238418579 6649
1672734080994 0.6071428656578064 6699
1672734106549 0.8597221970558167 6749
1672734120889 0.5952380895614624 6799
1672734135345 0.6416666507720947 6849
1672734149819 0.908730149269104 6899
1672734174816 0.75 6949
1672734189229 0.4375 6999
1672734203598 0.6595238447189331 7049
1672734218260 0.5 7099
1672734232622 0.8500000238418579 7149
1672734258218 0.8214285969734192 7199
1672734272705 0.690079391002655 7249
1672734287049 0.625 7299
1672734301403 0.8392857313156128 7349
1672734326526 0.7416666746139526 7399
1672734340944 0.6791666746139526 7449
1672734355510 0.3541666865348816 7499
1672734370088 0.6439393758773804 7549
1672734395334 0.5976190567016602 7599
1672734410003 0.7833333611488342 7649
1672734424398 0.6726190447807312 7699
1672734438790 0.2916666865348816 7749
1672734453179 0.5357142686843872 7799
1672734478632 0.4333333373069763 7849
1672734493173 0.7250000238418579 7899
1672734507519 0.5684524178504944 7949
1672734521862 0.6666666269302368 7999
1672734547978 0.8388888835906982 8049
1672734562338 0.5809524059295654 8099
1672734576706 0.7416666746139526 8149
1672734591327 0.824999988079071 8199
1672734616959 0.5083333253860474 8249
1672734631708 0.7559524178504944 8299
1672734646298 0.8166666626930237 8349
1672734660730 0.4523809552192688 8399
1672734675195 0.5305556058883667 8449
1672734700515 0.6833333373069763 8499
1672734715064 0.6041666865348816 8549
1672734729489 0.7222222685813904 8599
1672734744033 0.826388955116272 8649
1672734769509 0.8095238208770752 8699
1672734783897 0.1428571492433548 8749
1672734798293 0.5791667103767395 8799
1672734812802 0.9285714626312256 8849
1672734838018 0.737500011920929 8899
1672734852420 0.49761903285980225 8949
1672734867029 0.2857142686843872 8999
1672734881452 0.7767857313156128 9049
1672734896030 0.7147727608680725 9099
1672734921460 0.9142857193946838 9149
1672734935882 0.8660714626312256 9199
1672734950305 0.8184523582458496 9249
1672734965163 0.4888888895511627 9299
1672734990963 0.7416666746139526 9349
1672735005441 0.7976190447807312 9399
1672735019984 0.747619092464447 9449
1672735034428 0.8785714507102966 9499
1672735059831 0.8666666746139526 9549
1672735074253 0.7083333730697632 9599
1672735088676 0.7192460298538208 9649
1672735103114 0.6499999761581421 9699
1672735117685 0.6166666746139526 9749
1672735143454 0.44999998807907104 9799
1672735157881 0.7222222089767456 9849
1672735172476 0.8875000476837158 9899
1672735186919 0.7559524178504944 9949
1672735212242 0.7595238089561462 9999
1672735226608 0.5833333730697632 10049
1672735241263 0.949999988079071 10099
1672735255788 0.6916666626930237 10149
1672735281253 0.8642857074737549 10199
1672735296249 0.6642857193946838 10249
1672735310555 0.5416666865348816 10299
1672735324877 0.6142857074737549 10349
1672735339179 0.4166666865348816 10399
1672735364416 0.7684524059295654 10449
1672735379231 0.8472222089767456 10499
1672735393848 0.550000011920929 10549
1672735408313 0.5333333015441895 10599
1672735433714 0.8392857313156128 10649
1672735448133 0.7708333730697632 10699
1672735462473 0.6814394593238831 10749
1672735476843 0.6666666865348816 10799
1672735490969 0.5 10849
1672735516519 0.5666666626930237 10899
1672735531093 0.7208333611488342 10949
1672735545531 0.37012988328933716 10999
1672735560112 0.6458333730697632 11049
1672735585572 0.6666666865348816 11099
1672735599931 0.5595238208770752 11149
1672735614306 0.7708333730697632 11199
1672735628697 0.75 11249
1672735653932 0.7333333492279053 11299
1672735668661 0.4583333730697632 11349
1672735683161 0.7083333730697632 11399
1672735697752 0.773809552192688 11449
1672735712094 0.797619104385376 11499
1672735737509 0.6722222566604614 11549
1672735751872 0.75 11599
1672735766374 0.4809523820877075 11649
1672735780723 0.8439394235610962 11699
1672735806011 0.6476190686225891 11749
1672735820727 0.44999998807907104 11799
1672735835133 0.7142857313156128 11849
1672735849549 0.6875 11899
1672735874662 0.7000000476837158 11949
1672735889101 0.5359848737716675 11999
1672735903691 0.73333340883255 12049
1672735918135 0.797619104385376 12099
1672735932585 0.6071428656578064 12149
1672735958839 0.72817462682724 12199
1672735973171 0.6365079283714294 12249
1672735987685 0.6041666865348816 12299
1672736002025 0.3976190686225891 12349
1672736027414 0.7651515603065491 12399
1672736042026 0.8999999761581421 12449
1672736056489 0.6583333611488342 12499
1672736071096 0.5 12549
1672736096381 0.6309524178504944 12599
1672736110787 0.6666666865348816 12649
1672736125186 0.8333333730697632 12699
1672736139570 0.8517857193946838 12749
1672736154105 0.8333333730697632 12799
1672736179157 0.8928571343421936 12849
1672736193726 0.6875 12899
1672736208280 0.5392857193946838 12949
1672736222847 0.2916666865348816 12999
1672736248156 0.8333333730697632 13049
1672736262526 0.7192460894584656 13099
1672736276898 0.6642857193946838 13149
1672736291263 0.8309524059295654 13199
1672736316609 0.8333333730697632 13249
1672736331264 0.4928571581840515 13299
1672736345656 0.6059523820877075 13349
1672736360008 0.5928571820259094 13399
1672736374356 0.2678571343421936 13449
1672736399511 0.8068181872367859 13499
1672736413964 0.75 13549
1672736428377 0.8452380895614624 13599
1672736442792 0.7803571224212646 13649
1672736468354 0.7333333492279053 13699
1672736482886 0.699999988079071 13749
1672736497487 0.6041666865348816 13799
1672736511850 0.776388943195343 13849
1672736537114 0.8333333730697632 13899
1672736551529 0.5166666507720947 13949
1672736565923 0.6636905074119568 13999
1672736580482 0.7053571343421936 14049
1672736595017 0.523809552192688 14099
1672736620272 0.6017857193946838 14149
1672736634806 0.6428571343421936 14199
1672736649206 0.4809523820877075 14249
1672736663621 0.5333333611488342 14299
1672736688882 0.5 14349
1672736703295 0.908730149269104 14399
1672736717701 0.6875 14449
1672736732099 0.7397727370262146 14499
1672736757796 0.3958333134651184 14549
1672736772271 0.797619104385376 14599
1672736786699 0.6666666865348816 14649
1672736801099 0.699999988079071 14699
1672736815473 0.8888888955116272 14749
1672736840938 0.7749999761581421 14799
1672736855286 0.699999988079071 14849
1672736869622 0.5833333730697632 14899
1672736884264 0.7059524059295654 14949
1672736909549 0.550000011920929 14999
1672736923943 0.7250000238418579 15049
1672736938333 0.4791666865348816 15099
1672736952753 0.7000000476837158 15149
1672736977909 0.4642857015132904 15199
1672736992307 0.4928571283817291 15249
1672737006716 0.4583333730697632 15299
1672737021555 0.6916667222976685 15349
1672737036057 0.6458333134651184 15399
1672737061228 0.4333333373069763 15449
1672737075579 0.747619092464447 15499
1672737089892 0.8939394354820251 15549
1672737104228 0.8304473757743835 15599
1672737129843 0.5875000357627869 15649
1672737144415 0.8500000238418579 15699
1672737158960 0.8388888835906982 15749
1672737173693 0.7698413133621216 15799
1672737199027 0.5416666865348816 15849
1672737213486 0.6428571343421936 15899
1672737228133 0.5178571343421936 15949
1672737242534 0.4928571581840515 15999
1672737256989 0.5611110925674438 16049
1672737281987 0.638888955116272 16099
1672737296542 0.44999998807907104 16149
1672737311248 0.8095238208770752 16199
1672737325687 0.5138888955116272 16249
1672737350843 0.5357142686843872 16299
1672737365226 0.4166666865348816 16349
1672737379586 0.7817460298538208 16399
1672737393975 0.6196581125259399 16449
1672737419140 0.6499999761581421 16499
1672737433852 0.5416666865348816 16549
1672737448579 0.824999988079071 16599
1672737462998 0.8392857313156128 16649
1672737477441 0.2750000059604645 16699
1672737502744 0.60317462682724 16749
1672737517157 0.574999988079071 16799
1672737531559 0.8095238208770752 16849
1672737545991 0.8125 16899
1672737571337 0.8531745672225952 16949
1672737585883 0.6166666746139526 16999
1672737600417 0.6095238327980042 17049
1672737614803 0.7595238089561462 17099
1672737640133 0.8309524059295654 17149
1672737654560 0.4583333730697632 17199
1672737669087 0.6642857193946838 17249
1672737683422 0.4541666507720947 17299
1672737697928 0.5522727370262146 17349
1672737723265 0.6785714030265808 17399
1672737737822 0.7847222089767456 17449
1672737752245 0.7000000476837158 17499
1672737766648 0.699999988079071 17549
1672737791773 0.949999988079071 17599
1672737806118 0.6555556058883667 17649
1672737820644 0.824999988079071 17699
1672737835045 0.8071428537368774 17749
1672737860399 0.7698413133621216 17799
1672737875244 0.8740079402923584 17849
1672737889695 0.8809524178504944 17899
1672737904142 0.5 17949
1672737918556 0.5222222208976746 17999
1672737943919 0.6000000238418579 18049
1672737958321 0.7785714268684387 18099
1672737972824 0.800000011920929 18149
1672737987497 0.8865079283714294 18199
1672738013066 0.7083333730697632 18249
1672738027543 0.7041667103767395 18299
1672738041997 0.5 18349
1672738056458 0.512499988079071 18399
1672738081589 0.5928571224212646 18449
1672738096007 0.7916666865348816 18499
1672738110737 0.75 18549
1672738125151 0.6535714268684387 18599
1672738139866 0.7388888597488403 18649
1672738165182 0.6345238089561462 18699
1672738179585 0.7916666865348816 18749
1672738193967 0.8374999761581421 18799
1672738208352 0.8309524059295654 18849
1672738233549 0.8333333730697632 18899
1672738248159 0.550000011920929 18949
1672738262730 0.8557692170143127 18999
1672738277274 0.3693181872367859 19049
1672738302580 0.5666666626930237 19099
1672738317035 0.7059524059295654 19149
1672738331492 0.5222222805023193 19199
1672738345925 0.9217171669006348 19249
1672738360350 0.41428571939468384 19299
1672738385528 0.7946428656578064 19349
1672738399899 0.773809552192688 19399
1672738414286 0.9722222089767456 19449
1672738429089 0.7541666626930237 19499
1672738454339 0.6916666626930237 19549
1672738468753 0.9007936716079712 19599
1672738483170 0.638888955116272 19649
1672738497610 0.6416667103767395 19699
1672738523318 0.6722222566604614 19749
1672738537865 0.8017857074737549 19799
1672738552421 0.638888955116272 19849
1672738566963 0.7502706050872803 19899
1672738581557 0.810606062412262 19949
1672738606777 0.7708333730697632 19999
1672738621181 0.7420635223388672 20049
1672738635737 0.9166666865348816 20099
1672738650130 0.5625 20149
1672738675433 0.7827381491661072 20199
1672738689982 0.5595238208770752 20249
1672738704699 0.8500000238418579 20299
1672738719073 0.875 20349
1672738744333 0.8309524059295654 20399
1672738758995 0.7666667103767395 20449
1672738773409 0.512499988079071 20499
1672738788098 0.5814393758773804 20549
1672738802500 0.5833333730697632 20599
1672738828004 0.7095238566398621 20649
1672738842530 0.6101190447807312 20699
1672738856921 0.49166667461395264 20749
1672738871303 0.5392857193946838 20799
1672738896340 0.5151515007019043 20849
1672738910686 0.5416666865348816 20899
1672738925211 0.7000000476837158 20949
1672738939877 0.7510822415351868 20999
1672738965260 0.8309524059295654 21049
1672738979703 0.7892857193946838 21099
1672738994122 0.8041666746139526 21149
1672739008552 0.75 21199
1672739022961 0.637499988079071 21249
1672739048203 0.8071428537368774 21299
1672739062652 0.615079402923584 21349
1672739077280 0.38333335518836975 21399
1672739091575 0.5 21449
1672739116859 0.672619104385376 21499
1672739131305 0.6041666865348816 21549
1672739145792 0.6428571939468384 21599
1672739160262 0.9017857313156128 21649
1672739174569 0.0 21699
1672739199956 0.7291666865348816 21749
1672739214601 0.6809523701667786 21799
1672739229009 0.8309524059295654 21849
1672739243402 0.6761904954910278 21899
1672739268514 0.6222222447395325 21949
1672739282966 0.5178571343421936 21999
1672739297428 0.6309524178504944 22049
1672739312001 0.797619104385376 22099
1672739337386 0.7416666746139526 22149
1672739351846 0.5833333730697632 22199
1672739366349 0.6666666865348816 22249
1672739380717 0.6189393997192383 22299
1672739395076 0.49166667461395264 22349
1672739420310 0.6915584802627563 22399
1672739434709 0.8309524059295654 22449
1672739449558 0.5095238089561462 22499
1672739463957 0.7722222805023193 22549
1672739489150 0.7500000596046448 22599
1672739503649 0.7833333611488342 22649
1672739518002 0.5833333730697632 22699
1672739532381 0.5333333015441895 22749
1672739557489 0.7724359035491943 22799
1672739572026 0.5803571343421936 22849
1672739586417 0.44999998807907104 22899
1672739600968 0.7000000476837158 22949
1672739615354 0.75 22999
1672739640461 0.8388888835906982 23049
1672739655016 0.6666666865348816 23099
1672739669434 0.7095237970352173 23149
1672739684119 0.6865079402923584 23199
1672739709582 0.6597222089767456 23249
1672739723990 0.1428571343421936 23299
1672739738547 0.7178571224212646 23349
1672739752947 0.6499999761581421 23399
1672739778307 0.5666666626930237 23449
1672739792725 0.7309524416923523 23499
1672739807170 0.5416666865348816 23549
1672739821884 0.5392857193946838 23599
1672739836277 0.7059524059295654 23649
1672739861728 0.8740079402923584 23699
1672739876082 0.7833333611488342 23749
1672739890632 0.6333333849906921 23799
1672739904976 0.8500000238418579 23849
1672739930242 0.9365079402923584 23899
1672739944884 0.8333333730697632 23949
1672739959326 0.8809524178504944 23999
1672739973908 0.8611111640930176 24049
1672739999441 0.8184524178504944 24099
1672740013937 0.8999999761581421 24149
1672740028489 0.625 24199
1672740042897 0.8999999761581421 24249
1672740057458 0.7083333730697632 24299
1672740082881 0.6642857193946838 24349
1672740097483 0.8666666746139526 24399
1672740111916 0.7749999761581421 24449
1672740126356 0.5939394235610962 24499
1672740152509 0.6583333611488342 24549
1672740167504 0.6309524178504944 24599
1672740182084 0.6166666746139526 24649
1672740196509 0.6785714626312256 24699
1672740221716 0.7166666984558105 24749
1672740236203 0.4285714328289032 24799
1672740250845 0.5666667222976685 24849
1672740265309 0.6160714626312256 24899
1672740279788 0.8333333730697632 24949
1672740305569 0.7321428656578064 24999
1672740319938 0.7142857313156128 25049
1672740334335 0.7978896498680115 25099
1672740348714 0.40952378511428833 25149
1672740373706 0.5166666507720947 25199
1672740388011 0.5892857313156128 25249
1672740402462 0.7666667103767395 25299
1672740417049 0.8452381491661072 25349
1672740442622 0.7892857193946838 25399
1672740457014 0.7222222089767456 25449
1672740471394 0.7689393758773804 25499
1672740485766 0.574999988079071 25549
1672740500136 0.7142857313156128 25599
1672740525481 0.9642857313156128 25649
1672740540016 0.824999988079071 25699
1672740554565 0.6916666626930237 25749
1672740569098 0.5178571343421936 25799
1672740594633 0.6666666865348816 25849
1672740609054 0.7589285969734192 25899
1672740623480 0.5392857193946838 25949
1672740637893 0.797619104385376 25999
1672740662994 0.8184524178504944 26049
1672740677575 0.4833333492279053 26099
1672740691965 0.5416666865348816 26149
1672740706833 0.4642857313156128 26199
1672740721204 0.49761903285980225 26249
1672740746362 0.5595238208770752 26299
1672740760738 0.8642857074737549 26349
1672740775099 0.625 26399
1672740789462 0.7291666865348816 26449
1672740814550 0.523809552192688 26499
1672740828963 0.824999988079071 26549
1672740843511 0.5625 26599
1672740858200 0.6309523582458496 26649
1672740883373 0.6916666626930237 26699
1672740897763 0.8106061220169067 26749
1672740912160 0.5555555820465088 26799
1672740926699 0.8184524178504944 26849
1672740941067 0.7410714626312256 26899
1672740966212 0.7532467842102051 26949
1672740980564 0.409722238779068 26999
1672740995069 0.5476190447807312 27049
1672741009399 0.75 27099
1672741034676 0.9097222089767456 27149
1672741049046 0.6309523582458496 27199
1672741063541 0.4642857313156128 27249
1672741078065 0.6059523820877075 27299
1672741103740 0.888888955116272 27349
1672741118220 0.8541666865348816 27399
1672741132723 0.7539682984352112 27449
1672741147370 0.8785714507102966 27499
1672741161991 0.7803571820259094 27549
1672741187064 0.5222222805023193 27599
1672741201663 0.7476190328598022 27649
1672741215970 0.7541666626930237 27699
1672741230295 0.49166667461395264 27749
1672741255278 0.7476190328598022 27799
1672741269652 0.6583333611488342 27849
1672741284019 0.7689394354820251 27899
1672741298386 0.5428571701049805 27949
1672741324108 0.699999988079071 27999
1672741339045 0.781818151473999 28049
1672741354398 0.8035714626312256 28099
1672741368945 0.9642857313156128 28149
1672741383394 0.6916666626930237 28199
1672741408649 0.5642856955528259 28249
1672741423066 0.5833333730697632 28299
1672741437450 0.7892857193946838 28349
1672741452132 0.8041666746139526 28399
1672741477416 0.8500000238418579 28449
1672741491856 0.8392857313156128 28499
1672741506312 0.49166667461395264 28549
1672741520775 0.7392857074737549 28599
1672741546103 0.9375 28649
1672741560500 0.8388888835906982 28699
1672741574926 0.6375000476837158 28749
1672741589452 0.380952388048172 28799
1672741603986 0.6476190686225891 28849
1672741629609 0.7142857313156128 28899
1672741643980 0.7559524178504944 28949
1672741658353 0.699999988079071 28999
1672741672766 0.8517857193946838 29049
1672741698001 0.3142857253551483 29099
1672741712394 0.5357142686843872 29149
1672741726791 0.6000000238418579 29199
1672741741443 0.7416666746139526 29249
1672741766771 0.7142857313156128 29299
1672741781169 0.5972222089767456 29349
1672741795551 0.8166666626930237 29399
1672741809927 0.7416666746139526 29449
1672741824344 0.46666666865348816 29499
1672741849864 0.6964285969734192 29549
1672741864471 0.7952381372451782 29599
1672741878932 0.7952380776405334 29649
1672741893385 0.6517857313156128 29699
1672741918934 0.7321428656578064 29749
1672741933359 0.4333333373069763 29799
1672741947759 0.8392857313156128 29849
1672741962147 0.5714285373687744 29899
1672741987376 0.625 29949
1672742001943 0.735714316368103 29999
1672742016336 0.9365079402923584 30049
1672742030863 0.85317462682724 30099
1672742045422 0.7541666626930237 30149
1672742070542 0.5523809194564819 30199
1672742084963 0.625 30249
1672742099348 0.8500000238418579 30299
1672742113914 0.639285683631897 30349
1672742139039 0.8166666626930237 30399
1672742153582 0.7083333730697632 30449
1672742168244 0.7083333730697632 30499
1672742182605 0.8517857193946838 30549
1672742207931 0.36666667461395264 30599
1672742222366 0.6791666746139526 30649
1672742236784 0.6642857193946838 30699
1672742251349 0.8160714507102966 30749
1672742265739 0.6845238208770752 30799
1672742290762 0.5059523582458496 30849
1672742305446 0.5375000238418579 30899
1672742319958 0.7708333730697632 30949
1672742334342 0.7892857193946838 30999
1672742359366 0.8166666626930237 31049
1672742373779 0.949999988079071 31099
1672742388297 0.41428571939468384 31149
1672742402690 0.4791666865348816 31199
1672742427944 0.9166666865348816 31249
1672742442647 0.7666667103767395 31299
1672742457183 0.5416666865348816 31349
1672742471723 0.6527777910232544 31399
1672742486092 0.4809523820877075 31449
1672742511305 0.4583333432674408 31499
1672742525654 0.6684523820877075 31549
1672742540201 0.7365080118179321 31599
1672742554739 0.8666666746139526 31649
1672742579982 1.0 31699
1672742594873 0.5833333730697632 31749
1672742609243 0.4166666865348816 31799
1672742623595 0.6642857789993286 31849
1672742648573 0.747619092464447 31899
1672742663102 0.3678571283817291 31949
1672742677495 0.9142857193946838 31999
1672742692078 0.5772727131843567 32049
1672742706489 0.8351647853851318 32099
1672742732081 0.7222222089767456 32149
1672742746425 0.7867965698242188 32199
1672742760789 0.8392857313156128 32249
1672742775158 0.9017857313156128 32299
1672742800499 0.6726190447807312 32349
1672742815006 0.5142857432365417 32399
1672742829371 0.5333333611488342 32449
1672742843745 0.6166666746139526 32499
1672742858077 0.25 32549
