1672731828806 0.6666666865348816 49
1672731843795 0.4583333432674408 99
1672731858590 0.512499988079071 149
1672731873121 0.6875 199
1672731898050 0.7083333134651184 249
1672731912471 0.5416666865348816 299
1672731926830 0.7500000596046448 349
1672731941196 0.5666667222976685 399
1672731966451 0.6499999761581421 449
1672731980827 0.7291666865348816 499
1672731995505 0.5083333253860474 549
1672732010037 0.4375 599
1672732024546 0.5416666865348816 649
1672732049697 0.5625 699
1672732064060 0.7249999642372131 749
1672732078392 0.5625 799
1672732092750 0.375 849
1672732118781 0.5833333730697632 899
1672732133530 0.5874999761581421 949
1672732148162 0.5416666865348816 999
1672732162537 0.625 1049
1672732187571 0.6458333134651184 1099
1672732201966 0.625 1149
1672732216352 0.6875 1199
1672732230747 0.5625 1249
1672732245122 0.625 1299
1672732270624 0.9375 1349
1672732285017 0.8541666865348816 1399
1672732299699 0.5249999761581421 1449
1672732314077 0.6458333134651184 1499
1672732339512 0.6875000596046448 1549
1672732353893 0.550000011920929 1599
1672732368297 0.7291666865348816 1649
1672732382692 0.3125 1699
1672732407887 0.5446428656578064 1749
1672732422259 0.5833333730697632 1799
1672732437075 0.7333333492279053 1849
1672732451466 0.6946429014205933 1899
1672732465817 0.7916666865348816 1949
1672732491278 0.6666666865348816 1999
1672732505672 0.6875 2049
1672732520048 0.6666666865348816 2099
1672732534410 0.612500011920929 2149
1672732559939 0.7291666865348816 2199
1672732574447 0.5583333373069763 2249
1672732588792 0.4375 2299
1672732603295 0.6083333492279053 2349
1672732628851 0.5375000238418579 2399
1672732643296 0.875 2449
1672732657642 0.7916666865348816 2499
1672732672442 0.6041666865348816 2549
1672732686783 0.38333332538604736 2599
1672732712770 0.4166666865348816 2649
1672732727136 0.4333333373069763 2699
1672732741488 0.6041666269302368 2749
1672732756000 0.6000000238418579 2799
1672732781407 0.574999988079071 2849
1672732795833 0.2708333432674408 2899
1672732810551 0.5166666507720947 2949
1672732824958 0.6875 2999
1672732850276 0.6541666984558105 3049
1672732864673 0.5208333730697632 3099
1672732879251 0.5249999761581421 3149
1672732893655 0.6499999761581421 3199
1672732908052 0.6666666865348816 3249
1672732933449 0.625 3299
1672732948068 0.5583333373069763 3349
1672732962700 0.5 3399
1672732977318 0.4166666865348816 3449
1672733002826 0.8541666865348816 3499
1672733017267 1.0 3549
1672733031654 0.5874999761581421 3599
1672733046034 0.875 3649
1672733071439 0.1666666716337204 3699
1672733086029 0.6708333492279053 3749
1672733100673 0.8125 3799
1672733115289 0.45000001788139343 3849
1672733129876 0.6250000596046448 3899
1672733155339 0.5416666865348816 3949
1672733169739 0.7166666984558105 3999
1672733184167 0.5625 4049
1672733198584 0.4583333432674408 4099
1672733223880 0.49166667461395264 4149
1672733238427 0.625 4199
1672733252958 0.625 4249
1672733267369 0.6904761791229248 4299
1672733292603 0.5833333730697632 4349
1672733307148 1.0 4399
1672733321469 0.4541666507720947 4449
1672733336109 0.6000000238418579 4499
1672733350415 0.5 4549
1672733375324 0.6000000238418579 4599
1672733389743 0.699999988079071 4649
1672733404316 0.6041666865348816 4699
1672733418720 0.375 4749
1672733444696 0.5 4799
1672733459208 0.6166666746139526 4849
1672733473742 0.5333333611488342 4899
1672733488340 0.6875 4949
1672733513417 0.6458333134651184 4999
1672733527818 0.4791666865348816 5049
1672733542227 0.4375 5099
1672733556773 0.7916666865348816 5149
1672733571346 0.5285714268684387 5199
1672733596406 0.625 5249
1672733610807 0.8333333730697632 5299
1672733625372 0.7083333134651184 5349
1672733639821 0.4375 5399
1672733665190 0.3916666805744171 5449
1672733679487 0.8333333134651184 5499
1672733693952 0.8166666626930237 5549
1672733708245 0.4958333373069763 5599
1672733733888 0.5 5649
1672733748204 0.625 5699
1672733762509 0.5291666388511658 5749
1672733776802 0.8166667222976685 5799
1672733791299 0.6666666865348816 5849
1672733816564 0.8166667222976685 5899
1672733830938 0.75 5949
1672733845563 0.75 5999
1672733860098 0.4375 6049
1672733885421 0.28333333134651184 6099
1672733899723 0.4375 6149
1672733914100 0.2916666865348816 6199
1672733928409 0.6499999761581421 6249
1672733953803 0.7875000238418579 6299
1672733968259 0.5 6349
1672733982977 0.5333333015441895 6399
1672733997590 0.3125 6449
1672734012177 0.75 6499
1672734037747 0.9166666865348816 6549
1672734052162 0.7916666865348816 6599
1672734066594 0.5249999761581421 6649
1672734080994 0.5375000238418579 6699
1672734106549 0.8166666626930237 6749
1672734120889 0.5874999761581421 6799
1672734135345 0.5625 6849
1672734149819 0.949999988079071 6899
1672734174816 0.75 6949
1672734189229 0.3791666626930237 6999
1672734203598 0.6666666865348816 7049
1672734218260 0.5 7099
1672734232622 0.8125 7149
1672734258218 0.75 7199
1672734272705 0.6000000238418579 7249
1672734287049 0.625 7299
1672734301403 0.7875000238418579 7349
1672734326526 0.625 7399
1672734340944 0.5999999642372131 7449
1672734355510 0.3166666626930237 7499
1672734370088 0.5833333134651184 7549
1672734395334 0.5833333730697632 7599
1672734410003 0.75 7649
1672734424398 0.612500011920929 7699
1672734438790 0.22499999403953552 7749
1672734453179 0.4749999940395355 7799
1672734478632 0.3333333432674408 7849
1672734493173 0.8374999761581421 7899
1672734507519 0.4625000059604645 7949
1672734521862 0.6000000238418579 7999
1672734547978 0.7416666746139526 8049
1672734562338 0.5416666865348816 8099
1672734576706 0.7541667222976685 8149
1672734591327 0.9166666865348816 8199
1672734616959 0.4583333432674408 8249
1672734631708 0.7083333134651184 8299
1672734646298 0.7916666865348816 8349
1672734660730 0.375 8399
1672734675195 0.46190476417541504 8449
1672734700515 0.5833333730697632 8499
1672734715064 0.5666666626930237 8549
1672734729489 0.574999988079071 8599
1672734744033 0.7249999642372131 8649
1672734769509 0.7250000238418579 8699
1672734783897 0.10000000149011612 8749
1672734798293 0.5 8799
1672734812802 0.875 8849
1672734838018 0.6916666626930237 8899
1672734852420 0.4375 8949
1672734867029 0.2666666805744171 8999
1672734881452 0.7333333492279053 9049
1672734896030 0.625 9099
1672734921460 0.9166666865348816 9149
1672734935882 0.875 9199
1672734950305 0.7541667222976685 9249
1672734965163 0.38749998807907104 9299
1672734990963 0.824999988079071 9349
1672735005441 0.6875 9399
1672735019984 0.8541666865348816 9449
1672735034428 0.9375 9499
1672735059831 0.7916666865348816 9549
1672735074253 0.625 9599
1672735088676 0.574999988079071 9649
1672735103114 0.5833333730697632 9699
1672735117685 0.5416666865348816 9749
1672735143454 0.4166666865348816 9799
1672735157881 0.6583333015441895 9849
1672735172476 0.887499988079071 9899
1672735186919 0.6875 9949
1672735212242 0.6666666865348816 9999
1672735226608 0.625 10049
1672735241263 0.9166666865348816 10099
1672735255788 0.6666666865348816 10149
1672735281253 0.7708333730697632 10199
1672735296249 0.6666666865348816 10249
1672735310555 0.4833333492279053 10299
1672735324877 0.6041666865348816 10349
1672735339179 0.4166666865348816 10399
1672735364416 0.7083333730697632 10449
1672735379231 0.824999988079071 10499
1672735393848 0.5 10549
1672735408313 0.5625 10599
1672735433714 0.8125 10649
1672735448133 0.6619048118591309 10699
1672735462473 0.5666666626930237 10749
1672735476843 0.625 10799
1672735490969 0.5 10849
1672735516519 0.4583333730697632 10899
1672735531093 0.7749999761581421 10949
1672735545531 0.3333333134651184 10999
1672735560112 0.6708332896232605 11049
1672735585572 0.625 11099
1672735599931 0.42500001192092896 11149
1672735614306 0.6499999761581421 11199
1672735628697 0.6708332896232605 11249
1672735653932 0.6458333730697632 11299
1672735668661 0.5416666865348816 11349
1672735683161 0.5833333730697632 11399
1672735697752 0.6625000238418579 11449
1672735712094 0.7291666865348816 11499
1672735737509 0.699999988079071 11549
1672735751872 0.75 11599
1672735766374 0.4791666865348816 11649
1672735780723 0.7916666865348816 11699
1672735806011 0.625 11749
1672735820727 0.4166666865348816 11799
1672735835133 0.6875 11849
1672735849549 0.6499999761581421 11899
1672735874662 0.6041666865348816 11949
1672735889101 0.6000000238418579 11999
1672735903691 0.6916667222976685 12049
1672735918135 0.7291666865348816 12099
1672735932585 0.6666666865348816 12149
1672735958839 0.6208333373069763 12199
1672735973171 0.5541666746139526 12249
1672735987685 0.612500011920929 12299
1672736002025 0.3333333432674408 12349
1672736027414 0.7678571343421936 12399
1672736042026 0.8333333730697632 12449
1672736056489 0.5833333730697632 12499
1672736071096 0.5 12549
1672736096381 0.6875 12599
1672736110787 0.6666666865348816 12649
1672736125186 0.75 12699
1672736139570 0.7916666865348816 12749
1672736154105 0.75 12799
1672736179157 0.8500000238418579 12849
1672736193726 0.6499999761581421 12899
1672736208280 0.5 12949
1672736222847 0.25 12999
1672736248156 0.7916666865348816 13049
1672736262526 0.699999988079071 13099
1672736276898 0.6666666865348816 13149
1672736291263 0.8125 13199
1672736316609 0.7916666865348816 13249
1672736331264 0.4124999940395355 13299
1672736345656 0.5625 13349
1672736360008 0.4958333373069763 13399
1672736374356 0.25 13449
1672736399511 0.7678571343421936 13499
1672736413964 0.7333333492279053 13549
1672736428377 0.8125 13599
1672736442792 0.6916667222976685 13649
1672736468354 0.6250000596046448 13699
1672736482886 0.5874999761581421 13749
1672736497487 0.6666666865348816 13799
1672736511850 0.7250000238418579 13849
1672736537114 0.9166666865348816 13899
1672736551529 0.4833333492279053 13949
1672736565923 0.6041666865348816 13999
1672736580482 0.625 14049
1672736595017 0.4124999940395355 14099
1672736620272 0.5041667222976685 14149
1672736634806 0.6000000238418579 14199
1672736649206 0.5 14249
1672736663621 0.625 14299
1672736688882 0.625 14349
1672736703295 0.8374999761581421 14399
1672736717701 0.6499999761581421 14449
1672736732099 0.6499999761581421 14499
1672736757796 0.36250001192092896 14549
1672736772271 0.9375 14599
1672736786699 0.512499988079071 14649
1672736801099 0.6666666865348816 14699
1672736815473 1.0 14749
1672736840938 0.7916666865348816 14799
1672736855286 0.6250000596046448 14849
1672736869622 0.5416666865348816 14899
1672736884264 0.6041666865348816 14949
1672736909549 0.5 14999
1672736923943 0.6666666865348816 15049
1672736938333 0.5625 15099
1672736952753 0.699999988079071 15149
1672736977909 0.3916666507720947 15199
1672736992307 0.4375 15249
1672737006716 0.4375 15299
1672737021555 0.6166666746139526 15349
1672737036057 0.5708333849906921 15399
1672737061228 0.3958333432674408 15449
1672737075579 0.7708333730697632 15499
1672737089892 0.875 15549
1672737104228 0.762499988079071 15599
1672737129843 0.5833333730697632 15649
1672737144415 0.7833333611488342 15699
1672737158960 0.7666666507720947 15749
1672737173693 0.7916666865348816 15799
1672737199027 0.5 15849
1672737213486 0.6000000238418579 15899
1672737228133 0.4333333373069763 15949
1672737242534 0.4124999940395355 15999
1672737256989 0.5714285373687744 16049
1672737281987 0.625 16099
1672737296542 0.4166666865348816 16149
1672737311248 0.75 16199
1672737325687 0.45000001788139343 16249
1672737350843 0.5 16299
1672737365226 0.3333333432674408 16349
1672737379586 0.75 16399
1672737393975 0.5392857193946838 16449
1672737419140 0.6666666865348816 16499
1672737433852 0.5 16549
1672737448579 0.8999999761581421 16599
1672737462998 0.7708333134651184 16649
1672737477441 0.25 16699
1672737502744 0.512499988079071 16749
1672737517157 0.5 16799
1672737531559 0.8500000238418579 16849
1672737545991 0.7333333492279053 16899
1672737571337 0.949999988079071 16949
1672737585883 0.4583333730697632 16999
1672737600417 0.5375000238418579 17049
1672737614803 0.7916666865348816 17099
1672737640133 0.7541667222976685 17149
1672737654560 0.3499999940395355 17199
1672737669087 0.6875 17249
1672737683422 0.5208333730697632 17299
1672737697928 0.5416666865348816 17349
1672737723265 0.5625 17399
1672737737822 0.7208333015441895 17449
1672737752245 0.6916666626930237 17499
1672737766648 0.6666666865348816 17549
1672737791773 1.0 17599
1672737806118 0.6583333611488342 17649
1672737820644 0.9166666865348816 17699
1672737835045 0.8125 17749
1672737860399 0.699999988079071 17799
1672737875244 0.8374999761581421 17849
1672737889695 0.8125 17899
1672737904142 0.4583333432674408 17949
1672737918556 0.5 17999
1672737943919 0.5833333134651184 18049
1672737958321 0.9375 18099
1672737972824 0.8125 18149
1672737987497 0.8041666746139526 18199
1672738013066 0.5833333134651184 18249
1672738027543 0.7708333134651184 18299
1672738041997 0.5 18349
1672738056458 0.4375 18399
1672738081589 0.5416666865348816 18449
1672738096007 0.8333333730697632 18499
1672738110737 0.6666666865348816 18549
1672738125151 0.5833333730697632 18599
1672738139866 0.637499988079071 18649
1672738165182 0.5666666626930237 18699
1672738179585 0.7083333134651184 18749
1672738193967 0.8333333730697632 18799
1672738208352 0.8041666746139526 18849
1672738233549 0.875 18899
1672738248159 0.574999988079071 18949
1672738262730 0.9017857313156128 18999
1672738277274 0.3928571343421936 19049
1672738302580 0.4583333730697632 19099
1672738317035 0.6875 19149
1672738331492 0.512499988079071 19199
1672738345925 0.8999999761581421 19249
1672738360350 0.3958333432674408 19299
1672738385528 0.7875000238418579 19349
1672738399899 0.6625000238418579 19399
1672738414286 0.949999988079071 19449
1672738429089 0.7333333492279053 19499
1672738454339 0.6166666746139526 19549
1672738468753 0.887499988079071 19599
1672738483170 0.625 19649
1672738497610 0.5625 19699
1672738523318 0.6499999761581421 19749
1672738537865 0.8541666865348816 19799
1672738552421 0.699999988079071 19849
1672738566963 0.6291666626930237 19899
1672738581557 0.7083333134651184 19949
1672738606777 0.8166666626930237 19999
1672738621181 0.7708333730697632 20049
1672738635737 0.875 20099
1672738650130 0.4375000298023224 20149
1672738675433 0.6875 20199
1672738689982 0.5833333730697632 20249
1672738704699 0.8333333134651184 20299
1672738719073 0.875 20349
1672738744333 0.8541666865348816 20399
1672738758995 0.7083333730697632 20449
1672738773409 0.4791666865348816 20499
1672738788098 0.4833333194255829 20549
1672738802500 0.5 20599
1672738828004 0.7083333730697632 20649
1672738842530 0.5458333492279053 20699
1672738856921 0.4166666865348816 20749
1672738871303 0.5625 20799
1672738896340 0.49166667461395264 20849
1672738910686 0.5416666865348816 20899
1672738925211 0.7291666865348816 20949
1672738939877 0.7458333373069763 20999
1672738965260 0.8541666865348816 21049
1672738979703 0.8374999761581421 21099
1672738994122 0.8374999761581421 21149
1672739008552 0.6666666865348816 21199
1672739022961 0.6875 21249
1672739048203 0.8125 21299
1672739062652 0.550000011920929 21349
1672739077280 0.4166666865348816 21399
1672739091575 0.4791666865348816 21449
1672739116859 0.5625 21499
1672739131305 0.5249999761581421 21549
1672739145792 0.5416666865348816 21599
1672739160262 0.8374999761581421 21649
1672739174569 0.0 21699
1672739199956 0.6083333492279053 21749
1672739214601 0.6041666865348816 21799
1672739229009 0.9166666865348816 21849
1672739243402 0.6416666507720947 21899
1672739268514 0.6666666865348816 21949
1672739282966 0.4333333373069763 21999
1672739297428 0.6041666865348816 22049
1672739312001 0.7291666865348816 22099
1672739337386 0.7083333730697632 22149
1672739351846 0.5 22199
1672739366349 0.625 22249
1672739380717 0.5 22299
1672739395076 0.4166666865348816 22349
1672739420310 0.7916666865348816 22399
1672739434709 0.8125 22449
1672739449558 0.42499998211860657 22499
1672739463957 0.824999988079071 22549
1672739489150 0.6666666865348816 22599
1672739503649 0.6666666865348816 22649
1672739518002 0.6666666865348816 22699
1672739532381 0.46666669845581055 22749
1672739557489 0.875 22799
1672739572026 0.4833333492279053 22849
1672739586417 0.4583333432674408 22899
1672739600968 0.5833333730697632 22949
1672739615354 0.875 22999
1672739640461 0.7416666746139526 23049
1672739655016 0.6000000238418579 23099
1672739669434 0.5833333730697632 23149
1672739684119 0.6875 23199
1672739709582 0.637499988079071 23249
1672739723990 0.125 23299
1672739738547 0.6416667103767395 23349
1672739752947 0.5833333730697632 23399
1672739778307 0.4583333432674408 23449
1672739792725 0.8333333134651184 23499
1672739807170 0.5416666865348816 23549
1672739821884 0.4791666865348816 23599
1672739836277 0.6666666865348816 23649
1672739861728 0.8500000238418579 23699
1672739876082 0.7083333730697632 23749
1672739890632 0.5333333611488342 23799
1672739904976 0.8666666746139526 23849
1672739930242 0.887499988079071 23899
1672739944884 0.75 23949
1672739959326 0.8125 23999
1672739973908 1.0 24049
1672739999441 0.7749999761581421 24099
1672740013937 1.0 24149
1672740028489 0.5416666865348816 24199
1672740042897 0.8333333730697632 24249
1672740057458 0.7083333730697632 24299
1672740082881 0.6041666865348816 24349
1672740097483 0.9166666865348816 24399
1672740111916 0.6666666865348816 24449
1672740126356 0.75 24499
1672740152509 0.5 24549
1672740167504 0.625 24599
1672740182084 0.5 24649
1672740196509 0.5684523582458496 24699
1672740221716 0.6666666865348816 24749
1672740236203 0.375 24799
1672740250845 0.5333333611488342 24849
1672740265309 0.625 24899
1672740279788 0.75 24949
1672740305569 0.6208333373069763 24999
1672740319938 0.6875 25049
1672740334335 0.7303571701049805 25099
1672740348714 0.3125 25149
1672740373706 0.4791666865348816 25199
1672740388011 0.625 25249
1672740402462 0.7083333730697632 25299
1672740417049 0.7749999761581421 25349
1672740442622 0.6875000596046448 25399
1672740457014 0.7124999761581421 25449
1672740471394 0.9583333134651184 25499
1672740485766 0.5833333134651184 25549
1672740500136 0.75 25599
1672740525481 0.9375 25649
1672740540016 0.8333333134651184 25699
1672740554565 0.5833333730697632 25749
1672740569098 0.4333333373069763 25799
1672740594633 0.625 25849
1672740609054 0.7916666865348816 25899
1672740623480 0.4583333432674408 25949
1672740637893 0.8125 25999
1672740662994 0.75 26049
1672740677575 0.4166666865348816 26099
1672740691965 0.5 26149
1672740706833 0.4375 26199
1672740721204 0.48750001192092896 26249
1672740746362 0.625 26299
1672740760738 0.9166666865348816 26349
1672740775099 0.5083333253860474 26399
1672740789462 0.6499999761581421 26449
1672740814550 0.4375 26499
1672740828963 0.7916666865348816 26549
1672740843511 0.5625 26599
1672740858200 0.5833333730697632 26649
1672740883373 0.6666666865348816 26699
1672740897763 0.875 26749
1672740912160 0.574999988079071 26799
1672740926699 0.7124999761581421 26849
1672740941067 0.6708332896232605 26899
1672740966212 0.6666666865348816 26949
1672740980564 0.4000000059604645 26999
1672740995069 0.4375 27049
1672741009399 0.75 27099
1672741034676 0.8999999761581421 27149
1672741049046 0.625 27199
1672741063541 0.4375 27249
1672741078065 0.5208333730697632 27299
1672741103740 0.824999988079071 27349
1672741118220 0.7749999761581421 27399
1672741132723 0.675000011920929 27449
1672741147370 0.7916666865348816 27499
1672741161991 0.7250000238418579 27549
1672741187064 0.5833333730697632 27599
1672741201663 0.6041666865348816 27649
1672741215970 0.6083333492279053 27699
1672741230295 0.3333333432674408 27749
1672741255278 0.7291666865348816 27799
1672741269652 0.5416666865348816 27849
1672741284019 0.75 27899
1672741298386 0.4333333373069763 27949
1672741324108 0.6666666865348816 27999
1672741339045 0.6904762387275696 28049
1672741354398 0.7083333134651184 28099
1672741368945 1.0 28149
1672741383394 0.6666666865348816 28199
1672741408649 0.5625 28249
1672741423066 0.5 28299
1672741437450 0.7916666865348816 28349
1672741452132 0.7749999761581421 28399
1672741477416 0.8666666746139526 28449
1672741491856 0.7708333730697632 28499
1672741506312 0.5416666865348816 28549
1672741520775 0.699999988079071 28599
1672741546103 0.8999999761581421 28649
1672741560500 0.7416666746139526 28699
1672741574926 0.6000000238418579 28749
1672741589452 0.3125 28799
1672741603986 0.6875 28849
1672741629609 0.6875 28899
1672741643980 0.8333333730697632 28949
1672741658353 0.75 28999
1672741672766 0.9375 29049
1672741698001 0.25 29099
1672741712394 0.44999998807907104 29149
1672741726791 0.5625 29199
1672741741443 0.699999988079071 29249
1672741766771 0.6041666269302368 29299
1672741781169 0.574999988079071 29349
1672741795551 0.8333333730697632 29399
1672741809927 0.699999988079071 29449
1672741824344 0.5 29499
1672741849864 0.7250000238418579 29549
1672741864471 0.7291666865348816 29599
1672741878932 0.8374999761581421 29649
1672741893385 0.5874999761581421 29699
1672741918934 0.6625000238418579 29749
1672741933359 0.3125 29799
1672741947759 0.8333333134651184 29849
1672741962147 0.6041666865348816 29899
1672741987376 0.7083333134651184 29949
1672742001943 0.7083333730697632 29999
1672742016336 0.887499988079071 30049
1672742030863 0.887499988079071 30099
1672742045422 0.7416666746139526 30149
1672742070542 0.4791666865348816 30199
1672742084963 0.625 30249
1672742099348 0.8333333730697632 30299
1672742113914 0.5416666865348816 30349
1672742139039 0.7083333730697632 30399
1672742153582 0.875 30449
1672742168244 0.625 30499
1672742182605 0.8541666865348816 30549
1672742207931 0.2916666865348816 30599
1672742222366 0.6083333492279053 30649
1672742236784 0.6041666865348816 30699
1672742251349 0.875 30749
1672742265739 0.75 30799
1672742290762 0.6041666865348816 30849
1672742305446 0.625 30899
1672742319958 0.7749999761581421 30949
1672742334342 0.6875 30999
1672742359366 0.7083333730697632 31049
1672742373779 0.9166666865348816 31099
1672742388297 0.375 31149
1672742402690 0.4124999940395355 31199
1672742427944 1.0 31249
1672742442647 0.7083333730697632 31299
1672742457183 0.4583333432674408 31349
1672742471723 0.5833333730697632 31399
1672742486092 0.375 31449
1672742511305 0.4583333432674408 31499
1672742525654 0.6083332896232605 31549
1672742540201 0.6166666746139526 31599
1672742554739 0.8333333730697632 31649
1672742579982 1.0 31699
1672742594873 0.5416666865348816 31749
1672742609243 0.5 31799
1672742623595 0.6458333134651184 31849
1672742648573 0.6291666626930237 31899
1672742663102 0.3750000298023224 31949
1672742677495 0.8541666865348816 31999
1672742692078 0.5416666865348816 32049
1672742706489 0.8452380895614624 32099
1672742732081 0.6875 32149
1672742746425 0.6833333373069763 32199
1672742760789 0.8125 32249
1672742775158 1.0 32299
1672742800499 0.5208333730697632 32349
1672742815006 0.5 32399
1672742829371 0.5833333730697632 32449
1672742843745 0.625 32499
1672742858077 0.25 32549
