1672731887746 0.5737146139144897 216
1672731961001 0.5914602875709534 433
1672732034812 0.5905147194862366 650
1672732108124 0.6034227609634399 867
1672732182417 0.6031901240348816 1084
1672732255753 0.5898595452308655 1301
1672732329787 0.5847756266593933 1518
1672732403100 0.5814793705940247 1735
1672732477064 0.594027042388916 1952
1672732550260 0.598270058631897 2169
1672732624090 0.5904238224029541 2386
1672732698464 0.6031405925750732 2603
1672732772184 0.5982218384742737 2820
1672732846138 0.5983939170837402 3037
1672732919728 0.6034351587295532 3254
1672732994035 0.6054499745368958 3471
1672733067496 0.6030842065811157 3688
1672733141843 0.6028516292572021 3905
1672733215356 0.6147453784942627 4122
1672733288899 0.613677442073822 4339
1672733362210 0.6164216995239258 4556
1672733436404 0.615251898765564 4773
1672733510155 0.6170355081558228 4990
1672733583599 0.6174622178077698 5207
1672733657245 0.61661297082901 5424
1672733730846 0.6180222630500793 5641
1672733804011 0.6162675023078918 5858
1672733877843 0.6237310171127319 6075
1672733951044 0.633527398109436 6292
1672734025456 0.6294412612915039 6509
1672734099055 0.6374359130859375 6726
1672734172338 0.6272750496864319 6943
1672734246154 0.6337447762489319 7160
1672734319350 0.6259468793869019 7377
1672734393122 0.6237736344337463 7594
1672734466800 0.6321938037872314 7811
1672734541043 0.6348610520362854 8028
1672734615058 0.6354058980941772 8245
1672734689049 0.6330346465110779 8462
1672734762875 0.6392278671264648 8679
1672734836457 0.6303523182868958 8896
1672734910259 0.6232094764709473 9113
1672734984786 0.631968080997467 9330
1672735058502 0.6401554942131042 9547
1672735132582 0.6310129165649414 9764
1672735206287 0.6466997265815735 9981
1672735280276 0.6393917202949524 10198
1672735353855 0.6425432562828064 10415
1672735428101 0.633111834526062 10632
1672735501192 0.6421058177947998 10849
1672735575080 0.6407445073127747 11066
1672735648613 0.6326037645339966 11283
1672735722501 0.6461024284362793 11500
1672735795885 0.6316735148429871 11717
1672735869583 0.639365553855896 11934
1672735944155 0.6346229314804077 12151
1672736017677 0.6420671343803406 12368
1672736091548 0.6537531614303589 12585
1672736164864 0.6404280066490173 12802
1672736238660 0.6400852203369141 13019
1672736311970 0.6579727530479431 13236
1672736385564 0.6413102149963379 13453
1672736459097 0.6540972590446472 13670
1672736532948 0.6402876377105713 13887
1672736606411 0.6521854996681213 14104
1672736680068 0.6443724632263184 14321
1672736753870 0.65079265832901 14538
1672736827547 0.6395100951194763 14755
1672736901069 0.6497330665588379 14972
1672736974252 0.6450881361961365 15189
1672737048132 0.6479053497314453 15406
1672737121540 0.6601734161376953 15623
1672737195547 0.65489262342453 15840
1672737269070 0.6397082209587097 16057
1672737342898 0.6380347609519958 16274
1672737416081 0.6429204344749451 16491
1672737490214 0.6444206237792969 16708
1672737563397 0.6528846621513367 16925
1672737637417 0.6460087895393372 17142
1672737710877 0.6531420946121216 17359
1672737784478 0.6503000855445862 17576
1672737857853 0.644035279750824 17793
1672737931931 0.6525736451148987 18010
1672738005767 0.6578640341758728 18227
1672738079422 0.6530416011810303 18444
1672738153562 0.648542582988739 18661
1672738226762 0.6579521298408508 18878
1672738300654 0.647035539150238 19095
1672738373867 0.6510252952575684 19312
1672738447786 0.6456372141838074 19529
1672738521702 0.6743710041046143 19746
1672738595523 0.6490173935890198 19963
1672738669049 0.6661877036094666 20180
1672738743003 0.6566928625106812 20397
1672738817051 0.6462936997413635 20614
1672738890437 0.6405587196350098 20831
1672738964240 0.6684820055961609 21048
1672739037657 0.6430581212043762 21265
1672739111199 0.6676989793777466 21482
1672739184852 0.6419212818145752 21699
1672739258244 0.6719074845314026 21916
1672739331989 0.6550233960151672 22133
1672739405453 0.6506895422935486 22350
1672739479154 0.6559098362922668 22567
1672739552268 0.656679093837738 22784
1672739625891 0.654214084148407 23001
1672739699713 0.6619377732276917 23218
1672739773369 0.6552215814590454 23435
1672739847184 0.6636388301849365 23652
1672739920857 0.6710927486419678 23869
1672739994753 0.6625338196754456 24086
1672740068792 0.6500687003135681 24303
1672740142566 0.6630361080169678 24520
1672740217467 0.65278559923172 24737
1672740291144 0.659589946269989 24954
1672740364989 0.6505423188209534 25171
1672740438560 0.6574786901473999 25388
1672740512019 0.6657116413116455 25605
1672740586089 0.6563941836357117 25822
1672740659359 0.6580924987792969 26039
1672740733277 0.654907763004303 26256
1672740806341 0.6671841144561768 26473
1672740880007 0.6604183912277222 26690
1672740953261 0.6687806248664856 26907
1672741026740 0.6647372245788574 27124
1672741100687 0.6498252153396606 27341
1672741174623 0.6544550061225891 27558
1672741247602 0.6576094031333923 27775
1672741321186 0.6623094081878662 27992
1672741396381 0.6506950259208679 28209
1672741469875 0.6576342582702637 28426
1672741543605 0.6656537652015686 28643
1672741617591 0.6567919254302979 28860
1672741690801 0.6593201756477356 29077
1672741764609 0.6611809134483337 29294
1672741837965 0.6708669662475586 29511
1672741912136 0.6676176190376282 29728
1672741985475 0.6736994385719299 29945
1672742059153 0.6739540696144104 30162
1672742132558 0.6538026928901672 30379
1672742206334 0.6638755798339844 30596
1672742279695 0.6609579920768738 30813
1672742353143 0.6548362374305725 31030
1672742426611 0.6591962575912476 31247
1672742500496 0.6714822053909302 31464
1672742573987 0.6677882671356201 31681
1672742647575 0.6603413224220276 31898
1672742721284 0.6483319997787476 32115
1672742794681 0.6624001860618591 32332
1672742868102 0.6584324240684509 32549
