1672731887746 0.7659043073654175 216
1672731961001 0.7921966314315796 433
1672732034812 0.7913569808006287 650
1672732108124 0.7909441590309143 867
1672732182417 0.7980540990829468 1084
1672732255753 0.7830058336257935 1301
1672732329787 0.7776493430137634 1518
1672732403100 0.7737957835197449 1735
1672732477064 0.7882440090179443 1952
1672732550260 0.7924857139587402 2169
1672732624090 0.7838425636291504 2386
1672732698464 0.7958768010139465 2603
1672732772184 0.7778007984161377 2820
1672732846138 0.7893257141113281 3037
1672732919728 0.7869530320167542 3254
1672732994035 0.7906633615493774 3471
1672733067496 0.7823232412338257 3688
1672733141843 0.782803475856781 3905
1672733215356 0.788254976272583 4122
1672733288899 0.7925572395324707 4339
1672733362210 0.7893834710121155 4556
1672733436404 0.8030058145523071 4773
1672733510155 0.7761519551277161 4990
1672733583599 0.7922255992889404 5207
1672733657245 0.7868676781654358 5424
1672733730846 0.786763072013855 5641
1672733804011 0.7888137102127075 5858
1672733877843 0.7811809182167053 6075
1672733951044 0.7985329627990723 6292
1672734025456 0.7877071499824524 6509
1672734099055 0.7942004799842834 6726
1672734172338 0.7769694924354553 6943
1672734246154 0.7950674891471863 7160
1672734319350 0.7907212376594543 7377
1672734393122 0.7906745076179504 7594
1672734466800 0.7865704298019409 7811
1672734541043 0.7886705994606018 8028
1672734615058 0.7925820350646973 8245
1672734689049 0.7796312570571899 8462
1672734762875 0.7878090739250183 8679
1672734836457 0.7801528573036194 8896
1672734910259 0.7709716558456421 9113
1672734984786 0.7879577279090881 9330
1672735058502 0.789009153842926 9547
1672735132582 0.7849698066711426 9764
1672735206287 0.7982892990112305 9981
1672735280276 0.7888440489768982 10198
1672735353855 0.7796614766120911 10415
1672735428101 0.7789788842201233 10632
1672735501192 0.793523371219635 10849
1672735575080 0.7844894528388977 11066
1672735648613 0.7798266410827637 11283
1672735722501 0.7874374985694885 11500
1672735795885 0.7706896066665649 11717
1672735869583 0.7870838046073914 11934
1672735944155 0.7829287648200989 12151
1672736017677 0.7804239392280579 12368
1672736091548 0.7979247570037842 12585
1672736164864 0.7861079573631287 12802
1672736238660 0.7801157236099243 13019
1672736311970 0.8019846677780151 13236
1672736385564 0.79171222448349 13453
1672736459097 0.7965015769004822 13670
1672736532948 0.7836939692497253 13887
1672736606411 0.7924938797950745 14104
1672736680068 0.7843160033226013 14321
1672736753870 0.7897770404815674 14538
1672736827547 0.782283365726471 14755
1672736901069 0.7923011779785156 14972
1672736974252 0.7797303795814514 15189
1672737048132 0.7924938797950745 15406
1672737121540 0.7825434803962708 15623
1672737195547 0.7934243083000183 15840
1672737269070 0.7771759629249573 16057
1672737342898 0.7783787846565247 16274
1672737416081 0.7784655690193176 16491
1672737490214 0.7824567556381226 16708
1672737563397 0.789451003074646 16925
1672737637417 0.7771373391151428 17142
1672737710877 0.7761244773864746 17359
1672737784478 0.7805973887443542 17576
1672737857853 0.7806551456451416 17793
1672737931931 0.7906773090362549 18010
1672738005767 0.7912689447402954 18227
1672738079422 0.7864355444908142 18444
1672738153562 0.7783430218696594 18661
1672738226762 0.7872227430343628 18878
1672738300654 0.7930692434310913 19095
1672738373867 0.7878502607345581 19312
1672738447786 0.7720755338668823 19529
1672738521702 0.8070686459541321 19746
1672738595523 0.7818112969398499 19963
1672738669049 0.7936112880706787 20180
1672738743003 0.7891138195991516 20397
1672738817051 0.7851996421813965 20614
1672738890437 0.7747811675071716 20831
1672738964240 0.7921196222305298 21048
1672739037657 0.7696725130081177 21265
1672739111199 0.7885357141494751 21482
1672739184852 0.7703055739402771 21699
1672739258244 0.7949959635734558 21916
1672739331989 0.7897496223449707 22133
1672739405453 0.7868002653121948 22350
1672739479154 0.7901293635368347 22567
1672739552268 0.7941977977752686 22784
1672739625891 0.785367488861084 23001
1672739699713 0.7966558337211609 23218
1672739773369 0.7783430218696594 23435
1672739847184 0.7855203151702881 23652
1672739920857 0.804778516292572 23869
1672739994753 0.7916819453239441 24086
1672740068792 0.7807790040969849 24303
1672740142566 0.7873108386993408 24520
1672740217467 0.7885715365409851 24737
1672740291144 0.7851582765579224 24954
1672740364989 0.7836416363716125 25171
1672740438560 0.7797756791114807 25388
1672740512019 0.7904775142669678 25605
1672740586089 0.7891812324523926 25822
1672740659359 0.7910212874412537 26039
1672740733277 0.7824140191078186 26256
1672740806341 0.7830718159675598 26473
1672740880007 0.7890366911888123 26690
1672740953261 0.7942376732826233 26907
1672741026740 0.7955299615859985 27124
1672741100687 0.7807596921920776 27341
1672741174623 0.7856648564338684 27558
1672741247602 0.7985247373580933 27775
1672741321186 0.7838343381881714 27992
1672741396381 0.7746628522872925 28209
1672741469875 0.7850867509841919 28426
1672741543605 0.7939692139625549 28643
1672741617591 0.7870603203773499 28860
1672741690801 0.7867245078086853 29077
1672741764609 0.7889100909233093 29294
1672741837965 0.7874153256416321 29511
1672741912136 0.7871842384338379 29728
1672741985475 0.7933471202850342 29945
1672742059153 0.7999271154403687 30162
1672742132558 0.7760887742042542 30379
1672742206334 0.7902312278747559 30596
1672742279695 0.7834104299545288 30813
1672742353143 0.7771127223968506 31030
1672742426611 0.7804818153381348 31247
1672742500496 0.7939858436584473 31464
1672742573987 0.7904239892959595 31681
1672742647575 0.7820011973381042 31898
1672742721284 0.772839367389679 32115
1672742794681 0.7797495722770691 32332
1672742868102 0.782683789730072 32549
