1672731887746 1.7962226336643392 216
1672731961001 1.7724821821546692 433
1672732034812 1.7703935880431765 650
1672732108124 1.7690389943151854 867
1672732182417 1.7620901793979 1084
1672732255753 1.7589542773108529 1301
1672732329787 1.751335864746061 1518
1672732403100 1.7492505752966954 1735
1672732477064 1.741848957552356 1952
1672732550260 1.7334459768337342 2169
1672732624090 1.7306470135196688 2386
1672732698464 1.7347688154733203 2603
1672732772184 1.7266574425581307 2820
1672732846138 1.7297873540732716 3037
1672732919728 1.7234077817588371 3254
1672732994035 1.718755440356088 3471
1672733067496 1.7176774350507507 3688
1672733141843 1.7140329342701666 3905
1672733215356 1.709882166207159 4122
1672733288899 1.708138467213436 4339
1672733362210 1.7089471360950008 4556
1672733436404 1.7051194429165415 4773
1672733510155 1.7095362144615047 4990
1672733583599 1.702735327401914 5207
1672733657245 1.7067323027670183 5424
1672733730846 1.6980653012971156 5641
1672733804011 1.7002314717714624 5858
1672733877843 1.7009011197696051 6075
1672733951044 1.6975509992118962 6292
1672734025456 1.693922541963076 6509
1672734099055 1.6954927800171657 6726
1672734172338 1.6939192368860607 6943
1672734246154 1.6942919604389777 7160
1672734319350 1.695538762053275 7377
1672734393122 1.6894886880701911 7594
1672734466800 1.6854594684230708 7811
1672734541043 1.6903262433783288 8028
1672734615058 1.6871607795537675 8245
1672734689049 1.6826465165304731 8462
1672734762875 1.685356121652546 8679
1672734836457 1.6834864794863587 8896
1672734910259 1.6812926190214714 9113
1672734984786 1.6782685396874109 9330
1672735058502 1.6807674324345974 9547
1672735132582 1.6833490747450162 9764
1672735206287 1.6754287532691443 9981
1672735280276 1.6772142288589431 10198
1672735353855 1.6768869623494138 10415
1672735428101 1.6752340327108217 10632
1672735501192 1.6712443600848628 10849
1672735575080 1.6688783089453183 11066
1672735648613 1.6736656025434795 11283
1672735722501 1.6691143241877102 11500
1672735795885 1.6683709894810423 11717
1672735869583 1.6669503675372377 11934
1672735944155 1.6706262123020919 12151
1672736017677 1.6710318933103518 12368
1672736091548 1.6664587149703323 12585
1672736164864 1.6636302965359306 12802
1672736238660 1.6642959509597275 13019
1672736311970 1.6598752348486259 13236
1672736385564 1.664604196561708 13453
1672736459097 1.6595530449680218 13670
1672736532948 1.6631610215047155 13887
1672736606411 1.6625040675682592 14104
1672736680068 1.6588943402915561 14321
1672736753870 1.6591644878006586 14538
1672736827547 1.6546140774068132 14755
1672736901069 1.656211506540812 14972
1672736974252 1.6564643899138267 15189
1672737048132 1.6587267185276926 15406
1672737121540 1.6560717194265064 15623
1672737195547 1.6564292147685902 15840
1672737269070 1.6555795132586155 16057
1672737342898 1.6557595348153584 16274
1672737416081 1.6518162573939668 16491
1672737490214 1.651532268787647 16708
1672737563397 1.6492766853723715 16925
1672737637417 1.6513329962620964 17142
1672737710877 1.6530361718631892 17359
1672737784478 1.652293016006899 17576
1672737857853 1.653439177157476 17793
1672737931931 1.6525100966228787 18010
1672738005767 1.647075152068198 18227
1672738079422 1.6479052689589404 18444
1672738153562 1.6528868227914013 18661
1672738226762 1.648699343989679 18878
1672738300654 1.6502599279014563 19095
1672738373867 1.6463341700250658 19312
1672738447786 1.6476357052107529 19529
1672738521702 1.6450281014223753 19746
1672738595523 1.6461436352585739 19963
1672738669049 1.6494645494558864 20180
1672738743003 1.6461059117906713 20397
1672738817051 1.648953872857323 20614
1672738890437 1.6450348493278866 20831
1672738964240 1.6403093854906634 21048
1672739037657 1.6480371211385796 21265
1672739111199 1.6400874502825706 21482
1672739184852 1.6419954403748434 21699
1672739258244 1.6422260080710198 21916
1672739331989 1.6415532827705661 22133
1672739405453 1.6385819161763415 22350
1672739479154 1.6414537959588724 22567
1672739552268 1.6412918187571028 22784
1672739625891 1.6403574762642625 23001
1672739699713 1.6428556083483925 23218
1672739773369 1.639511666642811 23435
1672739847184 1.637576733264641 23652
1672739920857 1.638130153520553 23869
1672739994753 1.6412032762520752 24086
1672740068792 1.6385306995677078 24303
1672740142566 1.638568309759503 24520
1672740217467 1.6368835483552522 24737
1672740291144 1.6344864741363363 24954
1672740364989 1.6377790195930848 25171
1672740438560 1.636167909151324 25388
1672740512019 1.6381068342180387 25605
1672740586089 1.6367177592105748 25822
1672740659359 1.6331417384204925 26039
1672740733277 1.6364131953392083 26256
1672740806341 1.6302916749395364 26473
1672740880007 1.6314784286844413 26690
1672740953261 1.6326896882804478 26907
1672741026740 1.631086660805156 27124
1672741100687 1.6298918529102466 27341
1672741174623 1.6307747599918707 27558
1672741247602 1.6332782114066704 27775
1672741321186 1.6300053239431176 27992
1672741396381 1.6336167582765684 28209
1672741469875 1.6317858920211517 28426
1672741543605 1.6288113838834049 28643
1672741617591 1.6282070467449754 28860
1672741690801 1.625801259391907 29077
1672741764609 1.6278630969174077 29294
1672741837965 1.6284814764557938 29511
1672741912136 1.6317459519041424 29728
1672741985475 1.6282032255906556 29945
1672742059153 1.6274393518876118 30162
1672742132558 1.626158380761624 30379
1672742206334 1.6264921075435825 30596
1672742279695 1.6241388405890478 30813
1672742353143 1.6249796054165344 31030
1672742426611 1.6251387366594392 31247
1672742500496 1.6265128882750073 31464
1672742573987 1.6271625904374574 31681
1672742647575 1.6284454288935384 31898
1672742721284 1.6239449126234655 32115
1672742794681 1.6220591976399736 32332
1672742868102 1.6251919397151222 32549
