1672731887746 0.7692196369171143 216
1672731961001 0.7807803750038147 433
1672732034812 0.7807803750038147 650
1672732108124 0.7807803750038147 867
1672732182417 0.7807803750038147 1084
1672732255753 0.7807803750038147 1301
1672732329787 0.7807803750038147 1518
1672732403100 0.7807803750038147 1735
1672732477064 0.7807803750038147 1952
1672732550260 0.7812138795852661 2169
1672732624090 0.7817919254302979 2386
1672732698464 0.7836705446243286 2603
1672732772184 0.7833815217018127 2820
1672732846138 0.7856936454772949 3037
1672732919728 0.7856936454772949 3254
1672732994035 0.7891618609428406 3471
1672733067496 0.7904624342918396 3688
1672733141843 0.7924855351448059 3905
1672733215356 0.7936416268348694 4122
1672733288899 0.795809268951416 4339
1672733362210 0.7982658743858337 4556
1672733436404 0.7952312231063843 4773
1672733510155 0.7991329431533813 4990
1672733583599 0.7972543239593506 5207
1672733657245 0.8005780577659607 5424
1672733730846 0.7997109889984131 5641
1672733804011 0.7989884614944458 5858
1672733877843 0.8041907548904419 6075
1672733951044 0.8059248328208923 6292
1672734025456 0.8050578236579895 6509
1672734099055 0.8073699474334717 6726
1672734172338 0.8085260391235352 6943
1672734246154 0.8053468465805054 7160
1672734319350 0.8053468465805054 7377
1672734393122 0.8027456402778625 7594
1672734466800 0.8108381628990173 7811
1672734541043 0.809393048286438 8028
1672734615058 0.8096820712089539 8245
1672734689049 0.8118497133255005 8462
1672734762875 0.8121387362480164 8679
1672734836457 0.808092474937439 8896
1672734910259 0.8138728141784668 9113
1672734984786 0.8112716674804688 9330
1672735058502 0.8104045987129211 9547
1672735132582 0.809393048286438 9764
1672735206287 0.8108381628990173 9981
1672735280276 0.8137283325195312 10198
1672735353855 0.8176300525665283 10415
1672735428101 0.8105491399765015 10632
1672735501192 0.8167629837989807 10849
1672735575080 0.814306378364563 11066
1672735648613 0.8135837912559509 11283
1672735722501 0.8161849975585938 11500
1672735795885 0.8170520067214966 11717
1672735869583 0.8158959746360779 11934
1672735944155 0.8163294792175293 12151
1672736017677 0.8176300525665283 12368
1672736091548 0.8179190754890442 12585
1672736164864 0.8158959746360779 12802
1672736238660 0.8184971213340759 13019
1672736311970 0.8206647634506226 13236
1672736385564 0.8140173554420471 13453
1672736459097 0.8200867176055908 13670
1672736532948 0.8183525800704956 13887
1672736606411 0.8208092451095581 14104
1672736680068 0.8183525800704956 14321
1672736753870 0.8179190754890442 14538
1672736827547 0.8203757405281067 14755
1672736901069 0.8203757405281067 14972
1672736974252 0.8184971213340759 15189
1672737048132 0.8213872909545898 15406
1672737121540 0.8244219422340393 15623
1672737195547 0.8226878643035889 15840
1672737269070 0.8195086717605591 16057
1672737342898 0.8202311992645264 16274
1672737416081 0.8186416029930115 16491
1672737490214 0.8235549330711365 16708
1672737563397 0.8208092451095581 16925
1672737637417 0.8222543597221375 17142
1672737710877 0.822398841381073 17359
1672737784478 0.8228323459625244 17576
1672737857853 0.8219653367996216 17793
1672737931931 0.8216763138771057 18010
1672738005767 0.8216763138771057 18227
1672738079422 0.8267341256141663 18444
1672738153562 0.8221098184585571 18661
1672738226762 0.824999988079071 18878
1672738300654 0.8174855709075928 19095
1672738373867 0.8235549330711365 19312
1672738447786 0.8239884376525879 19529
1672738521702 0.8274566531181335 19746
1672738595523 0.8209537863731384 19963
1672738669049 0.8258670568466187 20180
1672738743003 0.8238439559936523 20397
1672738817051 0.8242774605751038 20614
1672738890437 0.8238439559936523 20831
1672738964240 0.8273121118545532 21048
1672739037657 0.8215317726135254 21265
1672739111199 0.8273121118545532 21482
1672739184852 0.8219653367996216 21699
1672739258244 0.8274566531181335 21916
1672739331989 0.8260115385055542 22133
1672739405453 0.8245664834976196 22350
1672739479154 0.8247109651565552 22567
1672739552268 0.824999988079071 22784
1672739625891 0.8273121118545532 23001
1672739699713 0.8251445293426514 23218
1672739773369 0.8251445293426514 23435
1672739847184 0.8264451026916504 23652
1672739920857 0.8297687768936157 23869
1672739994753 0.824999988079071 24086
1672740068792 0.8261560797691345 24303
1672740142566 0.8265895843505859 24520
1672740217467 0.827890157699585 24737
1672740291144 0.8280346989631653 24954
1672740364989 0.8245664834976196 25171
1672740438560 0.8281791806221008 25388
1672740512019 0.8302023410797119 25605
1672740586089 0.8242774605751038 25822
1672740659359 0.8297687768936157 26039
1672740733277 0.8251445293426514 26256
1672740806341 0.8300577998161316 26473
1672740880007 0.8294797539710999 26690
1672740953261 0.828612744808197 26907
1672741026740 0.8276011347770691 27124
1672741100687 0.8287572264671326 27341
1672741174623 0.8281791806221008 27558
1672741247602 0.8271676301956177 27775
1672741321186 0.8294797539710999 27992
1672741396381 0.8284682035446167 28209
1672741469875 0.8264451026916504 28426
1672741543605 0.827890157699585 28643
1672741617591 0.8273121118545532 28860
1672741690801 0.8290462493896484 29077
1672741764609 0.8294797539710999 29294
1672741837965 0.8296242952346802 29511
1672741912136 0.8300577998161316 29728
1672741985475 0.8296242952346802 29945
1672742059153 0.8294797539710999 30162
1672742132558 0.8293352723121643 30379
1672742206334 0.8310693502426147 30596
1672742279695 0.8283237218856812 30813
1672742353143 0.8283237218856812 31030
1672742426611 0.8315029144287109 31247
1672742500496 0.8312138915061951 31464
1672742573987 0.8313583731651306 31681
1672742647575 0.8283237218856812 31898
1672742721284 0.827890157699585 32115
1672742794681 0.8302023410797119 32332
1672742868102 0.8310693502426147 32549
