1672731828806 0.78125 49
1672731843795 0.75 99
1672731858590 0.875 149
1672731873121 0.875 199
1672731898050 0.8125 249
1672731912471 0.875 299
1672731926830 0.8125 349
1672731941196 0.75 399
1672731966451 0.875 449
1672731980827 0.84375 499
1672731995505 0.71875 549
1672732010037 0.71875 599
1672732024546 0.78125 649
1672732049697 0.75 699
1672732064060 0.75 749
1672732078392 0.65625 799
1672732092750 0.71875 849
1672732118781 0.75 899
1672732133530 0.78125 949
1672732148162 0.84375 999
1672732162537 0.75 1049
1672732187571 0.71875 1099
1672732201966 0.875 1149
1672732216352 0.90625 1199
1672732230747 0.8125 1249
1672732245122 0.90625 1299
1672732270624 0.9375 1349
1672732285017 0.78125 1399
1672732299699 0.75 1449
1672732314077 0.8125 1499
1672732339512 0.84375 1549
1672732353893 0.71875 1599
1672732368297 0.84375 1649
1672732382692 0.6875 1699
1672732407887 0.71875 1749
1672732422259 0.78125 1799
1672732437075 0.875 1849
1672732451466 0.75 1899
1672732465817 0.875 1949
1672732491278 0.8125 1999
1672732505672 0.8125 2049
1672732520048 0.84375 2099
1672732534410 0.8125 2149
1672732559939 0.75 2199
1672732574447 0.6875 2249
1672732588792 0.78125 2299
1672732603295 0.78125 2349
1672732628851 0.71875 2399
1672732643296 0.90625 2449
1672732657642 0.84375 2499
1672732672442 0.78125 2549
1672732686783 0.65625 2599
1672732712770 0.90625 2649
1672732727136 0.78125 2699
1672732741488 0.78125 2749
1672732756000 0.75 2799
1672732781407 0.75 2849
1672732795833 0.65625 2899
1672732810551 0.8125 2949
1672732824958 0.84375 2999
1672732850276 0.75 3049
1672732864673 0.8125 3099
1672732879251 0.75 3149
1672732893655 0.84375 3199
1672732908052 0.8125 3249
1672732933449 0.75 3299
1672732948068 0.71875 3349
1672732962700 0.8125 3399
1672732977318 0.71875 3449
1672733002826 0.90625 3499
1672733017267 1.0 3549
1672733031654 0.71875 3599
1672733046034 0.875 3649
1672733071439 0.8125 3699
1672733086029 0.6875 3749
1672733100673 0.90625 3799
1672733115289 0.78125 3849
1672733129876 0.8125 3899
1672733155339 0.6875 3949
1672733169739 0.78125 3999
1672733184167 0.8125 4049
1672733198584 0.8125 4099
1672733223880 0.75 4149
1672733238427 0.78125 4199
1672733252958 0.78125 4249
1672733267369 0.78125 4299
1672733292603 0.84375 4349
1672733307148 0.96875 4399
1672733321469 0.75 4449
1672733336109 0.78125 4499
1672733350415 0.71875 4549
1672733375324 0.78125 4599
1672733389743 0.875 4649
1672733404316 0.78125 4699
1672733418720 0.8125 4749
1672733444696 0.8125 4799
1672733459208 0.75 4849
1672733473742 0.75 4899
1672733488340 0.75 4949
1672733513417 0.75 4999
1672733527818 0.84375 5049
1672733542227 0.75 5099
1672733556773 0.875 5149
1672733571346 0.65625 5199
1672733596406 0.8125 5249
1672733610807 0.875 5299
1672733625372 0.8125 5349
1672733639821 0.6875 5399
1672733665190 0.65625 5449
1672733679487 0.84375 5499
1672733693952 0.90625 5549
1672733708245 0.59375 5599
1672733733888 0.8125 5649
1672733748204 0.84375 5699
1672733762509 0.75 5749
1672733776802 0.84375 5799
1672733791299 0.8125 5849
1672733816564 0.84375 5899
1672733830938 0.90625 5949
1672733845563 0.78125 5999
1672733860098 0.75 6049
1672733885421 0.6875 6099
1672733899723 0.6875 6149
1672733914100 0.75 6199
1672733928409 0.84375 6249
1672733953803 0.78125 6299
1672733968259 0.75 6349
1672733982977 0.65625 6399
1672733997590 0.71875 6449
1672734012177 0.8125 6499
1672734037747 0.9375 6549
1672734052162 0.90625 6599
1672734066594 0.75 6649
1672734080994 0.71875 6699
1672734106549 0.875 6749
1672734120889 0.78125 6799
1672734135345 0.8125 6849
1672734149819 0.90625 6899
1672734174816 0.875 6949
1672734189229 0.75 6999
1672734203598 0.75 7049
1672734218260 0.875 7099
1672734232622 0.90625 7149
1672734258218 0.84375 7199
1672734272705 0.78125 7249
1672734287049 0.875 7299
1672734301403 0.84375 7349
1672734326526 0.8125 7399
1672734340944 0.6875 7449
1672734355510 0.78125 7499
1672734370088 0.84375 7549
1672734395334 0.71875 7599
1672734410003 0.90625 7649
1672734424398 0.71875 7699
1672734438790 0.71875 7749
1672734453179 0.6875 7799
1672734478632 0.75 7849
1672734493173 0.78125 7899
1672734507519 0.875 7949
1672734521862 0.75 7999
1672734547978 0.875 8049
1672734562338 0.84375 8099
1672734576706 0.78125 8149
1672734591327 0.90625 8199
1672734616959 0.75 8249
1672734631708 0.8125 8299
1672734646298 0.90625 8349
1672734660730 0.65625 8399
1672734675195 0.78125 8449
1672734700515 0.84375 8499
1672734715064 0.78125 8549
1672734729489 0.84375 8599
1672734744033 0.875 8649
1672734769509 0.8125 8699
1672734783897 0.84375 8749
1672734798293 0.71875 8799
1672734812802 0.9375 8849
1672734838018 0.8125 8899
1672734852420 0.78125 8949
1672734867029 0.75 8999
1672734881452 0.84375 9049
1672734896030 0.78125 9099
1672734921460 0.9375 9149
1672734935882 0.875 9199
1672734950305 0.84375 9249
1672734965163 0.75 9299
1672734990963 0.84375 9349
1672735005441 0.875 9399
1672735019984 0.84375 9449
1672735034428 0.90625 9499
1672735059831 0.90625 9549
1672735074253 0.875 9599
1672735088676 0.75 9649
1672735103114 0.90625 9699
1672735117685 0.875 9749
1672735143454 0.75 9799
1672735157881 0.84375 9849
1672735172476 0.875 9899
1672735186919 0.84375 9949
1672735212242 0.8125 9999
1672735226608 0.75 10049
1672735241263 0.9375 10099
1672735255788 0.8125 10149
1672735281253 0.90625 10199
1672735296249 0.75 10249
1672735310555 0.78125 10299
1672735324877 0.8125 10349
1672735339179 0.78125 10399
1672735364416 0.8125 10449
1672735379231 0.90625 10499
1672735393848 0.75 10549
1672735408313 0.75 10599
1672735433714 0.90625 10649
1672735448133 0.8125 10699
1672735462473 0.75 10749
1672735476843 0.75 10799
1672735490969 0.625 10849
1672735516519 0.78125 10899
1672735531093 0.8125 10949
1672735545531 0.71875 10999
1672735560112 0.71875 11049
1672735585572 0.84375 11099
1672735599931 0.65625 11149
1672735614306 0.8125 11199
1672735628697 0.8125 11249
1672735653932 0.8125 11299
1672735668661 0.75 11349
1672735683161 0.8125 11399
1672735697752 0.8125 11449
1672735712094 0.875 11499
1672735737509 0.8125 11549
1672735751872 0.9375 11599
1672735766374 0.8125 11649
1672735780723 0.875 11699
1672735806011 0.78125 11749
1672735820727 0.875 11799
1672735835133 0.90625 11849
1672735849549 0.78125 11899
1672735874662 0.71875 11949
1672735889101 0.78125 11999
1672735903691 0.75 12049
1672735918135 0.875 12099
1672735932585 0.78125 12149
1672735958839 0.78125 12199
1672735973171 0.84375 12249
1672735987685 0.6875 12299
1672736002025 0.65625 12349
1672736027414 0.84375 12399
1672736042026 0.9375 12449
1672736056489 0.78125 12499
1672736071096 0.78125 12549
1672736096381 0.84375 12599
1672736110787 0.84375 12649
1672736125186 0.90625 12699
1672736139570 0.875 12749
1672736154105 0.90625 12799
1672736179157 0.90625 12849
1672736193726 0.84375 12899
1672736208280 0.84375 12949
1672736222847 0.75 12999
1672736248156 0.875 13049
1672736262526 0.78125 13099
1672736276898 0.75 13149
1672736291263 0.90625 13199
1672736316609 0.90625 13249
1672736331264 0.75 13299
1672736345656 0.78125 13349
1672736360008 0.6875 13399
1672736374356 0.65625 13449
1672736399511 0.84375 13499
1672736413964 0.8125 13549
1672736428377 0.875 13599
1672736442792 0.78125 13649
1672736468354 0.84375 13699
1672736482886 0.78125 13749
1672736497487 0.84375 13799
1672736511850 0.78125 13849
1672736537114 0.90625 13899
1672736551529 0.78125 13949
1672736565923 0.6875 13999
1672736580482 0.78125 14049
1672736595017 0.78125 14099
1672736620272 0.875 14149
1672736634806 0.875 14199
1672736649206 0.6875 14249
1672736663621 0.75 14299
1672736688882 0.71875 14349
1672736703295 0.90625 14399
1672736717701 0.875 14449
1672736732099 0.8125 14499
1672736757796 0.6875 14549
1672736772271 0.875 14599
1672736786699 0.6875 14649
1672736801099 0.84375 14699
1672736815473 0.90625 14749
1672736840938 0.84375 14799
1672736855286 0.78125 14849
1672736869622 0.71875 14899
1672736884264 0.8125 14949
1672736909549 0.875 14999
1672736923943 0.84375 15049
1672736938333 0.71875 15099
1672736952753 0.90625 15149
1672736977909 0.65625 15199
1672736992307 0.6875 15249
1672737006716 0.6875 15299
1672737021555 0.8125 15349
1672737036057 0.75 15399
1672737061228 0.71875 15449
1672737075579 0.8125 15499
1672737089892 0.9375 15549
1672737104228 0.875 15599
1672737129843 0.71875 15649
1672737144415 0.84375 15699
1672737158960 0.84375 15749
1672737173693 0.84375 15799
1672737199027 0.875 15849
1672737213486 0.78125 15899
1672737228133 0.8125 15949
1672737242534 0.75 15999
1672737256989 0.75 16049
1672737281987 0.875 16099
1672737296542 0.875 16149
1672737311248 0.875 16199
1672737325687 0.8125 16249
1672737350843 0.78125 16299
1672737365226 0.78125 16349
1672737379586 0.84375 16399
1672737393975 0.75 16449
1672737419140 0.8125 16499
1672737433852 0.875 16549
1672737448579 0.84375 16599
1672737462998 0.90625 16649
1672737477441 0.65625 16699
1672737502744 0.84375 16749
1672737517157 0.90625 16799
1672737531559 0.875 16849
1672737545991 0.875 16899
1672737571337 0.90625 16949
1672737585883 0.8125 16999
1672737600417 0.6875 17049
1672737614803 0.84375 17099
1672737640133 0.84375 17149
1672737654560 0.78125 17199
1672737669087 0.875 17249
1672737683422 0.78125 17299
1672737697928 0.8125 17349
1672737723265 0.78125 17399
1672737737822 0.84375 17449
1672737752245 0.75 17499
1672737766648 0.9375 17549
1672737791773 0.96875 17599
1672737806118 0.78125 17649
1672737820644 0.90625 17699
1672737835045 0.8125 17749
1672737860399 0.875 17799
1672737875244 0.875 17849
1672737889695 0.90625 17899
1672737904142 0.8125 17949
1672737918556 0.84375 17999
1672737943919 0.8125 18049
1672737958321 0.84375 18099
1672737972824 0.84375 18149
1672737987497 0.875 18199
1672738013066 0.8125 18249
1672738027543 0.78125 18299
1672738041997 0.875 18349
1672738056458 0.8125 18399
1672738081589 0.78125 18449
1672738096007 0.875 18499
1672738110737 0.875 18549
1672738125151 0.71875 18599
1672738139866 0.8125 18649
1672738165182 0.71875 18699
1672738179585 0.84375 18749
1672738193967 0.875 18799
1672738208352 0.84375 18849
1672738233549 0.9375 18899
1672738248159 0.84375 18949
1672738262730 0.84375 18999
1672738277274 0.625 19049
1672738302580 0.8125 19099
1672738317035 0.8125 19149
1672738331492 0.75 19199
1672738345925 0.90625 19249
1672738360350 0.75 19299
1672738385528 0.8125 19349
1672738399899 0.84375 19399
1672738414286 0.96875 19449
1672738429089 0.8125 19499
1672738454339 0.71875 19549
1672738468753 0.90625 19599
1672738483170 0.84375 19649
1672738497610 0.78125 19699
1672738523318 0.78125 19749
1672738537865 0.84375 19799
1672738552421 0.84375 19849
1672738566963 0.78125 19899
1672738581557 0.90625 19949
1672738606777 0.84375 19999
1672738621181 0.78125 20049
1672738635737 0.9375 20099
1672738650130 0.75 20149
1672738675433 0.8125 20199
1672738689982 0.75 20249
1672738704699 0.90625 20299
1672738719073 0.9375 20349
1672738744333 0.875 20399
1672738758995 0.84375 20449
1672738773409 0.6875 20499
1672738788098 0.84375 20549
1672738802500 0.78125 20599
1672738828004 0.8125 20649
1672738842530 0.65625 20699
1672738856921 0.75 20749
1672738871303 0.75 20799
1672738896340 0.75 20849
1672738910686 0.75 20899
1672738925211 0.78125 20949
1672738939877 0.8125 20999
1672738965260 0.90625 21049
1672738979703 0.8125 21099
1672738994122 0.8125 21149
1672739008552 0.8125 21199
1672739022961 0.875 21249
1672739048203 0.84375 21299
1672739062652 0.84375 21349
1672739077280 0.65625 21399
1672739091575 0.75 21449
1672739116859 0.71875 21499
1672739131305 0.84375 21549
1672739145792 0.71875 21599
1672739160262 0.90625 21649
1672739174569 1.0 21699
1672739199956 0.8125 21749
1672739214601 0.8125 21799
1672739229009 0.90625 21849
1672739243402 0.75 21899
1672739268514 0.84375 21949
1672739282966 0.8125 21999
1672739297428 0.78125 22049
1672739312001 0.875 22099
1672739337386 0.84375 22149
1672739351846 0.875 22199
1672739366349 0.9375 22249
1672739380717 0.78125 22299
1672739395076 0.75 22349
1672739420310 0.78125 22399
1672739434709 0.90625 22449
1672739449558 0.75 22499
1672739463957 0.84375 22549
1672739489150 0.78125 22599
1672739503649 0.90625 22649
1672739518002 0.84375 22699
1672739532381 0.8125 22749
1672739557489 0.875 22799
1672739572026 0.71875 22849
1672739586417 0.75 22899
1672739600968 0.78125 22949
1672739615354 0.875 22999
1672739640461 0.90625 23049
1672739655016 0.78125 23099
1672739669434 0.8125 23149
1672739684119 0.90625 23199
1672739709582 0.84375 23249
1672739723990 0.625 23299
1672739738547 0.8125 23349
1672739752947 0.90625 23399
1672739778307 0.78125 23449
1672739792725 0.84375 23499
1672739807170 0.65625 23549
1672739821884 0.71875 23599
1672739836277 0.8125 23649
1672739861728 0.875 23699
1672739876082 0.84375 23749
1672739890632 0.71875 23799
1672739904976 0.875 23849
1672739930242 0.9375 23899
1672739944884 0.875 23949
1672739959326 0.90625 23999
1672739973908 0.90625 24049
1672739999441 0.875 24099
1672740013937 0.90625 24149
1672740028489 0.78125 24199
1672740042897 0.9375 24249
1672740057458 0.875 24299
1672740082881 0.875 24349
1672740097483 0.90625 24399
1672740111916 0.84375 24449
1672740126356 0.78125 24499
1672740152509 0.78125 24549
1672740167504 0.9375 24599
1672740182084 0.8125 24649
1672740196509 0.78125 24699
1672740221716 0.8125 24749
1672740236203 0.90625 24799
1672740250845 0.8125 24849
1672740265309 0.78125 24899
1672740279788 0.875 24949
1672740305569 0.8125 24999
1672740319938 0.96875 25049
1672740334335 0.78125 25099
1672740348714 0.6875 25149
1672740373706 0.625 25199
1672740388011 0.875 25249
1672740402462 0.875 25299
1672740417049 0.84375 25349
1672740442622 0.875 25399
1672740457014 0.75 25449
1672740471394 0.875 25499
1672740485766 0.875 25549
1672740500136 0.9375 25599
1672740525481 0.96875 25649
1672740540016 0.90625 25699
1672740554565 0.84375 25749
1672740569098 0.78125 25799
1672740594633 0.84375 25849
1672740609054 0.78125 25899
1672740623480 0.71875 25949
1672740637893 0.90625 25999
1672740662994 0.875 26049
1672740677575 0.78125 26099
1672740691965 0.84375 26149
1672740706833 0.8125 26199
1672740721204 0.78125 26249
1672740746362 0.75 26299
1672740760738 0.90625 26349
1672740775099 0.6875 26399
1672740789462 0.84375 26449
1672740814550 0.78125 26499
1672740828963 0.90625 26549
1672740843511 0.8125 26599
1672740858200 0.78125 26649
1672740883373 0.8125 26699
1672740897763 0.90625 26749
1672740912160 0.8125 26799
1672740926699 0.875 26849
1672740941067 0.8125 26899
1672740966212 0.75 26949
1672740980564 0.84375 26999
1672740995069 0.71875 27049
1672741009399 0.90625 27099
1672741034676 0.90625 27149
1672741049046 0.875 27199
1672741063541 0.84375 27249
1672741078065 0.71875 27299
1672741103740 0.9375 27349
1672741118220 0.90625 27399
1672741132723 0.8125 27449
1672741147370 0.90625 27499
1672741161991 0.78125 27549
1672741187064 0.8125 27599
1672741201663 0.875 27649
1672741215970 0.8125 27699
1672741230295 0.6875 27749
1672741255278 0.8125 27799
1672741269652 0.8125 27849
1672741284019 0.84375 27899
1672741298386 0.75 27949
1672741324108 0.96875 27999
1672741339045 0.75 28049
1672741354398 0.875 28099
1672741368945 0.96875 28149
1672741383394 0.84375 28199
1672741408649 0.8125 28249
1672741423066 0.84375 28299
1672741437450 0.875 28349
1672741452132 0.875 28399
1672741477416 0.875 28449
1672741491856 0.90625 28499
1672741506312 0.8125 28549
1672741520775 0.8125 28599
1672741546103 0.9375 28649
1672741560500 0.90625 28699
1672741574926 0.78125 28749
1672741589452 0.78125 28799
1672741603986 0.8125 28849
1672741629609 0.84375 28899
1672741643980 0.875 28949
1672741658353 0.875 28999
1672741672766 0.875 29049
1672741698001 0.875 29099
1672741712394 0.78125 29149
1672741726791 0.75 29199
1672741741443 0.8125 29249
1672741766771 0.84375 29299
1672741781169 0.78125 29349
1672741795551 0.875 29399
1672741809927 0.84375 29449
1672741824344 0.8125 29499
1672741849864 0.78125 29549
1672741864471 0.84375 29599
1672741878932 0.8125 29649
1672741893385 0.875 29699
1672741918934 0.8125 29749
1672741933359 0.75 29799
1672741947759 0.90625 29849
1672741962147 0.78125 29899
1672741987376 0.84375 29949
1672742001943 0.78125 29999
1672742016336 0.9375 30049
1672742030863 0.875 30099
1672742045422 0.75 30149
1672742070542 0.625 30199
1672742084963 0.8125 30249
1672742099348 0.90625 30299
1672742113914 0.78125 30349
1672742139039 0.90625 30399
1672742153582 0.875 30449
1672742168244 0.71875 30499
1672742182605 0.875 30549
1672742207931 0.8125 30599
1672742222366 0.75 30649
1672742236784 0.9375 30699
1672742251349 0.84375 30749
1672742265739 0.8125 30799
1672742290762 0.78125 30849
1672742305446 0.75 30899
1672742319958 0.84375 30949
1672742334342 0.875 30999
1672742359366 0.90625 31049
1672742373779 0.96875 31099
1672742388297 0.75 31149
1672742402690 0.65625 31199
1672742427944 0.96875 31249
1672742442647 0.84375 31299
1672742457183 0.84375 31349
1672742471723 0.75 31399
1672742486092 0.75 31449
1672742511305 0.78125 31499
1672742525654 0.71875 31549
1672742540201 0.8125 31599
1672742554739 0.90625 31649
1672742579982 1.0 31699
1672742594873 0.75 31749
1672742609243 0.875 31799
1672742623595 0.78125 31849
1672742648573 0.8125 31899
1672742663102 0.71875 31949
1672742677495 0.9375 31999
1672742692078 0.8125 32049
1672742706489 0.8125 32099
1672742732081 0.75 32149
1672742746425 0.8125 32199
1672742760789 0.90625 32249
1672742775158 0.90625 32299
1672742800499 0.84375 32349
1672742815006 0.8125 32399
1672742829371 0.78125 32449
1672742843745 0.78125 32499
1672742858077 0.875 32549
