1672731828806 1.819610240204651 49
1672731843795 1.8158432819432924 99
1672731858590 1.5874707082436752 149
1672731873121 1.3928836462475598 199
1672731898050 1.5326661888547157 249
1672731912471 1.4168345908035274 299
1672731926830 2.2326672069355955 349
1672731941196 1.617987502514337 399
1672731966451 1.6359197118970221 449
1672731980827 1.6881782729580275 499
1672731995505 1.5761568876013112 549
1672732010037 1.5486860734847896 599
1672732024546 1.816121272961096 649
1672732049697 1.552204948078809 699
1672732064060 1.659328136094281 749
1672732078392 1.9013338709088756 799
1672732092750 1.5127164666174955 849
1672732118781 1.9218938616253303 899
1672732133530 1.9019358109279585 949
1672732148162 1.561053415678958 999
1672732162537 2.0201523082859145 1049
1672732187571 1.9143503178805015 1099
1672732201966 1.2456498729644516 1149
1672732216352 1.9656120119835492 1199
1672732230747 1.6611873632761718 1249
1672732245122 1.3607788840778072 1299
1672732270624 1.3382338438257975 1349
1672732285017 2.0512296110631736 1399
1672732299699 2.20762983246049 1449
1672732314077 1.9077348905122897 1499
1672732339512 1.5985548476372384 1549
1672732353893 2.138491755600815 1599
1672732368297 1.860678683625037 1649
1672732382692 1.6434096024724112 1699
1672732407887 1.9447157171779517 1749
1672732422259 1.9769660857149844 1799
1672732437075 1.2231948695315331 1849
1672732451466 2.195930199185687 1899
1672732465817 1.8511329427593677 1949
1672732491278 1.8077241431656126 1999
1672732505672 1.4205228013418663 2049
1672732520048 1.543888195453612 2099
1672732534410 1.754113314310061 2149
1672732559939 1.6143770361977015 2199
1672732574447 2.105350058095949 2249
1672732588792 1.6949404339373106 2299
1672732603295 1.7000229452957676 2349
1672732628851 2.092658831545414 2399
1672732643296 2.0961105463147747 2449
1672732657642 1.7807798605699479 2499
1672732672442 1.398294028622718 2549
1672732686783 1.6544551914838876 2599
1672732712770 1.3598403039745235 2649
1672732727136 1.4801728336182007 2699
1672732741488 1.4568526274122542 2749
1672732756000 1.9968711569867086 2799
1672732781407 1.8328545157146243 2849
1672732795833 1.9368820302493803 2899
1672732810551 1.5189536613187238 2949
1672732824958 2.22245209794364 2999
1672732850276 2.148002985473015 3049
1672732864673 1.8342507696471415 3099
1672732879251 1.590249637849526 3149
1672732893655 1.8878419066303112 3199
1672732908052 1.3615687410646595 3249
1672732933449 1.4467397650363085 3299
1672732948068 2.1817764457067925 3349
1672732962700 1.5110641225760468 3399
1672732977318 1.545368094037953 3449
1672733002826 1.461578835603527 3499
1672733017267 1.7049144723563303 3549
1672733031654 1.9210141392824585 3599
1672733046034 1.5981687450312319 3649
1672733071439 1.2679225892563868 3699
1672733086029 1.9405075675491732 3749
1672733100673 1.8836433134360258 3799
1672733115289 1.4199744508667282 3849
1672733129876 1.8347502833645182 3899
1672733155339 1.9924309753398677 3949
1672733169739 1.56984025854046 3999
1672733184167 1.8294250624658077 4049
1672733198584 2.0355730768868647 4099
1672733223880 1.7708520627336206 4149
1672733238427 1.7838083033372767 4199
1672733252958 1.9912881875849042 4249
1672733267369 1.8914742677684742 4299
1672733292603 1.6435677489976395 4349
1672733307148 1.7366212796344715 4399
1672733321469 2.0546385492729007 4449
1672733336109 1.7201485432667147 4499
1672733350415 2.0770294333031285 4549
1672733375324 1.4204714126881495 4599
1672733389743 1.8394199034236904 4649
1672733404316 2.2302358403915026 4699
1672733418720 1.4177734208877817 4749
1672733444696 1.580658344020592 4799
1672733459208 1.5668045851563543 4849
1672733473742 1.9831740607339619 4899
1672733488340 2.2298225157546248 4949
1672733513417 1.761860305141409 4999
1672733527818 1.3577506118509184 5049
1672733542227 1.6390597304210281 5099
1672733556773 1.9406621772856876 5149
1672733571346 1.934853058001747 5199
1672733596406 1.5870207368473392 5249
1672733610807 1.6868789406451423 5299
1672733625372 2.1615384644818465 5349
1672733639821 1.721550948628619 5399
1672733665190 1.6398261824413378 5449
1672733679487 1.4488815297351278 5499
1672733693952 1.3280040489321192 5549
1672733708245 1.9018555125283418 5599
1672733733888 1.706672568581424 5649
1672733748204 1.5199822534384104 5699
1672733762509 1.6989192834713092 5749
1672733776802 1.709566352318058 5799
1672733791299 1.667364833510149 5849
1672733816564 1.6998067203575138 5899
1672733830938 1.3793587899267752 5949
1672733845563 2.1722199013143104 5999
1672733860098 1.798219588122289 6049
1672733885421 1.598867908279297 6099
1672733899723 1.8046224060744316 6149
1672733914100 1.309722530364489 6199
1672733928409 1.4857869793104217 6249
1672733953803 1.9926511306619168 6299
1672733968259 1.6215429083390274 6349
1672733982977 2.1315579105517313 6399
1672733997590 1.6775138743452636 6449
1672734012177 1.931279607232814 6499
1672734037747 2.0187862750096564 6549
1672734052162 1.493615132725881 6599
1672734066594 1.4326801345552393 6649
1672734080994 1.9641330963746488 6699
1672734106549 1.6470033012405267 6749
1672734120889 1.8599216407630386 6799
1672734135345 1.6647225953072669 6849
1672734149819 1.8918367718285523 6899
1672734174816 1.5674399102976777 6949
1672734189229 1.650098549149957 6999
1672734203598 2.1694682417471145 7049
1672734218260 1.3065657465582754 7099
1672734232622 1.2536430179900746 7149
1672734258218 1.5544689315974103 7199
1672734272705 1.931113530635833 7249
1672734287049 1.6131856270296203 7299
1672734301403 1.706740376974054 7349
1672734326526 1.8512877476536902 7399
1672734340944 2.2319564232084455 7449
1672734355510 1.6897221240175897 7499
1672734370088 1.5988584266205836 7549
1672734395334 1.7645378014642688 7599
1672734410003 1.5261717136212605 7649
1672734424398 1.9026904876518673 7699
1672734438790 1.6336112136385674 7749
1672734453179 1.7718512227431944 7799
1672734478632 1.5551081363048311 7849
1672734493173 1.8579217647025152 7899
1672734507519 1.482013139725968 7949
1672734521862 1.615153226121526 7999
1672734547978 1.5215103621146702 8049
1672734562338 1.2631613691164683 8099
1672734576706 2.02296496147137 8149
1672734591327 1.4857597785904677 8199
1672734616959 1.7381367208740959 8249
1672734631708 1.6489018969526426 8299
1672734646298 1.5203690455598462 8349
1672734660730 1.9441133963747705 8399
1672734675195 1.8221828817401697 8449
1672734700515 1.2218179472638346 8499
1672734715064 1.4461115777082818 8549
1672734729489 1.47844874629045 8599
1672734744033 1.889508745493252 8649
1672734769509 1.5942808611099013 8699
1672734783897 1.2294552763822368 8749
1672734798293 1.7214606598753384 8799
1672734812802 1.412823939188283 8849
1672734838018 1.7428701793793175 8899
1672734852420 1.9113477448256462 8949
1672734867029 1.6297619681447886 8999
1672734881452 1.977605500698327 9049
1672734896030 1.7578253260108525 9099
1672734921460 1.840130951555384 9149
1672734935882 1.7149288342629991 9199
1672734950305 1.775600466713903 9249
1672734965163 1.2599700054182854 9299
1672734990963 1.9062477864592315 9349
1672735005441 1.6749327248551775 9399
1672735019984 1.4856754469756945 9449
1672735034428 1.5521758926241 9499
1672735059831 1.7046990712879375 9549
1672735074253 1.9590332742831311 9599
1672735088676 2.0389070695979874 9649
1672735103114 1.2793168115621858 9699
1672735117685 1.3126840853056365 9749
1672735143454 1.5657366511931032 9799
1672735157881 1.7905180053777696 9849
1672735172476 1.692666523729705 9899
1672735186919 1.4105077924121998 9949
1672735212242 1.698444454564335 9999
1672735226608 1.941098541610178 10049
1672735241263 1.6038413127399367 10099
1672735255788 1.7202533473292276 10149
1672735281253 1.689242955540132 10199
1672735296249 1.8216363862282283 10249
1672735310555 1.545872610657349 10299
1672735324877 1.5678033294522045 10349
1672735339179 1.4690892620008047 10399
1672735364416 1.9812306344330035 10449
1672735379231 1.6931555186346947 10499
1672735393848 1.603596427204124 10549
1672735408313 1.7909913770196704 10599
1672735433714 1.3274333357394512 10649
1672735448133 1.6341428235967004 10699
1672735462473 2.022962052136233 10749
1672735476843 2.012520601299638 10799
1672735490969 2.2005273158736056 10849
1672735516519 1.7320670353120622 10899
1672735531093 1.681916007835595 10949
1672735545531 1.5116680280625883 10999
1672735560112 1.7597015739981072 11049
1672735585572 1.9733534142671139 11099
1672735599931 1.4650580878878858 11149
1672735614306 1.8249440445075118 11199
1672735628697 2.0074086258913546 11249
1672735653932 1.8809767955201757 11299
1672735668661 1.786382207062759 11349
1672735683161 1.8571837859504159 11399
1672735697752 1.6101280318371294 11449
1672735712094 1.6184387117879884 11499
1672735737509 1.6256056638829328 11549
1672735751872 1.5038178123541166 11599
1672735766374 1.2665503191276568 11649
1672735780723 1.8965108504815706 11699
1672735806011 1.236260486725592 11749
1672735820727 1.2945815804784844 11799
1672735835133 1.5903730221194174 11849
1672735849549 1.6549243238148326 11899
1672735874662 2.2853321544871887 11949
1672735889101 1.6998607668480532 11999
1672735903691 1.8421712402397783 12049
1672735918135 2.0308737487197397 12099
1672735932585 2.011795742559185 12149
1672735958839 1.84365580920284 12199
1672735973171 1.8222582957980213 12249
1672735987685 1.75072837232744 12299
1672736002025 1.9742131427598082 12349
1672736027414 1.7881746053222431 12399
1672736042026 1.4059917502903558 12449
1672736056489 1.513172260461507 12499
1672736071096 1.257454400935146 12549
1672736096381 1.4344605700045632 12599
1672736110787 1.6666522551605436 12649
1672736125186 1.492713538961549 12699
1672736139570 2.0533291321971108 12749
1672736154105 1.797558736998705 12799
1672736179157 1.3858260112480691 12849
1672736193726 1.706578748079752 12899
1672736208280 1.696454546284239 12949
1672736222847 1.5727401510160774 12999
1672736248156 1.7374325951712366 13049
1672736262526 2.044659913809382 13099
1672736276898 2.1975598995627017 13149
1672736291263 1.390017504990355 13199
1672736316609 1.3694516969077584 13249
1672736331264 1.4710788864251374 13299
1672736345656 1.4953507705154787 13349
1672736360008 1.7125790840264028 13399
1672736374356 1.5730494557129633 13449
1672736399511 2.21341618033069 13499
1672736413964 1.5027895522168555 13549
1672736428377 1.605517426515978 13599
1672736442792 1.6783233616520266 13649
1672736468354 1.6600602066771706 13699
1672736482886 1.6131637190810149 13749
1672736497487 1.56781750320395 13799
1672736511850 2.0985246607184123 13849
1672736537114 1.1713041419290917 13899
1672736551529 1.403564764136982 13949
1672736565923 1.9521053014987484 13999
1672736580482 1.7394781534547452 14049
1672736595017 1.5592596237860399 14099
1672736620272 1.4775813322925366 14149
1672736634806 1.3883985212328762 14199
1672736649206 1.9010866904842332 14249
1672736663621 1.6273091635269006 14299
1672736688882 1.582708399447284 14349
1672736703295 1.7677965652984176 14399
1672736717701 1.6164196145081435 14449
1672736732099 1.5841915826976434 14499
1672736757796 1.8977371460881296 14549
1672736772271 2.0701676647598943 14599
1672736786699 1.9866936968099176 14649
1672736801099 1.6318352991668923 14699
1672736815473 1.442803841285925 14749
1672736840938 1.8010966582745174 14799
1672736855286 1.9513682660416034 14849
1672736869622 1.841679811550169 14899
1672736884264 1.2842524890097105 14949
1672736909549 1.880526271678336 14999
1672736923943 1.4270724258211196 15049
1672736938333 1.3529446543650876 15099
1672736952753 1.6531231485151303 15149
1672736977909 2.1046729670871738 15199
1672736992307 1.5908434190341463 15249
1672737006716 1.5505067589700365 15299
1672737021555 2.0094260112798876 15349
1672737036057 1.7724757158665452 15399
1672737061228 1.9861204139075155 15449
1672737075579 1.5669708953203738 15499
1672737089892 1.5141338211464264 15549
1672737104228 1.778344737103625 15599
1672737129843 2.271099067308399 15649
1672737144415 1.9223744424098899 15699
1672737158960 1.6113630963472945 15749
1672737173693 1.7891538806757237 15799
1672737199027 1.1441925697303224 15849
1672737213486 1.6213990664574336 15899
1672737228133 1.4739465422642826 15949
1672737242534 1.663227623879328 15999
1672737256989 1.6725891538358288 16049
1672737281987 2.0252069350690043 16099
1672737296542 1.3085122370136726 16149
1672737311248 1.4948963666587534 16199
1672737325687 1.5649414244315767 16249
1672737350843 1.5289060370478849 16299
1672737365226 1.6931266948658696 16349
1672737379586 1.8251590137137437 16399
1672737393975 2.244956031740873 16449
1672737419140 1.7099396237070112 16499
1672737433852 1.466429560412013 16549
1672737448579 1.8367265844320089 16599
1672737462998 1.4048174514470133 16649
1672737477441 1.8937613822948873 16699
1672737502744 1.7541490360479106 16749
1672737517157 1.3425045936760185 16799
1672737531559 1.6256707522077485 16849
1672737545991 1.6885324933333183 16899
1672737571337 1.2504273203449565 16949
1672737585883 1.609495334617293 16999
1672737600417 2.139522921739528 17049
1672737614803 1.500854566694497 17099
1672737640133 1.7398600854316835 17149
1672737654560 1.6908704999519815 17199
1672737669087 1.358408463899323 17249
1672737683422 1.5538809758053318 17299
1672737697928 1.9862424069578286 17349
1672737723265 1.5489316224873504 17399
1672737737822 2.048061493061173 17449
1672737752245 1.4784739467519727 17499
1672737766648 1.5407043865633447 17549
1672737791773 1.752449485176912 17599
1672737806118 1.5894078657551751 17649
1672737820644 1.4425848225639248 17699
1672737835045 2.0186547474281507 17749
1672737860399 1.7350927363187854 17799
1672737875244 1.7357369555725546 17849
1672737889695 1.6740371511554328 17899
1672737904142 1.512650042697169 17949
1672737918556 1.5516834063045901 17999
1672737943919 1.5727138534703748 18049
1672737958321 1.3346069281743793 18099
1672737972824 1.9713903980096281 18149
1672737987497 2.035313260187609 18199
1672738013066 1.6635109083155504 18249
1672738027543 1.9949424212412352 18299
1672738041997 1.3644545902441498 18349
1672738056458 1.734943152077409 18399
1672738081589 1.955304601940528 18449
1672738096007 1.4988271431551725 18499
1672738110737 1.2105902661828758 18549
1672738125151 1.9956705240018333 18599
1672738139866 1.963566051716219 18649
1672738165182 1.9479103222757712 18699
1672738179585 1.2694849590775332 18749
1672738193967 1.4490936944209774 18799
1672738208352 2.1375245809591714 18849
1672738233549 1.727309805242717 18899
1672738248159 1.4835558669730073 18949
1672738262730 2.172340674569168 18999
1672738277274 1.943008175513593 19049
1672738302580 1.4378718519097005 19099
1672738317035 1.9311293103386609 19149
1672738331492 1.4947850310120068 19199
1672738345925 2.375291555806903 19249
1672738360350 1.706790728786618 19299
1672738385528 1.9857772007063308 19349
1672738399899 1.6891840920864167 19399
1672738414286 1.0439488760045808 19449
1672738429089 1.4654635307544819 19499
1672738454339 2.0550934570317114 19549
1672738468753 1.4663514884959534 19599
1672738483170 1.5242843919719302 19649
1672738497610 1.6136077448340758 19699
1672738523318 2.1683721507762614 19749
1672738537865 1.7073926188293795 19799
1672738552421 1.621112519694405 19849
1672738566963 1.6344699870653556 19899
1672738581557 1.4575660150702932 19949
1672738606777 1.527218469907937 19999
1672738621181 1.6725931661701274 20049
1672738635737 1.5046815195881924 20099
1672738650130 1.5314173308990722 20149
1672738675433 1.661062671017452 20199
1672738689982 1.8119295231799675 20249
1672738704699 1.6860781994224991 20299
1672738719073 1.2645349217633792 20349
1672738744333 1.3999999615531318 20399
1672738758995 1.6099585761973638 20449
1672738773409 1.7833404779036655 20499
1672738788098 1.658202623799858 20549
1672738802500 1.93766283240218 20599
1672738828004 1.9351632723827832 20649
1672738842530 1.9835710439056375 20699
1672738856921 1.3792653222410998 20749
1672738871303 1.653044340273151 20799
1672738896340 1.6463991885297964 20849
1672738910686 1.6354281372469712 20899
1672738925211 1.8341868990095658 20949
1672738939877 1.900694952253064 20999
1672738965260 1.8625742970445711 21049
1672738979703 1.8275292031728194 21099
1672738994122 1.5846896977833176 21149
1672739008552 1.8245610760766022 21199
1672739022961 1.4856098052877458 21249
1672739048203 1.7039922138674042 21299
1672739062652 1.3335184364748054 21349
1672739077280 1.827300577798649 21399
1672739091575 1.8528198380910224 21449
1672739116859 1.64502328292956 21499
1672739131305 1.5109459408907024 21549
1672739145792 1.7490014258829607 21599
1672739160262 1.2705204981617655 21649
1672739174569 0.5144870404802663 21699
1672739199956 1.4557150732460407 21749
1672739214601 1.586681959184391 21799
1672739229009 1.643528674922774 21849
1672739243402 1.766729680410268 21899
1672739268514 1.7751626652059613 21949
1672739282966 1.5191342788616748 21999
1672739297428 1.6697486625244866 22049
1672739312001 1.6400695370955085 22099
1672739337386 1.4855555076676943 22149
1672739351846 1.348132301903853 22199
1672739366349 1.0140760654121908 22249
1672739380717 1.7691880759413032 22299
1672739395076 1.7340064096817072 22349
1672739420310 2.107560705161795 22399
1672739434709 1.5716311772688356 22449
1672739449558 1.1819031712645223 22499
1672739463957 1.4322711958719698 22549
1672739489150 1.8978955428916164 22599
1672739503649 1.6818094442264049 22649
1672739518002 1.6111721060317628 22699
1672739532381 1.6323372997331247 22749
1672739557489 1.3587333010104221 22799
1672739572026 1.7237340521948883 22849
1672739586417 1.3121922270685242 22899
1672739600968 1.5764493732257243 22949
1672739615354 1.4480257311744502 22999
1672739640461 1.8280024240653558 23049
1672739655016 1.6979345012421143 23099
1672739669434 1.6085573407055191 23149
1672739684119 1.4684426787835252 23199
1672739709582 1.837628726708156 23249
1672739723990 1.826959195532154 23299
1672739738547 1.6683989275092412 23349
1672739752947 1.6019879113243651 23399
1672739778307 1.3285963267378933 23449
1672739792725 1.4322112057649186 23499
1672739807170 1.9813342862435788 23549
1672739821884 1.659540815880332 23599
1672739836277 1.6529343733363118 23649
1672739861728 1.744321074192989 23699
1672739876082 1.8556718776919738 23749
1672739890632 1.7329859787351278 23799
1672739904976 1.533934337141877 23849
1672739930242 1.3562047641817432 23899
1672739944884 1.7057419138607242 23949
1672739959326 1.8188076316496549 23999
1672739973908 1.7114103626348895 24049
1672739999441 2.2700720791823676 24099
1672740013937 1.700644761083657 24149
1672740028489 1.559170783526916 24199
1672740042897 1.0869154837372534 24249
1672740057458 1.1853495446621063 24299
1672740082881 1.4165080633414637 24349
1672740097483 1.5649872343945623 24399
1672740111916 1.3690950894774314 24449
1672740126356 1.661702320538079 24499
1672740152509 1.8671476785721948 24549
1672740167504 1.4141707380480901 24599
1672740182084 1.7316058439220694 24649
1672740196509 1.467232750506718 24699
1672740221716 1.470252979633204 24749
1672740236203 1.4158993937723814 24799
1672740250845 1.8627031070557405 24849
1672740265309 2.006934884710576 24899
1672740279788 1.6768646145311619 24949
1672740305569 1.6879409822916591 24999
1672740319938 1.4289915899460697 25049
1672740334335 1.915196530846504 25099
1672740348714 1.7309213601458382 25149
1672740373706 1.920429953836945 25199
1672740388011 1.4091799354153847 25249
1672740402462 1.3726596565458513 25299
1672740417049 1.6892686937891253 25349
1672740442622 1.717606907398581 25399
1672740457014 1.7921537320869734 25449
1672740471394 1.363884834497216 25499
1672740485766 1.7094093077411763 25549
1672740500136 1.7061636157107682 25599
1672740525481 1.4588941637311252 25649
1672740540016 1.162774559434625 25699
1672740554565 1.8676113732837396 25749
1672740569098 1.4201681548009042 25799
1672740594633 1.4335228144973091 25849
1672740609054 1.5365183165754372 25899
1672740623480 2.018506961427127 25949
1672740637893 1.377132451977514 25999
1672740662994 1.5216413005958702 26049
1672740677575 1.5343964530709262 26099
1672740691965 1.4734426014027395 26149
1672740706833 1.4147673419934397 26199
1672740721204 1.584782374637959 26249
1672740746362 1.8342986916671802 26299
1672740760738 1.7851472155215107 26349
1672740775099 1.847849078338532 26399
1672740789462 1.4576943578506176 26449
1672740814550 1.5490570627625053 26499
1672740828963 1.1702833961687507 26549
1672740843511 1.7792651156933514 26599
1672740858200 1.6519481273064096 26649
1672740883373 1.8069347677297112 26699
1672740897763 1.490947633266143 26749
1672740912160 1.6540337088485744 26799
1672740926699 1.7247239261389513 26849
1672740941067 1.7643633148128464 26899
1672740966212 1.7024978919019 26949
1672740980564 1.732669516124136 26999
1672740995069 1.8409347790801311 27049
1672741009399 1.684128372356208 27099
1672741034676 1.772893717523632 27149
1672741049046 1.5386093258210833 27199
1672741063541 1.1776131724094228 27249
1672741078065 1.9430716921992075 27299
1672741103740 1.7050093747445316 27349
1672741118220 1.486541572931221 27399
1672741132723 1.870818624931985 27449
1672741147370 1.6106893373371607 27499
1672741161991 1.7113015986439137 27549
1672741187064 1.5265394411426547 27599
1672741201663 1.158340430637693 27649
1672741215970 1.5940990206772119 27699
1672741230295 1.9341190316539696 27749
1672741255278 1.6817125380788864 27799
1672741269652 1.4075583373001974 27849
1672741284019 2.1790381694182344 27899
1672741298386 1.4384724376794815 27949
1672741324108 1.3350360264420467 27999
1672741339045 1.683290409712272 28049
1672741354398 1.8292718083292283 28099
1672741368945 1.9330503334674947 28149
1672741383394 1.739032736124929 28199
1672741408649 1.4193643707440982 28249
1672741423066 1.5075828758598118 28299
1672741437450 1.3207324172583212 28349
1672741452132 1.5170864946517721 28399
1672741477416 1.5715479586983097 28449
1672741491856 1.2654986385530271 28499
1672741506312 1.4617069160947112 28549
1672741520775 1.3658595406282341 28599
1672741546103 2.332020961789534 28649
1672741560500 1.782985494423827 28699
1672741574926 1.658682942592625 28749
1672741589452 1.3467816843012463 28799
1672741603986 1.5483911251519054 28849
1672741629609 1.4938934639045982 28899
1672741643980 1.4424059634784048 28949
1672741658353 1.41510751440447 28999
1672741672766 1.7173548605323088 29049
1672741698001 1.366724542968282 29099
1672741712394 1.6633539440901262 29149
1672741726791 1.726249673905904 29199
1672741741443 1.6242796095479568 29249
1672741766771 1.2775531521924113 29299
1672741781169 1.5960251897578723 29349
1672741795551 1.1955036686734086 29399
1672741809927 1.4222490975106672 29449
1672741824344 1.3113348681522585 29499
1672741849864 1.8115756449181704 29549
1672741864471 1.5248708371059032 29599
1672741878932 2.1201107810529134 29649
1672741893385 1.8391878887793853 29699
1672741918934 1.631235183986607 29749
1672741933359 1.8944045021982623 29799
1672741947759 1.5706210240967158 29849
1672741962147 1.692200757081769 29899
1672741987376 1.2525477077529081 29949
1672742001943 1.358749880638244 29999
1672742016336 1.1351283492115298 30049
1672742030863 1.6507245011897649 30099
1672742045422 1.949918125931775 30149
1672742070542 2.395802617164697 30199
1672742084963 1.5745856382160295 30249
1672742099348 1.6100036850085473 30299
1672742113914 1.7185580673060643 30349
1672742139039 1.7336102842147605 30399
1672742153582 1.096722585569228 30449
1672742168244 1.8113779941081642 30499
1672742182605 1.875549191571262 30549
1672742207931 1.1436822589197164 30599
1672742222366 1.8335477571613186 30649
1672742236784 1.9193616106542581 30699
1672742251349 1.9661638273998934 30749
1672742265739 1.4145852904548553 30799
1672742290762 1.4529787462747232 30849
1672742305446 1.7406796951962913 30899
1672742319958 1.4964190335799357 30949
1672742334342 1.4357769550761563 30999
1672742359366 1.4618322935324868 31049
1672742373779 1.7918879423178664 31099
1672742388297 1.5746566952651504 31149
1672742402690 1.756510925611145 31199
1672742427944 0.9868961876462184 31249
1672742442647 1.5910872102826377 31299
1672742457183 1.3500877075737974 31349
1672742471723 1.8671940282974766 31399
1672742486092 1.4807081700471074 31449
1672742511305 1.517960990644883 31499
1672742525654 2.0231057083336434 31549
1672742540201 1.8782914764188674 31599
1672742554739 1.2927040084439203 31649
1672742579982 1.4850786601204637 31699
1672742594873 1.695416862390943 31749
1672742609243 1.1554396840783498 31799
1672742623595 2.228928948498108 31849
1672742648573 1.624404081465556 31899
1672742663102 1.723362050382451 31949
1672742677495 1.3633115293077045 31999
1672742692078 1.7344270647560118 32049
1672742706489 2.0648894937327853 32099
1672742732081 2.001419688140184 32149
1672742746425 1.7597308669675875 32199
1672742760789 1.5186312482143225 32249
1672742775158 1.2660125226304986 32299
1672742800499 1.3704581939539022 32349
1672742815006 1.9671961838013603 32399
1672742829371 1.799681222126284 32449
1672742843745 1.610667442300868 32499
1672742858077 1.2520091750543767 32549
