1672312386193 0.0 216
1672312457894 0.0 433
1672312530858 0.0 650
1672312603264 0.0 867
1672312676127 0.0 1084
1672312748966 0.0 1301
1672312821521 0.0 1518
1672312894150 0.0 1735
1672312966718 0.0 1952
1672313039930 0.0 2169
1672313112431 2.0 2386
1672313185282 24.5 2603
1672313258678 4.5 2820
1672313331222 0.0 3037
1672313404463 2.75 3254
1672313477189 0.75 3471
1672313549841 3.75 3688
1672313623108 18.25 3905
1672313695890 24.5 4122
1672313768281 21.5 4339
1672313841461 26.0 4556
1672313914286 25.75 4773
1672313986839 23.25 4990
1672314059621 29.5 5207
1672314132709 18.0 5424
1672314205431 29.25 5641
1672314278417 26.25 5858
1672314350988 19.75 6075
1672314423840 8.25 6292
1672314496696 25.5 6509
1672314569703 11.25 6726
1672314642473 24.75 6943
1672314715589 3.25 7160
1672314788633 18.25 7377
1672314861728 23.5 7594
1672314934194 25.75 7811
1672315007318 8.25 8028
1672315080166 21.0 8245
1672315152870 20.75 8462
1672315225629 22.25 8679
1672315298561 25.75 8896
1672315371798 23.0 9113
1672315444810 21.0 9330
1672315518167 24.0 9547
1672315591156 25.75 9764
1672315664204 25.25 9981
1672315737090 23.25 10198
1672315809938 22.25 10415
1672315883342 24.0 10632
1672315956305 22.5 10849
1672316029186 21.75 11066
1672316102219 23.75 11283
1672316175071 22.25 11500
1672316247807 24.0 11717
1672316320742 25.75 11934
1672316393567 25.5 12151
1672316466239 24.0 12368
1672316539069 22.5 12585
1672316611931 23.25 12802
1672316685623 18.75 13019
1672316758951 23.75 13236
1672316832120 24.25 13453
1672316904848 26.0 13670
1672316978189 24.25 13887
1672317051265 24.0 14104
1672317124279 25.75 14321
1672317197421 23.25 14538
1672317270217 22.25 14755
1672317342959 23.25 14972
1672317415848 27.0 15189
1672317489213 25.75 15406
1672317562389 18.5 15623
1672317635556 23.75 15840
1672317708684 23.75 16057
1672317781839 23.75 16274
1672317855099 23.25 16491
1672317928195 25.25 16708
1672318001428 23.75 16925
1672318074579 22.25 17142
1672318147824 23.25 17359
1672318220900 23.75 17576
1672318293428 23.5 17793
1672318366519 23.75 18010
1672318439212 25.0 18227
1672318512539 23.0 18444
1672318585323 23.75 18661
1672318658575 23.0 18878
1672318730851 25.0 19095
1672318804014 23.5 19312
1672318876453 23.5 19529
1672318950120 23.75 19746
1672319022530 25.25 19963
1672319095979 23.75 20180
1672319168544 24.0 20397
1672319241590 24.25 20614
1672319314295 23.0 20831
1672319387728 23.75 21048
1672319460418 23.75 21265
1672319533239 23.25 21482
1672319606175 23.75 21699
1672319678853 23.5 21916
1672319751903 24.0 22133
1672319824657 23.0 22350
1672319897872 23.75 22567
1672319971372 23.75 22784
1672320044437 22.75 23001
1672320117643 23.75 23218
1672320190224 23.75 23435
1672320263241 23.75 23652
1672320336650 23.5 23869
1672320409652 23.5 24086
1672320482671 23.75 24303
1672320555951 23.75 24520
1672320628707 18.25 24737
1672320701766 19.5 24954
1672320774911 22.25 25171
1672320847832 23.5 25388
1672320920788 21.75 25605
1672320993680 23.0 25822
1672321066597 22.75 26039
1672321139945 23.75 26256
1672321213560 23.75 26473
1672321286667 25.75 26690
1672321359685 24.25 26907
1672321432614 23.75 27124
1672321505647 23.75 27341
1672321578833 23.75 27558
1672321651973 23.75 27775
1672321724567 23.75 27992
1672321797594 22.25 28209
1672321870548 23.75 28426
1672321943459 24.0 28643
1672322016403 23.75 28860
1672322089091 24.0 29077
1672322162240 23.75 29294
1672322235149 24.25 29511
1672322307861 23.25 29728
1672322381032 24.5 29945
1672322453933 23.5 30162
1672322526941 24.0 30379
1672322599527 22.25 30596
1672322672350 24.5 30813
1672322744906 23.75 31030
1672322817216 23.5 31247
1672322889945 23.75 31464
1672322962662 23.75 31681
1672323034900 23.5 31898
1672323107349 24.25 32115
1672323180010 23.75 32332
1672323252400 23.75 32549
