1672312386193 217.0 216
1672312457894 217.0 433
1672312530858 217.0 650
1672312603264 217.0 867
1672312676127 217.0 1084
1672312748966 217.0 1301
1672312821521 217.0 1518
1672312894150 217.0 1735
1672312966718 217.0 1952
1672313039930 217.0 2169
1672313112431 215.0 2386
1672313185282 192.5 2603
1672313258678 212.5 2820
1672313331222 217.0 3037
1672313404463 214.25 3254
1672313477189 216.25 3471
1672313549841 213.25 3688
1672313623108 198.75 3905
1672313695890 192.5 4122
1672313768281 195.5 4339
1672313841461 191.0 4556
1672313914286 191.25 4773
1672313986839 193.75 4990
1672314059621 187.5 5207
1672314132709 199.0 5424
1672314205431 187.75 5641
1672314278417 190.75 5858
1672314350988 197.25 6075
1672314423840 208.75 6292
1672314496696 191.5 6509
1672314569703 205.75 6726
1672314642473 192.25 6943
1672314715589 213.75 7160
1672314788633 198.75 7377
1672314861728 193.5 7594
1672314934194 191.25 7811
1672315007318 208.75 8028
1672315080166 196.0 8245
1672315152870 196.25 8462
1672315225629 194.75 8679
1672315298561 191.25 8896
1672315371798 194.0 9113
1672315444810 196.0 9330
1672315518167 193.0 9547
1672315591156 191.25 9764
1672315664204 191.75 9981
1672315737090 193.75 10198
1672315809938 194.75 10415
1672315883342 193.0 10632
1672315956305 194.5 10849
1672316029186 195.25 11066
1672316102219 193.25 11283
1672316175071 194.75 11500
1672316247807 193.0 11717
1672316320742 191.25 11934
1672316393567 191.5 12151
1672316466239 193.0 12368
1672316539069 194.5 12585
1672316611931 193.75 12802
1672316685623 198.25 13019
1672316758951 193.25 13236
1672316832120 192.75 13453
1672316904848 191.0 13670
1672316978189 192.75 13887
1672317051265 193.0 14104
1672317124279 191.25 14321
1672317197421 193.75 14538
1672317270217 194.75 14755
1672317342959 193.75 14972
1672317415848 190.0 15189
1672317489213 191.25 15406
1672317562389 198.5 15623
1672317635556 193.25 15840
1672317708684 193.25 16057
1672317781839 193.25 16274
1672317855099 193.75 16491
1672317928195 191.75 16708
1672318001428 193.25 16925
1672318074579 194.75 17142
1672318147824 193.75 17359
1672318220900 193.25 17576
1672318293428 193.5 17793
1672318366519 193.25 18010
1672318439212 192.0 18227
1672318512539 194.0 18444
1672318585323 193.25 18661
1672318658575 194.0 18878
1672318730851 192.0 19095
1672318804014 193.5 19312
1672318876453 193.5 19529
1672318950120 193.25 19746
1672319022530 191.75 19963
1672319095979 193.25 20180
1672319168544 192.25 20397
1672319241590 192.25 20614
1672319314295 194.0 20831
1672319387728 193.25 21048
1672319460418 193.25 21265
1672319533239 193.75 21482
1672319606175 193.25 21699
1672319678853 193.5 21916
1672319751903 192.75 22133
1672319824657 193.5 22350
1672319897872 193.25 22567
1672319971372 193.25 22784
1672320044437 194.25 23001
1672320117643 193.25 23218
1672320190224 193.25 23435
1672320263241 193.25 23652
1672320336650 193.5 23869
1672320409652 193.5 24086
1672320482671 193.25 24303
1672320555951 193.25 24520
1672320628707 198.75 24737
1672320701766 197.5 24954
1672320774911 194.75 25171
1672320847832 193.5 25388
1672320920788 195.25 25605
1672320993680 194.0 25822
1672321066597 194.25 26039
1672321139945 193.25 26256
1672321213560 193.25 26473
1672321286667 191.25 26690
1672321359685 192.75 26907
1672321432614 193.25 27124
1672321505647 193.25 27341
1672321578833 193.0 27558
1672321651973 193.25 27775
1672321724567 193.25 27992
1672321797594 194.75 28209
1672321870548 192.75 28426
1672321943459 193.0 28643
1672322016403 193.25 28860
1672322089091 193.0 29077
1672322162240 192.75 29294
1672322235149 192.75 29511
1672322307861 193.75 29728
1672322381032 192.5 29945
1672322453933 193.5 30162
1672322526941 193.0 30379
1672322599527 194.75 30596
1672322672350 192.0 30813
1672322744906 193.25 31030
1672322817216 193.5 31247
1672322889945 193.25 31464
1672322962662 193.25 31681
1672323034900 193.5 31898
1672323107349 192.25 32115
1672323180010 193.25 32332
1672323252400 193.25 32549
