1672312331360 0 49
1672312345723 0 99
1672312360285 0 149
1672312374828 0 199
1672312386193 0 216
1672312389137 1 216
1672312399255 1 249
1672312413395 1 299
1672312427543 1 349
1672312441703 1 399
1672312457894 1 433
1672312461182 2 433
1672312466475 2 449
1672312481146 2 499
1672312495573 2 549
1672312509858 2 599
1672312524128 2 649
1672312530858 2 650
1672312534210 3 650
1672312548896 3 699
1672312563138 3 749
1672312577344 3 799
1672312591544 3 849
1672312603264 3 867
1672312606613 4 867
1672312616671 4 899
1672312630937 4 949
1672312645491 4 999
1672312659759 4 1049
1672312676127 4 1084
1672312679487 5 1084
1672312684497 5 1099
1672312698834 5 1149
1672312713126 5 1199
1672312727565 5 1249
1672312741882 5 1299
1672312748966 5 1301
1672312752220 6 1301
1672312766687 6 1349
1672312781186 6 1399
1672312795426 6 1449
1672312809675 6 1499
1672312821521 6 1518
1672312824739 7 1518
1672312834346 7 1549
1672312848628 7 1599
1672312862915 7 1649
1672312877191 7 1699
1672312894150 7 1735
1672312897394 8 1735
1672312902141 8 1749
1672312916510 8 1799
1672312930863 8 1849
1672312945212 8 1899
1672312959426 8 1949
1672312966718 8 1952
1672312970107 9 1952
1672312984319 9 1999
1672312998664 9 2049
1672313012959 9 2099
1672313027766 9 2149
1672313039930 9 2169
1672313043136 10 2169
1672313052692 10 2199
1672313066890 10 2249
1672313081085 10 2299
1672313095525 10 2349
1672313112431 10 2386
1672313115740 11 2386
1672313120191 11 2399
1672313134487 11 2449
1672313148984 11 2499
1672313163361 11 2549
1672313177797 11 2599
1672313185282 11 2603
1672313188675 12 2603
1672313202817 12 2649
1672313217162 12 2699
1672313231604 12 2749
1672313246104 12 2799
1672313258678 12 2820
1672313261974 13 2820
1672313270964 13 2849
1672313285498 13 2899
1672313299703 13 2949
1672313314060 13 2999
1672313331222 13 3037
1672313334519 14 3037
1672313338687 14 3049
1672313353093 14 3099
1672313367500 14 3149
1672313382023 14 3199
1672313396340 14 3249
1672313404463 14 3254
1672313407675 15 3254
1672313421235 15 3299
1672313435736 15 3349
1672313450190 15 3399
1672313464503 15 3449
1672313477189 15 3471
1672313480474 16 3471
1672313489330 16 3499
1672313503620 16 3549
1672313517935 16 3599
1672313532195 16 3649
1672313549841 16 3688
1672313553197 17 3688
1672313557248 17 3699
1672313571669 17 3749
1672313585962 17 3799
1672313600266 17 3849
1672313615007 17 3899
1672313623108 17 3905
1672313626516 18 3905
1672313639830 18 3949
1672313654106 18 3999
1672313668493 18 4049
1672313682734 18 4099
1672313695890 18 4122
1672313699187 19 4122
1672313707664 19 4149
1672313721908 19 4199
1672313736130 19 4249
1672313750409 19 4299
1672313768281 19 4339
1672313771568 20 4339
1672313775369 20 4349
1672313789831 20 4399
1672313804082 20 4449
1672313818319 20 4499
1672313832707 20 4549
1672313841461 20 4556
1672313844839 21 4556
1672313857940 21 4599
1672313872223 21 4649
1672313886584 21 4699
1672313900854 21 4749
1672313914286 21 4773
1672313917670 22 4773
1672313925837 22 4799
1672313940034 22 4849
1672313954383 22 4899
1672313968613 22 4949
1672313986839 22 4990
1672313990155 23 4990
1672313993507 23 4999
1672314007792 23 5049
1672314022106 23 5099
1672314036543 23 5149
1672314050818 23 5199
1672314059621 23 5207
1672314062993 24 5207
1672314075729 24 5249
1672314089990 24 5299
1672314104400 24 5349
1672314118798 24 5399
1672314132709 24 5424
1672314135986 25 5424
1672314143919 25 5449
1672314158232 25 5499
1672314172703 25 5549
1672314187047 25 5599
1672314205431 25 5641
1672314208743 26 5641
1672314211836 26 5649
1672314226102 26 5699
1672314240558 26 5749
1672314254867 26 5799
1672314269298 26 5849
1672314278417 26 5858
1672314281753 27 5858
1672314294151 27 5899
1672314308353 27 5949
1672314322530 27 5999
1672314336957 27 6049
1672314350988 27 6075
1672314354389 28 6075
1672314362024 28 6099
1672314376284 28 6149
1672314390685 28 6199
1672314404978 28 6249
1672314423840 28 6292
1672314427309 29 6292
1672314430053 29 6299
1672314444400 29 6349
1672314458606 29 6399
1672314472918 29 6449
1672314487172 29 6499
1672314496696 29 6509
1672314499977 30 6509
1672314512181 30 6549
1672314526500 30 6599
1672314540822 30 6649
1672314555160 30 6699
1672314569703 30 6726
1672314572999 31 6726
1672314580360 31 6749
1672314594768 31 6799
1672314609175 31 6849
1672314623446 31 6899
1672314642473 31 6943
1672314645860 32 6943
1672314648409 32 6949
1672314662731 32 6999
1672314677064 32 7049
1672314691375 32 7099
1672314705828 32 7149
1672314715589 32 7160
1672314718984 33 7160
1672314731189 33 7199
1672314745500 33 7249
1672314759811 33 7299
1672314774187 33 7349
1672314788633 33 7377
1672314791922 34 7377
1672314798978 34 7399
1672314813255 34 7449
1672314827807 34 7499
1672314842123 34 7549
1672314861728 34 7594
1672314865037 35 7594
1672314867221 35 7599
1672314881450 35 7649
1672314895720 35 7699
1672314910004 35 7749
1672314924295 35 7799
1672314934194 35 7811
1672314937512 36 7811
1672314949101 36 7849
1672314963566 36 7899
1672314978100 36 7949
1672314992341 36 7999
1672315007318 36 8028
1672315010768 37 8028
1672315017503 37 8049
1672315031909 37 8099
1672315046218 37 8149
1672315060489 37 8199
1672315080166 37 8245
1672315083592 38 8245
1672315085424 38 8249
1672315099634 38 8299
1672315114025 38 8349
1672315128410 38 8399
1672315142648 38 8449
1672315152870 38 8462
1672315156238 39 8462
1672315167588 39 8499
1672315181860 39 8549
1672315196148 39 8599
1672315210457 39 8649
1672315225629 39 8679
1672315228939 40 8679
1672315235416 40 8699
1672315249827 40 8749
1672315264094 40 8799
1672315278622 40 8849
1672315298561 40 8896
1672315301930 41 8896
1672315303576 41 8899
1672315317874 41 8949
1672315332208 41 8999
1672315346682 41 9049
1672315361157 41 9099
1672315371798 41 9113
1672315375151 42 9113
1672315386147 42 9149
1672315400690 42 9199
1672315414944 42 9249
1672315429424 42 9299
1672315444810 42 9330
1672315448080 43 9330
1672315454380 43 9349
1672315468726 43 9399
1672315483414 43 9449
1672315497793 43 9499
1672315518167 43 9547
1672315521605 44 9547
1672315522942 44 9549
1672315537389 44 9599
1672315551779 44 9649
1672315566044 44 9699
1672315580322 44 9749
1672315591156 44 9764
1672315594585 45 9764
1672315605464 45 9799
1672315619912 45 9849
1672315634218 45 9899
1672315648496 45 9949
1672315664204 45 9981
1672315667534 46 9981
1672315673442 46 9999
1672315687806 46 10049
1672315702046 46 10099
1672315716422 46 10149
1672315737090 46 10198
1672315740516 47 10198
1672315741589 47 10199
1672315755959 47 10249
1672315770248 47 10299
1672315784684 47 10349
1672315798965 47 10399
1672315809938 47 10415
1672315813333 48 10415
1672315823819 48 10449
1672315838418 48 10499
1672315852896 48 10549
1672315867242 48 10599
1672315883342 48 10632
1672315886660 49 10632
1672315892210 49 10649
1672315906640 49 10699
1672315920905 49 10749
1672315935202 49 10799
1672315949292 49 10849
1672315956305 49 10849
1672315959708 50 10849
1672315974681 50 10899
1672315988940 50 10949
1672316003462 50 10999
1672316017754 50 11049
1672316029186 50 11066
1672316032446 51 11066
1672316042774 51 11099
1672316057122 51 11149
1672316071427 51 11199
1672316085871 51 11249
1672316102219 51 11283
1672316105713 52 11283
1672316111037 52 11299
1672316125377 52 11349
1672316139922 52 11399
1672316154143 52 11449
1672316168354 52 11499
1672316175071 52 11500
1672316178507 53 11500
1672316193188 53 11549
1672316207379 53 11599
1672316221842 53 11649
1672316236236 53 11699
1672316247807 53 11717
1672316251205 54 11717
1672316261187 54 11749
1672316275752 54 11799
1672316290042 54 11849
1672316304321 54 11899
1672316320742 54 11934
1672316324058 55 11934
1672316329068 55 11949
1672316343598 55 11999
1672316357776 55 12049
1672316371969 55 12099
1672316386305 55 12149
1672316393567 55 12151
1672316396967 56 12151
1672316411496 56 12199
1672316425745 56 12249
1672316440019 56 12299
1672316454311 56 12349
1672316466239 56 12368
1672316469646 57 12368
1672316479264 57 12399
1672316493654 57 12449
1672316507869 57 12499
1672316522443 57 12549
1672316539069 57 12585
1672316542562 58 12585
1672316547368 58 12599
1672316561677 58 12649
1672316575983 58 12699
1672316590270 58 12749
1672316604526 58 12799
1672316611931 58 12802
1672316615291 59 12802
1672316629702 59 12849
1672316644225 59 12899
1672316658851 59 12949
1672316673314 59 12999
1672316685623 59 13019
1672316688982 60 13019
1672316698305 60 13049
1672316712651 60 13099
1672316727041 60 13149
1672316741487 60 13199
1672316758951 60 13236
1672316762286 61 13236
1672316766768 61 13249
1672316781146 61 13299
1672316795642 61 13349
1672316810146 61 13399
1672316824527 61 13449
1672316832120 61 13453
1672316835542 62 13453
1672316849372 62 13499
1672316863695 62 13549
1672316877900 62 13599
1672316892096 62 13649
1672316904848 62 13670
1672316908275 63 13670
1672316917365 63 13699
1672316931812 63 13749
1672316946230 63 13799
1672316960624 63 13849
1672316978189 63 13887
1672316981660 64 13887
1672316985870 64 13899
1672317000193 64 13949
1672317014654 64 13999
1672317028962 64 14049
1672317043420 64 14099
1672317051265 64 14104
1672317054719 65 14104
1672317068488 65 14149
1672317082908 65 14199
1672317097180 65 14249
1672317111442 65 14299
1672317124279 65 14321
1672317127704 66 14321
1672317136650 66 14349
1672317150939 66 14399
1672317165359 66 14449
1672317179759 66 14499
1672317197421 66 14538
1672317200799 67 14538
1672317204813 67 14549
1672317219083 67 14599
1672317233356 67 14649
1672317247632 67 14699
1672317261921 67 14749
1672317270217 67 14755
1672317273615 68 14755
1672317286903 68 14799
1672317301171 68 14849
1672317315721 68 14899
1672317329987 68 14949
1672317342959 68 14972
1672317346265 69 14972
1672317354737 69 14999
1672317369150 69 15049
1672317383368 69 15099
1672317397765 69 15149
1672317415848 69 15189
1672317419296 70 15189
1672317422943 70 15199
1672317437468 70 15249
1672317451876 70 15299
1672317466250 70 15349
1672317480753 70 15399
1672317489213 70 15406
1672317492549 71 15406
1672317505572 71 15449
1672317519912 71 15499
1672317534224 71 15549
1672317548941 71 15599
1672317562389 71 15623
1672317565731 72 15623
1672317573935 72 15649
1672317588335 72 15699
1672317602715 72 15749
1672317617215 72 15799
1672317635556 72 15840
1672317638827 73 15840
1672317642110 73 15849
1672317656352 73 15899
1672317670931 73 15949
1672317685167 73 15999
1672317699562 73 16049
1672317708684 73 16057
1672317712039 74 16057
1672317724833 74 16099
1672317739297 74 16149
1672317753593 74 16199
1672317767941 74 16249
1672317781839 74 16274
1672317785530 75 16274
1672317793535 75 16299
1672317807813 75 16349
1672317822221 75 16399
1672317836492 75 16449
1672317855099 75 16491
1672317858461 76 16491
1672317861656 76 16499
1672317876106 76 16549
1672317890394 76 16599
1672317904693 76 16649
1672317919143 76 16699
1672317928195 76 16708
1672317931569 77 16708
1672317944131 77 16749
1672317958413 77 16799
1672317972833 77 16849
1672317987456 77 16899
1672318001428 77 16925
1672318004902 78 16925
1672318012525 78 16949
1672318026843 78 16999
1672318041283 78 17049
1672318055583 78 17099
1672318074579 78 17142
1672318077989 79 17142
1672318080765 79 17149
1672318095088 79 17199
1672318109619 79 17249
1672318124021 79 17299
1672318138429 79 17349
1672318147824 79 17359
1672318151201 80 17359
1672318163512 80 17399
1672318177774 80 17449
1672318192100 80 17499
1672318206517 80 17549
1672318220900 80 17576
1672318224229 81 17576
1672318231520 81 17599
1672318245811 81 17649
1672318260207 81 17699
1672318274601 81 17749
1672318293428 81 17793
1672318296755 82 17793
1672318299253 82 17799
1672318313567 82 17849
1672318328114 82 17899
1672318342427 82 17949
1672318356873 82 17999
1672318366519 82 18010
1672318369895 83 18010
1672318381978 83 18049
1672318396348 83 18099
1672318410577 83 18149
1672318424801 83 18199
1672318439212 83 18227
1672318442599 84 18227
1672318449661 84 18249
1672318463996 84 18299
1672318478336 84 18349
1672318492922 84 18399
1672318512539 84 18444
1672318515830 85 18444
1672318518020 85 18449
1672318532312 85 18499
1672318546609 85 18549
1672318560916 85 18599
1672318575231 85 18649
1672318585323 85 18661
1672318588769 86 18661
1672318600368 86 18699
1672318614796 86 18749
1672318629221 86 18799
1672318643749 86 18849
1672318658575 86 18878
1672318661886 87 18878
1672318668606 87 18899
1672318682881 87 18949
1672318697130 87 18999
1672318711363 87 19049
1672318730851 87 19095
1672318734174 88 19095
1672318736060 88 19099
1672318750310 88 19149
1672318764972 88 19199
1672318779339 88 19249
1672318793834 88 19299
1672318804014 88 19312
1672318807341 89 19312
1672318818656 89 19349
1672318832938 89 19399
1672318847206 89 19449
1672318861460 89 19499
1672318876453 89 19529
1672318879849 90 19529
1672318886359 90 19549
1672318901011 90 19599
1672318915501 90 19649
1672318930001 90 19699
1672318950120 90 19746
1672318953433 91 19746
1672318955134 91 19749
1672318969354 91 19799
1672318983575 91 19849
1672318997811 91 19899
1672319012036 91 19949
1672319022530 91 19963
1672319025885 92 19963
1672319036950 92 19999
1672319051537 92 20049
1672319065980 92 20099
1672319080296 92 20149
1672319095979 92 20180
1672319099378 93 20180
1672319105590 93 20199
1672319119864 93 20249
1672319134153 93 20299
1672319148441 93 20349
1672319168544 93 20397
1672319171959 94 20397
1672319173290 94 20399
1672319187867 94 20449
1672319202301 94 20499
1672319216560 94 20549
1672319230839 94 20599
1672319241590 94 20614
1672319244957 95 20614
1672319255694 95 20649
1672319269938 95 20699
1672319284203 95 20749
1672319298614 95 20799
1672319314295 95 20831
1672319317747 96 20831
1672319323826 96 20849
1672319338109 96 20899
1672319352405 96 20949
1672319366958 96 20999
1672319387728 96 21048
1672319391105 97 21048
1672319392133 97 21049
1672319406366 97 21099
1672319420598 97 21149
1672319434980 97 21199
1672319449214 97 21249
1672319460418 97 21265
1672319463778 98 21265
1672319474368 98 21299
1672319488632 98 21349
1672319503017 98 21399
1672319517290 98 21449
1672319533239 98 21482
1672319536631 99 21482
1672319542407 99 21499
1672319556656 99 21549
1672319571040 99 21599
1672319585294 99 21649
1672319599334 99 21699
1672319606175 99 21699
1672319609560 100 21699
1672319624512 100 21749
1672319638768 100 21799
1672319653191 100 21849
1672319667598 100 21899
1672319678853 100 21916
1672319682170 101 21916
1672319692431 101 21949
1672319706900 101 21999
1672319721314 101 22049
1672319735768 101 22099
1672319751903 101 22133
1672319755361 102 22133
1672319760687 102 22149
1672319775050 102 22199
1672319789279 102 22249
1672319803624 102 22299
1672319817841 102 22349
1672319824657 102 22350
1672319828000 103 22350
1672319842970 103 22399
1672319857344 103 22449
1672319871667 103 22499
1672319886165 103 22549
1672319897872 103 22567
1672319901154 104 22567
1672319911128 104 22599
1672319925587 104 22649
1672319940444 104 22699
1672319954776 104 22749
1672319971372 104 22784
1672319974763 105 22784
1672319979880 105 22799
1672319994155 105 22849
1672320008451 105 22899
1672320022868 105 22949
1672320037140 105 22999
1672320044437 105 23001
1672320047912 106 23001
1672320062504 106 23049
1672320076846 106 23099
1672320091171 106 23149
1672320105637 106 23199
1672320117643 106 23218
1672320120951 107 23218
1672320130618 107 23249
1672320144871 107 23299
1672320159125 107 23349
1672320173483 107 23399
1672320190224 107 23435
1672320193570 108 23435
1672320198373 108 23449
1672320212800 108 23499
1672320227214 108 23549
1672320241465 108 23599
1672320255865 108 23649
1672320263241 108 23652
1672320266549 109 23652
1672320280869 109 23699
1672320295284 109 23749
1672320309730 109 23799
1672320324292 109 23849
1672320336650 109 23869
1672320340015 110 23869
1672320349328 110 23899
1672320363955 110 23949
1672320378262 110 23999
1672320392705 110 24049
1672320409652 110 24086
1672320413088 111 24086
1672320417551 111 24099
1672320431851 111 24149
1672320446291 111 24199
1672320460577 111 24249
1672320475027 111 24299
1672320482671 111 24303
1672320486256 112 24303
1672320500328 112 24349
1672320514672 112 24399
1672320529142 112 24449
1672320543475 112 24499
1672320555951 112 24520
1672320559295 113 24520
1672320568443 113 24549
1672320582727 113 24599
1672320597139 113 24649
1672320611415 113 24699
1672320628707 113 24737
1672320632060 114 24737
1672320636231 114 24749
1672320650665 114 24799
1672320664951 114 24849
1672320679504 114 24899
1672320693791 114 24949
1672320701766 114 24954
1672320705147 115 24954
1672320718789 115 24999
1672320733195 115 25049
1672320747471 115 25099
1672320761901 115 25149
1672320774911 115 25171
1672320778220 116 25171
1672320786958 116 25199
1672320801220 116 25249
1672320815769 116 25299
1672320830039 116 25349
1672320847832 116 25388
1672320851233 117 25388
1672320855259 117 25399
1672320869566 117 25449
1672320883877 117 25499
1672320898337 117 25549
1672320912646 117 25599
1672320920788 117 25605
1672320924094 118 25605
1672320937388 118 25649
1672320951874 118 25699
1672320966316 118 25749
1672320980592 118 25799
1672320993680 118 25822
1672320997032 119 25822
1672321005465 119 25849
1672321020066 119 25899
1672321034387 119 25949
1672321048677 119 25999
1672321066597 119 26039
1672321069908 120 26039
1672321073515 120 26049
1672321088168 120 26099
1672321102534 120 26149
1672321116905 120 26199
1672321131235 120 26249
1672321139945 120 26256
1672321143461 121 26256
1672321156560 121 26299
1672321171032 121 26349
1672321185370 121 26399
1672321199683 121 26449
1672321213560 121 26473
1672321216902 122 26473
1672321225132 122 26499
1672321239590 122 26549
1672321253898 122 26599
1672321268240 122 26649
1672321286667 122 26690
1672321290028 123 26690
1672321293388 123 26699
1672321307599 123 26749
1672321322135 123 26799
1672321336374 123 26849
1672321350583 123 26899
1672321359685 123 26907
1672321363029 124 26907
1672321375796 124 26949
1672321390065 124 26999
1672321404290 124 27049
1672321418679 124 27099
1672321432614 124 27124
1672321436013 125 27124
1672321443931 125 27149
1672321458259 125 27199
1672321472696 125 27249
1672321487007 125 27299
1672321505647 125 27341
1672321509065 126 27341
1672321512150 126 27349
1672321526486 126 27399
1672321540815 126 27449
1672321555296 126 27499
1672321569639 126 27549
1672321578833 126 27558
1672321582122 127 27558
1672321594557 127 27599
1672321608951 127 27649
1672321623618 127 27699
1672321638018 127 27749
1672321651973 127 27775
1672321655285 128 27775
1672321662971 128 27799
1672321677234 128 27849
1672321691502 128 27899
1672321705761 128 27949
1672321724567 128 27992
1672321727914 129 27992
1672321730668 129 27999
1672321745043 129 28049
1672321759320 129 28099
1672321773840 129 28149
1672321788067 129 28199
1672321797594 129 28209
1672321800989 130 28209
1672321813151 130 28249
1672321827469 130 28299
1672321841758 130 28349
1672321856194 130 28399
1672321870548 130 28426
1672321873975 131 28426
1672321881297 131 28449
1672321895749 131 28499
1672321910043 131 28549
1672321924467 131 28599
1672321943459 131 28643
1672321946754 132 28643
1672321949236 132 28649
1672321963493 132 28699
1672321977896 132 28749
1672321992296 132 28799
1672322006779 132 28849
1672322016403 132 28860
1672322019742 133 28860
1672322031670 133 28899
1672322046105 133 28949
1672322060378 133 28999
1672322074667 133 29049
1672322089091 133 29077
1672322092432 134 29077
1672322099432 134 29099
1672322114002 134 29149
1672322128317 134 29199
1672322142747 134 29249
1672322162240 134 29294
1672322165669 135 29294
1672322167865 135 29299
1672322182158 135 29349
1672322196440 135 29399
1672322210703 135 29449
1672322225011 135 29499
1672322235149 135 29511
1672322238497 136 29511
1672322250257 136 29549
1672322264559 136 29599
1672322278824 136 29649
1672322293237 136 29699
1672322307861 136 29728
1672322311196 137 29728
1672322317923 137 29749
1672322332227 137 29799
1672322346550 137 29849
1672322360823 137 29899
1672322381032 137 29945
1672322384465 138 29945
1672322386382 138 29949
1672322400824 138 29999
1672322415209 138 30049
1672322429416 138 30099
1672322443628 138 30149
1672322453933 138 30162
1672322457393 139 30162
1672322468658 139 30199
1672322482977 139 30249
1672322497350 139 30299
1672322511737 139 30349
1672322526941 139 30379
1672322530261 140 30379
1672322536693 140 30399
1672322551051 140 30449
1672322565455 140 30499
1672322579703 140 30549
1672322599527 140 30596
1672322602887 141 30596
1672322604490 141 30599
1672322618850 141 30649
1672322633267 141 30699
1672322647539 141 30749
1672322661768 141 30799
1672322672350 141 30813
1672322675748 142 30813
1672322686688 142 30849
1672322700882 142 30899
1672322715107 142 30949
1672322729299 142 30999
1672322744906 142 31030
1672322748201 143 31030
1672322754316 143 31049
1672322768552 143 31099
1672322782805 143 31149
1672322797026 143 31199
1672322817216 143 31247
1672322820582 144 31247
1672322821927 144 31249
1672322836296 144 31299
1672322850539 144 31349
1672322864781 144 31399
1672322879166 144 31449
1672322889945 144 31464
1672322893337 145 31464
1672322904067 145 31499
1672322918290 145 31549
1672322932689 145 31599
1672322946935 145 31649
1672322962662 145 31681
1672322965991 146 31681
1672322971825 146 31699
1672322985962 146 31749
1672323000111 146 31799
1672323014544 146 31849
1672323034900 146 31898
1672323038205 147 31898
1672323039190 147 31899
1672323053386 147 31949
1672323067724 147 31999
1672323082089 147 32049
1672323096320 147 32099
1672323107349 147 32115
1672323110771 148 32115
1672323121185 148 32149
1672323135686 148 32199
1672323149897 148 32249
1672323164192 148 32299
1672323180010 148 32332
1672323183435 149 32332
1672323188992 149 32349
1672323203452 149 32399
1672323217636 149 32449
1672323231805 149 32499
1672323245795 149 32549
1672323252400 149 32549
1672323255558 150 32549
