1672312386193 0.0 216
1672312457894 0.0 433
1672312530858 0.0 650
1672312603264 0.0 867
1672312676127 0.0 1084
1672312748966 0.0 1301
1672312821521 0.0 1518
1672312894150 0.0 1735
1672312966718 0.0 1952
1672313039930 0.0 2169
1672313112431 0.0 2386
1672313185282 0.0 2603
1672313258678 0.0 2820
1672313331222 0.0 3037
1672313404463 0.0 3254
1672313477189 0.0 3471
1672313549841 0.0 3688
1672313623108 0.0 3905
1672313695890 0.0 4122
1672313768281 0.0 4339
1672313841461 0.0 4556
1672313914286 0.0 4773
1672313986839 0.0 4990
1672314059621 0.0 5207
1672314132709 0.0 5424
1672314205431 0.0 5641
1672314278417 0.0 5858
1672314350988 0.0 6075
1672314423840 0.0 6292
1672314496696 0.0 6509
1672314569703 0.0 6726
1672314642473 0.0 6943
1672314715589 0.0 7160
1672314788633 0.0 7377
1672314861728 0.0 7594
1672314934194 0.0 7811
1672315007318 0.0 8028
1672315080166 0.0 8245
1672315152870 0.0 8462
1672315225629 0.0 8679
1672315298561 0.0 8896
1672315371798 0.0 9113
1672315444810 0.0 9330
1672315518167 0.0 9547
1672315591156 0.0 9764
1672315664204 0.0 9981
1672315737090 0.0 10198
1672315809938 0.0 10415
1672315883342 0.0 10632
1672315956305 0.0 10849
1672316029186 0.0 11066
1672316102219 0.0 11283
1672316175071 0.0 11500
1672316247807 0.0 11717
1672316320742 0.0 11934
1672316393567 0.0 12151
1672316466239 0.0 12368
1672316539069 0.0 12585
1672316611931 0.0 12802
1672316685623 0.0 13019
1672316758951 0.0 13236
1672316832120 0.0 13453
1672316904848 0.0 13670
1672316978189 0.0 13887
1672317051265 0.0 14104
1672317124279 0.0 14321
1672317197421 0.0 14538
1672317270217 0.0 14755
1672317342959 0.0 14972
1672317415848 0.0 15189
1672317489213 0.0 15406
1672317562389 0.0 15623
1672317635556 0.0 15840
1672317708684 0.0 16057
1672317781839 0.0 16274
1672317855099 0.0 16491
1672317928195 0.0 16708
1672318001428 0.0 16925
1672318074579 0.0 17142
1672318147824 0.0 17359
1672318220900 0.0 17576
1672318293428 0.0 17793
1672318366519 0.0 18010
1672318439212 0.0 18227
1672318512539 0.0 18444
1672318585323 0.0 18661
1672318658575 0.0 18878
1672318730851 0.0 19095
1672318804014 0.0 19312
1672318876453 0.0 19529
1672318950120 0.0 19746
1672319022530 0.0 19963
1672319095979 0.0 20180
1672319168544 0.75 20397
1672319241590 0.5 20614
1672319314295 0.0 20831
1672319387728 0.0 21048
1672319460418 0.0 21265
1672319533239 0.0 21482
1672319606175 0.0 21699
1672319678853 0.0 21916
1672319751903 0.25 22133
1672319824657 0.5 22350
1672319897872 0.0 22567
1672319971372 0.0 22784
1672320044437 0.0 23001
1672320117643 0.0 23218
1672320190224 0.0 23435
1672320263241 0.0 23652
1672320336650 0.0 23869
1672320409652 0.0 24086
1672320482671 0.0 24303
1672320555951 0.0 24520
1672320628707 0.0 24737
1672320701766 0.0 24954
1672320774911 0.0 25171
1672320847832 0.0 25388
1672320920788 0.0 25605
1672320993680 0.0 25822
1672321066597 0.0 26039
1672321139945 0.0 26256
1672321213560 0.0 26473
1672321286667 0.0 26690
1672321359685 0.0 26907
1672321432614 0.0 27124
1672321505647 0.0 27341
1672321578833 0.25 27558
1672321651973 0.0 27775
1672321724567 0.0 27992
1672321797594 0.0 28209
1672321870548 0.5 28426
1672321943459 0.0 28643
1672322016403 0.0 28860
1672322089091 0.0 29077
1672322162240 0.5 29294
1672322235149 0.0 29511
1672322307861 0.0 29728
1672322381032 0.0 29945
1672322453933 0.0 30162
1672322526941 0.0 30379
1672322599527 0.0 30596
1672322672350 0.5 30813
1672322744906 0.0 31030
1672322817216 0.0 31247
1672322889945 0.0 31464
1672322962662 0.0 31681
1672323034900 0.0 31898
1672323107349 0.5 32115
1672323180010 0.0 32332
1672323252400 0.0 32549
