1672312331360 0.6833333373069763 49
1672312345723 0.5833333730697632 99
1672312360285 0.60317462682724 149
1672312374828 0.7142857313156128 199
1672312399255 0.75 249
1672312413395 0.6166666746139526 299
1672312427543 0.7416666746139526 349
1672312441703 0.6166666746139526 399
1672312466475 0.5833333730697632 449
1672312481146 0.797619104385376 499
1672312495573 0.6138889193534851 549
1672312509858 0.5166666507720947 599
1672312524128 0.6166666746139526 649
1672312548896 0.5476190447807312 699
1672312563138 0.763888955116272 749
1672312577344 0.550000011920929 799
1672312591544 0.32499998807907104 849
1672312616671 0.6666666865348816 899
1672312630937 0.6111111640930176 949
1672312645491 0.5833333730697632 999
1672312659759 0.699999988079071 1049
1672312684497 0.7152777910232544 1099
1672312698834 0.6166666746139526 1149
1672312713126 0.6785714626312256 1199
1672312727565 0.6041666865348816 1249
1672312741882 0.6666666865348816 1299
1672312766687 0.9375 1349
1672312781186 0.6970238089561462 1399
1672312795426 0.6375000476837158 1449
1672312809675 0.6415584683418274 1499
1672312834346 0.7559524178504944 1549
1672312848628 0.6746032238006592 1599
1672312862915 0.7392857074737549 1649
1672312877191 0.3333333432674408 1699
1672312902141 0.4833333492279053 1749
1672312916510 0.6583333611488342 1799
1672312930863 0.8125 1849
1672312945212 0.7749999761581421 1899
1672312959426 0.8583333492279053 1949
1672312984319 0.7416666746139526 1999
1672312998664 0.7470238208770752 2049
1672313012959 0.6388888955116272 2099
1672313027766 0.7559523582458496 2149
1672313052692 0.6583333611488342 2199
1672313066890 0.6428571939468384 2249
1672313081085 0.511904776096344 2299
1672313095525 0.7083333730697632 2349
1672313120191 0.6904762387275696 2399
1672313134487 0.8809524178504944 2449
1672313148984 0.8388888835906982 2499
1672313163361 0.6333333849906921 2549
1672313177797 0.49642854928970337 2599
1672313202817 0.44999998807907104 2649
1672313217162 0.5178571343421936 2699
1672313231604 0.6625000238418579 2749
1672313246104 0.6597222089767456 2799
1672313270964 0.6578283309936523 2849
1672313285498 0.3392857313156128 2899
1672313299703 0.576388955116272 2949
1672313314060 0.773809552192688 2999
1672313338687 0.7351190447807312 3049
1672313353093 0.5874999761581421 3099
1672313367500 0.6458333730697632 3149
1672313382023 0.6875 3199
1672313396340 0.625 3249
1672313421235 0.5892857313156128 3299
1672313435736 0.6761904954910278 3349
1672313450190 0.5568181872367859 3399
1672313464503 0.36666667461395264 3449
1672313489330 0.8785714507102966 3499
1672313503620 0.949999988079071 3549
1672313517935 0.7083333730697632 3599
1672313532195 0.8785714507102966 3649
1672313557248 0.20000000298023224 3699
1672313571669 0.6666666865348816 3749
1672313585962 0.8928571939468384 3799
1672313600266 0.5138888955116272 3849
1672313615007 0.7000000476837158 3899
1672313639830 0.6642857193946838 3949
1672313654106 0.7208333015441895 3999
1672313668493 0.5642857551574707 4049
1672313682734 0.5267857313156128 4099
1672313707664 0.5928571224212646 4149
1672313721908 0.735119104385376 4199
1672313736130 0.7500000596046448 4249
1672313750409 0.7939394116401672 4299
1672313775369 0.7249999642372131 4349
1672313789831 0.949999988079071 4399
1672313804082 0.5571428537368774 4449
1672313818319 0.7430556416511536 4499
1672313832707 0.6071428656578064 4549
1672313857940 0.6761904954910278 4599
1672313872223 0.7972222566604614 4649
1672313886584 0.7142857313156128 4699
1672313900854 0.5 4749
1672313925837 0.6000000238418579 4799
1672313940034 0.5928571224212646 4849
1672313954383 0.6857143044471741 4899
1672313968613 0.6388888955116272 4949
1672313993507 0.6875 4999
1672314007792 0.5392857193946838 5049
1672314022106 0.523809552192688 5099
1672314036543 0.7833333611488342 5149
1672314050818 0.625 5199
1672314075729 0.7666666507720947 5249
1672314089990 0.7416666746139526 5299
1672314104400 0.798701286315918 5349
1672314118798 0.5 5399
1672314143919 0.48571428656578064 5449
1672314158232 0.7416666746139526 5499
1672314172703 0.887499988079071 5549
1672314187047 0.5 5599
1672314211836 0.49761903285980225 5649
1672314226102 0.6666666865348816 5699
1672314240558 0.6484127044677734 5749
1672314254867 0.8017857074737549 5799
1672314269298 0.7285714149475098 5849
1672314294151 0.8041666746139526 5899
1672314308353 0.824999988079071 5949
1672314322530 0.773809552192688 5999
1672314336957 0.523809552192688 6049
1672314362024 0.3222222328186035 6099
1672314376284 0.5267857313156128 6149
1672314390685 0.36666667461395264 6199
1672314404978 0.7777778506278992 6249
1672314430053 0.7420635223388672 6299
1672314444400 0.5416666865348816 6349
1672314458606 0.5821428894996643 6399
1672314472918 0.40833333134651184 6449
1672314487172 0.826388955116272 6499
1672314512181 0.8666666746139526 6549
1672314526500 0.7833333611488342 6599
1672314540822 0.5375000238418579 6649
1672314555160 0.6071428656578064 6699
1672314580360 0.8597221970558167 6749
1672314594768 0.6309523582458496 6799
1672314609175 0.6416666507720947 6849
1672314623446 0.8865079879760742 6899
1672314648409 0.75 6949
1672314662731 0.4375 6999
1672314677064 0.6595238447189331 7049
1672314691375 0.5 7099
1672314705828 0.8500000238418579 7149
1672314731189 0.7714285850524902 7199
1672314745500 0.690079391002655 7249
1672314759811 0.625 7299
1672314774187 0.8392857313156128 7349
1672314798978 0.7416666746139526 7399
1672314813255 0.6791666746139526 7449
1672314827807 0.3303571343421936 7499
1672314842123 0.6439393758773804 7549
1672314867221 0.5976190567016602 7599
1672314881450 0.7416666746139526 7649
1672314895720 0.6726190447807312 7699
1672314910004 0.2916666865348816 7749
1672314924295 0.5357142686843872 7799
1672314949101 0.4333333373069763 7849
1672314963566 0.7250000238418579 7899
1672314978100 0.5684524178504944 7949
1672314992341 0.6666666269302368 7999
1672315017503 0.7972222566604614 8049
1672315031909 0.5809524059295654 8099
1672315046218 0.7416666746139526 8149
1672315060489 0.7916666865348816 8199
1672315085424 0.5083333253860474 8249
1672315099634 0.7559524178504944 8299
1672315114025 0.8166666626930237 8349
1672315128410 0.4642857313156128 8399
1672315142648 0.5305556058883667 8449
1672315167588 0.6833333373069763 8499
1672315181860 0.6041666865348816 8549
1672315196148 0.7222222685813904 8599
1672315210457 0.826388955116272 8649
1672315235416 0.8095238208770752 8699
1672315249827 0.1428571492433548 8749
1672315264094 0.5791667103767395 8799
1672315278622 0.9285714626312256 8849
1672315303576 0.737500011920929 8899
1672315317874 0.49761903285980225 8949
1672315332208 0.2857142686843872 8999
1672315346682 0.7767857313156128 9049
1672315361157 0.7147727608680725 9099
1672315386147 0.9142857193946838 9149
1672315400690 0.8660714626312256 9199
1672315414944 0.8184523582458496 9249
1672315429424 0.4888888895511627 9299
1672315454380 0.7166666984558105 9349
1672315468726 0.7976190447807312 9399
1672315483414 0.747619092464447 9449
1672315497793 0.8785714507102966 9499
1672315522942 0.8666666746139526 9549
1672315537389 0.7083333730697632 9599
1672315551779 0.7192460298538208 9649
1672315566044 0.6166666746139526 9699
1672315580322 0.6166666746139526 9749
1672315605464 0.44999998807907104 9799
1672315619912 0.7222222089767456 9849
1672315634218 0.8875000476837158 9899
1672315648496 0.7559524178504944 9949
1672315673442 0.7595238089561462 9999
1672315687806 0.5833333730697632 10049
1672315702046 0.949999988079071 10099
1672315716422 0.6916666626930237 10149
1672315741589 0.8642857074737549 10199
1672315755959 0.6642857193946838 10249
1672315770248 0.5416666865348816 10299
1672315784684 0.6142857074737549 10349
1672315798965 0.4166666865348816 10399
1672315823819 0.7684524059295654 10449
1672315838418 0.8472222089767456 10499
1672315852896 0.550000011920929 10549
1672315867242 0.5333333015441895 10599
1672315892210 0.8392857313156128 10649
1672315906640 0.7708333730697632 10699
1672315920905 0.6814394593238831 10749
1672315935202 0.6666666865348816 10799
1672315949292 0.5 10849
1672315974681 0.5666666626930237 10899
1672315988940 0.7208333611488342 10949
1672316003462 0.37012988328933716 10999
1672316017754 0.6458333730697632 11049
1672316042774 0.6666666865348816 11099
1672316057122 0.5595238208770752 11149
1672316071427 0.7708333730697632 11199
1672316085871 0.75 11249
1672316111037 0.7333333492279053 11299
1672316125377 0.4583333730697632 11349
1672316139922 0.7083333730697632 11399
1672316154143 0.773809552192688 11449
1672316168354 0.797619104385376 11499
1672316193188 0.6722222566604614 11549
1672316207379 0.699999988079071 11599
1672316221842 0.4809523820877075 11649
1672316236236 0.8439394235610962 11699
1672316261187 0.6809524297714233 11749
1672316275752 0.44999998807907104 11799
1672316290042 0.7142857313156128 11849
1672316304321 0.6875 11899
1672316329068 0.7000000476837158 11949
1672316343598 0.5359848737716675 11999
1672316357776 0.73333340883255 12049
1672316371969 0.797619104385376 12099
1672316386305 0.6071428656578064 12149
1672316411496 0.72817462682724 12199
1672316425745 0.6365079283714294 12249
1672316440019 0.6041666865348816 12299
1672316454311 0.3976190686225891 12349
1672316479264 0.7651515603065491 12399
1672316493654 0.8999999761581421 12449
1672316507869 0.6583333611488342 12499
1672316522443 0.5 12549
1672316547368 0.6309524178504944 12599
1672316561677 0.6666666865348816 12649
1672316575983 0.8333333730697632 12699
1672316590270 0.8517857193946838 12749
1672316604526 0.8333333730697632 12799
1672316629702 0.8928571343421936 12849
1672316644225 0.6875 12899
1672316658851 0.5392857193946838 12949
1672316673314 0.375 12999
1672316698305 0.8333333730697632 13049
1672316712651 0.7192460894584656 13099
1672316727041 0.6642857193946838 13149
1672316741487 0.8309524059295654 13199
1672316766768 0.8333333730697632 13249
1672316781146 0.5178571343421936 13299
1672316795642 0.6059523820877075 13349
1672316810146 0.5690476298332214 13399
1672316824527 0.2678571343421936 13449
1672316849372 0.8068181872367859 13499
1672316863695 0.75 13549
1672316877900 0.8452380895614624 13599
1672316892096 0.7803571224212646 13649
1672316917365 0.7333333492279053 13699
1672316931812 0.699999988079071 13749
1672316946230 0.6041666865348816 13799
1672316960624 0.776388943195343 13849
1672316985870 0.8333333730697632 13899
1672317000193 0.5166666507720947 13949
1672317014654 0.6636905074119568 13999
1672317028962 0.7053571343421936 14049
1672317043420 0.523809552192688 14099
1672317068488 0.6017857193946838 14149
1672317082908 0.6428571343421936 14199
1672317097180 0.4809523820877075 14249
1672317111442 0.5333333611488342 14299
1672317136650 0.5 14349
1672317150939 0.908730149269104 14399
1672317165359 0.6875 14449
1672317179759 0.7665584683418274 14499
1672317204813 0.3958333134651184 14549
1672317219083 0.797619104385376 14599
1672317233356 0.6666666865348816 14649
1672317247632 0.699999988079071 14699
1672317261921 0.8888888955116272 14749
1672317286903 0.7522727251052856 14799
1672317301171 0.699999988079071 14849
1672317315721 0.5833333730697632 14899
1672317329987 0.6821428537368774 14949
1672317354737 0.550000011920929 14999
1672317369150 0.7250000238418579 15049
1672317383368 0.4791666865348816 15099
1672317397765 0.7000000476837158 15149
1672317422943 0.4642857015132904 15199
1672317437468 0.4928571283817291 15249
1672317451876 0.4583333730697632 15299
1672317466250 0.6916667222976685 15349
1672317480753 0.6458333134651184 15399
1672317505572 0.4333333373069763 15449
1672317519912 0.6970238089561462 15499
1672317534224 0.8939394354820251 15549
1672317548941 0.8304473757743835 15599
1672317573935 0.5541666746139526 15649
1672317588335 0.8500000238418579 15699
1672317602715 0.8222222328186035 15749
1672317617215 0.7698413133621216 15799
1672317642110 0.5416666865348816 15849
1672317656352 0.6428571343421936 15899
1672317670931 0.5178571343421936 15949
1672317685167 0.5178571343421936 15999
1672317699562 0.5611110925674438 16049
1672317724833 0.638888955116272 16099
1672317739297 0.44999998807907104 16149
1672317753593 0.8095238208770752 16199
1672317767941 0.4900793731212616 16249
1672317793535 0.5357142686843872 16299
1672317807813 0.4166666865348816 16349
1672317822221 0.7817460298538208 16399
1672317836492 0.6196581125259399 16449
1672317861656 0.6499999761581421 16499
1672317876106 0.5416666865348816 16549
1672317890394 0.7892857193946838 16599
1672317904693 0.8392857313156128 16649
1672317919143 0.2750000059604645 16699
1672317944131 0.60317462682724 16749
1672317958413 0.574999988079071 16799
1672317972833 0.8095238208770752 16849
1672317987456 0.8125 16899
1672318012525 0.8531745672225952 16949
1672318026843 0.6166666746139526 16999
1672318041283 0.6095238327980042 17049
1672318055583 0.7595238089561462 17099
1672318080765 0.8309524059295654 17149
1672318095088 0.4583333730697632 17199
1672318109619 0.6642857193946838 17249
1672318124021 0.4541666507720947 17299
1672318138429 0.5522727370262146 17349
1672318163512 0.6952381134033203 17399
1672318177774 0.7847222089767456 17449
1672318192100 0.7333333492279053 17499
1672318206517 0.699999988079071 17549
1672318231520 0.949999988079071 17599
1672318245811 0.6555556058883667 17649
1672318260207 0.824999988079071 17699
1672318274601 0.8071428537368774 17749
1672318299253 0.7698413133621216 17799
1672318313567 0.8740079402923584 17849
1672318328114 0.8809524178504944 17899
1672318342427 0.5 17949
1672318356873 0.5222222208976746 17999
1672318381978 0.6000000238418579 18049
1672318396348 0.7785714268684387 18099
1672318410577 0.800000011920929 18149
1672318424801 0.8865079283714294 18199
1672318449661 0.7083333730697632 18249
1672318463996 0.7041667103767395 18299
1672318478336 0.5 18349
1672318492922 0.512499988079071 18399
1672318518020 0.5571428537368774 18449
1672318532312 0.7916666865348816 18499
1672318546609 0.75 18549
1672318560916 0.6535714268684387 18599
1672318575231 0.7388888597488403 18649
1672318600368 0.6345238089561462 18699
1672318614796 0.7416666746139526 18749
1672318629221 0.8374999761581421 18799
1672318643749 0.8309524059295654 18849
1672318668606 0.8333333730697632 18899
1672318682881 0.550000011920929 18949
1672318697130 0.8557692170143127 18999
1672318711363 0.3693181872367859 19049
1672318736060 0.5666666626930237 19099
1672318750310 0.7059524059295654 19149
1672318764972 0.5222222805023193 19199
1672318779339 0.9217171669006348 19249
1672318793834 0.41428571939468384 19299
1672318818656 0.7946428656578064 19349
1672318832938 0.773809552192688 19399
1672318847206 0.9222222566604614 19449
1672318861460 0.7541666626930237 19499
1672318886359 0.6916666626930237 19549
1672318901011 0.9007936716079712 19599
1672318915501 0.638888955116272 19649
1672318930001 0.6416667103767395 19699
1672318955134 0.6722222566604614 19749
1672318969354 0.8017857074737549 19799
1672318983575 0.638888955116272 19849
1672318997811 0.7502706050872803 19899
1672319012036 0.810606062412262 19949
1672319036950 0.7708333730697632 19999
1672319051537 0.7420635223388672 20049
1672319065980 0.9166666865348816 20099
1672319080296 0.5416666865348816 20149
1672319105590 0.7559524178504944 20199
1672319119864 0.5595238208770752 20249
1672319134153 0.8500000238418579 20299
1672319148441 0.875 20349
1672319173290 0.8309524059295654 20399
1672319187867 0.7666667103767395 20449
1672319202301 0.512499988079071 20499
1672319216560 0.5814393758773804 20549
1672319230839 0.5595238208770752 20599
1672319255694 0.6166666746139526 20649
1672319269938 0.6101190447807312 20699
1672319284203 0.49166667461395264 20749
1672319298614 0.5392857193946838 20799
1672319323826 0.5151515007019043 20849
1672319338109 0.5416666865348816 20899
1672319352405 0.7000000476837158 20949
1672319366958 0.7510822415351868 20999
1672319392133 0.8309524059295654 21049
1672319406366 0.7892857193946838 21099
1672319420598 0.824999988079071 21149
1672319434980 0.75 21199
1672319449214 0.637499988079071 21249
1672319474368 0.7803571224212646 21299
1672319488632 0.615079402923584 21349
1672319503017 0.38333335518836975 21399
1672319517290 0.5 21449
1672319542407 0.672619104385376 21499
1672319556656 0.6041666865348816 21549
1672319571040 0.6428571939468384 21599
1672319585294 0.9017857313156128 21649
1672319599334 0.0 21699
1672319624512 0.797619104385376 21749
1672319638768 0.6809523701667786 21799
1672319653191 0.8309524059295654 21849
1672319667598 0.6761904954910278 21899
1672319692431 0.6222222447395325 21949
1672319706900 0.5178571343421936 21999
1672319721314 0.6309524178504944 22049
1672319735768 0.797619104385376 22099
1672319760687 0.7416666746139526 22149
1672319775050 0.5833333730697632 22199
1672319789279 0.6666666865348816 22249
1672319803624 0.6189393997192383 22299
1672319817841 0.46666669845581055 22349
1672319842970 0.6796537041664124 22399
1672319857344 0.8309524059295654 22449
1672319871667 0.5095238089561462 22499
1672319886165 0.800000011920929 22549
1672319911128 0.7500000596046448 22599
1672319925587 0.7833333611488342 22649
1672319940444 0.5833333730697632 22699
1672319954776 0.5333333015441895 22749
1672319979880 0.7724359035491943 22799
1672319994155 0.6071428656578064 22849
1672320008451 0.44999998807907104 22899
1672320022868 0.7000000476837158 22949
1672320037140 0.6892857551574707 22999
1672320062504 0.8388888835906982 23049
1672320076846 0.6666666865348816 23099
1672320091171 0.7095237970352173 23149
1672320105637 0.6865079402923584 23199
1672320130618 0.6597222089767456 23249
1672320144871 0.1428571343421936 23299
1672320159125 0.7178571224212646 23349
1672320173483 0.6499999761581421 23399
1672320198373 0.5666666626930237 23449
1672320212800 0.7309524416923523 23499
1672320227214 0.5416666865348816 23549
1672320241465 0.5392857193946838 23599
1672320255865 0.7059524059295654 23649
1672320280869 0.8740079402923584 23699
1672320295284 0.7833333611488342 23749
1672320309730 0.6333333849906921 23799
1672320324292 0.8500000238418579 23849
1672320349328 0.9365079402923584 23899
1672320363955 0.8333333730697632 23949
1672320378262 0.8809524178504944 23999
1672320392705 0.8611111640930176 24049
1672320417551 0.8184524178504944 24099
1672320431851 0.8999999761581421 24149
1672320446291 0.625 24199
1672320460577 0.8999999761581421 24249
1672320475027 0.7083333730697632 24299
1672320500328 0.6642857193946838 24349
1672320514672 0.8428571224212646 24399
1672320529142 0.8166666626930237 24449
1672320543475 0.5939394235610962 24499
1672320568443 0.7416666746139526 24549
1672320582727 0.6309524178504944 24599
1672320597139 0.6166666746139526 24649
1672320611415 0.6785714626312256 24699
1672320636231 0.7166666984558105 24749
1672320650665 0.4285714328289032 24799
1672320664951 0.5666667222976685 24849
1672320679504 0.6160714626312256 24899
1672320693791 0.8333333730697632 24949
1672320718789 0.7321428656578064 24999
1672320733195 0.7142857313156128 25049
1672320747471 0.7978896498680115 25099
1672320761901 0.40952378511428833 25149
1672320786958 0.5166666507720947 25199
1672320801220 0.5892857313156128 25249
1672320815769 0.7666667103767395 25299
1672320830039 0.8452381491661072 25349
1672320855259 0.7642857432365417 25399
1672320869566 0.7222222089767456 25449
1672320883877 0.7189394235610962 25499
1672320898337 0.574999988079071 25549
1672320912646 0.7142857313156128 25599
1672320937388 0.9642857313156128 25649
1672320951874 0.824999988079071 25699
1672320966316 0.6916666626930237 25749
1672320980592 0.5 25799
1672321005465 0.6416666507720947 25849
1672321020066 0.7589285969734192 25899
1672321034387 0.5392857193946838 25949
1672321048677 0.797619104385376 25999
1672321073515 0.8184524178504944 26049
1672321088168 0.4833333492279053 26099
1672321102534 0.5416666865348816 26149
1672321116905 0.4642857313156128 26199
1672321131235 0.49761903285980225 26249
1672321156560 0.5595238208770752 26299
1672321171032 0.8642857074737549 26349
1672321185370 0.625 26399
1672321199683 0.7291666865348816 26449
1672321225132 0.523809552192688 26499
1672321239590 0.824999988079071 26549
1672321253898 0.5625 26599
1672321268240 0.6041666865348816 26649
1672321293388 0.6916666626930237 26699
1672321307599 0.8106061220169067 26749
1672321322135 0.5555555820465088 26799
1672321336374 0.8184524178504944 26849
1672321350583 0.7410714626312256 26899
1672321375796 0.7532467842102051 26949
1672321390065 0.409722238779068 26999
1672321404290 0.5476190447807312 27049
1672321418679 0.75 27099
1672321443931 0.9097222089767456 27149
1672321458259 0.6309523582458496 27199
1672321472696 0.4642857313156128 27249
1672321487007 0.5809524059295654 27299
1672321512150 0.888888955116272 27349
1672321526486 0.8541666865348816 27399
1672321540815 0.7539682984352112 27449
1672321555296 0.8785714507102966 27499
1672321569639 0.7803571820259094 27549
1672321594557 0.5222222805023193 27599
1672321608951 0.7476190328598022 27649
1672321623618 0.7541666626930237 27699
1672321638018 0.49166667461395264 27749
1672321662971 0.7198413014411926 27799
1672321677234 0.6583333611488342 27849
1672321691502 0.7689394354820251 27899
1672321705761 0.5428571701049805 27949
1672321730668 0.6499999761581421 27999
1672321745043 0.781818151473999 28049
1672321759320 0.8035714626312256 28099
1672321773840 0.9642857313156128 28149
1672321788067 0.6916666626930237 28199
1672321813151 0.5642856955528259 28249
1672321827469 0.5833333730697632 28299
1672321841758 0.7892857193946838 28349
1672321856194 0.8041666746139526 28399
1672321881297 0.8500000238418579 28449
1672321895749 0.8392857313156128 28499
1672321910043 0.49166667461395264 28549
1672321924467 0.7392857074737549 28599
1672321949236 0.9375 28649
1672321963493 0.8388888835906982 28699
1672321977896 0.6375000476837158 28749
1672321992296 0.380952388048172 28799
1672322006779 0.6476190686225891 28849
1672322031670 0.7142857313156128 28899
1672322046105 0.7559524178504944 28949
1672322060378 0.699999988079071 28999
1672322074667 0.8517857193946838 29049
1672322099432 0.3142857253551483 29099
1672322114002 0.5595238208770752 29149
1672322128317 0.6000000238418579 29199
1672322142747 0.7416666746139526 29249
1672322167865 0.7142857313156128 29299
1672322182158 0.5722222328186035 29349
1672322196440 0.8166666626930237 29399
1672322210703 0.7416666746139526 29449
1672322225011 0.46666666865348816 29499
1672322250257 0.6964285969734192 29549
1672322264559 0.7952381372451782 29599
1672322278824 0.761904776096344 29649
1672322293237 0.6517857313156128 29699
1672322317923 0.7321428656578064 29749
1672322332227 0.4333333373069763 29799
1672322346550 0.875 29849
1672322360823 0.5714285373687744 29899
1672322386382 0.625 29949
1672322400824 0.735714316368103 29999
1672322415209 0.9365079402923584 30049
1672322429416 0.85317462682724 30099
1672322443628 0.7541666626930237 30149
1672322468658 0.5523809194564819 30199
1672322482977 0.6000000238418579 30249
1672322497350 0.8500000238418579 30299
1672322511737 0.639285683631897 30349
1672322536693 0.8666666746139526 30399
1672322551051 0.7083333730697632 30449
1672322565455 0.7416666746139526 30499
1672322579703 0.8517857193946838 30549
1672322604490 0.36666667461395264 30599
1672322618850 0.6791666746139526 30649
1672322633267 0.6642857193946838 30699
1672322647539 0.7827381491661072 30749
1672322661768 0.6845238208770752 30799
1672322686688 0.5059523582458496 30849
1672322700882 0.5375000238418579 30899
1672322715107 0.7708333730697632 30949
1672322729299 0.762499988079071 30999
1672322754316 0.8166666626930237 31049
1672322768552 0.949999988079071 31099
1672322782805 0.3976190686225891 31149
1672322797026 0.4791666865348816 31199
1672322821927 0.9166666865348816 31249
1672322836296 0.7666667103767395 31299
1672322850539 0.5138888955116272 31349
1672322864781 0.6527777910232544 31399
1672322879166 0.4809523820877075 31449
1672322904067 0.4583333432674408 31499
1672322918290 0.6684523820877075 31549
1672322932689 0.7365080118179321 31599
1672322946935 0.9166666865348816 31649
1672322971825 1.0 31699
1672322985962 0.5833333730697632 31749
1672323000111 0.4166666865348816 31799
1672323014544 0.6642857789993286 31849
1672323039190 0.747619092464447 31899
1672323053386 0.3678571283817291 31949
1672323067724 0.9142857193946838 31999
1672323082089 0.5772727131843567 32049
1672323096320 0.8351647853851318 32099
1672323121185 0.7222222089767456 32149
1672323135686 0.7867965698242188 32199
1672323149897 0.7892857193946838 32249
1672323164192 0.9017857313156128 32299
1672323188992 0.6726190447807312 32349
1672323203452 0.5142857432365417 32399
1672323217636 0.5333333611488342 32449
1672323231805 0.6166666746139526 32499
1672323245795 0.25 32549
