1672312389137 0.6257324814796448 216
1672312461182 0.6452069282531738 433
1672312534210 0.6468252539634705 650
1672312606613 0.6530316472053528 867
1672312679487 0.6551064252853394 1084
1672312752220 0.6425631046295166 1301
1672312824739 0.6382830739021301 1518
1672312897394 0.6341867446899414 1735
1672312970107 0.6427481770515442 1952
1672313043136 0.6503316164016724 2169
1672313115740 0.6431722640991211 2386
1672313188675 0.6539469361305237 2603
1672313261974 0.6435841917991638 2820
1672313334519 0.6477968692779541 3037
1672313407675 0.6524079442024231 3254
1672313480474 0.6508371233940125 3471
1672313553197 0.6474794149398804 3688
1672313626516 0.6488847732543945 3905
1672313699187 0.6572314500808716 4122
1672313771568 0.6576629281044006 4339
1672313844839 0.6587429046630859 4556
1672313917670 0.6592947840690613 4773
1672313990155 0.6548483967781067 4990
1672314062993 0.6603796482086182 5207
1672314135986 0.6573610305786133 5424
1672314208743 0.6592779755592346 5641
1672314281753 0.656455397605896 5858
1672314354389 0.6603004336357117 6075
1672314427309 0.6727758646011353 6292
1672314499977 0.6657575368881226 6509
1672314572999 0.6712976694107056 6726
1672314645860 0.6623404622077942 6943
1672314718984 0.6689181923866272 7160
1672314791922 0.6641693115234375 7377
1672314865037 0.6624618172645569 7594
1672314937512 0.6659162640571594 7811
1672315010768 0.6704005599021912 8028
1672315083592 0.6674375534057617 8245
1672315156238 0.6672989726066589 8462
1672315228939 0.668972909450531 8679
1672315301930 0.6655785441398621 8896
1672315375151 0.6553547382354736 9113
1672315448080 0.6696169972419739 9330
1672315521605 0.6719080209732056 9547
1672315594585 0.666604220867157 9764
1672315667534 0.6793042421340942 9981
1672315740516 0.6727825403213501 10198
1672315813333 0.6717783808708191 10415
1672315886660 0.6653674244880676 10632
1672315959708 0.6785599589347839 10849
1672316032446 0.6749931573867798 11066
1672316105713 0.6667157411575317 11283
1672316178507 0.6731559634208679 11500
1672316251205 0.6648358702659607 11717
1672316324058 0.6730718612670898 11934
1672316396967 0.6704045534133911 12151
1672316469646 0.6722143888473511 12368
1672316542562 0.6874096393585205 12585
1672316615291 0.6735756993293762 12802
1672316688982 0.6704636216163635 13019
1672316762286 0.6854923963546753 13236
1672316835542 0.6748876571655273 13453
1672316908275 0.6851596236228943 13670
1672316981660 0.6744702458381653 13887
1672317054719 0.6810504794120789 14104
1672317127704 0.6752066016197205 14321
1672317200799 0.68280428647995 14538
1672317273615 0.6707213521003723 14755
1672317346265 0.6800859570503235 14972
1672317419296 0.6740714907646179 15189
1672317492549 0.6788331270217896 15406
1672317565731 0.6816602945327759 15623
1672317638827 0.6848288178443909 15840
1672317712039 0.6681274175643921 16057
1672317785530 0.6688206195831299 16274
1672317858461 0.6730416417121887 16491
1672317931569 0.6737727522850037 16708
1672318004902 0.682904064655304 16925
1672318077989 0.6738154292106628 17142
1672318151201 0.6776211261749268 17359
1672318224229 0.6764786243438721 17576
1672318296755 0.673337459564209 17793
1672318369895 0.6825428009033203 18010
1672318442599 0.6869997382164001 18227
1672318515830 0.6834090948104858 18444
1672318588769 0.6712587475776672 18661
1672318661886 0.6849738955497742 18878
1672318734174 0.6807794570922852 19095
1672318807341 0.6849461793899536 19312
1672318879849 0.6735923886299133 19529
1672318953433 0.7011780142784119 19746
1672319025885 0.6765865087509155 19963
1672319099378 0.6927397847175598 20180
1672319171959 0.682386577129364 20397
1672319244957 0.6780629754066467 20614
1672319317747 0.6715102195739746 20831
1672319391105 0.6919011473655701 21048
1672319463778 0.670640766620636 21265
1672319536631 0.6882445812225342 21482
1672319609560 0.6761068105697632 21699
1672319682170 0.6927641034126282 21916
1672319755361 0.6860297918319702 22133
1672319828000 0.6780089735984802 22350
1672319901154 0.6839779019355774 22567
1672319974763 0.6864039301872253 22784
1672320047912 0.6807392239570618 23001
1672320120951 0.6916460990905762 23218
1672320193570 0.6793158054351807 23435
1672320266549 0.6867889165878296 23652
1672320340015 0.7022398710250854 23869
1672320413088 0.6904433965682983 24086
1672320486256 0.6817628145217896 24303
1672320559295 0.6878336071968079 24520
1672320632060 0.6844720840454102 24737
1672320705147 0.6844874620437622 24954
1672320778220 0.6796320676803589 25171
1672320851233 0.6818007826805115 25388
1672320924094 0.6871865391731262 25605
1672320997032 0.681742250919342 25822
1672321069908 0.6883274912834167 26039
1672321143461 0.6824432015419006 26256
1672321216902 0.6866665482521057 26473
1672321290028 0.6878672242164612 26690
1672321363029 0.6933886408805847 26907
1672321436013 0.6935911178588867 27124
1672321509065 0.680311918258667 27341
1672321582122 0.6824502944946289 27558
1672321655285 0.6907894611358643 27775
1672321727914 0.6898432374000549 27992
1672321800989 0.6773635149002075 28209
1672321873975 0.6854093670845032 28426
1672321946754 0.6920347809791565 28643
1672322019742 0.6854009628295898 28860
1672322092432 0.6877507567405701 29077
1672322165669 0.6880645751953125 29294
1672322238497 0.6887075901031494 29511
1672322311196 0.6892810463905334 29728
1672322384465 0.6961809396743774 29945
1672322457393 0.6977649331092834 30162
1672322530261 0.6786818504333496 30379
1672322602887 0.6901402473449707 30596
1672322675748 0.6856750249862671 30813
1672322748201 0.6806215643882751 31030
1672322820582 0.6832678914070129 31247
1672322893337 0.6952088475227356 31464
1672322965991 0.6939569115638733 31681
1672323038205 0.6874660849571228 31898
1672323110771 0.6751360297203064 32115
1672323183435 0.6858845353126526 32332
1672323255558 0.6845418214797974 32549
