1672312331360 0.6666666865348816 49
1672312345723 0.4583333432674408 99
1672312360285 0.512499988079071 149
1672312374828 0.6875 199
1672312399255 0.7083333134651184 249
1672312413395 0.5416666865348816 299
1672312427543 0.7500000596046448 349
1672312441703 0.5666667222976685 399
1672312466475 0.6499999761581421 449
1672312481146 0.7291666865348816 499
1672312495573 0.5083333253860474 549
1672312509858 0.4375 599
1672312524128 0.5416666865348816 649
1672312548896 0.5625 699
1672312563138 0.7249999642372131 749
1672312577344 0.5625 799
1672312591544 0.375 849
1672312616671 0.5833333730697632 899
1672312630937 0.5874999761581421 949
1672312645491 0.5416666865348816 999
1672312659759 0.625 1049
1672312684497 0.6458333134651184 1099
1672312698834 0.625 1149
1672312713126 0.6875 1199
1672312727565 0.5625 1249
1672312741882 0.625 1299
1672312766687 0.9375 1349
1672312781186 0.8541666865348816 1399
1672312795426 0.5249999761581421 1449
1672312809675 0.6458333134651184 1499
1672312834346 0.6875000596046448 1549
1672312848628 0.550000011920929 1599
1672312862915 0.7291666865348816 1649
1672312877191 0.3125 1699
1672312902141 0.5446428656578064 1749
1672312916510 0.5833333730697632 1799
1672312930863 0.7333333492279053 1849
1672312945212 0.6946429014205933 1899
1672312959426 0.7916666865348816 1949
1672312984319 0.6666666865348816 1999
1672312998664 0.6875 2049
1672313012959 0.6666666865348816 2099
1672313027766 0.612500011920929 2149
1672313052692 0.7291666865348816 2199
1672313066890 0.5583333373069763 2249
1672313081085 0.4375 2299
1672313095525 0.6083333492279053 2349
1672313120191 0.5375000238418579 2399
1672313134487 0.875 2449
1672313148984 0.7916666865348816 2499
1672313163361 0.6041666865348816 2549
1672313177797 0.38333332538604736 2599
1672313202817 0.4166666865348816 2649
1672313217162 0.4333333373069763 2699
1672313231604 0.6041666269302368 2749
1672313246104 0.6000000238418579 2799
1672313270964 0.574999988079071 2849
1672313285498 0.2708333432674408 2899
1672313299703 0.4750000238418579 2949
1672313314060 0.6875 2999
1672313338687 0.6541666984558105 3049
1672313353093 0.5208333730697632 3099
1672313367500 0.5249999761581421 3149
1672313382023 0.6499999761581421 3199
1672313396340 0.6666666865348816 3249
1672313421235 0.625 3299
1672313435736 0.5583333373069763 3349
1672313450190 0.5 3399
1672313464503 0.4166666865348816 3449
1672313489330 0.8541666865348816 3499
1672313503620 0.9166666865348816 3549
1672313517935 0.5874999761581421 3599
1672313532195 0.875 3649
1672313557248 0.1666666716337204 3699
1672313571669 0.6708333492279053 3749
1672313585962 0.8125 3799
1672313600266 0.45000001788139343 3849
1672313615007 0.6250000596046448 3899
1672313639830 0.5416666865348816 3949
1672313654106 0.7166666984558105 3999
1672313668493 0.5 4049
1672313682734 0.4583333432674408 4099
1672313707664 0.4583333432674408 4149
1672313721908 0.625 4199
1672313736130 0.625 4249
1672313750409 0.6904761791229248 4299
1672313775369 0.5833333730697632 4349
1672313789831 1.0 4399
1672313804082 0.4541666507720947 4449
1672313818319 0.6000000238418579 4499
1672313832707 0.5 4549
1672313857940 0.6000000238418579 4599
1672313872223 0.699999988079071 4649
1672313886584 0.6041666865348816 4699
1672313900854 0.375 4749
1672313925837 0.5 4799
1672313940034 0.6166666746139526 4849
1672313954383 0.5333333611488342 4899
1672313968613 0.6875 4949
1672313993507 0.6458333134651184 4999
1672314007792 0.4375 5049
1672314022106 0.4375 5099
1672314036543 0.7916666865348816 5149
1672314050818 0.5285714268684387 5199
1672314075729 0.625 5249
1672314089990 0.8333333730697632 5299
1672314104400 0.7083333134651184 5349
1672314118798 0.4375 5399
1672314143919 0.3916666805744171 5449
1672314158232 0.8333333134651184 5499
1672314172703 0.8166666626930237 5549
1672314187047 0.4958333373069763 5599
1672314211836 0.5 5649
1672314226102 0.625 5699
1672314240558 0.5166666507720947 5749
1672314254867 0.8166667222976685 5799
1672314269298 0.6666666865348816 5849
1672314294151 0.8166667222976685 5899
1672314308353 0.75 5949
1672314322530 0.75 5999
1672314336957 0.4375 6049
1672314362024 0.28333333134651184 6099
1672314376284 0.4375 6149
1672314390685 0.2916666865348816 6199
1672314404978 0.6499999761581421 6249
1672314430053 0.7875000238418579 6299
1672314444400 0.5 6349
1672314458606 0.5333333015441895 6399
1672314472918 0.3125 6449
1672314487172 0.75 6499
1672314512181 0.9166666865348816 6549
1672314526500 0.7916666865348816 6599
1672314540822 0.5249999761581421 6649
1672314555160 0.5375000238418579 6699
1672314580360 0.8166666626930237 6749
1672314594768 0.6499999761581421 6799
1672314609175 0.5625 6849
1672314623446 0.8999999761581421 6899
1672314648409 0.75 6949
1672314662731 0.3791666626930237 6999
1672314677064 0.6666666865348816 7049
1672314691375 0.5 7099
1672314705828 0.8125 7149
1672314731189 0.6666666865348816 7199
1672314745500 0.6000000238418579 7249
1672314759811 0.625 7299
1672314774187 0.7875000238418579 7349
1672314798978 0.625 7399
1672314813255 0.5999999642372131 7449
1672314827807 0.2750000059604645 7499
1672314842123 0.5833333134651184 7549
1672314867221 0.5833333730697632 7599
1672314881450 0.7083333730697632 7649
1672314895720 0.612500011920929 7699
1672314910004 0.22499999403953552 7749
1672314924295 0.4749999940395355 7799
1672314949101 0.3333333432674408 7849
1672314963566 0.8374999761581421 7899
1672314978100 0.4625000059604645 7949
1672314992341 0.6000000238418579 7999
1672315017503 0.699999988079071 8049
1672315031909 0.5416666865348816 8099
1672315046218 0.7541667222976685 8149
1672315060489 0.875 8199
1672315085424 0.4583333432674408 8249
1672315099634 0.7083333134651184 8299
1672315114025 0.7916666865348816 8349
1672315128410 0.3958333432674408 8399
1672315142648 0.46190476417541504 8449
1672315167588 0.5833333730697632 8499
1672315181860 0.5666666626930237 8549
1672315196148 0.574999988079071 8599
1672315210457 0.7249999642372131 8649
1672315235416 0.7250000238418579 8699
1672315249827 0.10000000149011612 8749
1672315264094 0.5 8799
1672315278622 0.875 8849
1672315303576 0.6916666626930237 8899
1672315317874 0.4375 8949
1672315332208 0.2666666805744171 8999
1672315346682 0.7333333492279053 9049
1672315361157 0.625 9099
1672315386147 0.9166666865348816 9149
1672315400690 0.875 9199
1672315414944 0.7541667222976685 9249
1672315429424 0.38749998807907104 9299
1672315454380 0.7833333015441895 9349
1672315468726 0.6875 9399
1672315483414 0.8541666865348816 9449
1672315497793 0.9375 9499
1672315522942 0.7916666865348816 9549
1672315537389 0.625 9599
1672315551779 0.574999988079071 9649
1672315566044 0.5416666865348816 9699
1672315580322 0.5416666865348816 9749
1672315605464 0.4166666865348816 9799
1672315619912 0.6583333015441895 9849
1672315634218 0.887499988079071 9899
1672315648496 0.6875 9949
1672315673442 0.6666666865348816 9999
1672315687806 0.625 10049
1672315702046 0.9166666865348816 10099
1672315716422 0.6666666865348816 10149
1672315741589 0.7708333730697632 10199
1672315755959 0.6666666865348816 10249
1672315770248 0.4833333492279053 10299
1672315784684 0.6041666865348816 10349
1672315798965 0.4166666865348816 10399
1672315823819 0.7083333730697632 10449
1672315838418 0.824999988079071 10499
1672315852896 0.5 10549
1672315867242 0.5625 10599
1672315892210 0.8125 10649
1672315906640 0.6619048118591309 10699
1672315920905 0.5666666626930237 10749
1672315935202 0.625 10799
1672315949292 0.5 10849
1672315974681 0.4583333730697632 10899
1672315988940 0.7749999761581421 10949
1672316003462 0.3333333134651184 10999
1672316017754 0.6708332896232605 11049
1672316042774 0.625 11099
1672316057122 0.42500001192092896 11149
1672316071427 0.6499999761581421 11199
1672316085871 0.6708332896232605 11249
1672316111037 0.6458333730697632 11299
1672316125377 0.5416666865348816 11349
1672316139922 0.5833333730697632 11399
1672316154143 0.6625000238418579 11449
1672316168354 0.7291666865348816 11499
1672316193188 0.699999988079071 11549
1672316207379 0.6666666865348816 11599
1672316221842 0.4791666865348816 11649
1672316236236 0.7916666865348816 11699
1672316261187 0.7083333134651184 11749
1672316275752 0.4166666865348816 11799
1672316290042 0.6875 11849
1672316304321 0.6499999761581421 11899
1672316329068 0.6041666865348816 11949
1672316343598 0.6000000238418579 11999
1672316357776 0.6916667222976685 12049
1672316371969 0.7291666865348816 12099
1672316386305 0.6666666865348816 12149
1672316411496 0.6208333373069763 12199
1672316425745 0.5541666746139526 12249
1672316440019 0.612500011920929 12299
1672316454311 0.3333333432674408 12349
1672316479264 0.7678571343421936 12399
1672316493654 0.8333333730697632 12449
1672316507869 0.5833333730697632 12499
1672316522443 0.5 12549
1672316547368 0.6875 12599
1672316561677 0.6666666865348816 12649
1672316575983 0.75 12699
1672316590270 0.7916666865348816 12749
1672316604526 0.75 12799
1672316629702 0.8500000238418579 12849
1672316644225 0.6499999761581421 12899
1672316658851 0.5 12949
1672316673314 0.375 12999
1672316698305 0.7916666865348816 13049
1672316712651 0.699999988079071 13099
1672316727041 0.6666666865348816 13149
1672316741487 0.8125 13199
1672316766768 0.7916666865348816 13249
1672316781146 0.4333333373069763 13299
1672316795642 0.5625 13349
1672316810146 0.4541666507720947 13399
1672316824527 0.25 13449
1672316849372 0.7678571343421936 13499
1672316863695 0.7333333492279053 13549
1672316877900 0.8125 13599
1672316892096 0.6916667222976685 13649
1672316917365 0.6250000596046448 13699
1672316931812 0.5874999761581421 13749
1672316946230 0.6666666865348816 13799
1672316960624 0.7250000238418579 13849
1672316985870 0.9166666865348816 13899
1672317000193 0.4833333492279053 13949
1672317014654 0.6041666865348816 13999
1672317028962 0.625 14049
1672317043420 0.4124999940395355 14099
1672317068488 0.5041667222976685 14149
1672317082908 0.6000000238418579 14199
1672317097180 0.5 14249
1672317111442 0.625 14299
1672317136650 0.625 14349
1672317150939 0.8374999761581421 14399
1672317165359 0.6499999761581421 14449
1672317179759 0.6875 14499
1672317204813 0.36250001192092896 14549
1672317219083 0.9375 14599
1672317233356 0.512499988079071 14649
1672317247632 0.6666666865348816 14699
1672317261921 1.0 14749
1672317286903 0.75 14799
1672317301171 0.6250000596046448 14849
1672317315721 0.5416666865348816 14899
1672317329987 0.5625 14949
1672317354737 0.5 14999
1672317369150 0.6666666865348816 15049
1672317383368 0.5625 15099
1672317397765 0.699999988079071 15149
1672317422943 0.3916666507720947 15199
1672317437468 0.4375 15249
1672317451876 0.4375 15299
1672317466250 0.6166666746139526 15349
1672317480753 0.5708333849906921 15399
1672317505572 0.3958333432674408 15449
1672317519912 0.6916667222976685 15499
1672317534224 0.875 15549
1672317548941 0.762499988079071 15599
1672317573935 0.5 15649
1672317588335 0.7833333611488342 15699
1672317602715 0.7416666746139526 15749
1672317617215 0.7916666865348816 15799
1672317642110 0.5 15849
1672317656352 0.6000000238418579 15899
1672317670931 0.4333333373069763 15949
1672317685167 0.4333333373069763 15999
1672317699562 0.5714285373687744 16049
1672317724833 0.625 16099
1672317739297 0.4166666865348816 16149
1672317753593 0.75 16199
1672317767941 0.40833333134651184 16249
1672317793535 0.5 16299
1672317807813 0.3333333432674408 16349
1672317822221 0.75 16399
1672317836492 0.5392857193946838 16449
1672317861656 0.6666666865348816 16499
1672317876106 0.5 16549
1672317890394 0.8374999761581421 16599
1672317904693 0.7708333134651184 16649
1672317919143 0.25 16699
1672317944131 0.512499988079071 16749
1672317958413 0.5 16799
1672317972833 0.8500000238418579 16849
1672317987456 0.7333333492279053 16899
1672318012525 0.949999988079071 16949
1672318026843 0.4583333730697632 16999
1672318041283 0.5375000238418579 17049
1672318055583 0.7916666865348816 17099
1672318080765 0.7541667222976685 17149
1672318095088 0.3499999940395355 17199
1672318109619 0.6875 17249
1672318124021 0.5208333730697632 17299
1672318138429 0.5416666865348816 17349
1672318163512 0.5833333134651184 17399
1672318177774 0.7208333015441895 17449
1672318192100 0.7333333492279053 17499
1672318206517 0.6666666865348816 17549
1672318231520 1.0 17599
1672318245811 0.6583333611488342 17649
1672318260207 0.9166666865348816 17699
1672318274601 0.8125 17749
1672318299253 0.699999988079071 17799
1672318313567 0.8374999761581421 17849
1672318328114 0.8125 17899
1672318342427 0.4583333432674408 17949
1672318356873 0.5 17999
1672318381978 0.5833333134651184 18049
1672318396348 0.9375 18099
1672318410577 0.8125 18149
1672318424801 0.8041666746139526 18199
1672318449661 0.5833333134651184 18249
1672318463996 0.7708333134651184 18299
1672318478336 0.5 18349
1672318492922 0.4375 18399
1672318518020 0.4791666865348816 18449
1672318532312 0.8333333730697632 18499
1672318546609 0.6666666865348816 18549
1672318560916 0.5833333730697632 18599
1672318575231 0.637499988079071 18649
1672318600368 0.5666666626930237 18699
1672318614796 0.625 18749
1672318629221 0.8333333730697632 18799
1672318643749 0.8041666746139526 18849
1672318668606 0.875 18899
1672318682881 0.574999988079071 18949
1672318697130 0.9017857313156128 18999
1672318711363 0.3928571343421936 19049
1672318736060 0.4583333730697632 19099
1672318750310 0.6875 19149
1672318764972 0.512499988079071 19199
1672318779339 0.8999999761581421 19249
1672318793834 0.3958333432674408 19299
1672318818656 0.7875000238418579 19349
1672318832938 0.6625000238418579 19399
1672318847206 0.8666666746139526 19449
1672318861460 0.7333333492279053 19499
1672318886359 0.6166666746139526 19549
1672318901011 0.887499988079071 19599
1672318915501 0.625 19649
1672318930001 0.5625 19699
1672318955134 0.6499999761581421 19749
1672318969354 0.8541666865348816 19799
1672318983575 0.699999988079071 19849
1672318997811 0.6291666626930237 19899
1672319012036 0.7083333134651184 19949
1672319036950 0.8166666626930237 19999
1672319051537 0.7708333730697632 20049
1672319065980 0.875 20099
1672319080296 0.40000003576278687 20149
1672319105590 0.6499999761581421 20199
1672319119864 0.5833333730697632 20249
1672319134153 0.8333333134651184 20299
1672319148441 0.875 20349
1672319173290 0.8541666865348816 20399
1672319187867 0.7083333730697632 20449
1672319202301 0.4791666865348816 20499
1672319216560 0.4833333194255829 20549
1672319230839 0.4749999940395355 20599
1672319255694 0.5833333134651184 20649
1672319269938 0.5458333492279053 20699
1672319284203 0.4166666865348816 20749
1672319298614 0.5625 20799
1672319323826 0.49166667461395264 20849
1672319338109 0.5416666865348816 20899
1672319352405 0.7291666865348816 20949
1672319366958 0.7458333373069763 20999
1672319392133 0.8541666865348816 21049
1672319406366 0.8374999761581421 21099
1672319420598 0.875 21149
1672319434980 0.6666666865348816 21199
1672319449214 0.6875 21249
1672319474368 0.7749999761581421 21299
1672319488632 0.550000011920929 21349
1672319503017 0.4166666865348816 21399
1672319517290 0.4791666865348816 21449
1672319542407 0.5625 21499
1672319556656 0.5249999761581421 21549
1672319571040 0.5416666865348816 21599
1672319585294 0.8374999761581421 21649
1672319599334 0.0 21699
1672319624512 0.6875 21749
1672319638768 0.6041666865348816 21799
1672319653191 0.9166666865348816 21849
1672319667598 0.6416666507720947 21899
1672319692431 0.6666666865348816 21949
1672319706900 0.4333333373069763 21999
1672319721314 0.6041666865348816 22049
1672319735768 0.7291666865348816 22099
1672319760687 0.7083333730697632 22149
1672319775050 0.5 22199
1672319789279 0.625 22249
1672319803624 0.5 22299
1672319817841 0.375 22349
1672319842970 0.7708333134651184 22399
1672319857344 0.8125 22449
1672319871667 0.42499998211860657 22499
1672319886165 0.875 22549
1672319911128 0.6666666865348816 22599
1672319925587 0.6666666865348816 22649
1672319940444 0.6666666865348816 22699
1672319954776 0.46666669845581055 22749
1672319979880 0.875 22799
1672319994155 0.5208333134651184 22849
1672320008451 0.4583333432674408 22899
1672320022868 0.5833333730697632 22949
1672320037140 0.7708333134651184 22999
1672320062504 0.7416666746139526 23049
1672320076846 0.6000000238418579 23099
1672320091171 0.5833333730697632 23149
1672320105637 0.6875 23199
1672320130618 0.637499988079071 23249
1672320144871 0.125 23299
1672320159125 0.6416667103767395 23349
1672320173483 0.5833333730697632 23399
1672320198373 0.4583333432674408 23449
1672320212800 0.8333333134651184 23499
1672320227214 0.5416666865348816 23549
1672320241465 0.4791666865348816 23599
1672320255865 0.6666666865348816 23649
1672320280869 0.8500000238418579 23699
1672320295284 0.7083333730697632 23749
1672320309730 0.5333333611488342 23799
1672320324292 0.8666666746139526 23849
1672320349328 0.887499988079071 23899
1672320363955 0.75 23949
1672320378262 0.8125 23999
1672320392705 1.0 24049
1672320417551 0.7749999761581421 24099
1672320431851 1.0 24149
1672320446291 0.5416666865348816 24199
1672320460577 0.8333333730697632 24249
1672320475027 0.7083333730697632 24299
1672320500328 0.6041666865348816 24349
1672320514672 0.8333333730697632 24399
1672320529142 0.7083333730697632 24449
1672320543475 0.75 24499
1672320568443 0.625 24549
1672320582727 0.625 24599
1672320597139 0.5 24649
1672320611415 0.5684523582458496 24699
1672320636231 0.6666666865348816 24749
1672320650665 0.375 24799
1672320664951 0.5333333611488342 24849
1672320679504 0.625 24899
1672320693791 0.75 24949
1672320718789 0.6208333373069763 24999
1672320733195 0.6875 25049
1672320747471 0.7303571701049805 25099
1672320761901 0.3125 25149
1672320786958 0.4791666865348816 25199
1672320801220 0.625 25249
1672320815769 0.7083333730697632 25299
1672320830039 0.7749999761581421 25349
1672320855259 0.6666666865348816 25399
1672320869566 0.7124999761581421 25449
1672320883877 0.875 25499
1672320898337 0.5833333134651184 25549
1672320912646 0.75 25599
1672320937388 0.9375 25649
1672320951874 0.8333333134651184 25699
1672320966316 0.5833333730697632 25749
1672320980592 0.4166666865348816 25799
1672321005465 0.5833333730697632 25849
1672321020066 0.7916666865348816 25899
1672321034387 0.4583333432674408 25949
1672321048677 0.8125 25999
1672321073515 0.75 26049
1672321088168 0.4166666865348816 26099
1672321102534 0.5 26149
1672321116905 0.4375 26199
1672321131235 0.48750001192092896 26249
1672321156560 0.625 26299
1672321171032 0.9166666865348816 26349
1672321185370 0.5083333253860474 26399
1672321199683 0.6499999761581421 26449
1672321225132 0.4375 26499
1672321239590 0.7916666865348816 26549
1672321253898 0.5625 26599
1672321268240 0.5208333730697632 26649
1672321293388 0.6666666865348816 26699
1672321307599 0.875 26749
1672321322135 0.574999988079071 26799
1672321336374 0.7124999761581421 26849
1672321350583 0.6708332896232605 26899
1672321375796 0.6666666865348816 26949
1672321390065 0.4000000059604645 26999
1672321404290 0.4375 27049
1672321418679 0.75 27099
1672321443931 0.8999999761581421 27149
1672321458259 0.625 27199
1672321472696 0.4375 27249
1672321487007 0.4791666865348816 27299
1672321512150 0.824999988079071 27349
1672321526486 0.7749999761581421 27399
1672321540815 0.675000011920929 27449
1672321555296 0.7916666865348816 27499
1672321569639 0.7250000238418579 27549
1672321594557 0.5833333730697632 27599
1672321608951 0.6041666865348816 27649
1672321623618 0.6083333492279053 27699
1672321638018 0.3333333432674408 27749
1672321662971 0.6791666746139526 27799
1672321677234 0.5416666865348816 27849
1672321691502 0.75 27899
1672321705761 0.4333333373069763 27949
1672321730668 0.5833333730697632 27999
1672321745043 0.6904762387275696 28049
1672321759320 0.7083333134651184 28099
1672321773840 1.0 28149
1672321788067 0.6666666865348816 28199
1672321813151 0.5625 28249
1672321827469 0.5 28299
1672321841758 0.7916666865348816 28349
1672321856194 0.7749999761581421 28399
1672321881297 0.8666666746139526 28449
1672321895749 0.7708333730697632 28499
1672321910043 0.5416666865348816 28549
1672321924467 0.699999988079071 28599
1672321949236 0.8999999761581421 28649
1672321963493 0.7416666746139526 28699
1672321977896 0.6000000238418579 28749
1672321992296 0.3125 28799
1672322006779 0.6875 28849
1672322031670 0.6875 28899
1672322046105 0.8333333730697632 28949
1672322060378 0.75 28999
1672322074667 0.9375 29049
1672322099432 0.25 29099
1672322114002 0.4749999940395355 29149
1672322128317 0.5625 29199
1672322142747 0.699999988079071 29249
1672322167865 0.6041666269302368 29299
1672322182158 0.5333333015441895 29349
1672322196440 0.8333333730697632 29399
1672322210703 0.699999988079071 29449
1672322225011 0.5 29499
1672322250257 0.7250000238418579 29549
1672322264559 0.7291666865348816 29599
1672322278824 0.7541666626930237 29649
1672322293237 0.5874999761581421 29699
1672322317923 0.6625000238418579 29749
1672322332227 0.3125 29799
1672322346550 0.8333333134651184 29849
1672322360823 0.6041666865348816 29899
1672322386382 0.7083333134651184 29949
1672322400824 0.7083333730697632 29999
1672322415209 0.887499988079071 30049
1672322429416 0.887499988079071 30099
1672322443628 0.7416666746139526 30149
1672322468658 0.4791666865348816 30199
1672322482977 0.5833333134651184 30249
1672322497350 0.8333333730697632 30299
1672322511737 0.5416666865348816 30349
1672322536693 0.7916666865348816 30399
1672322551051 0.875 30449
1672322565455 0.6666666865348816 30499
1672322579703 0.8541666865348816 30549
1672322604490 0.2916666865348816 30599
1672322618850 0.6083333492279053 30649
1672322633267 0.6041666865348816 30699
1672322647539 0.7916666865348816 30749
1672322661768 0.75 30799
1672322686688 0.6041666865348816 30849
1672322700882 0.625 30899
1672322715107 0.7749999761581421 30949
1672322729299 0.6499999761581421 30999
1672322754316 0.7083333730697632 31049
1672322768552 0.9166666865348816 31099
1672322782805 0.36250001192092896 31149
1672322797026 0.4124999940395355 31199
1672322821927 1.0 31249
1672322836296 0.7083333730697632 31299
1672322850539 0.40833333134651184 31349
1672322864781 0.5833333730697632 31399
1672322879166 0.375 31449
1672322904067 0.4583333432674408 31499
1672322918290 0.6083332896232605 31549
1672322932689 0.6166666746139526 31599
1672322946935 0.9166666865348816 31649
1672322971825 1.0 31699
1672322985962 0.5416666865348816 31749
1672323000111 0.5 31799
1672323014544 0.6458333134651184 31849
1672323039190 0.6291666626930237 31899
1672323053386 0.3750000298023224 31949
1672323067724 0.8541666865348816 31999
1672323082089 0.5416666865348816 32049
1672323096320 0.8452380895614624 32099
1672323121185 0.6875 32149
1672323135686 0.6833333373069763 32199
1672323149897 0.7291666865348816 32249
1672323164192 1.0 32299
1672323188992 0.5208333730697632 32349
1672323203452 0.5 32399
1672323217636 0.5833333730697632 32449
1672323231805 0.625 32499
1672323245795 0.25 32549
