1672312331360 0.78125 49
1672312345723 0.75 99
1672312360285 0.875 149
1672312374828 0.875 199
1672312399255 0.8125 249
1672312413395 0.875 299
1672312427543 0.8125 349
1672312441703 0.75 399
1672312466475 0.875 449
1672312481146 0.84375 499
1672312495573 0.71875 549
1672312509858 0.71875 599
1672312524128 0.78125 649
1672312548896 0.75 699
1672312563138 0.75 749
1672312577344 0.65625 799
1672312591544 0.71875 849
1672312616671 0.75 899
1672312630937 0.78125 949
1672312645491 0.84375 999
1672312659759 0.75 1049
1672312684497 0.71875 1099
1672312698834 0.875 1149
1672312713126 0.90625 1199
1672312727565 0.8125 1249
1672312741882 0.90625 1299
1672312766687 0.9375 1349
1672312781186 0.78125 1399
1672312795426 0.75 1449
1672312809675 0.8125 1499
1672312834346 0.84375 1549
1672312848628 0.71875 1599
1672312862915 0.84375 1649
1672312877191 0.6875 1699
1672312902141 0.71875 1749
1672312916510 0.78125 1799
1672312930863 0.875 1849
1672312945212 0.75 1899
1672312959426 0.875 1949
1672312984319 0.8125 1999
1672312998664 0.8125 2049
1672313012959 0.84375 2099
1672313027766 0.8125 2149
1672313052692 0.75 2199
1672313066890 0.6875 2249
1672313081085 0.78125 2299
1672313095525 0.78125 2349
1672313120191 0.71875 2399
1672313134487 0.90625 2449
1672313148984 0.84375 2499
1672313163361 0.78125 2549
1672313177797 0.65625 2599
1672313202817 0.90625 2649
1672313217162 0.78125 2699
1672313231604 0.78125 2749
1672313246104 0.75 2799
1672313270964 0.75 2849
1672313285498 0.65625 2899
1672313299703 0.78125 2949
1672313314060 0.84375 2999
1672313338687 0.75 3049
1672313353093 0.8125 3099
1672313367500 0.75 3149
1672313382023 0.8125 3199
1672313396340 0.8125 3249
1672313421235 0.75 3299
1672313435736 0.71875 3349
1672313450190 0.8125 3399
1672313464503 0.71875 3449
1672313489330 0.90625 3499
1672313503620 0.96875 3549
1672313517935 0.71875 3599
1672313532195 0.875 3649
1672313557248 0.78125 3699
1672313571669 0.6875 3749
1672313585962 0.90625 3799
1672313600266 0.78125 3849
1672313615007 0.8125 3899
1672313639830 0.6875 3949
1672313654106 0.78125 3999
1672313668493 0.78125 4049
1672313682734 0.8125 4099
1672313707664 0.71875 4149
1672313721908 0.78125 4199
1672313736130 0.78125 4249
1672313750409 0.78125 4299
1672313775369 0.84375 4349
1672313789831 0.96875 4399
1672313804082 0.75 4449
1672313818319 0.78125 4499
1672313832707 0.71875 4549
1672313857940 0.78125 4599
1672313872223 0.875 4649
1672313886584 0.78125 4699
1672313900854 0.8125 4749
1672313925837 0.8125 4799
1672313940034 0.75 4849
1672313954383 0.75 4899
1672313968613 0.75 4949
1672313993507 0.75 4999
1672314007792 0.8125 5049
1672314022106 0.75 5099
1672314036543 0.875 5149
1672314050818 0.65625 5199
1672314075729 0.8125 5249
1672314089990 0.875 5299
1672314104400 0.8125 5349
1672314118798 0.6875 5399
1672314143919 0.65625 5449
1672314158232 0.84375 5499
1672314172703 0.90625 5549
1672314187047 0.59375 5599
1672314211836 0.8125 5649
1672314226102 0.84375 5699
1672314240558 0.71875 5749
1672314254867 0.84375 5799
1672314269298 0.8125 5849
1672314294151 0.84375 5899
1672314308353 0.90625 5949
1672314322530 0.78125 5999
1672314336957 0.75 6049
1672314362024 0.6875 6099
1672314376284 0.6875 6149
1672314390685 0.75 6199
1672314404978 0.84375 6249
1672314430053 0.78125 6299
1672314444400 0.75 6349
1672314458606 0.65625 6399
1672314472918 0.71875 6449
1672314487172 0.8125 6499
1672314512181 0.9375 6549
1672314526500 0.90625 6599
1672314540822 0.75 6649
1672314555160 0.71875 6699
1672314580360 0.875 6749
1672314594768 0.8125 6799
1672314609175 0.8125 6849
1672314623446 0.875 6899
1672314648409 0.875 6949
1672314662731 0.75 6999
1672314677064 0.75 7049
1672314691375 0.875 7099
1672314705828 0.90625 7149
1672314731189 0.8125 7199
1672314745500 0.78125 7249
1672314759811 0.875 7299
1672314774187 0.84375 7349
1672314798978 0.8125 7399
1672314813255 0.6875 7449
1672314827807 0.75 7499
1672314842123 0.84375 7549
1672314867221 0.71875 7599
1672314881450 0.875 7649
1672314895720 0.71875 7699
1672314910004 0.71875 7749
1672314924295 0.6875 7799
1672314949101 0.75 7849
1672314963566 0.78125 7899
1672314978100 0.875 7949
1672314992341 0.75 7999
1672315017503 0.84375 8049
1672315031909 0.84375 8099
1672315046218 0.78125 8149
1672315060489 0.875 8199
1672315085424 0.75 8249
1672315099634 0.8125 8299
1672315114025 0.90625 8349
1672315128410 0.6875 8399
1672315142648 0.78125 8449
1672315167588 0.84375 8499
1672315181860 0.78125 8549
1672315196148 0.84375 8599
1672315210457 0.875 8649
1672315235416 0.8125 8699
1672315249827 0.84375 8749
1672315264094 0.71875 8799
1672315278622 0.9375 8849
1672315303576 0.8125 8899
1672315317874 0.78125 8949
1672315332208 0.75 8999
1672315346682 0.84375 9049
1672315361157 0.78125 9099
1672315386147 0.9375 9149
1672315400690 0.875 9199
1672315414944 0.84375 9249
1672315429424 0.75 9299
1672315454380 0.8125 9349
1672315468726 0.875 9399
1672315483414 0.84375 9449
1672315497793 0.90625 9499
1672315522942 0.90625 9549
1672315537389 0.875 9599
1672315551779 0.75 9649
1672315566044 0.875 9699
1672315580322 0.875 9749
1672315605464 0.75 9799
1672315619912 0.84375 9849
1672315634218 0.875 9899
1672315648496 0.84375 9949
1672315673442 0.8125 9999
1672315687806 0.75 10049
1672315702046 0.9375 10099
1672315716422 0.8125 10149
1672315741589 0.90625 10199
1672315755959 0.75 10249
1672315770248 0.78125 10299
1672315784684 0.8125 10349
1672315798965 0.78125 10399
1672315823819 0.8125 10449
1672315838418 0.90625 10499
1672315852896 0.75 10549
1672315867242 0.75 10599
1672315892210 0.90625 10649
1672315906640 0.8125 10699
1672315920905 0.75 10749
1672315935202 0.75 10799
1672315949292 0.625 10849
1672315974681 0.78125 10899
1672315988940 0.8125 10949
1672316003462 0.71875 10999
1672316017754 0.71875 11049
1672316042774 0.84375 11099
1672316057122 0.65625 11149
1672316071427 0.8125 11199
1672316085871 0.8125 11249
1672316111037 0.8125 11299
1672316125377 0.75 11349
1672316139922 0.8125 11399
1672316154143 0.8125 11449
1672316168354 0.875 11499
1672316193188 0.8125 11549
1672316207379 0.90625 11599
1672316221842 0.8125 11649
1672316236236 0.875 11699
1672316261187 0.8125 11749
1672316275752 0.875 11799
1672316290042 0.90625 11849
1672316304321 0.78125 11899
1672316329068 0.71875 11949
1672316343598 0.78125 11999
1672316357776 0.75 12049
1672316371969 0.875 12099
1672316386305 0.78125 12149
1672316411496 0.78125 12199
1672316425745 0.84375 12249
1672316440019 0.6875 12299
1672316454311 0.65625 12349
1672316479264 0.84375 12399
1672316493654 0.9375 12449
1672316507869 0.78125 12499
1672316522443 0.78125 12549
1672316547368 0.84375 12599
1672316561677 0.84375 12649
1672316575983 0.90625 12699
1672316590270 0.875 12749
1672316604526 0.90625 12799
1672316629702 0.90625 12849
1672316644225 0.84375 12899
1672316658851 0.84375 12949
1672316673314 0.78125 12999
1672316698305 0.875 13049
1672316712651 0.78125 13099
1672316727041 0.75 13149
1672316741487 0.90625 13199
1672316766768 0.90625 13249
1672316781146 0.78125 13299
1672316795642 0.78125 13349
1672316810146 0.65625 13399
1672316824527 0.65625 13449
1672316849372 0.84375 13499
1672316863695 0.8125 13549
1672316877900 0.875 13599
1672316892096 0.78125 13649
1672316917365 0.84375 13699
1672316931812 0.78125 13749
1672316946230 0.84375 13799
1672316960624 0.78125 13849
1672316985870 0.90625 13899
1672317000193 0.78125 13949
1672317014654 0.6875 13999
1672317028962 0.78125 14049
1672317043420 0.78125 14099
1672317068488 0.875 14149
1672317082908 0.875 14199
1672317097180 0.6875 14249
1672317111442 0.75 14299
1672317136650 0.71875 14349
1672317150939 0.90625 14399
1672317165359 0.875 14449
1672317179759 0.84375 14499
1672317204813 0.6875 14549
1672317219083 0.875 14599
1672317233356 0.6875 14649
1672317247632 0.84375 14699
1672317261921 0.90625 14749
1672317286903 0.8125 14799
1672317301171 0.78125 14849
1672317315721 0.71875 14899
1672317329987 0.78125 14949
1672317354737 0.875 14999
1672317369150 0.84375 15049
1672317383368 0.71875 15099
1672317397765 0.90625 15149
1672317422943 0.65625 15199
1672317437468 0.6875 15249
1672317451876 0.6875 15299
1672317466250 0.8125 15349
1672317480753 0.75 15399
1672317505572 0.71875 15449
1672317519912 0.75 15499
1672317534224 0.9375 15549
1672317548941 0.875 15599
1672317573935 0.6875 15649
1672317588335 0.84375 15699
1672317602715 0.8125 15749
1672317617215 0.84375 15799
1672317642110 0.875 15849
1672317656352 0.78125 15899
1672317670931 0.8125 15949
1672317685167 0.78125 15999
1672317699562 0.75 16049
1672317724833 0.875 16099
1672317739297 0.875 16149
1672317753593 0.875 16199
1672317767941 0.78125 16249
1672317793535 0.78125 16299
1672317807813 0.78125 16349
1672317822221 0.84375 16399
1672317836492 0.75 16449
1672317861656 0.8125 16499
1672317876106 0.875 16549
1672317890394 0.8125 16599
1672317904693 0.90625 16649
1672317919143 0.65625 16699
1672317944131 0.84375 16749
1672317958413 0.90625 16799
1672317972833 0.875 16849
1672317987456 0.875 16899
1672318012525 0.90625 16949
1672318026843 0.8125 16999
1672318041283 0.6875 17049
1672318055583 0.84375 17099
1672318080765 0.84375 17149
1672318095088 0.78125 17199
1672318109619 0.875 17249
1672318124021 0.78125 17299
1672318138429 0.8125 17349
1672318163512 0.8125 17399
1672318177774 0.84375 17449
1672318192100 0.78125 17499
1672318206517 0.9375 17549
1672318231520 0.96875 17599
1672318245811 0.78125 17649
1672318260207 0.90625 17699
1672318274601 0.8125 17749
1672318299253 0.875 17799
1672318313567 0.875 17849
1672318328114 0.90625 17899
1672318342427 0.8125 17949
1672318356873 0.84375 17999
1672318381978 0.8125 18049
1672318396348 0.84375 18099
1672318410577 0.84375 18149
1672318424801 0.875 18199
1672318449661 0.8125 18249
1672318463996 0.78125 18299
1672318478336 0.84375 18349
1672318492922 0.8125 18399
1672318518020 0.75 18449
1672318532312 0.875 18499
1672318546609 0.875 18549
1672318560916 0.71875 18599
1672318575231 0.8125 18649
1672318600368 0.71875 18699
1672318614796 0.8125 18749
1672318629221 0.875 18799
1672318643749 0.84375 18849
1672318668606 0.9375 18899
1672318682881 0.84375 18949
1672318697130 0.84375 18999
1672318711363 0.625 19049
1672318736060 0.8125 19099
1672318750310 0.8125 19149
1672318764972 0.75 19199
1672318779339 0.90625 19249
1672318793834 0.75 19299
1672318818656 0.8125 19349
1672318832938 0.84375 19399
1672318847206 0.9375 19449
1672318861460 0.8125 19499
1672318886359 0.71875 19549
1672318901011 0.90625 19599
1672318915501 0.84375 19649
1672318930001 0.78125 19699
1672318955134 0.78125 19749
1672318969354 0.84375 19799
1672318983575 0.84375 19849
1672318997811 0.78125 19899
1672319012036 0.90625 19949
1672319036950 0.84375 19999
1672319051537 0.78125 20049
1672319065980 0.9375 20099
1672319080296 0.71875 20149
1672319105590 0.78125 20199
1672319119864 0.75 20249
1672319134153 0.90625 20299
1672319148441 0.9375 20349
1672319173290 0.875 20399
1672319187867 0.84375 20449
1672319202301 0.6875 20499
1672319216560 0.84375 20549
1672319230839 0.71875 20599
1672319255694 0.71875 20649
1672319269938 0.65625 20699
1672319284203 0.78125 20749
1672319298614 0.75 20799
1672319323826 0.75 20849
1672319338109 0.75 20899
1672319352405 0.78125 20949
1672319366958 0.8125 20999
1672319392133 0.90625 21049
1672319406366 0.8125 21099
1672319420598 0.84375 21149
1672319434980 0.8125 21199
1672319449214 0.875 21249
1672319474368 0.8125 21299
1672319488632 0.84375 21349
1672319503017 0.65625 21399
1672319517290 0.6875 21449
1672319542407 0.71875 21499
1672319556656 0.84375 21549
1672319571040 0.71875 21599
1672319585294 0.90625 21649
1672319599334 1.0 21699
1672319624512 0.875 21749
1672319638768 0.8125 21799
1672319653191 0.90625 21849
1672319667598 0.75 21899
1672319692431 0.84375 21949
1672319706900 0.8125 21999
1672319721314 0.78125 22049
1672319735768 0.875 22099
1672319760687 0.84375 22149
1672319775050 0.875 22199
1672319789279 0.9375 22249
1672319803624 0.78125 22299
1672319817841 0.71875 22349
1672319842970 0.75 22399
1672319857344 0.90625 22449
1672319871667 0.75 22499
1672319886165 0.875 22549
1672319911128 0.78125 22599
1672319925587 0.90625 22649
1672319940444 0.84375 22699
1672319954776 0.8125 22749
1672319979880 0.875 22799
1672319994155 0.75 22849
1672320008451 0.75 22899
1672320022868 0.78125 22949
1672320037140 0.8125 22999
1672320062504 0.90625 23049
1672320076846 0.78125 23099
1672320091171 0.8125 23149
1672320105637 0.90625 23199
1672320130618 0.84375 23249
1672320144871 0.59375 23299
1672320159125 0.8125 23349
1672320173483 0.90625 23399
1672320198373 0.8125 23449
1672320212800 0.84375 23499
1672320227214 0.65625 23549
1672320241465 0.71875 23599
1672320255865 0.8125 23649
1672320280869 0.875 23699
1672320295284 0.84375 23749
1672320309730 0.71875 23799
1672320324292 0.875 23849
1672320349328 0.9375 23899
1672320363955 0.875 23949
1672320378262 0.90625 23999
1672320392705 0.90625 24049
1672320417551 0.875 24099
1672320431851 0.90625 24149
1672320446291 0.78125 24199
1672320460577 0.9375 24249
1672320475027 0.875 24299
1672320500328 0.875 24349
1672320514672 0.875 24399
1672320529142 0.875 24449
1672320543475 0.78125 24499
1672320568443 0.8125 24549
1672320582727 0.9375 24599
1672320597139 0.8125 24649
1672320611415 0.78125 24699
1672320636231 0.8125 24749
1672320650665 0.90625 24799
1672320664951 0.8125 24849
1672320679504 0.78125 24899
1672320693791 0.875 24949
1672320718789 0.8125 24999
1672320733195 0.96875 25049
1672320747471 0.78125 25099
1672320761901 0.6875 25149
1672320786958 0.625 25199
1672320801220 0.875 25249
1672320815769 0.875 25299
1672320830039 0.84375 25349
1672320855259 0.84375 25399
1672320869566 0.75 25449
1672320883877 0.84375 25499
1672320898337 0.875 25549
1672320912646 0.9375 25599
1672320937388 0.96875 25649
1672320951874 0.90625 25699
1672320966316 0.84375 25749
1672320980592 0.75 25799
1672321005465 0.8125 25849
1672321020066 0.78125 25899
1672321034387 0.71875 25949
1672321048677 0.90625 25999
1672321073515 0.875 26049
1672321088168 0.78125 26099
1672321102534 0.84375 26149
1672321116905 0.8125 26199
1672321131235 0.78125 26249
1672321156560 0.75 26299
1672321171032 0.90625 26349
1672321185370 0.6875 26399
1672321199683 0.84375 26449
1672321225132 0.78125 26499
1672321239590 0.90625 26549
1672321253898 0.8125 26599
1672321268240 0.75 26649
1672321293388 0.8125 26699
1672321307599 0.90625 26749
1672321322135 0.8125 26799
1672321336374 0.875 26849
1672321350583 0.8125 26899
1672321375796 0.75 26949
1672321390065 0.84375 26999
1672321404290 0.71875 27049
1672321418679 0.90625 27099
1672321443931 0.90625 27149
1672321458259 0.875 27199
1672321472696 0.84375 27249
1672321487007 0.6875 27299
1672321512150 0.9375 27349
1672321526486 0.90625 27399
1672321540815 0.8125 27449
1672321555296 0.90625 27499
1672321569639 0.78125 27549
1672321594557 0.8125 27599
1672321608951 0.875 27649
1672321623618 0.8125 27699
1672321638018 0.6875 27749
1672321662971 0.78125 27799
1672321677234 0.8125 27849
1672321691502 0.84375 27899
1672321705761 0.75 27949
1672321730668 0.90625 27999
1672321745043 0.75 28049
1672321759320 0.875 28099
1672321773840 0.96875 28149
1672321788067 0.84375 28199
1672321813151 0.8125 28249
1672321827469 0.84375 28299
1672321841758 0.875 28349
1672321856194 0.875 28399
1672321881297 0.875 28449
1672321895749 0.90625 28499
1672321910043 0.8125 28549
1672321924467 0.8125 28599
1672321949236 0.9375 28649
1672321963493 0.90625 28699
1672321977896 0.78125 28749
1672321992296 0.78125 28799
1672322006779 0.8125 28849
1672322031670 0.84375 28899
1672322046105 0.875 28949
1672322060378 0.875 28999
1672322074667 0.875 29049
1672322099432 0.84375 29099
1672322114002 0.8125 29149
1672322128317 0.75 29199
1672322142747 0.8125 29249
1672322167865 0.84375 29299
1672322182158 0.75 29349
1672322196440 0.875 29399
1672322210703 0.84375 29449
1672322225011 0.8125 29499
1672322250257 0.78125 29549
1672322264559 0.84375 29599
1672322278824 0.78125 29649
1672322293237 0.875 29699
1672322317923 0.8125 29749
1672322332227 0.75 29799
1672322346550 0.9375 29849
1672322360823 0.78125 29899
1672322386382 0.84375 29949
1672322400824 0.78125 29999
1672322415209 0.9375 30049
1672322429416 0.875 30099
1672322443628 0.75 30149
1672322468658 0.625 30199
1672322482977 0.78125 30249
1672322497350 0.90625 30299
1672322511737 0.78125 30349
1672322536693 0.9375 30399
1672322551051 0.875 30449
1672322565455 0.75 30499
1672322579703 0.875 30549
1672322604490 0.8125 30599
1672322618850 0.75 30649
1672322633267 0.9375 30699
1672322647539 0.8125 30749
1672322661768 0.8125 30799
1672322686688 0.78125 30849
1672322700882 0.78125 30899
1672322715107 0.84375 30949
1672322729299 0.84375 30999
1672322754316 0.90625 31049
1672322768552 0.96875 31099
1672322782805 0.71875 31149
1672322797026 0.65625 31199
1672322821927 0.96875 31249
1672322836296 0.84375 31299
1672322850539 0.8125 31349
1672322864781 0.75 31399
1672322879166 0.75 31449
1672322904067 0.78125 31499
1672322918290 0.71875 31549
1672322932689 0.8125 31599
1672322946935 0.9375 31649
1672322971825 1.0 31699
1672322985962 0.75 31749
1672323000111 0.875 31799
1672323014544 0.78125 31849
1672323039190 0.8125 31899
1672323053386 0.71875 31949
1672323067724 0.9375 31999
1672323082089 0.8125 32049
1672323096320 0.8125 32099
1672323121185 0.75 32149
1672323135686 0.8125 32199
1672323149897 0.875 32249
1672323164192 0.90625 32299
1672323188992 0.84375 32349
1672323203452 0.8125 32399
1672323217636 0.78125 32449
1672323231805 0.78125 32499
1672323245795 0.875 32549
