1672312331360 1.7219952494275135 49
1672312345723 1.7150048109063805 99
1672312360285 1.473238212410243 149
1672312374828 1.2940897674281646 199
1672312399255 1.4461372647731974 249
1672312413395 1.312618346840914 299
1672312427543 2.0886144570246508 349
1672312441703 1.5328301602794991 399
1672312466475 1.5464155778726787 449
1672312481146 1.5793893897729447 499
1672312495573 1.5011526025276847 549
1672312509858 1.484436367225816 599
1672312524128 1.7192791024647653 649
1672312548896 1.4907376151404284 699
1672312563138 1.5739343609563468 749
1672312577344 1.8263641806246262 799
1672312591544 1.4390747753415933 849
1672312616671 1.8256534330444583 899
1672312630937 1.7988312200119299 949
1672312645491 1.4464366331843852 999
1672312659759 1.9177893671787039 1049
1672312684497 1.8273424585890274 1099
1672312698834 1.1654467609226962 1149
1672312713126 1.8164727298786858 1199
1672312727565 1.5638691802544913 1249
1672312741882 1.266278279857886 1299
1672312766687 1.228579427263102 1349
1672312781186 1.9503844007390891 1399
1672312795426 2.0965287446047203 1449
1672312809675 1.789853537745158 1499
1672312834346 1.4846299994788867 1549
1672312848628 2.0276053031267383 1599
1672312862915 1.7449397260751032 1649
1672312877191 1.5684912960599986 1699
1672312902141 1.8642665957719216 1749
1672312916510 1.8811079355232114 1799
1672312930863 1.120974419213697 1849
1672312945212 2.0894390603181767 1899
1672312959426 1.7185828674983883 1949
1672312984319 1.7030742113445112 1999
1672312998664 1.3431001964147846 2049
1672313012959 1.4545703123171796 2099
1672313027766 1.6476344375999759 2149
1672313052692 1.5459073624925304 2199
1672313066890 2.0340529657199067 2249
1672313081085 1.603601226301885 2299
1672313095525 1.5975438125045722 2349
1672313120191 1.9801327558597064 2399
1672313134487 1.9421864404949356 2449
1672313148984 1.6596662288701745 2499
1672313163361 1.3253045650491448 2549
1672313177797 1.6033195560451334 2599
1672313202817 1.2553003070899267 2649
1672313217162 1.4032160691416569 2699
1672313231604 1.381619373156385 2749
1672313246104 1.8935281714979664 2799
1672313270964 1.738852480703097 2849
1672313285498 1.8599753925639737 2899
1672313299703 1.4288093492346674 2949
1672313314060 2.0971202246730436 2999
1672313338687 2.0650600646209263 3049
1672313353093 1.7146983095217645 3099
1672313367500 1.5174147602225356 3149
1672313382023 1.7917378452188464 3199
1672313396340 1.2971224407869357 3249
1672313421235 1.3777604261487362 3299
1672313435736 2.061185294383549 3349
1672313450190 1.4290480086637882 3399
1672313464503 1.4625818731046087 3449
1672313489330 1.3509860260752178 3499
1672313503620 1.585386170872845 3549
1672313517935 1.8252858877621116 3599
1672313532195 1.4991674165965245 3649
1672313557248 1.1976746427389648 3699
1672313571669 1.881169371291247 3749
1672313585962 1.7336480403699928 3799
1672313600266 1.3316875119335314 3849
1672313615007 1.7514760016358717 3899
1672313639830 1.908272823689271 3949
1672313654106 1.4835618205901189 3999
1672313668493 1.732482888338375 4049
1672313682734 1.91344805509732 4099
1672313707664 1.6801444782805517 4149
1672313721908 1.6813117176463634 4199
1672313736130 1.886474387752525 4249
1672313750409 1.7975290437435025 4299
1672313775369 1.520299208562459 4349
1672313789831 1.6167725801295227 4399
1672313804082 1.9641278055623166 4449
1672313818319 1.6215624561248247 4499
1672313832707 1.9833684201773127 4549
1672313857940 1.3463704592550192 4599
1672313872223 1.7157483139271257 4649
1672313886584 2.101724006550867 4699
1672313900854 1.3307266557950594 4749
1672313925837 1.4768706923380113 4799
1672313940034 1.5250550103155813 4849
1672313954383 1.8738827256319563 4899
1672313968613 2.137362338058276 4949
1672313993507 1.6703199680410403 4999
1672314007792 1.2758804915235085 5049
1672314022106 1.5603660143040228 5099
1672314036543 1.8332813079545598 5149
1672314050818 1.8519229697499469 5199
1672314075729 1.4890875721173993 5249
1672314089990 1.565105146729835 5299
1672314104400 2.055714129637609 5349
1672314118798 1.6536922152396862 5399
1672314143919 1.5764985882946139 5449
1672314158232 1.359170543550095 5499
1672314172703 1.2186163692225889 5549
1672314187047 1.8625962605180701 5599
1672314211836 1.597170368869464 5649
1672314226102 1.4225229688564944 5699
1672314240558 1.6055272843046764 5749
1672314254867 1.6091640373985636 5799
1672314269298 1.5815294834801985 5849
1672314294151 1.6314515249848074 5899
1672314308353 1.2523175673085016 5949
1672314322530 2.0663634657977172 5999
1672314336957 1.7315279021383527 6049
1672314362024 1.5502312739966218 6099
1672314376284 1.756406894731656 6149
1672314390685 1.2408187051297717 6199
1672314404978 1.3938299362308606 6249
1672314430053 1.9124380209350569 6299
1672314444400 1.5678815949954508 6349
1672314458606 2.059278750852312 6399
1672314472918 1.6066275427743089 6449
1672314487172 1.8342186099314721 6499
1672314512181 1.9151986586728558 6549
1672314526500 1.3797558388714584 6599
1672314540822 1.378754893469027 6649
1672314555160 1.8936792900203527 6699
1672314580360 1.5349987140402717 6749
1672314594768 1.780405409291229 6799
1672314609175 1.5690481352292638 6849
1672314623446 1.7822368432662337 6899
1672314648409 1.479341221396872 6949
1672314662731 1.5592989143544738 6999
1672314677064 2.074810168604561 7049
1672314691375 1.2329103459478628 7099
1672314705828 1.1616944578213078 7149
1672314731189 1.461530821991683 7199
1672314745500 1.8342203842380234 7249
1672314759811 1.5134915390665244 7299
1672314774187 1.5919652696234154 7349
1672314798978 1.7268357906794243 7399
1672314813255 2.1343070350017523 7449
1672314827807 1.6330602197462643 7499
1672314842123 1.4768923808257937 7549
1672314867221 1.683783836695207 7599
1672314881450 1.4133191934255136 7649
1672314895720 1.8522307112314005 7699
1672314910004 1.5704233081371335 7749
1672314924295 1.7068411143989408 7799
1672314949101 1.4742796873086805 7849
1672314963566 1.7691748556831488 7899
1672314978100 1.3942197191246948 7949
1672314992341 1.534651307789034 7999
1672315017503 1.4038134646629383 8049
1672315031909 1.1915730343482662 8099
1672315046218 1.926081485128706 8149
1672315060489 1.412149562127309 8199
1672315085424 1.6629220741164996 8249
1672315099634 1.5591201073377157 8299
1672315114025 1.4125488272622604 8349
1672315128410 1.868551241510363 8399
1672315142648 1.7474221103193117 8449
1672315167588 1.128877254430857 8499
1672315181860 1.3923746950890301 8549
1672315196148 1.3853028816572777 8599
1672315210457 1.7754045482156506 8649
1672315235416 1.5183078759127961 8699
1672315249827 1.1465365872188493 8749
1672315264094 1.6642027643315032 8799
1672315278622 1.2937129555735611 8849
1672315303576 1.6546542239130337 8899
1672315317874 1.8422028151669863 8949
1672315332208 1.6055105106917853 8999
1672315346682 1.8456687253489799 9049
1672315361157 1.6809568866193096 9099
1672315386147 1.705647887644615 9149
1672315400690 1.6155339610759283 9199
1672315414944 1.6764148818351645 9249
1672315429424 1.2058658220039251 9299
1672315454380 1.7921454358160338 9349
1672315468726 1.5685316791236579 9399
1672315483414 1.416750251580324 9449
1672315497793 1.46105994351816 9499
1672315522942 1.6195523669360994 9549
1672315537389 1.8351644958961817 9599
1672315551779 1.958313985223049 9649
1672315566044 1.2073371711646514 9699
1672315580322 1.2176895599928523 9749
1672315605464 1.4894214876979723 9799
1672315619912 1.6620120419355944 9849
1672315634218 1.5792572435596366 9899
1672315648496 1.348556159502109 9949
1672315673442 1.5912134558657316 9999
1672315687806 1.8572280891951864 10049
1672315702046 1.4910086148063326 10099
1672315716422 1.6424819183420993 10149
1672315741589 1.5686819492539827 10199
1672315755959 1.7590701083527944 10249
1672315770248 1.4784528318565258 10299
1672315784684 1.488090618340894 10349
1672315798965 1.423908010553606 10399
1672315823819 1.8992382318352963 10449
1672315838418 1.582094188007158 10499
1672315852896 1.5282914082939005 10549
1672315867242 1.7350821235569933 10599
1672315892210 1.242936171700911 10649
1672315906640 1.5435559960190326 10699
1672315920905 1.918843131484198 10749
1672315935202 1.928016604740681 10799
1672315949292 2.1758412164189345 10849
1672315974681 1.6366943771945226 10899
1672315988940 1.606724672035718 10949
1672316003462 1.4595249138628485 10999
1672316017754 1.6914871815275005 11049
1672316042774 1.8675525184206816 11099
1672316057122 1.3925217628105164 11149
1672316071427 1.7203387789324054 11199
1672316085871 1.8968971714604146 11249
1672316111037 1.7903224092973966 11299
1672316125377 1.691492146579001 11349
1672316139922 1.7452122681218913 11399
1672316154143 1.5274316149899103 11449
1672316168354 1.5163589274178761 11499
1672316193188 1.5392853299930938 11549
1672316207379 1.4152152125870794 11599
1672316221842 1.2116130861487628 11649
1672316236236 1.793394278648983 11699
1672316261187 1.1980026696855657 11749
1672316275752 1.2195856971653334 11799
1672316290042 1.4915722815338959 11849
1672316304321 1.5863639039149402 11899
1672316329068 2.1779420049934775 11949
1672316343598 1.618582985744982 11999
1672316357776 1.7788451161723968 12049
1672316371969 1.9305364498859525 12099
1672316386305 1.8962043378040634 12149
1672316411496 1.7563925523517838 12199
1672316425745 1.6975527805261748 12249
1672316440019 1.6951997086049917 12299
1672316454311 1.9021006672976406 12349
1672316479264 1.671763384678525 12399
1672316493654 1.2840248135788805 12449
1672316507869 1.4535467359415821 12499
1672316522443 1.1737693999392165 12549
1672316547368 1.3532286788579901 12599
1672316561677 1.5957397836862848 12649
1672316575983 1.4033104534346237 12699
1672316590270 1.9177515664013591 12749
1672316604526 1.6892341670544067 12799
1672316629702 1.2706588675789994 12849
1672316644225 1.6280098972077848 12899
1672316658851 1.6187163570768535 12949
1672316673314 1.4858787148903492 12999
1672316698305 1.6372443691316763 13049
1672316712651 1.9690302136379612 13099
1672316727041 2.089406490251519 13149
1672316741487 1.2926599672645986 13199
1672316766768 1.291330151967622 13249
1672316781146 1.3912215043505785 13299
1672316795642 1.429965210804619 13349
1672316810146 1.663125184065331 13399
1672316824527 1.5336722220647407 13449
1672316849372 2.087329276334212 13499
1672316863695 1.4315280748042638 13549
1672316877900 1.5166702291963787 13599
1672316892096 1.6143269162383238 13649
1672316917365 1.5533755875097879 13699
1672316931812 1.5296281156198108 13749
1672316946230 1.4870990586885333 13799
1672316960624 1.988075326678842 13849
1672316985870 1.1110610269830015 13899
1672317000193 1.3373162622416048 13949
1672317014654 1.8484083086923493 13999
1672317028962 1.655841523449812 14049
1672317043420 1.487898412021194 14099
1672317068488 1.378843868710122 14149
1672317082908 1.3075326067472652 14199
1672317097180 1.8543306501576082 14249
1672317111442 1.5714570912426062 14299
1672317136650 1.5407271961492333 14349
1672317150939 1.627661111412408 14399
1672317165359 1.5141313901634963 14449
1672317179759 1.4866552577127012 14499
1672317204813 1.845341410529167 14549
1672317219083 1.994793691885175 14599
1672317233356 1.872013208056754 14649
1672317247632 1.5627492206453995 14699
1672317261921 1.3479918922005485 14749
1672317286903 1.7116185391457122 14799
1672317301171 1.8519873402088196 14849
1672317315721 1.7507206278271865 14899
1672317329987 1.2074710444939083 14949
1672317354737 1.7580302617342873 14999
1672317369150 1.3368950200335064 15049
1672317383368 1.3120330287598017 15099
1672317397765 1.5501261426576818 15149
1672317422943 2.044840201210067 15199
1672317437468 1.5551573985780773 15249
1672317451876 1.5152126028361814 15299
1672317466250 1.9326197891134589 15349
1672317480753 1.7119232347653637 15399
1672317505572 1.9219861662226596 15449
1672317519912 1.5094809839218901 15499
1672317534224 1.4013432648667676 15549
1672317548941 1.6700538833172784 15599
1672317573935 2.176487930585459 15649
1672317588335 1.8385523443786294 15699
1672317602715 1.5407640277926633 15749
1672317617215 1.7149946076372122 15799
1672317642110 1.0676028291380248 15849
1672317656352 1.5785731148011672 15899
1672317670931 1.4128481308244225 15949
1672317685167 1.591310867208429 15999
1672317699562 1.612451129781249 16049
1672317724833 1.931742910585909 16099
1672317739297 1.2419297669588705 16149
1672317753593 1.3989117625554446 16199
1672317767941 1.475100775048118 16249
1672317793535 1.4717073948464863 16299
1672317807813 1.6352904449588284 16349
1672317822221 1.7088757956727276 16399
1672317836492 2.148036124834131 16449
1672317861656 1.6621151168341615 16499
1672317876106 1.3543291204669605 16549
1672317890394 1.730091892428769 16599
1672317904693 1.3098265145551662 16649
1672317919143 1.8687673069583521 16699
1672317944131 1.6655422226857797 16749
1672317958413 1.2729095698542436 16799
1672317972833 1.5233211565351161 16849
1672317987456 1.5769229929176667 16899
1672318012525 1.1713923982717105 16949
1672318026843 1.5325081828454543 16999
1672318041283 2.0643171123159556 17049
1672318055583 1.4069958331228243 17099
1672318080765 1.639132077353756 17149
1672318095088 1.623920616912971 17199
1672318109619 1.267405596186168 17249
1672318124021 1.496908577448401 17299
1672318138429 1.87112856679117 17349
1672318163512 1.4884594275994714 17399
1672318177774 1.9389143616188746 17449
1672318192100 1.4124792153164156 17499
1672318206517 1.420061281138119 17549
1672318231520 1.6555922472441136 17599
1672318245811 1.504017895278177 17649
1672318260207 1.3501693837663533 17699
1672318274601 1.900749504966588 17749
1672318299253 1.6552672903400274 17799
1672318313567 1.6248494132243503 17849
1672318328114 1.5598374419842997 17899
1672318342427 1.4279224430550848 17949
1672318356873 1.4449304955909386 17999
1672318381978 1.4759694660630356 18049
1672318396348 1.2745678177657367 18099
1672318410577 1.8677784110344962 18149
1672318424801 1.8981488411289056 18199
1672318449661 1.560799785106103 18249
1672318463996 1.9138856039921908 18299
1672318478336 1.2800318613490216 18349
1672318492922 1.6407811499461706 18399
1672318518020 1.8826346021467641 18449
1672318532312 1.3959712152976123 18499
1672318546609 1.1394977536426416 18549
1672318560916 1.9187471940752905 18599
1672318575231 1.9079596283211049 18649
1672318600368 1.8754443487810544 18699
1672318614796 1.2181708416553938 18749
1672318629221 1.3836625157457263 18799
1672318643749 2.04573219463622 18849
1672318668606 1.6015052253202389 18899
1672318682881 1.3947209166101786 18949
1672318697130 2.06116208436234 18999
1672318711363 1.8578209749035732 19049
1672318736060 1.3797613730770064 19099
1672318750310 1.8357530889026128 19149
1672318764972 1.4223067079383451 19199
1672318779339 2.201446224644047 19249
1672318793834 1.6533611233027536 19299
1672318818656 1.894797917343146 19349
1672318832938 1.611684045469996 19399
1672318847206 0.9410304858996511 19449
1672318861460 1.3763265856507578 19499
1672318886359 1.961645518524662 19549
1672318901011 1.3729978399447 19599
1672318915501 1.4526733579469067 19649
1672318930001 1.5449153184683737 19699
1672318955134 2.04385243926244 19749
1672318969354 1.621718897685222 19799
1672318983575 1.5459562836755885 19849
1672318997811 1.5484310652268731 19899
1672319012036 1.3701912117311825 19949
1672319036950 1.450426225266058 19999
1672319051537 1.610415879677036 20049
1672319065980 1.3965288318111466 20099
1672319080296 1.4869225406462605 20149
1672319105590 1.5648513684269112 20199
1672319119864 1.7375871322740613 20249
1672319134153 1.5891520031195663 20299
1672319148441 1.1617217095884342 20349
1672319173290 1.32022973648709 20399
1672319187867 1.5124454640174572 20449
1672319202301 1.7399287473094058 20499
1672319216560 1.5651934048740657 20549
1672319230839 1.8635171864953581 20599
1672319255694 1.8466249046530245 20649
1672319269938 1.9200996490618394 20699
1672319284203 1.3129464116353529 20749
1672319298614 1.6047565426373476 20799
1672319323826 1.618504534768029 20849
1672319338109 1.5687884537302583 20899
1672319352405 1.7394667343308425 20949
1672319366958 1.813099807966692 20999
1672319392133 1.7421177453793408 21049
1672319406366 1.7093942802012378 21099
1672319420598 1.4974123065352274 21149
1672319434980 1.7342022555160503 21199
1672319449214 1.3915944595727243 21249
1672319474368 1.6328613245422896 21299
1672319488632 1.2445034307230145 21349
1672319503017 1.7754281950522173 21399
1672319517290 1.7966904392855598 21449
1672319542407 1.5876582497749017 21499
1672319556656 1.3887212475629451 21549
1672319571040 1.6736980570619662 21599
1672319585294 1.2014993992700922 21649
1672319599334 0.44747355185180404 21699
1672319624512 1.369358169525752 21749
1672319638768 1.5148376723631958 21799
1672319653191 1.5114368090693384 21849
1672319667598 1.6883810737435538 21899
1672319692431 1.7463121288715433 21949
1672319706900 1.4430863524496866 21999
1672319721314 1.6056610567728233 22049
1672319735768 1.542580207640356 22099
1672319760687 1.3942136462004313 22149
1672319775050 1.2663485201872122 22199
1672319789279 0.9376357635238725 22249
1672319803624 1.6679315935786034 22299
1672319817841 1.6838329548189126 22349
1672319842970 2.017844021465607 22399
1672319857344 1.4635095701378533 22449
1672319871667 1.1374197049950332 22499
1672319886165 1.3620048892367258 22549
1672319911128 1.8219009246192128 22599
1672319925587 1.544359978055294 22649
1672319940444 1.5166539313069178 22699
1672319954776 1.5783148532911762 22749
1672319979880 1.3109389929083182 22799
1672319994155 1.61578911547651 22849
1672320008451 1.259820551273548 22899
1672320022868 1.5014563920393955 22949
1672320037140 1.3685824236040105 22999
1672320062504 1.7355560888735853 23049
1672320076846 1.6172188692891072 23099
1672320091171 1.5207696076868578 23149
1672320105637 1.3278496690283381 23199
1672320130618 1.7188312897714317 23249
1672320144871 1.7879391949415706 23299
1672320159125 1.5820726532619829 23349
1672320173483 1.4990228184218748 23399
1672320198373 1.262519819635602 23449
1672320212800 1.3523655288352021 23499
1672320227214 1.9438754357303025 23549
1672320241465 1.6205289643251914 23599
1672320255865 1.53924654117471 23649
1672320280869 1.6493147337752465 23699
1672320295284 1.7773983740781116 23749
1672320309730 1.689596267105016 23799
1672320324292 1.4609293914701031 23849
1672320349328 1.2658124740049181 23899
1672320363955 1.6107057477467244 23949
1672320378262 1.707569876779032 23999
1672320392705 1.6089781983783902 24049
1672320417551 2.1391063038628437 24099
1672320431851 1.5913024724010638 24149
1672320446291 1.4961346401197166 24199
1672320460577 0.9853642122094393 24249
1672320475027 1.1223935719631402 24299
1672320500328 1.3396133771943544 24349
1672320514672 1.4910272948356322 24399
1672320529142 1.270134882363691 24449
1672320543475 1.6007951787937158 24499
1672320568443 1.7640413122500536 24549
1672320582727 1.2941533410336796 24599
1672320597139 1.6507809773714577 24649
1672320611415 1.447857181872405 24699
1672320636231 1.4047607199500833 24749
1672320650665 1.3362121076753182 24799
1672320664951 1.7806388708604024 24849
1672320679504 1.9252200602130416 24899
1672320693791 1.5958638389016875 24949
1672320718789 1.5912066914898668 24999
1672320733195 1.3310646619339117 25049
1672320747471 1.8335668995315155 25099
1672320761901 1.6610702396029073 25149
1672320786958 1.8380229490935158 25199
1672320801220 1.3284807585667198 25249
1672320815769 1.2919650422422864 25299
1672320830039 1.5757392561991825 25349
1672320855259 1.6262474430418368 25399
1672320869566 1.7263886232413952 25449
1672320883877 1.2881416962526921 25499
1672320898337 1.6019205622105677 25549
1672320912646 1.6151284521550568 25599
1672320937388 1.3559562622916446 25649
1672320951874 1.1066881723740218 25699
1672320966316 1.7601883060863872 25749
1672320980592 1.3568766857001655 25799
1672321005465 1.360268840124521 25849
1672321020066 1.490991160026031 25899
1672321034387 1.9196974885348408 25949
1672321048677 1.279688304174139 25999
1672321073515 1.402376425258852 26049
1672321088168 1.4762826887238698 26099
1672321102534 1.3819982265296304 26149
1672321116905 1.320356909421393 26199
1672321131235 1.5102489488846311 26249
1672321156560 1.78866720718291 26299
1672321171032 1.6744015939038153 26349
1672321185370 1.784614201300422 26399
1672321199683 1.3771619643221098 26449
1672321225132 1.4772333196588632 26499
1672321239590 1.1037289965016688 26549
1672321253898 1.7211318255473604 26599
1672321268240 1.5870321444026134 26649
1672321293388 1.7318745650250016 26699
1672321307599 1.3930382050205157 26749
1672321322135 1.569002214278848 26799
1672321336374 1.6183494810777475 26849
1672321350583 1.6731303232015011 26899
1672321375796 1.6427056851526836 26949
1672321390065 1.6408544884506575 26999
1672321404290 1.7720521841950772 27049
1672321418679 1.57545549867279 27099
1672321443931 1.6721473398538418 27149
1672321458259 1.4615072401587534 27199
1672321472696 1.1261156552018132 27249
1672321487007 1.8860518933871626 27299
1672321512150 1.5975199444460098 27349
1672321526486 1.3845442479712546 27399
1672321540815 1.7938090139699714 27449
1672321555296 1.5105912918009863 27499
1672321569639 1.5917939678388018 27549
1672321594557 1.4452418380294567 27599
1672321608951 1.0725411491957753 27649
1672321623618 1.4941457952640043 27699
1672321638018 1.8823082247699285 27749
1672321662971 1.6173702171888371 27799
1672321677234 1.3543022774197264 27849
1672321691502 2.0668850728824344 27899
1672321705761 1.3889809103889545 27949
1672321730668 1.2358525862437664 27999
1672321745043 1.5917230771764426 28049
1672321759320 1.709222785612113 28099
1672321773840 1.7349610451990585 28149
1672321788067 1.6158452794863878 28199
1672321813151 1.3947967461371795 28249
1672321827469 1.41224840431012 28299
1672321841758 1.2584793297576624 28349
1672321856194 1.4472159312465804 28399
1672321881297 1.4603246593210977 28449
1672321895749 1.1919438227996246 28499
1672321910043 1.3900516042478144 28549
1672321924467 1.3079011789989172 28599
1672321949236 2.1790587057971766 28649
1672321963493 1.6678914518766448 28699
1672321977896 1.5491667945932956 28749
1672321992296 1.2625986219757759 28799
1672322006779 1.4849446592002975 28849
1672322031670 1.4065978811950737 28899
1672322046105 1.368396240861066 28949
1672322060378 1.3563514943037134 28999
1672322074667 1.6291867759581191 29049
1672322099432 1.2731321296011198 29099
1672322114002 1.583288775408589 29149
1672322128317 1.658565638359893 29199
1672322142747 1.5203485656559734 29249
1672322167865 1.2032065111922765 29299
1672322182158 1.5283349860190456 29349
1672322196440 1.1406796970757855 29399
1672322210703 1.351964071649696 29449
1672322225011 1.2738490823356776 29499
1672322250257 1.7501883232004594 29549
1672322264559 1.4407814703981685 29599
1672322278824 2.042469791484599 29649
1672322293237 1.7424437337144085 29699
1672322317923 1.5494196954308186 29749
1672322332227 1.8134907516804046 29799
1672322346550 1.439871529988075 29849
1672322360823 1.6192251110138105 29899
1672322386382 1.2095272193951976 29949
1672322400824 1.30739538041024 29999
1672322415209 1.0534327694810022 30049
1672322429416 1.5676629388285186 30099
1672322443628 1.8502242276626024 30149
1672322468658 2.3254493264504736 30199
1672322482977 1.5084498300523483 30249
1672322497350 1.4955946690125073 30299
1672322511737 1.6391801907306909 30349
1672322536693 1.6233978099806934 30399
1672322551051 1.0288703125368244 30449
1672322565455 1.7204059233855262 30499
1672322579703 1.7767245894077601 30549
1672322604490 1.0948865919799677 30599
1672322618850 1.7540882661091208 30649
1672322633267 1.7982373592611118 30699
1672322647539 1.8765977079744194 30749
1672322661768 1.3620319993267784 30799
1672322686688 1.4009484640350176 30849
1672322700882 1.6968044434434288 30899
1672322715107 1.4501644957919655 30949
1672322729299 1.3677472800743797 30999
1672322754316 1.3766222947911828 31049
1672322768552 1.6765036043236334 31099
1672322782805 1.5063666355767127 31149
1672322797026 1.7065250102479403 31199
1672322821927 0.9013960673588908 31249
1672322836296 1.5065321981396809 31299
1672322850539 1.2805699838672069 31349
1672322864781 1.791648964361808 31399
1672322879166 1.412805179897522 31449
1672322904067 1.457341537763265 31499
1672322918290 1.9172045948008605 31549
1672322932689 1.7997759567295175 31599
1672322946935 1.2118024118328414 31649
1672322971825 1.3725815370954126 31699
1672322985962 1.6294759531096439 31749
1672323000111 1.0847442854671505 31799
1672323014544 2.1174084615031945 31849
1672323039190 1.5378162622189895 31899
1672323053386 1.6681304906715615 31949
1672323067724 1.2585980642441643 31999
1672323082089 1.6468893551571813 32049
1672323096320 1.9706180700416809 32099
1672323121185 1.9087149907550571 32149
1672323135686 1.6625189804594944 32199
1672323149897 1.429717287604371 32249
1672323164192 1.1965031296556123 32299
1672323188992 1.2759461566035148 32349
1672323203452 1.7937161704396913 32399
1672323217636 1.662725600069715 32449
1672323231805 1.5508105586376726 32499
1672323245795 1.1800005153837676 32549
