1672312389137 0.7692196369171143 216
1672312461182 0.7807803750038147 433
1672312534210 0.7807803750038147 650
1672312606613 0.7807803750038147 867
1672312679487 0.7807803750038147 1084
1672312752220 0.7807803750038147 1301
1672312824739 0.7807803750038147 1518
1672312897394 0.7807803750038147 1735
1672312970107 0.7807803750038147 1952
1672313043136 0.7812138795852661 2169
1672313115740 0.7813583612442017 2386
1672313188675 0.7829479575157166 2603
1672313261974 0.7816473841667175 2820
1672313334519 0.7845375537872314 3037
1672313407675 0.7843930721282959 3254
1672313480474 0.7856936454772949 3471
1672313553197 0.7877167463302612 3688
1672313626516 0.7888728380203247 3905
1672313699187 0.7904624342918396 4122
1672313771568 0.7926300764083862 4339
1672313844839 0.794508695602417 4556
1672313917670 0.7900289297103882 4773
1672313990155 0.7960982918739319 4990
1672314062993 0.7939306497573853 5207
1672314135986 0.796387255191803 5424
1672314208743 0.7969653010368347 5641
1672314281753 0.794508695602417 5858
1672314354389 0.8005780577659607 6075
1672314427309 0.8005780577659607 6292
1672314499977 0.8010115623474121 6509
1672314572999 0.8024566769599915 6726
1672314645860 0.8050578236579895 6943
1672314718984 0.8021676540374756 7160
1672314791922 0.8023121356964111 7377
1672314865037 0.7992774844169617 7594
1672314937512 0.8066474199295044 7811
1672315010768 0.8070809245109558 8028
1672315083592 0.8027456402778625 8245
1672315156238 0.8091040253639221 8462
1672315228939 0.8079479932785034 8679
1672315301930 0.8047688007354736 8896
1672315375151 0.8088150024414062 9113
1672315448080 0.808092474937439 9330
1672315521605 0.8066474199295044 9547
1672315594585 0.8059248328208923 9764
1672315667534 0.8079479932785034 9981
1672315740516 0.8115606904029846 10198
1672315813333 0.8135837912559509 10415
1672315886660 0.8086705207824707 10632
1672315959708 0.8141618371009827 10849
1672316032446 0.8128612637519836 11066
1672316105713 0.8115606904029846 11283
1672316178507 0.8122832179069519 11500
1672316251205 0.8145954012870789 11717
1672316324058 0.814306378364563 11934
1672316396967 0.8132947683334351 12151
1672316469646 0.8140173554420471 12368
1672316542562 0.81488436460495 12585
1672316615291 0.8122832179069519 12802
1672316688982 0.8158959746360779 13019
1672316762286 0.8164739608764648 13236
1672316835542 0.8105491399765015 13453
1672316908275 0.8182080984115601 13670
1672316981660 0.816907525062561 13887
1672317054719 0.8177745938301086 14104
1672317127704 0.815606951713562 14321
1672317200799 0.8158959746360779 14538
1672317273615 0.8171965479850769 14755
1672317346265 0.8171965479850769 14972
1672317419296 0.8182080984115601 15189
1672317492549 0.8184971213340759 15406
1672317565731 0.8212427496910095 15623
1672317638827 0.8192196488380432 15840
1672317712039 0.8179190754890442 16057
1672317785530 0.8182080984115601 16274
1672317858461 0.8160404562950134 16491
1672317931569 0.8202311992645264 16708
1672318004902 0.8190751671791077 16925
1672318077989 0.8213872909545898 17142
1672318151201 0.8200867176055908 17359
1672318224229 0.8203757405281067 17576
1672318296755 0.8196531534194946 17793
1672318369895 0.8189306259155273 18010
1672318442599 0.8190751671791077 18227
1672318515830 0.8229768872261047 18444
1672318588769 0.8180635571479797 18661
1672318661886 0.822398841381073 18878
1672318734174 0.8150289058685303 19095
1672318807341 0.8229768872261047 19312
1672318879849 0.8205202221870422 19529
1672318953433 0.8261560797691345 19746
1672319025885 0.8187861442565918 19963
1672319099378 0.8231213688850403 20180
1672319171959 0.8192196488380432 20397
1672319244957 0.822398841381073 20614
1672319317747 0.8216763138771057 20831
1672319391105 0.823699414730072 21048
1672319463778 0.8183525800704956 21265
1672319536631 0.8239884376525879 21482
1672319609560 0.8229768872261047 21699
1672319682170 0.8252890110015869 21916
1672319755361 0.8252890110015869 22133
1672319828000 0.8209537863731384 22350
1672319901154 0.8228323459625244 22567
1672319974763 0.8228323459625244 22784
1672320047912 0.824999988079071 23001
1672320120951 0.8225433230400085 23218
1672320193570 0.8219653367996216 23435
1672320266549 0.8229768872261047 23652
1672320340015 0.8276011347770691 23869
1672320413088 0.8235549330711365 24086
1672320486256 0.8248555064201355 24303
1672320559295 0.8247109651565552 24520
1672320632060 0.8274566531181335 24737
1672320705147 0.8245664834976196 24954
1672320778220 0.8231213688850403 25171
1672320851233 0.824999988079071 25388
1672320924094 0.8258670568466187 25605
1672320997032 0.8196531534194946 25822
1672321069908 0.8277456760406494 26039
1672321143461 0.8241329193115234 26256
1672321216902 0.8267341256141663 26473
1672321290028 0.8261560797691345 26690
1672321363029 0.8277456760406494 26907
1672321436013 0.8258670568466187 27124
1672321509065 0.8265895843505859 27341
1672321582122 0.8281791806221008 27558
1672321655285 0.8264451026916504 27775
1672321727914 0.8287572264671326 27992
1672321800989 0.8261560797691345 28209
1672321873975 0.8251445293426514 28426
1672321946754 0.8264451026916504 28643
1672322019742 0.8258670568466187 28860
1672322092432 0.8274566531181335 29077
1672322165669 0.8280346989631653 29294
1672322238497 0.8267341256141663 29511
1672322311196 0.8263005614280701 29728
1672322384465 0.8273121118545532 29945
1672322457393 0.8281791806221008 30162
1672322530261 0.8267341256141663 30379
1672322602887 0.8294797539710999 30596
1672322675748 0.8257225155830383 30813
1672322748201 0.8270231485366821 31030
1672322820582 0.8284682035446167 31247
1672322893337 0.8280346989631653 31464
1672322965991 0.830491304397583 31681
1672323038205 0.8267341256141663 31898
1672323110771 0.8258670568466187 32115
1672323183435 0.8302023410797119 32332
1672323255558 0.8287572264671326 32549
