1672312389137 1.7096313470192368 216
1672312461182 1.6788815417771703 433
1672312534210 1.6765944053799477 650
1672312606613 1.6757385420266773 867
1672312679487 1.6688805094095371 1084
1672312752220 1.6657015662246448 1301
1672312824739 1.6592740672705149 1518
1672312897394 1.6569706144128526 1735
1672312970107 1.649646194551925 1952
1672313043136 1.6411922271142159 2169
1672313115740 1.63927609253821 2386
1672313188675 1.6439356320186163 2603
1672313261974 1.6349517190270078 2820
1672313334519 1.637729176635805 3037
1672313407675 1.6323154996817495 3254
1672313480474 1.6274218122566846 3471
1672313553197 1.6267653025578204 3688
1672313626516 1.6234490099922274 3905
1672313699187 1.6184908513064113 4122
1672313771568 1.6171330837782205 4339
1672313844839 1.6179620266417503 4556
1672313917670 1.6146022158545053 4773
1672313990155 1.619709201301929 4990
1672314062993 1.6126542237319406 5207
1672314135986 1.6162222556727632 5424
1672314208743 1.6085596811101308 5641
1672314281753 1.6117353350713024 5858
1672314354389 1.611465494362495 6075
1672314427309 1.6087192035385283 6292
1672314499977 1.6054014033886028 6509
1672314572999 1.6084841817287843 6726
1672314645860 1.6052875937633135 6943
1672314718984 1.6052938668287584 7160
1672314791922 1.606181019726952 7377
1672314865037 1.601431721087106 7594
1672314937512 1.598470719981377 7811
1672315010768 1.6024334254602826 8028
1672315083592 1.6002816703026024 8245
1672315156238 1.5953441346267245 8462
1672315228939 1.5993627640327777 8679
1672315301930 1.5966882663136708 8896
1672315375151 1.5939207162097173 9113
1672315448080 1.5926167106894464 9330
1672315521605 1.5940929820355358 9547
1672315594585 1.597343641744453 9764
1672315667534 1.5890164099103778 9981
1672315740516 1.5925369874036972 10198
1672315813333 1.5911034059152656 10415
1672315886660 1.5889465035291928 10632
1672315959708 1.5850108454455882 10849
1672316032446 1.583707068753522 11066
1672316105713 1.5892525163051536 11283
1672316178507 1.5836843456189702 11500
1672316251205 1.584492642214896 11717
1672316324058 1.5815456749468992 11934
1672316396967 1.585802214974762 12151
1672316469646 1.5859846059663298 12368
1672316542562 1.5820714256140727 12585
1672316615291 1.579472801784452 12802
1672316688982 1.5792352716437663 13019
1672316762286 1.576932495795534 13236
1672316835542 1.5815381808599995 13453
1672316908275 1.5742913758779769 13670
1672316981660 1.579299005806555 13887
1672317054719 1.5793378468597996 14104
1672317127704 1.5744479280975217 14321
1672317200799 1.5751279740711992 14538
1672317273615 1.570812324831549 14755
1672317346265 1.5720514772001235 14972
1672317419296 1.572088223017129 15189
1672317492549 1.5749733080866584 15406
1672317565731 1.5722885528611465 15623
1672317638827 1.5730080375492543 15840
1672317712039 1.57177748957944 16057
1672317785530 1.5710196652367023 16274
1672317858461 1.568326667467311 16491
1672317931569 1.5676680021988216 16708
1672318004902 1.5656683465175412 16925
1672318077989 1.5674514211534067 17142
1672318151201 1.5700209665928448 17359
1672318224229 1.5674077251683196 17576
1672318296755 1.5694636905630601 17793
1672318369895 1.5680281016841557 18010
1672318442599 1.5633166348188625 18227
1672318515830 1.5635806353128339 18444
1672318588769 1.5696006475576951 18661
1672318661886 1.5646435920672324 18878
1672318734174 1.5666869210890486 19095
1672318807341 1.56115077681509 19312
1672318879849 1.5634008671982662 19529
1672318953433 1.5609489207561085 19746
1672319025885 1.562951257096426 19963
1672319099378 1.5652901407164725 20180
1672319171959 1.5619766471611416 20397
1672319244957 1.5650091385485703 20614
1672319317747 1.5623951675725807 20831
1672319391105 1.5572230017550293 21048
1672319463778 1.563832250962585 21265
1672319536631 1.5571725136845969 21482
1672319609560 1.5591509060106756 21699
1672319682170 1.5586631716642294 21916
1672319755361 1.5571873657610165 22133
1672319828000 1.5563128307783491 22350
1672319901154 1.5584272020100889 22567
1672319974763 1.5584035558866463 22784
1672320047912 1.5569351439125467 23001
1672320120951 1.5590407365253764 23218
1672320193570 1.5561710765009054 23435
1672320266549 1.5559318739457353 23652
1672320340015 1.5552628431219566 23869
1672320413088 1.5568641851355574 24086
1672320486256 1.5545038459428315 24303
1672320559295 1.5567072460611822 24520
1672320632060 1.5532997284155956 24737
1672320705147 1.5520284258670598 24954
1672320778220 1.554398286017976 25171
1672320851233 1.5532945734633359 25388
1672320924094 1.5554510969783402 25605
1672320997032 1.5545870448959518 25822
1672321069908 1.5495855375431373 26039
1672321143461 1.5533767051935368 26256
1672321216902 1.5477365260240943 26473
1672321290028 1.5500137266870482 26690
1672321363029 1.5515824238781648 26907
1672321436013 1.5482286242975873 27124
1672321509065 1.547520233619427 27341
1672321582122 1.548752822657448 27558
1672321655285 1.5510689335223484 27775
1672321727914 1.5468011145938843 27992
1672321800989 1.552650362103172 28209
1672321873975 1.5488748423701844 28426
1672321946754 1.5466790449891854 28643
1672322019742 1.5458253391153896 28860
1672322092432 1.543340082156506 29077
1672322165669 1.5451229021067259 29294
1672322238497 1.546708374347868 29511
1672322311196 1.552116427753529 29728
1672322384465 1.5465354914870724 29945
1672322457393 1.5449026221537252 30162
1672322530261 1.545456689743917 30379
1672322602887 1.5450100827044502 30596
1672322675748 1.5417344475830421 30813
1672322748201 1.5441226308408156 31030
1672322820582 1.5440676686643584 31247
1672322893337 1.544127180642943 31464
1672322965991 1.5454477992754025 31681
1672323038205 1.5461955868635455 31898
1672323110771 1.5408151042936438 32115
1672323183435 1.5399582120570683 32332
1672323255558 1.5428659355091683 32549
