1672099840202 0.0 216
1672099912379 0.0 433
1672099985299 0.0 650
1672100058494 0.0 867
1672100131300 0.0 1084
1672100204544 0.0 1301
1672100277701 0.0 1518
1672100351012 0.0 1735
1672100424118 0.0 1952
1672100497501 1.75 2169
1672100570358 5.0 2386
1672100643511 26.0 2603
1672100716840 13.0 2820
1672100789992 0.75 3037
1672100862861 11.0 3254
1672100935790 2.0 3471
1672101008936 10.0 3688
1672101081822 18.25 3905
1672101154729 25.25 4122
1672101227657 22.75 4339
1672101301284 26.25 4556
1672101374444 26.25 4773
1672101447550 24.0 4990
1672101520575 32.0 5207
1672101593840 17.75 5424
1672101666887 31.25 5641
1672101739958 26.5 5858
1672101812920 21.75 6075
1672101885730 17.75 6292
1672101958853 25.75 6509
1672102032044 18.25 6726
1672102105419 25.0 6943
1672102178151 12.5 7160
1672102251522 20.25 7377
1672102324759 23.75 7594
1672102397777 26.5 7811
1672102471226 17.25 8028
1672102544519 21.75 8245
1672102617907 22.5 8462
1672102690934 23.0 8679
1672102763730 26.25 8896
1672102836843 23.25 9113
1672102909926 22.25 9330
1672102983112 24.0 9547
1672103055977 25.75 9764
1672103129095 25.0 9981
1672103202441 23.5 10198
1672103275916 21.75 10415
1672103348867 24.0 10632
1672103422207 22.25 10849
1672103495617 22.25 11066
1672103568828 24.25 11283
1672103642005 23.0 11500
1672103715587 24.25 11717
1672103788820 25.75 11934
1672103862107 25.0 12151
1672103935686 24.25 12368
1672104008445 23.25 12585
1672104081427 23.75 12802
1672104154562 22.25 13019
1672104227886 23.75 13236
1672104301328 24.0 13453
1672104374805 25.75 13670
1672104448295 25.0 13887
1672104521237 23.75 14104
1672104594005 25.75 14321
1672104667369 23.75 14538
1672104740344 22.25 14755
1672104813646 23.5 14972
1672104886633 26.75 15189
1672104960078 25.5 15406
1672105033437 22.0 15623
1672105106525 23.75 15840
1672105180154 23.75 16057
1672105252935 23.5 16274
1672105326062 23.25 16491
1672105399764 24.0 16708
1672105472962 23.75 16925
1672105546331 22.5 17142
1672105619420 23.5 17359
1672105692720 23.5 17576
1672105765966 23.5 17793
1672105839685 23.75 18010
1672105912693 25.0 18227
1672105986073 23.5 18444
1672106059708 24.0 18661
1672106133006 23.5 18878
1672106206370 24.5 19095
1672106279407 23.5 19312
1672106352582 23.5 19529
1672106425911 23.75 19746
1672106499203 24.5 19963
1672106572417 23.5 20180
1672106645620 24.25 20397
1672106719078 23.75 20614
1672106792811 23.0 20831
1672106865709 23.75 21048
1672106939228 23.75 21265
1672107012199 23.0 21482
1672107085313 23.75 21699
1672107158579 23.5 21916
1672107231614 23.75 22133
1672107306049 23.5 22350
1672107383813 23.75 22567
1672107459475 23.5 22784
1672107535851 23.5 23001
1672107611988 23.75 23218
1672107688598 23.75 23435
1672107764651 23.5 23652
1672107841001 23.5 23869
1672107916992 23.5 24086
1672107992634 23.5 24303
1672108068606 23.75 24520
1672108144597 20.0 24737
1672108220936 17.5 24954
1672108296392 22.75 25171
1672108372266 23.5 25388
1672108447872 12.75 25605
1672108524000 23.25 25822
1672108599879 22.0 26039
1672108676214 23.5 26256
1672108752486 23.75 26473
1672108829208 24.75 26690
1672108904907 24.25 26907
1672108980610 23.75 27124
1672109057201 23.75 27341
1672109130939 23.75 27558
1672109205375 23.75 27775
1672109279597 23.75 27992
1672109354401 18.0 28209
1672109429551 23.75 28426
1672109506597 24.25 28643
1672109582538 23.75 28860
1672109658502 23.75 29077
1672109734430 23.75 29294
1672109811173 24.0 29511
1672109887164 22.25 29728
1672109963353 24.5 29945
1672110039079 23.5 30162
1672110115311 24.0 30379
1672110191731 23.0 30596
1672110267313 24.75 30813
1672110342310 24.0 31030
1672110416957 23.5 31247
1672110491519 23.75 31464
1672110565661 23.75 31681
1672110640337 23.5 31898
1672110715111 24.0 32115
1672110789233 23.75 32332
1672110863392 23.75 32549
