1672099840202 217.0 216
1672099912379 217.0 433
1672099985299 217.0 650
1672100058494 217.0 867
1672100131300 217.0 1084
1672100204544 217.0 1301
1672100277701 217.0 1518
1672100351012 217.0 1735
1672100424118 217.0 1952
1672100497501 215.25 2169
1672100570358 212.0 2386
1672100643511 191.0 2603
1672100716840 204.0 2820
1672100789992 216.25 3037
1672100862861 206.0 3254
1672100935790 215.0 3471
1672101008936 207.0 3688
1672101081822 198.75 3905
1672101154729 191.75 4122
1672101227657 194.25 4339
1672101301284 190.75 4556
1672101374444 190.75 4773
1672101447550 193.0 4990
1672101520575 185.0 5207
1672101593840 199.0 5424
1672101666887 185.75 5641
1672101739958 190.25 5858
1672101812920 195.25 6075
1672101885730 199.25 6292
1672101958853 191.25 6509
1672102032044 198.75 6726
1672102105419 191.75 6943
1672102178151 204.5 7160
1672102251522 196.75 7377
1672102324759 193.0 7594
1672102397777 189.5 7811
1672102471226 199.5 8028
1672102544519 195.25 8245
1672102617907 193.5 8462
1672102690934 192.75 8679
1672102763730 189.25 8896
1672102836843 193.75 9113
1672102909926 194.25 9330
1672102983112 191.75 9547
1672103055977 190.25 9764
1672103129095 190.75 9981
1672103202441 192.5 10198
1672103275916 194.25 10415
1672103348867 191.75 10632
1672103422207 193.5 10849
1672103495617 193.25 11066
1672103568828 191.75 11283
1672103642005 192.5 11500
1672103715587 191.0 11717
1672103788820 189.75 11934
1672103862107 190.75 12151
1672103935686 191.25 12368
1672104008445 192.25 12585
1672104081427 191.5 12802
1672104154562 192.75 13019
1672104227886 191.5 13236
1672104301328 191.5 13453
1672104374805 189.75 13670
1672104448295 190.5 13887
1672104521237 191.5 14104
1672104594005 189.5 14321
1672104667369 191.75 14538
1672104740344 193.0 14755
1672104813646 191.75 14972
1672104886633 188.75 15189
1672104960078 190.0 15406
1672105033437 193.5 15623
1672105106525 191.5 15840
1672105180154 191.5 16057
1672105252935 191.5 16274
1672105326062 192.0 16491
1672105399764 191.25 16708
1672105472962 191.5 16925
1672105546331 192.75 17142
1672105619420 191.75 17359
1672105692720 191.75 17576
1672105765966 191.75 17793
1672105839685 191.75 18010
1672105912693 190.25 18227
1672105986073 191.25 18444
1672106059708 190.75 18661
1672106133006 191.5 18878
1672106206370 191.0 19095
1672106279407 191.75 19312
1672106352582 192.25 19529
1672106425911 191.5 19746
1672106499203 190.75 19963
1672106572417 191.25 20180
1672106645620 188.0 20397
1672106719078 190.0 20614
1672106792811 192.5 20831
1672106865709 192.0 21048
1672106939228 191.75 21265
1672107012199 192.75 21482
1672107085313 191.25 21699
1672107158579 191.25 21916
1672107231614 191.25 22133
1672107306049 189.5 22350
1672107383813 190.5 22567
1672107459475 191.25 22784
1672107535851 192.0 23001
1672107611988 191.75 23218
1672107688598 191.0 23435
1672107764651 192.0 23652
1672107841001 192.0 23869
1672107916992 191.0 24086
1672107992634 192.25 24303
1672108068606 191.0 24520
1672108144597 195.5 24737
1672108220936 195.25 24954
1672108296392 190.25 25171
1672108372266 192.0 25388
1672108447872 202.0 25605
1672108524000 191.5 25822
1672108599879 193.5 26039
1672108676214 191.75 26256
1672108752486 191.75 26473
1672108829208 190.75 26690
1672108904907 190.5 26907
1672108980610 191.5 27124
1672109057201 189.5 27341
1672109130939 189.5 27558
1672109205375 190.25 27775
1672109279597 192.0 27992
1672109354401 197.25 28209
1672109429551 189.25 28426
1672109506597 190.5 28643
1672109582538 191.75 28860
1672109658502 191.25 29077
1672109734430 188.5 29294
1672109811173 191.0 29511
1672109887164 192.5 29728
1672109963353 191.0 29945
1672110039079 190.0 30162
1672110115311 190.5 30379
1672110191731 192.5 30596
1672110267313 189.5 30813
1672110342310 190.75 31030
1672110416957 191.25 31247
1672110491519 191.25 31464
1672110565661 190.5 31681
1672110640337 190.5 31898
1672110715111 189.75 32115
1672110789233 191.5 32332
1672110863392 191.25 32549
