1672099785070 0 49
1672099799553 0 99
1672099814262 0 149
1672099828849 0 199
1672099840202 0 216
1672099843100 1 216
1672099853263 1 249
1672099867622 1 299
1672099881962 1 349
1672099896337 1 399
1672099912379 1 433
1672099915546 2 433
1672099920790 2 449
1672099935260 2 499
1672099949742 2 549
1672099964228 2 599
1672099978709 2 649
1672099985299 2 650
1672099988512 3 650
1672100003359 3 699
1672100017830 3 749
1672100032278 3 799
1672100046808 3 849
1672100058494 3 867
1672100061657 4 867
1672100071549 4 899
1672100085971 4 949
1672100100383 4 999
1672100115137 4 1049
1672100131300 4 1084
1672100134514 5 1084
1672100139588 5 1099
1672100154006 5 1149
1672100168467 5 1199
1672100182945 5 1249
1672100197667 5 1299
1672100204544 5 1301
1672100207765 6 1301
1672100222314 6 1349
1672100236917 6 1399
1672100251350 6 1449
1672100265744 6 1499
1672100277701 6 1518
1672100280859 7 1518
1672100290519 7 1549
1672100304976 7 1599
1672100319566 7 1649
1672100334292 7 1699
1672100351012 7 1735
1672100354317 8 1735
1672100359031 8 1749
1672100373440 8 1799
1672100387850 8 1849
1672100402268 8 1899
1672100416823 8 1949
1672100424118 8 1952
1672100427306 9 1952
1672100441601 9 1999
1672100456238 9 2049
1672100470724 9 2099
1672100485345 9 2149
1672100497501 9 2169
1672100500677 10 2169
1672100510025 10 2199
1672100524424 10 2249
1672100539020 10 2299
1672100553400 10 2349
1672100570358 10 2386
1672100573507 11 2386
1672100577942 11 2399
1672100592350 11 2449
1672100606955 11 2499
1672100621425 11 2549
1672100636023 11 2599
1672100643511 11 2603
1672100646701 12 2603
1672100660870 12 2649
1672100675307 12 2699
1672100689833 12 2749
1672100704341 12 2799
1672100716840 12 2820
1672100719984 13 2820
1672100729239 13 2849
1672100743789 13 2899
1672100758214 13 2949
1672100772659 13 2999
1672100789992 13 3037
1672100793154 14 3037
1672100797313 14 3049
1672100811741 14 3099
1672100826315 14 3149
1672100840712 14 3199
1672100855114 14 3249
1672100862861 14 3254
1672100865967 15 3254
1672100879646 15 3299
1672100894122 15 3349
1672100908588 15 3399
1672100923180 15 3449
1672100935790 15 3471
1672100938974 16 3471
1672100947755 16 3499
1672100962337 16 3549
1672100976778 16 3599
1672100991342 16 3649
1672101008936 16 3688
1672101012206 17 3688
1672101016095 17 3699
1672101030479 17 3749
1672101044994 17 3799
1672101059374 17 3849
1672101073768 17 3899
1672101081822 17 3905
1672101084989 18 3905
1672101098331 18 3949
1672101112862 18 3999
1672101127276 18 4049
1672101141664 18 4099
1672101154729 18 4122
1672101157858 19 4122
1672101166399 19 4149
1672101180829 19 4199
1672101195291 19 4249
1672101209898 19 4299
1672101227657 19 4339
1672101230846 20 4339
1672101234589 20 4349
1672101249001 20 4399
1672101263576 20 4449
1672101278086 20 4499
1672101292732 20 4549
1672101301284 20 4556
1672101304530 21 4556
1672101317588 21 4599
1672101332257 21 4649
1672101346952 21 4699
1672101361379 21 4749
1672101374444 21 4773
1672101377580 22 4773
1672101385730 22 4799
1672101400417 22 4849
1672101414812 22 4899
1672101429243 22 4949
1672101447550 22 4990
1672101450799 23 4990
1672101454099 23 4999
1672101468510 23 5049
1672101482947 23 5099
1672101497403 23 5149
1672101511936 23 5199
1672101520575 23 5207
1672101523780 24 5207
1672101536875 24 5249
1672101551479 24 5299
1672101565933 24 5349
1672101580506 24 5399
1672101593840 24 5424
1672101596987 25 5424
1672101604855 25 5449
1672101619303 25 5499
1672101633736 25 5549
1672101648326 25 5599
1672101666887 25 5641
1672101670020 26 5641
1672101673005 26 5649
1672101687581 26 5699
1672101702148 26 5749
1672101716715 26 5799
1672101731170 26 5849
1672101739958 26 5858
1672101743055 27 5858
1672101755513 27 5899
1672101769938 27 5949
1672101784450 27 5999
1672101798848 27 6049
1672101812920 27 6075
1672101816105 28 6075
1672101823824 28 6099
1672101838216 28 6149
1672101852758 28 6199
1672101867161 28 6249
1672101885730 28 6292
1672101888836 29 6292
1672101891569 29 6299
1672101906010 29 6349
1672101920448 29 6399
1672101935018 29 6449
1672101949587 29 6499
1672101958853 29 6509
1672101962037 30 6509
1672101974303 30 6549
1672101988834 30 6599
1672102003214 30 6649
1672102017620 30 6699
1672102032044 30 6726
1672102035261 31 6726
1672102042567 31 6749
1672102056961 31 6799
1672102071480 31 6849
1672102086007 31 6899
1672102105419 31 6943
1672102108606 32 6943
1672102111070 32 6949
1672102125517 32 6999
1672102139924 32 7049
1672102154340 32 7099
1672102168732 32 7149
1672102178151 32 7160
1672102181417 33 7160
1672102193594 33 7199
1672102208159 33 7249
1672102222562 33 7299
1672102236996 33 7349
1672102251522 33 7377
1672102254740 34 7377
1672102261780 34 7399
1672102276207 34 7449
1672102290630 34 7499
1672102305056 34 7549
1672102324759 34 7594
1672102327954 35 7594
1672102330164 35 7599
1672102344730 35 7649
1672102359212 35 7699
1672102373657 35 7749
1672102388114 35 7799
1672102397777 35 7811
1672102400917 36 7811
1672102412602 36 7849
1672102427064 36 7899
1672102441651 36 7949
1672102456144 36 7999
1672102471226 36 8028
1672102474454 37 8028
1672102481229 37 8049
1672102495635 37 8099
1672102510047 37 8149
1672102524768 37 8199
1672102544519 37 8245
1672102547753 38 8245
1672102549631 38 8249
1672102564225 38 8299
1672102578689 38 8349
1672102593291 38 8399
1672102607870 38 8449
1672102617907 38 8462
1672102621022 39 8462
1672102632418 39 8499
1672102646898 39 8549
1672102661338 39 8599
1672102675805 39 8649
1672102690934 39 8679
1672102694082 40 8679
1672102700498 40 8699
1672102714895 40 8749
1672102729311 40 8799
1672102743980 40 8849
1672102763730 40 8896
1672102766913 41 8896
1672102768505 41 8899
1672102782932 41 8949
1672102797412 41 8999
1672102811852 41 9049
1672102826268 41 9099
1672102836843 41 9113
1672102840035 42 9113
1672102851235 42 9149
1672102865790 42 9199
1672102880348 42 9249
1672102894765 42 9299
1672102909926 42 9330
1672102913102 43 9330
1672102919337 43 9349
1672102933746 43 9399
1672102948201 43 9449
1672102962603 43 9499
1672102983112 43 9547
1672102986320 44 9547
1672102987631 44 9549
1672103002101 44 9599
1672103016550 44 9649
1672103031023 44 9699
1672103045389 44 9749
1672103055977 44 9764
1672103059163 45 9764
1672103069952 45 9799
1672103084375 45 9849
1672103098937 45 9899
1672103113427 45 9949
1672103129095 45 9981
1672103132225 46 9981
1672103138265 46 9999
1672103152754 46 10049
1672103167244 46 10099
1672103181718 46 10149
1672103202441 46 10198
1672103205551 47 10198
1672103206577 47 10199
1672103221048 47 10249
1672103235693 47 10299
1672103250168 47 10349
1672103264634 47 10399
1672103275916 47 10415
1672103279095 48 10415
1672103289627 48 10449
1672103304111 48 10499
1672103318603 48 10549
1672103333107 48 10599
1672103348867 48 10632
1672103352103 49 10632
1672103357704 49 10649
1672103372105 49 10699
1672103386786 49 10749
1672103401201 49 10799
1672103415576 49 10849
1672103422207 49 10849
1672103425378 50 10849
1672103440578 50 10899
1672103455458 50 10949
1672103469914 50 10999
1672103484367 50 11049
1672103495617 50 11066
1672103498810 51 11066
1672103509232 51 11099
1672103523726 51 11149
1672103538216 51 11199
1672103552716 51 11249
1672103568828 51 11283
1672103572110 52 11283
1672103577402 52 11299
1672103591813 52 11349
1672103606216 52 11399
1672103620616 52 11449
1672103635018 52 11499
1672103642005 52 11500
1672103645222 53 11500
1672103660310 53 11549
1672103674872 53 11599
1672103689475 53 11649
1672103703954 53 11699
1672103715587 53 11717
1672103718848 54 11717
1672103728806 54 11749
1672103743237 54 11799
1672103757667 54 11849
1672103772122 54 11899
1672103788820 54 11934
1672103792034 55 11934
1672103797086 55 11949
1672103811697 55 11999
1672103826420 55 12049
1672103840868 55 12099
1672103855286 55 12149
1672103862107 55 12151
1672103865501 56 12151
1672103880251 56 12199
1672103894706 56 12249
1672103909294 56 12299
1672103923866 56 12349
1672103935686 56 12368
1672103938933 57 12368
1672103948531 57 12399
1672103962950 57 12449
1672103977364 57 12499
1672103991782 57 12549
1672104008445 57 12585
1672104011651 58 12585
1672104016372 58 12599
1672104030777 58 12649
1672104045290 58 12699
1672104059733 58 12749
1672104074355 58 12799
1672104081427 58 12802
1672104084653 59 12802
1672104098868 59 12849
1672104113379 59 12899
1672104127790 59 12949
1672104142323 59 12999
1672104154562 59 13019
1672104157792 60 13019
1672104167174 60 13049
1672104181650 60 13099
1672104196280 60 13149
1672104210883 60 13199
1672104227886 60 13236
1672104231109 61 13236
1672104235742 61 13249
1672104250220 61 13299
1672104264796 61 13349
1672104279264 61 13399
1672104293698 61 13449
1672104301328 61 13453
1672104304584 62 13453
1672104318567 62 13499
1672104333147 62 13549
1672104347847 62 13599
1672104362315 62 13649
1672104374805 62 13670
1672104377991 63 13670
1672104387092 63 13699
1672104401768 63 13749
1672104416288 63 13799
1672104430793 63 13849
1672104448295 63 13887
1672104451427 64 13887
1672104455598 64 13899
1672104470018 64 13949
1672104484464 64 13999
1672104499048 64 14049
1672104513607 64 14099
1672104521237 64 14104
1672104524377 65 14104
1672104538049 65 14149
1672104552640 65 14199
1672104567048 65 14249
1672104581476 65 14299
1672104594005 65 14321
1672104597167 66 14321
1672104606193 66 14349
1672104620797 66 14399
1672104635352 66 14449
1672104649776 66 14499
1672104667369 66 14538
1672104670564 67 14538
1672104674416 67 14549
1672104688784 67 14599
1672104703195 67 14649
1672104717592 67 14699
1672104732001 67 14749
1672104740344 67 14755
1672104743548 68 14755
1672104757050 68 14799
1672104771470 68 14849
1672104786027 68 14899
1672104800464 68 14949
1672104813646 68 14972
1672104816835 69 14972
1672104825478 69 14999
1672104839919 69 15049
1672104854362 69 15099
1672104868782 69 15149
1672104886633 69 15189
1672104889815 70 15189
1672104893677 70 15199
1672104908237 70 15249
1672104922687 70 15299
1672104937124 70 15349
1672104951562 70 15399
1672104960078 70 15406
1672104963371 71 15406
1672104976658 71 15449
1672104991115 71 15499
1672105005692 71 15549
1672105020161 71 15599
1672105033437 71 15623
1672105036654 72 15623
1672105044868 72 15649
1672105059305 72 15699
1672105073906 72 15749
1672105088337 72 15799
1672105106525 72 15840
1672105109669 73 15840
1672105112960 73 15849
1672105127582 73 15899
1672105142114 73 15949
1672105156746 73 15999
1672105171244 73 16049
1672105180154 73 16057
1672105183369 74 16057
1672105196120 74 16099
1672105210637 74 16149
1672105224998 74 16199
1672105239513 74 16249
1672105252935 74 16274
1672105256218 75 16274
1672105264145 75 16299
1672105278667 75 16349
1672105293046 75 16399
1672105307467 75 16449
1672105326062 75 16491
1672105329432 76 16491
1672105332457 76 16499
1672105347030 76 16549
1672105361499 76 16599
1672105375956 76 16649
1672105390574 76 16699
1672105399764 76 16708
1672105402964 77 16708
1672105415447 77 16749
1672105430022 77 16799
1672105444478 77 16849
1672105459025 77 16899
1672105472962 77 16925
1672105476165 78 16925
1672105483921 78 16949
1672105498379 78 16999
1672105512837 78 17049
1672105527413 78 17099
1672105546331 78 17142
1672105549505 79 17142
1672105552373 79 17149
1672105566848 79 17199
1672105581269 79 17249
1672105595841 79 17299
1672105610273 79 17349
1672105619420 79 17359
1672105622610 80 17359
1672105635147 80 17399
1672105649566 80 17449
1672105663982 80 17499
1672105678406 80 17549
1672105692720 80 17576
1672105695985 81 17576
1672105703340 81 17599
1672105718044 81 17649
1672105732457 81 17699
1672105746938 81 17749
1672105765966 81 17793
1672105769184 82 17793
1672105771633 82 17799
1672105786270 82 17849
1672105800741 82 17899
1672105815360 82 17949
1672105829955 82 17999
1672105839685 82 18010
1672105842923 83 18010
1672105854852 83 18049
1672105869423 83 18099
1672105883859 83 18149
1672105898300 83 18199
1672105912693 83 18227
1672105915938 84 18227
1672105923131 84 18249
1672105937742 84 18299
1672105952172 84 18349
1672105966628 84 18399
1672105986073 84 18444
1672105989278 85 18444
1672105991440 85 18449
1672106005886 85 18499
1672106020507 85 18549
1672106034974 85 18599
1672106049572 85 18649
1672106059708 85 18661
1672106062948 86 18661
1672106074603 86 18699
1672106089158 86 18749
1672106103560 86 18799
1672106117976 86 18849
1672106133006 86 18878
1672106136228 87 18878
1672106143060 87 18899
1672106157550 87 18949
1672106172051 87 18999
1672106186692 87 19049
1672106206370 87 19095
1672106209553 88 19095
1672106211445 88 19099
1672106225820 88 19149
1672106240218 88 19199
1672106254903 88 19249
1672106269296 88 19299
1672106279407 88 19312
1672106282625 89 19312
1672106293934 89 19349
1672106308498 89 19399
1672106322937 89 19449
1672106337528 89 19499
1672106352582 89 19529
1672106355727 90 19529
1672106362225 90 19549
1672106376857 90 19599
1672106391480 90 19649
1672106405982 90 19699
1672106425911 90 19746
1672106429156 91 19746
1672106430762 91 19749
1672106445141 91 19799
1672106459665 91 19849
1672106474245 91 19899
1672106488687 91 19949
1672106499203 91 19963
1672106502344 92 19963
1672106513422 92 19999
1672106528018 92 20049
1672106542477 92 20099
1672106556917 92 20149
1672106572417 92 20180
1672106575670 93 20180
1672106581947 93 20199
1672106596526 93 20249
1672106610946 93 20299
1672106625367 93 20349
1672106645620 93 20397
1672106648739 94 20397
1672106650101 94 20399
1672106664702 94 20449
1672106679211 94 20499
1672106693726 94 20549
1672106708195 94 20599
1672106719078 94 20614
1672106722292 95 20614
1672106733428 95 20649
1672106747926 95 20699
1672106762405 95 20749
1672106777141 95 20799
1672106792811 95 20831
1672106795988 96 20831
1672106801934 96 20849
1672106816387 96 20899
1672106830829 96 20949
1672106845245 96 20999
1672106865709 96 21048
1672106868913 97 21048
1672106869887 97 21049
1672106884473 97 21099
1672106899227 97 21149
1672106913743 97 21199
1672106928121 97 21249
1672106939228 97 21265
1672106942465 98 21265
1672106953019 98 21299
1672106967465 98 21349
1672106981895 98 21399
1672106996451 98 21449
1672107012199 98 21482
1672107015393 99 21482
1672107020967 99 21499
1672107035499 99 21549
1672107050047 99 21599
1672107064595 99 21649
1672107078796 99 21699
1672107085313 99 21699
1672107088539 100 21699
1672107103775 100 21749
1672107118267 100 21799
1672107132725 100 21849
1672107147202 100 21899
1672107158579 100 21916
1672107161761 101 21916
1672107172099 101 21949
1672107186743 101 21999
1672107201192 101 22049
1672107215589 101 22099
1672107231614 101 22133
1672107234870 102 22133
1672107240157 102 22149
1672107254706 102 22199
1672107269181 102 22249
1672107283703 102 22299
1672107298378 102 22349
1672107306049 102 22350
1672107310243 103 22350
1672107325967 103 22399
1672107341159 103 22449
1672107356094 103 22499
1672107371007 103 22549
1672107383813 103 22567
1672107387395 104 22567
1672107397641 104 22599
1672107412466 104 22649
1672107427276 104 22699
1672107442059 104 22749
1672107459475 104 22784
1672107462872 105 22784
1672107468150 105 22799
1672107483020 105 22849
1672107498270 105 22899
1672107513581 105 22949
1672107528432 105 22999
1672107535851 105 23001
1672107539278 106 23001
1672107554249 106 23049
1672107569371 106 23099
1672107584194 106 23149
1672107598990 106 23199
1672107611988 106 23218
1672107615444 107 23218
1672107625421 107 23249
1672107640544 107 23299
1672107655630 107 23349
1672107670707 107 23399
1672107688598 107 23435
1672107692072 108 23435
1672107696985 108 23449
1672107711856 108 23499
1672107726728 108 23549
1672107741602 108 23599
1672107756658 108 23649
1672107764651 108 23652
1672107768178 109 23652
1672107782969 109 23699
1672107797992 109 23749
1672107813011 109 23799
1672107827910 109 23849
1672107841001 109 23869
1672107844529 110 23869
1672107854216 110 23899
1672107869075 110 23949
1672107883889 110 23999
1672107898878 110 24049
1672107916992 110 24086
1672107920457 111 24086
1672107925147 111 24099
1672107940147 111 24149
1672107955151 111 24199
1672107970002 111 24249
1672107984812 111 24299
1672107992634 111 24303
1672107996218 112 24303
1672108010701 112 24349
1672108025782 112 24399
1672108040770 112 24449
1672108055582 112 24499
1672108068606 112 24520
1672108072119 113 24520
1672108081616 113 24549
1672108096406 113 24599
1672108111238 113 24649
1672108126014 113 24699
1672108144597 113 24737
1672108148128 114 24737
1672108152475 114 24749
1672108167378 114 24799
1672108182318 114 24849
1672108197176 114 24899
1672108212406 114 24949
1672108220936 114 24954
1672108224385 115 24954
1672108238505 115 24999
1672108253310 115 25049
1672108268214 115 25099
1672108283016 115 25149
1672108296392 115 25171
1672108299798 116 25171
1672108309032 116 25199
1672108323801 116 25249
1672108338762 116 25299
1672108353677 116 25349
1672108372266 116 25388
1672108375627 117 25388
1672108379690 117 25399
1672108394515 117 25449
1672108409359 117 25499
1672108424325 117 25549
1672108439095 117 25599
1672108447872 117 25605
1672108451276 118 25605
1672108465313 118 25649
1672108480320 118 25699
1672108495350 118 25749
1672108510247 118 25799
1672108524000 118 25822
1672108527487 119 25822
1672108536249 119 25849
1672108551246 119 25899
1672108566111 119 25949
1672108580927 119 25999
1672108599879 119 26039
1672108603334 120 26039
1672108607134 120 26049
1672108621992 120 26099
1672108637279 120 26149
1672108652125 120 26199
1672108666986 120 26249
1672108676214 120 26256
1672108679675 121 26256
1672108693281 121 26299
1672108708406 121 26349
1672108723385 121 26399
1672108738346 121 26449
1672108752486 121 26473
1672108756029 122 26473
1672108764684 122 26499
1672108779925 122 26549
1672108794865 122 26599
1672108809775 122 26649
1672108829208 122 26690
1672108832628 123 26690
1672108836078 123 26699
1672108850958 123 26749
1672108865926 123 26799
1672108880786 123 26849
1672108895639 123 26899
1672108904907 123 26907
1672108908313 124 26907
1672108921577 124 26949
1672108936556 124 26999
1672108951355 124 27049
1672108966323 124 27099
1672108980610 124 27124
1672108984142 125 27124
1672108992383 125 27149
1672109007242 125 27199
1672109022136 125 27249
1672109037022 125 27299
1672109057201 125 27341
1672109060679 126 27341
1672109063830 126 27349
1672109078383 126 27399
1672109092893 126 27449
1672109107382 126 27499
1672109121841 126 27549
1672109130939 126 27558
1672109134148 127 27558
1672109146853 127 27599
1672109161475 127 27649
1672109176233 127 27699
1672109191024 127 27749
1672109205375 127 27775
1672109208700 128 27775
1672109216478 128 27799
1672109231142 128 27849
1672109245693 128 27899
1672109260454 128 27949
1672109279597 128 27992
1672109282803 129 27992
1672109285620 129 27999
1672109300358 129 28049
1672109315354 129 28099
1672109330053 129 28149
1672109344906 129 28199
1672109354401 129 28209
1672109357626 130 28209
1672109369957 130 28249
1672109384443 130 28299
1672109399103 130 28349
1672109413606 130 28399
1672109429551 130 28426
1672109433383 131 28426
1672109441046 131 28449
1672109456167 131 28499
1672109471228 131 28549
1672109486276 131 28599
1672109506597 131 28643
1672109510079 132 28643
1672109512708 132 28649
1672109527489 132 28699
1672109542528 132 28749
1672109557342 132 28799
1672109572167 132 28849
1672109582538 132 28860
1672109586057 133 28860
1672109598348 133 28899
1672109613470 133 28949
1672109628272 133 28999
1672109643226 133 29049
1672109658502 133 29077
1672109661905 134 29077
1672109669209 134 29099
1672109684117 134 29149
1672109699195 134 29199
1672109714085 134 29249
1672109734430 134 29294
1672109737984 135 29294
1672109740364 135 29299
1672109755425 135 29349
1672109770664 135 29399
1672109785550 135 29449
1672109800447 135 29499
1672109811173 135 29511
1672109814727 136 29511
1672109826816 136 29549
1672109841665 136 29599
1672109856505 136 29649
1672109871485 136 29699
1672109887164 136 29728
1672109890704 137 29728
1672109897705 137 29749
1672109912930 137 29799
1672109927831 137 29849
1672109942745 137 29899
1672109963353 137 29945
1672109966770 138 29945
1672109968733 138 29949
1672109983512 138 29999
1672109998330 138 30049
1672110013325 138 30099
1672110028192 138 30149
1672110039079 138 30162
1672110042583 139 30162
1672110054463 139 30199
1672110069447 139 30249
1672110084234 139 30299
1672110099043 139 30349
1672110115311 139 30379
1672110118874 140 30379
1672110125629 140 30399
1672110140634 140 30449
1672110155554 140 30499
1672110170599 140 30549
1672110191731 140 30596
1672110195296 141 30596
1672110196960 141 30599
1672110211786 141 30649
1672110226642 141 30699
1672110241473 141 30749
1672110256318 141 30799
1672110267313 141 30813
1672110270801 142 30813
1672110282433 142 30849
1672110297197 142 30899
1672110312089 142 30949
1672110326764 142 30999
1672110342310 142 31030
1672110345539 143 31030
1672110351814 143 31049
1672110366427 143 31099
1672110381127 143 31149
1672110395810 143 31199
1672110416957 143 31247
1672110420219 144 31247
1672110421568 144 31249
1672110436373 144 31299
1672110451171 144 31349
1672110465818 144 31399
1672110480451 144 31449
1672110491519 144 31464
1672110494726 145 31464
1672110505578 145 31499
1672110520159 145 31549
1672110534817 145 31599
1672110549636 145 31649
1672110565661 145 31681
1672110568973 146 31681
1672110575266 146 31699
1672110590066 146 31749
1672110604701 146 31799
1672110619329 146 31849
1672110640337 146 31898
1672110643642 147 31898
1672110644714 147 31899
1672110659299 147 31949
1672110674041 147 31999
1672110688796 147 32049
1672110703580 147 32099
1672110715111 147 32115
1672110718303 148 32115
1672110728999 148 32149
1672110743653 148 32199
1672110758315 148 32249
1672110772962 148 32299
1672110789233 148 32332
1672110792512 149 32332
1672110798195 149 32349
1672110812758 149 32399
1672110827514 149 32449
1672110842047 149 32499
1672110856660 149 32549
1672110863392 149 32549
1672110866486 150 32549
