1672099840202 0.0 216
1672099912379 0.0 433
1672099985299 0.0 650
1672100058494 0.0 867
1672100131300 0.0 1084
1672100204544 0.0 1301
1672100277701 0.0 1518
1672100351012 0.0 1735
1672100424118 0.0 1952
1672100497501 0.0 2169
1672100570358 0.0 2386
1672100643511 0.0 2603
1672100716840 0.0 2820
1672100789992 0.0 3037
1672100862861 0.0 3254
1672100935790 0.0 3471
1672101008936 0.0 3688
1672101081822 0.0 3905
1672101154729 0.0 4122
1672101227657 0.0 4339
1672101301284 0.0 4556
1672101374444 0.0 4773
1672101447550 0.0 4990
1672101520575 0.0 5207
1672101593840 0.25 5424
1672101666887 0.0 5641
1672101739958 0.25 5858
1672101812920 0.0 6075
1672101885730 0.0 6292
1672101958853 0.0 6509
1672102032044 0.0 6726
1672102105419 0.25 6943
1672102178151 0.0 7160
1672102251522 0.0 7377
1672102324759 0.25 7594
1672102397777 1.0 7811
1672102471226 0.25 8028
1672102544519 0.0 8245
1672102617907 1.0 8462
1672102690934 1.25 8679
1672102763730 1.5 8896
1672102836843 0.0 9113
1672102909926 0.5 9330
1672102983112 1.25 9547
1672103055977 1.0 9764
1672103129095 1.25 9981
1672103202441 1.0 10198
1672103275916 1.0 10415
1672103348867 1.25 10632
1672103422207 1.25 10849
1672103495617 1.5 11066
1672103568828 1.0 11283
1672103642005 1.5 11500
1672103715587 1.75 11717
1672103788820 1.5 11934
1672103862107 1.25 12151
1672103935686 1.5 12368
1672104008445 1.5 12585
1672104081427 1.75 12802
1672104154562 2.0 13019
1672104227886 1.75 13236
1672104301328 1.5 13453
1672104374805 1.5 13670
1672104448295 1.5 13887
1672104521237 1.75 14104
1672104594005 1.75 14321
1672104667369 1.5 14538
1672104740344 1.75 14755
1672104813646 1.75 14972
1672104886633 1.5 15189
1672104960078 1.5 15406
1672105033437 1.5 15623
1672105106525 1.75 15840
1672105180154 1.75 16057
1672105252935 2.0 16274
1672105326062 1.75 16491
1672105399764 1.75 16708
1672105472962 1.75 16925
1672105546331 1.75 17142
1672105619420 1.75 17359
1672105692720 1.75 17576
1672105765966 1.75 17793
1672105839685 1.5 18010
1672105912693 1.75 18227
1672105986073 2.25 18444
1672106059708 2.25 18661
1672106133006 2.0 18878
1672106206370 1.5 19095
1672106279407 1.75 19312
1672106352582 1.25 19529
1672106425911 1.75 19746
1672106499203 1.75 19963
1672106572417 2.25 20180
1672106645620 4.75 20397
1672106719078 3.25 20614
1672106792811 1.5 20831
1672106865709 1.25 21048
1672106939228 1.5 21265
1672107012199 1.25 21482
1672107085313 2.0 21699
1672107158579 2.25 21916
1672107231614 2.0 22133
1672107306049 4.0 22350
1672107383813 2.75 22567
1672107459475 2.25 22784
1672107535851 1.5 23001
1672107611988 1.5 23218
1672107688598 2.25 23435
1672107764651 1.5 23652
1672107841001 1.5 23869
1672107916992 2.5 24086
1672107992634 1.25 24303
1672108068606 2.25 24520
1672108144597 1.5 24737
1672108220936 4.25 24954
1672108296392 4.0 25171
1672108372266 1.5 25388
1672108447872 2.25 25605
1672108524000 2.25 25822
1672108599879 1.5 26039
1672108676214 1.75 26256
1672108752486 1.5 26473
1672108829208 1.5 26690
1672108904907 2.25 26907
1672108980610 1.75 27124
1672109057201 3.75 27341
1672109130939 3.75 27558
1672109205375 3.0 27775
1672109279597 1.25 27992
1672109354401 1.75 28209
1672109429551 4.0 28426
1672109506597 2.25 28643
1672109582538 1.5 28860
1672109658502 2.0 29077
1672109734430 4.75 29294
1672109811173 2.0 29511
1672109887164 2.25 29728
1672109963353 1.5 29945
1672110039079 3.5 30162
1672110115311 2.5 30379
1672110191731 1.5 30596
1672110267313 2.75 30813
1672110342310 2.25 31030
1672110416957 2.25 31247
1672110491519 2.0 31464
1672110565661 2.75 31681
1672110640337 3.0 31898
1672110715111 3.25 32115
1672110789233 1.75 32332
1672110863392 2.0 32549
