1672099785070 0.6666666865348816 49
1672099799553 0.4583333432674408 99
1672099814262 0.512499988079071 149
1672099828849 0.6875 199
1672099853263 0.7083333134651184 249
1672099867622 0.5416666865348816 299
1672099881962 0.7500000596046448 349
1672099896337 0.5666667222976685 399
1672099920790 0.6499999761581421 449
1672099935260 0.7291666865348816 499
1672099949742 0.5083333253860474 549
1672099964228 0.4375 599
1672099978709 0.5416666865348816 649
1672100003359 0.5625 699
1672100017830 0.7249999642372131 749
1672100032278 0.5625 799
1672100046808 0.375 849
1672100071549 0.5833333730697632 899
1672100085971 0.5874999761581421 949
1672100100383 0.5416666865348816 999
1672100115137 0.625 1049
1672100139588 0.6458333134651184 1099
1672100154006 0.625 1149
1672100168467 0.6875 1199
1672100182945 0.5625 1249
1672100197667 0.625 1299
1672100222314 0.9375 1349
1672100236917 0.8541666865348816 1399
1672100251350 0.5249999761581421 1449
1672100265744 0.6458333134651184 1499
1672100290519 0.6875000596046448 1549
1672100304976 0.550000011920929 1599
1672100319566 0.7291666865348816 1649
1672100334292 0.3125 1699
1672100359031 0.5446428656578064 1749
1672100373440 0.5833333730697632 1799
1672100387850 0.7333333492279053 1849
1672100402268 0.6946429014205933 1899
1672100416823 0.7916666865348816 1949
1672100441601 0.6666666865348816 1999
1672100456238 0.6875 2049
1672100470724 0.6666666865348816 2099
1672100485345 0.612500011920929 2149
1672100510025 0.7291666865348816 2199
1672100524424 0.5583333373069763 2249
1672100539020 0.4375 2299
1672100553400 0.6083333492279053 2349
1672100577942 0.5375000238418579 2399
1672100592350 0.875 2449
1672100606955 0.7916666865348816 2499
1672100621425 0.6041666865348816 2549
1672100636023 0.38333332538604736 2599
1672100660870 0.4166666865348816 2649
1672100675307 0.4333333373069763 2699
1672100689833 0.6041666269302368 2749
1672100704341 0.6000000238418579 2799
1672100729239 0.574999988079071 2849
1672100743789 0.2708333432674408 2899
1672100758214 0.5166666507720947 2949
1672100772659 0.6875 2999
1672100797313 0.6541666984558105 3049
1672100811741 0.5208333730697632 3099
1672100826315 0.5249999761581421 3149
1672100840712 0.6499999761581421 3199
1672100855114 0.6666666865348816 3249
1672100879646 0.625 3299
1672100894122 0.5583333373069763 3349
1672100908588 0.5 3399
1672100923180 0.4166666865348816 3449
1672100947755 0.8541666865348816 3499
1672100962337 0.9166666865348816 3549
1672100976778 0.5874999761581421 3599
1672100991342 0.875 3649
1672101016095 0.1666666716337204 3699
1672101030479 0.6708333492279053 3749
1672101044994 0.8125 3799
1672101059374 0.45000001788139343 3849
1672101073768 0.6250000596046448 3899
1672101098331 0.5416666865348816 3949
1672101112862 0.7166666984558105 3999
1672101127276 0.5625 4049
1672101141664 0.4583333432674408 4099
1672101166399 0.49166667461395264 4149
1672101180829 0.625 4199
1672101195291 0.6428571343421936 4249
1672101209898 0.6904761791229248 4299
1672101234589 0.6250000596046448 4349
1672101249001 1.0 4399
1672101263576 0.4541666507720947 4449
1672101278086 0.6000000238418579 4499
1672101292732 0.5208333134651184 4549
1672101317588 0.6000000238418579 4599
1672101332257 0.699999988079071 4649
1672101346952 0.6041666865348816 4699
1672101361379 0.375 4749
1672101385730 0.5 4799
1672101400417 0.6166666746139526 4849
1672101414812 0.5333333611488342 4899
1672101429243 0.6875 4949
1672101454099 0.6458333134651184 4999
1672101468510 0.4791666865348816 5049
1672101482947 0.4375 5099
1672101497403 0.7916666865348816 5149
1672101511936 0.5285714268684387 5199
1672101536875 0.625 5249
1672101551479 0.8333333730697632 5299
1672101565933 0.7083333134651184 5349
1672101580506 0.5625 5399
1672101604855 0.3916666805744171 5449
1672101619303 0.8333333134651184 5499
1672101633736 0.8166666626930237 5549
1672101648326 0.4958333373069763 5599
1672101673005 0.5 5649
1672101687581 0.625 5699
1672101702148 0.5166666507720947 5749
1672101716715 0.8166667222976685 5799
1672101731170 0.6666666865348816 5849
1672101755513 0.8166667222976685 5899
1672101769938 0.75 5949
1672101784450 0.75 5999
1672101798848 0.4375 6049
1672101823824 0.28333333134651184 6099
1672101838216 0.4375 6149
1672101852758 0.2916666865348816 6199
1672101867161 0.6499999761581421 6249
1672101891569 0.7875000238418579 6299
1672101906010 0.5625 6349
1672101920448 0.5333333015441895 6399
1672101935018 0.3958333432674408 6449
1672101949587 0.75 6499
1672101974303 0.9166666865348816 6549
1672101988834 0.7916666865348816 6599
1672102003214 0.5249999761581421 6649
1672102017620 0.5375000238418579 6699
1672102042567 0.8166666626930237 6749
1672102056961 0.6499999761581421 6799
1672102071480 0.5625 6849
1672102086007 0.8999999761581421 6899
1672102111070 0.75 6949
1672102125517 0.3791666626930237 6999
1672102139924 0.6666666865348816 7049
1672102154340 0.5 7099
1672102168732 0.8125 7149
1672102193594 0.6666666865348816 7199
1672102208159 0.6000000238418579 7249
1672102222562 0.625 7299
1672102236996 0.7875000238418579 7349
1672102261780 0.625 7399
1672102276207 0.5999999642372131 7449
1672102290630 0.3166666626930237 7499
1672102305056 0.5833333134651184 7549
1672102330164 0.5833333730697632 7599
1672102344730 0.75 7649
1672102359212 0.612500011920929 7699
1672102373657 0.22499999403953552 7749
1672102388114 0.4749999940395355 7799
1672102412602 0.3333333432674408 7849
1672102427064 0.8374999761581421 7899
1672102441651 0.4625000059604645 7949
1672102456144 0.6000000238418579 7999
1672102481229 0.699999988079071 8049
1672102495635 0.5416666865348816 8099
1672102510047 0.7541667222976685 8149
1672102524768 0.875 8199
1672102549631 0.4583333432674408 8249
1672102564225 0.7083333134651184 8299
1672102578689 0.7916666865348816 8349
1672102593291 0.3958333432674408 8399
1672102607870 0.46190476417541504 8449
1672102632418 0.5833333730697632 8499
1672102646898 0.5666666626930237 8549
1672102661338 0.574999988079071 8599
1672102675805 0.7249999642372131 8649
1672102700498 0.7250000238418579 8699
1672102714895 0.10000000149011612 8749
1672102729311 0.5 8799
1672102743980 0.875 8849
1672102768505 0.6916666626930237 8899
1672102782932 0.4375 8949
1672102797412 0.2666666805744171 8999
1672102811852 0.7333333492279053 9049
1672102826268 0.625 9099
1672102851235 0.9166666865348816 9149
1672102865790 0.875 9199
1672102880348 0.7541667222976685 9249
1672102894765 0.38749998807907104 9299
1672102919337 0.7833333015441895 9349
1672102933746 0.6875 9399
1672102948201 0.8541666865348816 9449
1672102962603 0.9375 9499
1672102987631 0.7916666865348816 9549
1672103002101 0.625 9599
1672103016550 0.612500011920929 9649
1672103031023 0.5833333730697632 9699
1672103045389 0.5416666865348816 9749
1672103069952 0.4166666865348816 9799
1672103084375 0.6583333015441895 9849
1672103098937 0.887499988079071 9899
1672103113427 0.6875 9949
1672103138265 0.7083333730697632 9999
1672103152754 0.625 10049
1672103167244 0.9166666865348816 10099
1672103181718 0.6666666865348816 10149
1672103206577 0.7708333730697632 10199
1672103221048 0.6666666865348816 10249
1672103235693 0.4833333492279053 10299
1672103250168 0.6041666865348816 10349
1672103264634 0.4166666865348816 10399
1672103289627 0.7083333730697632 10449
1672103304111 0.824999988079071 10499
1672103318603 0.5 10549
1672103333107 0.5625 10599
1672103357704 0.8125 10649
1672103372105 0.6619048118591309 10699
1672103386786 0.5666666626930237 10749
1672103401201 0.625 10799
1672103415576 0.5 10849
1672103440578 0.4583333730697632 10899
1672103455458 0.7749999761581421 10949
1672103469914 0.375 10999
1672103484367 0.6708332896232605 11049
1672103509232 0.625 11099
1672103523726 0.42500001192092896 11149
1672103538216 0.6499999761581421 11199
1672103552716 0.6708332896232605 11249
1672103577402 0.6041666865348816 11299
1672103591813 0.5416666865348816 11349
1672103606216 0.5833333730697632 11399
1672103620616 0.6625000238418579 11449
1672103635018 0.7291666865348816 11499
1672103660310 0.75 11549
1672103674872 0.6666666865348816 11599
1672103689475 0.4791666865348816 11649
1672103703954 0.7916666865348816 11699
1672103728806 0.625 11749
1672103743237 0.4166666865348816 11799
1672103757667 0.6875 11849
1672103772122 0.6083333492279053 11899
1672103797086 0.6041666865348816 11949
1672103811697 0.6000000238418579 11999
1672103826420 0.6916667222976685 12049
1672103840868 0.7291666865348816 12099
1672103855286 0.6666666865348816 12149
1672103880251 0.6583333015441895 12199
1672103894706 0.5541666746139526 12249
1672103909294 0.6499999761581421 12299
1672103923866 0.3333333432674408 12349
1672103948531 0.7678571343421936 12399
1672103962950 0.8333333730697632 12449
1672103977364 0.5833333730697632 12499
1672103991782 0.5 12549
1672104016372 0.6875 12599
1672104030777 0.6666666865348816 12649
1672104045290 0.75 12699
1672104059733 0.7916666865348816 12749
1672104074355 0.75 12799
1672104098868 0.8500000238418579 12849
1672104113379 0.6875 12899
1672104127790 0.5 12949
1672104142323 0.25 12999
1672104167174 0.7916666865348816 13049
1672104181650 0.699999988079071 13099
1672104196280 0.6666666865348816 13149
1672104210883 0.8125 13199
1672104235742 0.7916666865348816 13249
1672104250220 0.4333333373069763 13299
1672104264796 0.6875 13349
1672104279264 0.5208333730697632 13399
1672104293698 0.25 13449
1672104318567 0.7678571343421936 13499
1672104333147 0.7749999761581421 13549
1672104347847 0.8125 13599
1672104362315 0.6916667222976685 13649
1672104387092 0.6250000596046448 13699
1672104401768 0.5874999761581421 13749
1672104416288 0.6666666865348816 13799
1672104430793 0.762499988079071 13849
1672104455598 0.9166666865348816 13899
1672104470018 0.4833333492279053 13949
1672104484464 0.6666666269302368 13999
1672104499048 0.625 14049
1672104513607 0.4124999940395355 14099
1672104538049 0.5041667222976685 14149
1672104552640 0.6000000238418579 14199
1672104567048 0.5 14249
1672104581476 0.625 14299
1672104606193 0.625 14349
1672104620797 0.8374999761581421 14399
1672104635352 0.6499999761581421 14449
1672104649776 0.6499999761581421 14499
1672104674416 0.36250001192092896 14549
1672104688784 0.9375 14599
1672104703195 0.512499988079071 14649
1672104717592 0.6666666865348816 14699
1672104732001 1.0 14749
1672104757050 0.75 14799
1672104771470 0.7083333730697632 14849
1672104786027 0.5416666865348816 14899
1672104800464 0.6041666865348816 14949
1672104825478 0.5 14999
1672104839919 0.6666666865348816 15049
1672104854362 0.5625 15099
1672104868782 0.699999988079071 15149
1672104893677 0.3916666507720947 15199
1672104908237 0.4375 15249
1672104922687 0.4375 15299
1672104937124 0.6166666746139526 15349
1672104951562 0.44583335518836975 15399
1672104976658 0.3958333432674408 15449
1672104991115 0.7708333730697632 15499
1672105005692 0.875 15549
1672105020161 0.762499988079071 15599
1672105044868 0.5 15649
1672105059305 0.7833333611488342 15699
1672105073906 0.7416666746139526 15749
1672105088337 0.7291666865348816 15799
1672105112960 0.5416666865348816 15849
1672105127582 0.6000000238418579 15899
1672105142114 0.4333333373069763 15949
1672105156746 0.4333333373069763 15999
1672105171244 0.5714285373687744 16049
1672105196120 0.625 16099
1672105210637 0.4166666865348816 16149
1672105224998 0.75 16199
1672105239513 0.40833333134651184 16249
1672105264145 0.5 16299
1672105278667 0.3333333432674408 16349
1672105293046 0.75 16399
1672105307467 0.5392857193946838 16449
1672105332457 0.6666666865348816 16499
1672105347030 0.5 16549
1672105361499 0.8999999761581421 16599
1672105375956 0.7083333730697632 16649
1672105390574 0.25 16699
1672105415447 0.512499988079071 16749
1672105430022 0.5 16799
1672105444478 0.7875000238418579 16849
1672105459025 0.7333333492279053 16899
1672105483921 0.949999988079071 16949
1672105498379 0.4583333730697632 16999
1672105512837 0.5375000238418579 17049
1672105527413 0.9166666865348816 17099
1672105552373 0.7541667222976685 17149
1672105566848 0.3499999940395355 17199
1672105581269 0.6875 17249
1672105595841 0.5208333730697632 17299
1672105610273 0.5416666865348816 17349
1672105635147 0.5833333134651184 17399
1672105649566 0.7208333015441895 17449
1672105663982 0.6916666626930237 17499
1672105678406 0.6666666865348816 17549
1672105703340 1.0 17599
1672105718044 0.6583333611488342 17649
1672105732457 0.9166666865348816 17699
1672105746938 0.8125 17749
1672105771633 0.699999988079071 17799
1672105786270 0.8374999761581421 17849
1672105800741 0.8125 17899
1672105815360 0.4583333432674408 17949
1672105829955 0.5 17999
1672105854852 0.5833333134651184 18049
1672105869423 0.9375 18099
1672105883859 0.8125 18149
1672105898300 0.8041666746139526 18199
1672105923131 0.5833333134651184 18249
1672105937742 0.7708333134651184 18299
1672105952172 0.5 18349
1672105966628 0.4375 18399
1672105991440 0.5416666865348816 18449
1672106005886 0.8333333730697632 18499
1672106020507 0.6666666865348816 18549
1672106034974 0.5833333730697632 18599
1672106049572 0.637499988079071 18649
1672106074603 0.5666666626930237 18699
1672106089158 0.7083333134651184 18749
1672106103560 0.8333333730697632 18799
1672106117976 0.8041666746139526 18849
1672106143060 0.875 18899
1672106157550 0.574999988079071 18949
1672106172051 0.9017857313156128 18999
1672106186692 0.3928571343421936 19049
1672106211445 0.4583333730697632 19099
1672106225820 0.6875 19149
1672106240218 0.512499988079071 19199
1672106254903 0.8999999761581421 19249
1672106269296 0.3958333432674408 19299
1672106293934 0.7875000238418579 19349
1672106308498 0.6625000238418579 19399
1672106322937 0.949999988079071 19449
1672106337528 0.7333333492279053 19499
1672106362225 0.6166666746139526 19549
1672106376857 0.887499988079071 19599
1672106391480 0.625 19649
1672106405982 0.5625 19699
1672106430762 0.6499999761581421 19749
1672106445141 0.8541666865348816 19799
1672106459665 0.699999988079071 19849
1672106474245 0.7916666865348816 19899
1672106488687 0.7083333134651184 19949
1672106513422 0.8166666626930237 19999
1672106528018 0.7708333730697632 20049
1672106542477 0.875 20099
1672106556917 0.4375000298023224 20149
1672106581947 0.6499999761581421 20199
1672106596526 0.5833333730697632 20249
1672106610946 0.8333333134651184 20299
1672106625367 0.875 20349
1672106650101 0.8333333730697632 20399
1672106664702 0.7083333730697632 20449
1672106679211 0.5416666865348816 20499
1672106693726 0.4833333194255829 20549
1672106708195 0.5 20599
1672106733428 0.6666666865348816 20649
1672106747926 0.5458333492279053 20699
1672106762405 0.4166666865348816 20749
1672106777141 0.5625 20799
1672106801934 0.49166667461395264 20849
1672106816387 0.5416666865348816 20899
1672106830829 0.7291666865348816 20949
1672106845245 0.7458333373069763 20999
1672106869887 0.8541666865348816 21049
1672106884473 0.8374999761581421 21099
1672106899227 0.8541666865348816 21149
1672106913743 0.6666666865348816 21199
1672106928121 0.6875 21249
1672106953019 0.8125 21299
1672106967465 0.550000011920929 21349
1672106981895 0.4166666865348816 21399
1672106996451 0.4791666865348816 21449
1672107020967 0.5625 21499
1672107035499 0.5249999761581421 21549
1672107050047 0.5416666865348816 21599
1672107064595 0.8374999761581421 21649
1672107078796 0.0 21699
1672107103775 0.6875 21749
1672107118267 0.6041666865348816 21799
1672107132725 0.9166666865348816 21849
1672107147202 0.6416666507720947 21899
1672107172099 0.6666666865348816 21949
1672107186743 0.4333333373069763 21999
1672107201192 0.6041666865348816 22049
1672107215589 0.7291666865348816 22099
1672107240157 0.7083333730697632 22149
1672107254706 0.5 22199
1672107269181 0.625 22249
1672107283703 0.5 22299
1672107298378 0.4166666865348816 22349
1672107325967 0.7916666865348816 22399
1672107341159 0.8125 22449
1672107356094 0.42499998211860657 22499
1672107371007 0.875 22549
1672107397641 0.6666666865348816 22599
1672107412466 0.6666666865348816 22649
1672107427276 0.6666666865348816 22699
1672107442059 0.46666669845581055 22749
1672107468150 0.875 22799
1672107483020 0.5208333134651184 22849
1672107498270 0.4583333432674408 22899
1672107513581 0.5833333730697632 22949
1672107528432 0.875 22999
1672107554249 0.7416666746139526 23049
1672107569371 0.7250000238418579 23099
1672107584194 0.5833333730697632 23149
1672107598990 0.6875 23199
1672107625421 0.637499988079071 23249
1672107640544 0.125 23299
1672107655630 0.6666666865348816 23349
1672107670707 0.5833333730697632 23399
1672107696985 0.4583333432674408 23449
1672107711856 0.8333333134651184 23499
1672107726728 0.5416666865348816 23549
1672107741602 0.6458333730697632 23599
1672107756658 0.6666666865348816 23649
1672107782969 0.8500000238418579 23699
1672107797992 0.7083333730697632 23749
1672107813011 0.5333333611488342 23799
1672107827910 0.8666666746139526 23849
1672107854216 0.887499988079071 23899
1672107869075 0.75 23949
1672107883889 0.8125 23999
1672107898878 1.0 24049
1672107925147 0.7749999761581421 24099
1672107940147 1.0 24149
1672107955151 0.5416666865348816 24199
1672107970002 0.8333333730697632 24249
1672107984812 0.7083333730697632 24299
1672108010701 0.6041666865348816 24349
1672108025782 0.8333333730697632 24399
1672108040770 0.75 24449
1672108055582 0.75 24499
1672108081616 0.5 24549
1672108096406 0.625 24599
1672108111238 0.5 24649
1672108126014 0.5684523582458496 24699
1672108152475 0.6666666865348816 24749
1672108167378 0.375 24799
1672108182318 0.5333333611488342 24849
1672108197176 0.625 24899
1672108212406 0.75 24949
1672108238505 0.6208333373069763 24999
1672108253310 0.6875 25049
1672108268214 0.7303571701049805 25099
1672108283016 0.3125 25149
1672108309032 0.4791666865348816 25199
1672108323801 0.625 25249
1672108338762 0.7083333730697632 25299
1672108353677 0.7749999761581421 25349
1672108379690 0.6875000596046448 25399
1672108394515 0.7124999761581421 25449
1672108409359 0.9583333134651184 25499
1672108424325 0.5833333134651184 25549
1672108439095 0.75 25599
1672108465313 0.9375 25649
1672108480320 0.8333333134651184 25699
1672108495350 0.5833333730697632 25749
1672108510247 0.4333333373069763 25799
1672108536249 0.625 25849
1672108551246 0.7916666865348816 25899
1672108566111 0.4583333432674408 25949
1672108580927 0.8125 25999
1672108607134 0.75 26049
1672108621992 0.4166666865348816 26099
1672108637279 0.5 26149
1672108652125 0.4375 26199
1672108666986 0.5 26249
1672108693281 0.625 26299
1672108708406 0.9166666865348816 26349
1672108723385 0.5458333492279053 26399
1672108738346 0.6875 26449
1672108764684 0.4375 26499
1672108779925 0.7916666865348816 26549
1672108794865 0.5625 26599
1672108809775 0.5833333730697632 26649
1672108836078 0.6666666865348816 26699
1672108850958 0.875 26749
1672108865926 0.574999988079071 26799
1672108880786 0.7124999761581421 26849
1672108895639 0.6708332896232605 26899
1672108921577 0.6666666865348816 26949
1672108936556 0.4000000059604645 26999
1672108951355 0.4375 27049
1672108966323 0.75 27099
1672108992383 0.8999999761581421 27149
1672109007242 0.625 27199
1672109022136 0.4375 27249
1672109037022 0.5625 27299
1672109063830 0.824999988079071 27349
1672109078383 0.7749999761581421 27399
1672109092893 0.675000011920929 27449
1672109107382 0.8541666865348816 27499
1672109121841 0.7250000238418579 27549
1672109146853 0.5833333730697632 27599
1672109161475 0.5625 27649
1672109176233 0.6083333492279053 27699
1672109191024 0.3333333432674408 27749
1672109216478 0.7291666865348816 27799
1672109231142 0.5416666865348816 27849
1672109245693 0.75 27899
1672109260454 0.4333333373069763 27949
1672109285620 0.6666666865348816 27999
1672109300358 0.6904762387275696 28049
1672109315354 0.7083333134651184 28099
1672109330053 1.0 28149
1672109344906 0.6666666865348816 28199
1672109369957 0.5625 28249
1672109384443 0.5 28299
1672109399103 0.7916666865348816 28349
1672109413606 0.7749999761581421 28399
1672109441046 0.8666666746139526 28449
1672109456167 0.7708333730697632 28499
1672109471228 0.5416666865348816 28549
1672109486276 0.699999988079071 28599
1672109512708 0.8999999761581421 28649
1672109527489 0.7416666746139526 28699
1672109542528 0.6000000238418579 28749
1672109557342 0.3125 28799
1672109572167 0.6875 28849
1672109598348 0.6875 28899
1672109613470 0.8333333730697632 28949
1672109628272 0.625 28999
1672109643226 0.9375 29049
1672109669209 0.25 29099
1672109684117 0.44999998807907104 29149
1672109699195 0.5208333730697632 29199
1672109714085 0.699999988079071 29249
1672109740364 0.6458333134651184 29299
1672109755425 0.574999988079071 29349
1672109770664 0.8333333730697632 29399
1672109785550 0.699999988079071 29449
1672109800447 0.5 29499
1672109826816 0.7250000238418579 29549
1672109841665 0.7291666865348816 29599
1672109856505 0.8374999761581421 29649
1672109871485 0.5874999761581421 29699
1672109897705 0.6625000238418579 29749
1672109912930 0.3125 29799
1672109927831 0.8333333134651184 29849
1672109942745 0.6041666865348816 29899
1672109968733 0.7083333134651184 29949
1672109983512 0.7083333730697632 29999
1672109998330 0.887499988079071 30049
1672110013325 0.887499988079071 30099
1672110028192 0.7416666746139526 30149
1672110054463 0.4791666865348816 30199
1672110069447 0.625 30249
1672110084234 0.8333333730697632 30299
1672110099043 0.5416666865348816 30349
1672110125629 0.7083333730697632 30399
1672110140634 0.875 30449
1672110155554 0.6666666865348816 30499
1672110170599 0.8541666865348816 30549
1672110196960 0.2916666865348816 30599
1672110211786 0.6083333492279053 30649
1672110226642 0.6041666865348816 30699
1672110241473 0.875 30749
1672110256318 0.7916666865348816 30799
1672110282433 0.6041666865348816 30849
1672110297197 0.5625 30899
1672110312089 0.7749999761581421 30949
1672110326764 0.6875 30999
1672110351814 0.7083333730697632 31049
1672110366427 0.9166666865348816 31099
1672110381127 0.375 31149
1672110395810 0.4124999940395355 31199
1672110421568 1.0 31249
1672110436373 0.7083333730697632 31299
1672110451171 0.4583333432674408 31349
1672110465818 0.5833333730697632 31399
1672110480451 0.375 31449
1672110505578 0.4583333432674408 31499
1672110520159 0.6083332896232605 31549
1672110534817 0.6166666746139526 31599
1672110549636 0.8333333730697632 31649
1672110575266 1.0 31699
1672110590066 0.5416666865348816 31749
1672110604701 0.5 31799
1672110619329 0.6458333134651184 31849
1672110644714 0.6291666626930237 31899
1672110659299 0.3750000298023224 31949
1672110674041 0.8541666865348816 31999
1672110688796 0.5416666865348816 32049
1672110703580 0.8452380895614624 32099
1672110728999 0.6875 32149
1672110743653 0.6833333373069763 32199
1672110758315 0.7291666865348816 32249
1672110772962 1.0 32299
1672110798195 0.5208333730697632 32349
1672110812758 0.5 32399
1672110827514 0.5833333730697632 32449
1672110842047 0.625 32499
1672110856660 0.25 32549
