1672099785070 0.78125 49
1672099799553 0.75 99
1672099814262 0.875 149
1672099828849 0.875 199
1672099853263 0.8125 249
1672099867622 0.875 299
1672099881962 0.8125 349
1672099896337 0.75 399
1672099920790 0.875 449
1672099935260 0.84375 499
1672099949742 0.71875 549
1672099964228 0.71875 599
1672099978709 0.78125 649
1672100003359 0.75 699
1672100017830 0.75 749
1672100032278 0.65625 799
1672100046808 0.71875 849
1672100071549 0.75 899
1672100085971 0.78125 949
1672100100383 0.84375 999
1672100115137 0.75 1049
1672100139588 0.71875 1099
1672100154006 0.875 1149
1672100168467 0.90625 1199
1672100182945 0.8125 1249
1672100197667 0.90625 1299
1672100222314 0.9375 1349
1672100236917 0.78125 1399
1672100251350 0.75 1449
1672100265744 0.8125 1499
1672100290519 0.84375 1549
1672100304976 0.71875 1599
1672100319566 0.84375 1649
1672100334292 0.6875 1699
1672100359031 0.71875 1749
1672100373440 0.78125 1799
1672100387850 0.875 1849
1672100402268 0.75 1899
1672100416823 0.875 1949
1672100441601 0.8125 1999
1672100456238 0.8125 2049
1672100470724 0.84375 2099
1672100485345 0.8125 2149
1672100510025 0.75 2199
1672100524424 0.6875 2249
1672100539020 0.78125 2299
1672100553400 0.78125 2349
1672100577942 0.71875 2399
1672100592350 0.90625 2449
1672100606955 0.84375 2499
1672100621425 0.78125 2549
1672100636023 0.65625 2599
1672100660870 0.90625 2649
1672100675307 0.78125 2699
1672100689833 0.78125 2749
1672100704341 0.75 2799
1672100729239 0.75 2849
1672100743789 0.65625 2899
1672100758214 0.8125 2949
1672100772659 0.84375 2999
1672100797313 0.75 3049
1672100811741 0.8125 3099
1672100826315 0.75 3149
1672100840712 0.84375 3199
1672100855114 0.8125 3249
1672100879646 0.75 3299
1672100894122 0.71875 3349
1672100908588 0.8125 3399
1672100923180 0.71875 3449
1672100947755 0.90625 3499
1672100962337 0.96875 3549
1672100976778 0.71875 3599
1672100991342 0.875 3649
1672101016095 0.8125 3699
1672101030479 0.6875 3749
1672101044994 0.90625 3799
1672101059374 0.78125 3849
1672101073768 0.8125 3899
1672101098331 0.6875 3949
1672101112862 0.78125 3999
1672101127276 0.8125 4049
1672101141664 0.8125 4099
1672101166399 0.75 4149
1672101180829 0.78125 4199
1672101195291 0.8125 4249
1672101209898 0.78125 4299
1672101234589 0.875 4349
1672101249001 0.96875 4399
1672101263576 0.75 4449
1672101278086 0.78125 4499
1672101292732 0.75 4549
1672101317588 0.78125 4599
1672101332257 0.875 4649
1672101346952 0.78125 4699
1672101361379 0.8125 4749
1672101385730 0.8125 4799
1672101400417 0.78125 4849
1672101414812 0.75 4899
1672101429243 0.75 4949
1672101454099 0.75 4999
1672101468510 0.84375 5049
1672101482947 0.75 5099
1672101497403 0.875 5149
1672101511936 0.65625 5199
1672101536875 0.8125 5249
1672101551479 0.875 5299
1672101565933 0.8125 5349
1672101580506 0.71875 5399
1672101604855 0.65625 5449
1672101619303 0.84375 5499
1672101633736 0.90625 5549
1672101648326 0.59375 5599
1672101673005 0.8125 5649
1672101687581 0.84375 5699
1672101702148 0.71875 5749
1672101716715 0.84375 5799
1672101731170 0.8125 5849
1672101755513 0.84375 5899
1672101769938 0.90625 5949
1672101784450 0.78125 5999
1672101798848 0.78125 6049
1672101823824 0.6875 6099
1672101838216 0.6875 6149
1672101852758 0.75 6199
1672101867161 0.84375 6249
1672101891569 0.78125 6299
1672101906010 0.8125 6349
1672101920448 0.65625 6399
1672101935018 0.75 6449
1672101949587 0.8125 6499
1672101974303 0.9375 6549
1672101988834 0.90625 6599
1672102003214 0.75 6649
1672102017620 0.71875 6699
1672102042567 0.875 6749
1672102056961 0.8125 6799
1672102071480 0.8125 6849
1672102086007 0.875 6899
1672102111070 0.875 6949
1672102125517 0.75 6999
1672102139924 0.75 7049
1672102154340 0.875 7099
1672102168732 0.90625 7149
1672102193594 0.8125 7199
1672102208159 0.78125 7249
1672102222562 0.875 7299
1672102236996 0.84375 7349
1672102261780 0.8125 7399
1672102276207 0.6875 7449
1672102290630 0.78125 7499
1672102305056 0.84375 7549
1672102330164 0.71875 7599
1672102344730 0.90625 7649
1672102359212 0.71875 7699
1672102373657 0.71875 7749
1672102388114 0.6875 7799
1672102412602 0.75 7849
1672102427064 0.78125 7899
1672102441651 0.875 7949
1672102456144 0.75 7999
1672102481229 0.84375 8049
1672102495635 0.84375 8099
1672102510047 0.78125 8149
1672102524768 0.875 8199
1672102549631 0.75 8249
1672102564225 0.8125 8299
1672102578689 0.90625 8349
1672102593291 0.6875 8399
1672102607870 0.78125 8449
1672102632418 0.84375 8499
1672102646898 0.78125 8549
1672102661338 0.84375 8599
1672102675805 0.875 8649
1672102700498 0.8125 8699
1672102714895 0.84375 8749
1672102729311 0.71875 8799
1672102743980 0.9375 8849
1672102768505 0.8125 8899
1672102782932 0.78125 8949
1672102797412 0.75 8999
1672102811852 0.84375 9049
1672102826268 0.78125 9099
1672102851235 0.9375 9149
1672102865790 0.875 9199
1672102880348 0.84375 9249
1672102894765 0.75 9299
1672102919337 0.8125 9349
1672102933746 0.875 9399
1672102948201 0.84375 9449
1672102962603 0.90625 9499
1672102987631 0.90625 9549
1672103002101 0.875 9599
1672103016550 0.78125 9649
1672103031023 0.90625 9699
1672103045389 0.875 9749
1672103069952 0.78125 9799
1672103084375 0.84375 9849
1672103098937 0.875 9899
1672103113427 0.84375 9949
1672103138265 0.84375 9999
1672103152754 0.75 10049
1672103167244 0.9375 10099
1672103181718 0.8125 10149
1672103206577 0.90625 10199
1672103221048 0.75 10249
1672103235693 0.78125 10299
1672103250168 0.8125 10349
1672103264634 0.8125 10399
1672103289627 0.8125 10449
1672103304111 0.90625 10499
1672103318603 0.75 10549
1672103333107 0.75 10599
1672103357704 0.90625 10649
1672103372105 0.8125 10699
1672103386786 0.75 10749
1672103401201 0.75 10799
1672103415576 0.625 10849
1672103440578 0.78125 10899
1672103455458 0.8125 10949
1672103469914 0.75 10999
1672103484367 0.71875 11049
1672103509232 0.84375 11099
1672103523726 0.65625 11149
1672103538216 0.8125 11199
1672103552716 0.8125 11249
1672103577402 0.78125 11299
1672103591813 0.75 11349
1672103606216 0.8125 11399
1672103620616 0.8125 11449
1672103635018 0.875 11499
1672103660310 0.84375 11549
1672103674872 0.90625 11599
1672103689475 0.8125 11649
1672103703954 0.875 11699
1672103728806 0.78125 11749
1672103743237 0.875 11799
1672103757667 0.90625 11849
1672103772122 0.75 11899
1672103797086 0.71875 11949
1672103811697 0.78125 11999
1672103826420 0.75 12049
1672103840868 0.875 12099
1672103855286 0.78125 12149
1672103880251 0.8125 12199
1672103894706 0.84375 12249
1672103909294 0.71875 12299
1672103923866 0.65625 12349
1672103948531 0.84375 12399
1672103962950 0.9375 12449
1672103977364 0.78125 12499
1672103991782 0.78125 12549
1672104016372 0.84375 12599
1672104030777 0.84375 12649
1672104045290 0.90625 12699
1672104059733 0.875 12749
1672104074355 0.90625 12799
1672104098868 0.90625 12849
1672104113379 0.875 12899
1672104127790 0.84375 12949
1672104142323 0.75 12999
1672104167174 0.875 13049
1672104181650 0.78125 13099
1672104196280 0.75 13149
1672104210883 0.90625 13199
1672104235742 0.90625 13249
1672104250220 0.78125 13299
1672104264796 0.8125 13349
1672104279264 0.71875 13399
1672104293698 0.65625 13449
1672104318567 0.84375 13499
1672104333147 0.84375 13549
1672104347847 0.875 13599
1672104362315 0.78125 13649
1672104387092 0.84375 13699
1672104401768 0.78125 13749
1672104416288 0.84375 13799
1672104430793 0.8125 13849
1672104455598 0.90625 13899
1672104470018 0.78125 13949
1672104484464 0.71875 13999
1672104499048 0.78125 14049
1672104513607 0.78125 14099
1672104538049 0.875 14149
1672104552640 0.875 14199
1672104567048 0.6875 14249
1672104581476 0.75 14299
1672104606193 0.71875 14349
1672104620797 0.90625 14399
1672104635352 0.875 14449
1672104649776 0.8125 14499
1672104674416 0.6875 14549
1672104688784 0.875 14599
1672104703195 0.6875 14649
1672104717592 0.84375 14699
1672104732001 0.90625 14749
1672104757050 0.8125 14799
1672104771470 0.8125 14849
1672104786027 0.71875 14899
1672104800464 0.8125 14949
1672104825478 0.875 14999
1672104839919 0.84375 15049
1672104854362 0.71875 15099
1672104868782 0.90625 15149
1672104893677 0.65625 15199
1672104908237 0.6875 15249
1672104922687 0.6875 15299
1672104937124 0.8125 15349
1672104951562 0.71875 15399
1672104976658 0.71875 15449
1672104991115 0.8125 15499
1672105005692 0.9375 15549
1672105020161 0.875 15599
1672105044868 0.6875 15649
1672105059305 0.84375 15699
1672105073906 0.8125 15749
1672105088337 0.8125 15799
1672105112960 0.90625 15849
1672105127582 0.78125 15899
1672105142114 0.8125 15949
1672105156746 0.78125 15999
1672105171244 0.75 16049
1672105196120 0.875 16099
1672105210637 0.875 16149
1672105224998 0.875 16199
1672105239513 0.78125 16249
1672105264145 0.78125 16299
1672105278667 0.78125 16349
1672105293046 0.84375 16399
1672105307467 0.75 16449
1672105332457 0.8125 16499
1672105347030 0.875 16549
1672105361499 0.84375 16599
1672105375956 0.875 16649
1672105390574 0.65625 16699
1672105415447 0.84375 16749
1672105430022 0.90625 16799
1672105444478 0.84375 16849
1672105459025 0.875 16899
1672105483921 0.90625 16949
1672105498379 0.8125 16999
1672105512837 0.6875 17049
1672105527413 0.875 17099
1672105552373 0.84375 17149
1672105566848 0.78125 17199
1672105581269 0.875 17249
1672105595841 0.78125 17299
1672105610273 0.8125 17349
1672105635147 0.8125 17399
1672105649566 0.84375 17449
1672105663982 0.75 17499
1672105678406 0.9375 17549
1672105703340 0.96875 17599
1672105718044 0.78125 17649
1672105732457 0.90625 17699
1672105746938 0.8125 17749
1672105771633 0.875 17799
1672105786270 0.875 17849
1672105800741 0.90625 17899
1672105815360 0.8125 17949
1672105829955 0.84375 17999
1672105854852 0.8125 18049
1672105869423 0.84375 18099
1672105883859 0.84375 18149
1672105898300 0.875 18199
1672105923131 0.8125 18249
1672105937742 0.78125 18299
1672105952172 0.875 18349
1672105966628 0.8125 18399
1672105991440 0.78125 18449
1672106005886 0.875 18499
1672106020507 0.875 18549
1672106034974 0.71875 18599
1672106049572 0.8125 18649
1672106074603 0.71875 18699
1672106089158 0.84375 18749
1672106103560 0.875 18799
1672106117976 0.84375 18849
1672106143060 0.9375 18899
1672106157550 0.84375 18949
1672106172051 0.84375 18999
1672106186692 0.625 19049
1672106211445 0.8125 19099
1672106225820 0.8125 19149
1672106240218 0.78125 19199
1672106254903 0.90625 19249
1672106269296 0.75 19299
1672106293934 0.8125 19349
1672106308498 0.84375 19399
1672106322937 0.96875 19449
1672106337528 0.8125 19499
1672106362225 0.71875 19549
1672106376857 0.90625 19599
1672106391480 0.84375 19649
1672106405982 0.78125 19699
1672106430762 0.78125 19749
1672106445141 0.84375 19799
1672106459665 0.875 19849
1672106474245 0.84375 19899
1672106488687 0.90625 19949
1672106513422 0.84375 19999
1672106528018 0.78125 20049
1672106542477 0.9375 20099
1672106556917 0.75 20149
1672106581947 0.78125 20199
1672106596526 0.75 20249
1672106610946 0.90625 20299
1672106625367 0.9375 20349
1672106650101 0.84375 20399
1672106664702 0.84375 20449
1672106679211 0.71875 20499
1672106693726 0.84375 20549
1672106708195 0.78125 20599
1672106733428 0.78125 20649
1672106747926 0.65625 20699
1672106762405 0.75 20749
1672106777141 0.75 20799
1672106801934 0.75 20849
1672106816387 0.75 20899
1672106830829 0.78125 20949
1672106845245 0.8125 20999
1672106869887 0.90625 21049
1672106884473 0.8125 21099
1672106899227 0.8125 21149
1672106913743 0.8125 21199
1672106928121 0.875 21249
1672106953019 0.84375 21299
1672106967465 0.84375 21349
1672106981895 0.65625 21399
1672106996451 0.75 21449
1672107020967 0.71875 21499
1672107035499 0.84375 21549
1672107050047 0.71875 21599
1672107064595 0.90625 21649
1672107078796 1.0 21699
1672107103775 0.875 21749
1672107118267 0.8125 21799
1672107132725 0.90625 21849
1672107147202 0.75 21899
1672107172099 0.84375 21949
1672107186743 0.8125 21999
1672107201192 0.78125 22049
1672107215589 0.875 22099
1672107240157 0.84375 22149
1672107254706 0.875 22199
1672107269181 0.9375 22249
1672107283703 0.78125 22299
1672107298378 0.75 22349
1672107325967 0.78125 22399
1672107341159 0.90625 22449
1672107356094 0.75 22499
1672107371007 0.875 22549
1672107397641 0.78125 22599
1672107412466 0.90625 22649
1672107427276 0.84375 22699
1672107442059 0.8125 22749
1672107468150 0.875 22799
1672107483020 0.75 22849
1672107498270 0.75 22899
1672107513581 0.78125 22949
1672107528432 0.875 22999
1672107554249 0.90625 23049
1672107569371 0.8125 23099
1672107584194 0.8125 23149
1672107598990 0.90625 23199
1672107625421 0.84375 23249
1672107640544 0.625 23299
1672107655630 0.84375 23349
1672107670707 0.90625 23399
1672107696985 0.8125 23449
1672107711856 0.84375 23499
1672107726728 0.65625 23549
1672107741602 0.78125 23599
1672107756658 0.8125 23649
1672107782969 0.875 23699
1672107797992 0.84375 23749
1672107813011 0.71875 23799
1672107827910 0.875 23849
1672107854216 0.9375 23899
1672107869075 0.875 23949
1672107883889 0.90625 23999
1672107898878 0.90625 24049
1672107925147 0.875 24099
1672107940147 0.90625 24149
1672107955151 0.78125 24199
1672107970002 0.9375 24249
1672107984812 0.875 24299
1672108010701 0.875 24349
1672108025782 0.875 24399
1672108040770 0.875 24449
1672108055582 0.78125 24499
1672108081616 0.78125 24549
1672108096406 0.9375 24599
1672108111238 0.8125 24649
1672108126014 0.78125 24699
1672108152475 0.8125 24749
1672108167378 0.90625 24799
1672108182318 0.8125 24849
1672108197176 0.78125 24899
1672108212406 0.875 24949
1672108238505 0.8125 24999
1672108253310 0.96875 25049
1672108268214 0.78125 25099
1672108283016 0.6875 25149
1672108309032 0.625 25199
1672108323801 0.875 25249
1672108338762 0.875 25299
1672108353677 0.84375 25349
1672108379690 0.875 25399
1672108394515 0.75 25449
1672108409359 0.875 25499
1672108424325 0.875 25549
1672108439095 0.9375 25599
1672108465313 0.96875 25649
1672108480320 0.90625 25699
1672108495350 0.84375 25749
1672108510247 0.78125 25799
1672108536249 0.84375 25849
1672108551246 0.78125 25899
1672108566111 0.71875 25949
1672108580927 0.90625 25999
1672108607134 0.84375 26049
1672108621992 0.78125 26099
1672108637279 0.84375 26149
1672108652125 0.8125 26199
1672108666986 0.8125 26249
1672108693281 0.75 26299
1672108708406 0.90625 26349
1672108723385 0.71875 26399
1672108738346 0.875 26449
1672108764684 0.78125 26499
1672108779925 0.90625 26549
1672108794865 0.8125 26599
1672108809775 0.78125 26649
1672108836078 0.8125 26699
1672108850958 0.90625 26749
1672108865926 0.8125 26799
1672108880786 0.875 26849
1672108895639 0.8125 26899
1672108921577 0.75 26949
1672108936556 0.84375 26999
1672108951355 0.71875 27049
1672108966323 0.90625 27099
1672108992383 0.90625 27149
1672109007242 0.875 27199
1672109022136 0.84375 27249
1672109037022 0.75 27299
1672109063830 0.9375 27349
1672109078383 0.90625 27399
1672109092893 0.8125 27449
1672109107382 0.9375 27499
1672109121841 0.78125 27549
1672109146853 0.8125 27599
1672109161475 0.84375 27649
1672109176233 0.8125 27699
1672109191024 0.6875 27749
1672109216478 0.8125 27799
1672109231142 0.8125 27849
1672109245693 0.84375 27899
1672109260454 0.75 27949
1672109285620 0.96875 27999
1672109300358 0.75 28049
1672109315354 0.875 28099
1672109330053 0.96875 28149
1672109344906 0.84375 28199
1672109369957 0.8125 28249
1672109384443 0.84375 28299
1672109399103 0.875 28349
1672109413606 0.875 28399
1672109441046 0.875 28449
1672109456167 0.90625 28499
1672109471228 0.8125 28549
1672109486276 0.8125 28599
1672109512708 0.9375 28649
1672109527489 0.90625 28699
1672109542528 0.78125 28749
1672109557342 0.78125 28799
1672109572167 0.8125 28849
1672109598348 0.84375 28899
1672109613470 0.875 28949
1672109628272 0.84375 28999
1672109643226 0.875 29049
1672109669209 0.84375 29099
1672109684117 0.78125 29149
1672109699195 0.71875 29199
1672109714085 0.8125 29249
1672109740364 0.875 29299
1672109755425 0.78125 29349
1672109770664 0.875 29399
1672109785550 0.84375 29449
1672109800447 0.8125 29499
1672109826816 0.78125 29549
1672109841665 0.84375 29599
1672109856505 0.8125 29649
1672109871485 0.875 29699
1672109897705 0.8125 29749
1672109912930 0.75 29799
1672109927831 0.90625 29849
1672109942745 0.78125 29899
1672109968733 0.84375 29949
1672109983512 0.78125 29999
1672109998330 0.9375 30049
1672110013325 0.875 30099
1672110028192 0.75 30149
1672110054463 0.625 30199
1672110069447 0.8125 30249
1672110084234 0.90625 30299
1672110099043 0.78125 30349
1672110125629 0.90625 30399
1672110140634 0.875 30449
1672110155554 0.75 30499
1672110170599 0.875 30549
1672110196960 0.8125 30599
1672110211786 0.75 30649
1672110226642 0.9375 30699
1672110241473 0.84375 30749
1672110256318 0.84375 30799
1672110282433 0.78125 30849
1672110297197 0.71875 30899
1672110312089 0.84375 30949
1672110326764 0.875 30999
1672110351814 0.90625 31049
1672110366427 0.96875 31099
1672110381127 0.75 31149
1672110395810 0.65625 31199
1672110421568 0.96875 31249
1672110436373 0.84375 31299
1672110451171 0.875 31349
1672110465818 0.75 31399
1672110480451 0.75 31449
1672110505578 0.78125 31499
1672110520159 0.71875 31549
1672110534817 0.8125 31599
1672110549636 0.90625 31649
1672110575266 1.0 31699
1672110590066 0.75 31749
1672110604701 0.875 31799
1672110619329 0.78125 31849
1672110644714 0.8125 31899
1672110659299 0.71875 31949
1672110674041 0.9375 31999
1672110688796 0.8125 32049
1672110703580 0.8125 32099
1672110728999 0.75 32149
1672110743653 0.8125 32199
1672110758315 0.875 32249
1672110772962 0.90625 32299
1672110798195 0.84375 32349
1672110812758 0.8125 32399
1672110827514 0.78125 32449
1672110842047 0.78125 32499
1672110856660 0.875 32549
