1672099785070 1.846144905494102 49
1672099799553 1.8439344062678409 99
1672099814262 1.6196963373463196 149
1672099828849 1.422349407143837 199
1672099853263 1.5576376016915199 249
1672099867622 1.4475651489234234 299
1672099881962 2.2707071351315276 349
1672099896337 1.6430649812411506 399
1672099920790 1.6609186806772378 449
1672099935260 1.7185199176859094 499
1672099949742 1.5994182225619722 549
1672099964228 1.5701424444822445 599
1672099978709 1.8420861526186447 649
1672100003359 1.5714669518687443 699
1672100017830 1.6843688793027454 749
1672100032278 1.9207467289496862 799
1672100046808 1.5334811650606528 849
1672100071549 1.9482409705088024 899
1672100085971 1.9286431249692055 949
1672100100383 1.5936678271409614 999
1672100115137 2.0472718071909966 1049
1672100139588 1.9365989338535785 1099
1672100154006 1.2717358586486822 1149
1672100168467 2.005006391060653 1199
1672100182945 1.688499382378204 1249
1672100197667 1.3902079132703287 1299
1672100222314 1.3690667077375906 1349
1672100236917 2.0787240382939003 1399
1672100251350 2.2338664995297983 1449
1672100265744 1.9374948565850891 1499
1672100290519 1.6302992805933463 1549
1672100304976 2.1683934601875423 1599
1672100319566 1.891594756859136 1649
1672100334292 1.6660004222220615 1699
1672100359031 1.96966903488297 1749
1672100373440 1.999642357837649 1799
1672100387850 1.2539681365754032 1849
1672100402268 2.219567713950907 1899
1672100416823 1.8862828427520841 1949
1672100441601 1.8321465273216544 1999
1672100456238 1.44661077777268 2049
1672100470724 1.5703543696930433 2099
1672100485345 1.7831306890369454 2149
1672100510025 1.6312302299133328 2199
1672100524424 2.120881895230337 2249
1672100539020 1.7185182816969031 2299
1672100553400 1.7259355454343277 2349
1672100577942 2.115756489888283 2399
1672100592350 2.1339677571871816 2449
1672100606955 1.8096541346845296 2499
1672100621425 1.423621478864012 2549
1672100636023 1.667025139470037 2599
1672100660870 1.390982283247065 2649
1672100675307 1.5012218789221086 2699
1672100689833 1.4829321153990023 2749
1672100704341 2.024632304709172 2799
1672100729239 1.8571658137406086 2849
1672100743789 1.954090499677225 2899
1672100758214 1.548775329086511 2949
1672100772659 2.2537988426075737 2999
1672100797313 2.1704632834505686 3049
1672100811741 1.867301027570527 3099
1672100826315 1.6118583784292655 3149
1672100840712 1.9157382855953924 3199
1672100855114 1.3814668780539636 3249
1672100879646 1.4672859184029905 3299
1672100894122 2.203101944672153 3349
1672100908588 1.5377421470896357 3399
1672100923180 1.5660312306333153 3449
1672100947755 1.4888322372163763 3499
1672100962337 1.7388459537577203 3549
1672100976778 1.9508725910714428 3599
1672100991342 1.6286563679367356 3649
1672101016095 1.2888155632836436 3699
1672101030479 1.9588109589434652 3749
1672101044994 1.920735335171207 3799
1672101059374 1.445702771012678 3849
1672101073768 1.860963196588662 3899
1672101098331 2.013614964852734 3949
1672101112862 1.5920691407062488 3999
1672101127276 1.8528156481785238 4049
1672101141664 2.068034770880628 4099
1672101166399 1.7903155309451728 4149
1672101180829 1.8052836155258434 4199
1672101195291 2.00658237401663 4249
1672101209898 1.907171426895286 4299
1672101234589 1.6708615320407776 4349
1672101249001 1.769075955671619 4399
1672101263576 2.083755541105992 4449
1672101278086 1.7507197474892058 4499
1672101292732 2.1024133439645816 4549
1672101317588 1.4400146778098533 4599
1672101332257 1.86922063627093 4649
1672101346952 2.257327293535769 4699
1672101361379 1.4497989657654402 4749
1672101385730 1.6146448746136057 4799
1672101400417 1.582110107553219 4849
1672101414812 2.0090269489137222 4899
1672101429243 2.249462183209917 4949
1672101454099 1.7979696309272073 4999
1672101468510 1.385790081282229 5049
1672101482947 1.6663998005708562 5099
1672101497403 1.9627090482218006 5149
1672101511936 1.9553101691768955 5199
1672101536875 1.603763410102323 5249
1672101551479 1.7200223358041393 5299
1672101565933 2.1839779165407425 5349
1672101580506 1.7418730792327097 5399
1672101604855 1.6525816280401298 5449
1672101619303 1.4768463872125523 5499
1672101633736 1.3601457039207472 5549
1672101648326 1.9089070671288277 5599
1672101673005 1.7327301161543216 5649
1672101687581 1.5497587145920113 5699
1672101702148 1.736346326549304 5749
1672101716715 1.7378460015020094 5799
1672101731170 1.688195309897617 5849
1672101755513 1.7198910288856972 5899
1672101769938 1.4098290243884155 5949
1672101784450 2.2149992270684398 5999
1672101798848 1.8189774194910662 6049
1672101823824 1.6152474016409326 6099
1672101838216 1.8241242936497635 6149
1672101852758 1.3360663317572583 6199
1672101867161 1.519540388858596 6249
1672101891569 2.0194195726671795 6299
1672101906010 1.6444542456275262 6349
1672101920448 2.152453711693526 6399
1672101935018 1.699760991636451 6449
1672101949587 1.9598471486634703 6499
1672101974303 2.062294618481719 6549
1672101988834 1.5172001325453919 6599
1672102003214 1.4543689461149818 6649
1672102017620 1.9868685980169591 6699
1672102042567 1.6628281155715667 6749
1672102056961 1.8718397385083494 6799
1672102071480 1.6823559853911045 6849
1672102086007 1.9271050468450017 6899
1672102111070 1.5920373618953647 6949
1672102125517 1.6647559440074313 6999
1672102139924 2.1970087518599777 7049
1672102154340 1.3130422148617464 7099
1672102168732 1.2741665888823686 7149
1672102193594 1.592614250200545 7199
1672102208159 1.9465174583632021 7249
1672102222562 1.628373151307411 7299
1672102236996 1.7345668169764328 7349
1672102261780 1.8846248263589178 7399
1672102276207 2.253967080061281 7449
1672102290630 1.7089401485270317 7499
1672102305056 1.6312500937551044 7549
1672102330164 1.7808866627608155 7599
1672102344730 1.565368241006977 7649
1672102359212 1.919693475328885 7699
1672102373657 1.655224970904948 7749
1672102388114 1.7858150560478119 7799
1672102412602 1.567887451714279 7849
1672102427064 1.8797021076466112 7899
1672102441651 1.507312009846566 7949
1672102456144 1.6331095893425966 7999
1672102481229 1.5479139940363231 8049
1672102495635 1.2868822280503949 8099
1672102510047 2.0352529671192157 8149
1672102524768 1.4972193173169608 8199
1672102549631 1.7776726428879683 8249
1672102564225 1.6735619429098645 8299
1672102578689 1.550919688410224 8349
1672102593291 1.9520406012705556 8399
1672102607870 1.8362569877248731 8449
1672102632418 1.251263751136033 8499
1672102646898 1.4624877862536834 8549
1672102661338 1.5145248894551722 8599
1672102675805 1.928283200768116 8649
1672102700498 1.621088646481275 8699
1672102714895 1.248963494091212 8749
1672102729311 1.737910210732429 8799
1672102743980 1.4446119902373602 8849
1672102768505 1.7699638051252766 8899
1672102782932 1.9396752882445858 8949
1672102797412 1.653871691428842 8999
1672102811852 2.022257537297762 9049
1672102826268 1.7709131101036522 9099
1672102851235 1.8648755580793044 9149
1672102865790 1.7439047278734034 9199
1672102880348 1.8047769402305849 9249
1672102894765 1.2922579877268128 9299
1672102919337 1.9433542643089823 9349
1672102933746 1.709426330846891 9399
1672102948201 1.5215429126796038 9449
1672102962603 1.5773462273643188 9499
1672102987631 1.7318755824010004 9549
1672103002101 1.9854416325766526 9599
1672103016550 2.0577358045311804 9649
1672103031023 1.3121002114693199 9699
1672103045389 1.330566324867402 9749
1672103069952 1.5800981573528945 9799
1672103084375 1.817411247684716 9849
1672103098937 1.71414768550613 9899
1672103113427 1.4351561310562175 9949
1672103138265 1.7226939186563772 9999
1672103152754 1.9689803921649058 10049
1672103167244 1.6325822760736624 10099
1672103181718 1.7491139516133374 10149
1672103206577 1.7197917607010271 10199
1672103221048 1.835993968178332 10249
1672103235693 1.5623760850958421 10299
1672103250168 1.5854510148165968 10349
1672103264634 1.4817787838306467 10399
1672103289627 2.0012211698651057 10449
1672103304111 1.72900761586981 10499
1672103318603 1.620982133446946 10549
1672103333107 1.8092446821141013 10599
1672103357704 1.352185342373669 10649
1672103372105 1.6566195534996642 10699
1672103386786 2.0519131199039813 10749
1672103401201 2.0336893558341083 10799
1672103415576 2.2073717425914277 10849
1672103440578 1.7529548150150462 10899
1672103455458 1.6928011660295939 10949
1672103469914 1.5229729656748074 10999
1672103484367 1.7646256083744125 11049
1672103509232 2.0100047891799857 11099
1672103523726 1.4993091145915105 11149
1672103538216 1.8504661909551123 11199
1672103552716 2.039147436673557 11249
1672103577402 1.907193212092567 11299
1672103591813 1.8074506737473655 11349
1672103606216 1.8981809052395753 11399
1672103620616 1.6302520740026056 11449
1672103635018 1.6526641425731774 11499
1672103660310 1.6392370743265037 11549
1672103674872 1.5370259291954997 11599
1672103689475 1.2819645814995564 11649
1672103703954 1.9206695563309297 11699
1672103728806 1.246949135109014 11749
1672103743237 1.320433154372743 11799
1672103757667 1.6185886116501629 11849
1672103772122 1.6599784072382353 11899
1672103797086 2.2865409449604526 11949
1672103811697 1.7252232967456034 11999
1672103826420 1.8471277812717843 12049
1672103840868 2.0446575569000487 12099
1672103855286 2.0327966807052937 12149
1672103880251 1.8625010846322776 12199
1672103894706 1.8601684197192738 12249
1672103909294 1.766978436698471 12299
1672103923866 1.979433699022043 12349
1672103948531 1.8185310600692395 12399
1672103962950 1.4391626092436818 12449
1672103977364 1.5275879737050033 12499
1672103991782 1.2851539418166258 12549
1672104016372 1.444700064781649 12599
1672104030777 1.6845019761679834 12649
1672104045290 1.5201939685860058 12699
1672104059733 2.0999207472095907 12749
1672104074355 1.8195693779787843 12799
1672104098868 1.4200513321885975 12849
1672104113379 1.7491906781121447 12899
1672104127790 1.7194506813322843 12949
1672104142323 1.5930861469170663 12999
1672104167174 1.7616090590976068 13049
1672104181650 2.053093016239915 13099
1672104196280 2.225437042009953 13149
1672104210883 1.4061348506701616 13199
1672104235742 1.3943992752814671 13249
1672104250220 1.4820536909095137 13299
1672104264796 1.515380937745975 13349
1672104279264 1.7273188173290444 13399
1672104293698 1.5895092827725343 13449
1672104318567 2.2252635742401647 13499
1672104333147 1.512096308472568 13549
1672104347847 1.6349548912145528 13599
1672104362315 1.6937959982682407 13649
1672104387092 1.6914781912407226 13699
1672104401768 1.6426235930633089 13749
1672104416288 1.5871336334760997 13799
1672104430793 2.1082235748686404 13849
1672104455598 1.1932721848259118 13899
1672104470018 1.4168356785042024 13949
1672104484464 1.9495396698360175 13999
1672104499048 1.765501764914061 14049
1672104513607 1.589652930496746 14099
1672104538049 1.508337894829429 14149
1672104552640 1.4102965661882672 14199
1672104567048 1.924899932622226 14249
1672104581476 1.65357362476303 14299
1672104606193 1.5968598099826647 14349
1672104620797 1.8039163184454041 14399
1672104635352 1.6415512432599186 14449
1672104649776 1.5989462431796542 14499
1672104674416 1.9160133200101126 14549
1672104688784 2.091499461966532 14599
1672104703195 2.0141501965046773 14649
1672104717592 1.6425487814147597 14699
1672104732001 1.4607186460260868 14749
1672104757050 1.8223727014283209 14799
1672104771470 1.9730101223823076 14849
1672104786027 1.8592133524788719 14899
1672104800464 1.3132154017944688 14949
1672104825478 1.914781473014763 14999
1672104839919 1.4534944730475532 15049
1672104854362 1.3543765685747582 15099
1672104868782 1.684326905201078 15149
1672104893677 2.091935953800266 15199
1672104908237 1.614580052104934 15249
1672104922687 1.5578022115015333 15299
1672104937124 2.028955355630055 15349
1672104951562 1.7884734781230078 15399
1672104976658 2.007584981714885 15449
1672104991115 1.5982142965081458 15499
1672105005692 1.544903756759545 15549
1672105020161 1.8071523000519396 15599
1672105044868 2.2845971248176604 15649
1672105059305 1.9453797231599987 15699
1672105073906 1.643921216483295 15749
1672105088337 1.8144420507320036 15799
1672105112960 1.1683884349131728 15849
1672105127582 1.6334804675437995 15899
1672105142114 1.5049562132844483 15949
1672105156746 1.6921979891621526 15999
1672105171244 1.6982059423201377 16049
1672105196120 2.0896213682192375 16099
1672105210637 1.323602591883461 16149
1672105224998 1.5310951464423659 16199
1672105239513 1.5849034479440334 16249
1672105264145 1.531959411479616 16299
1672105278667 1.7142902045574575 16349
1672105293046 1.860567588997542 16399
1672105307467 2.251438428713267 16449
1672105332457 1.7351093301454632 16499
1672105347030 1.502930282535215 16549
1672105361499 1.863291911869487 16599
1672105375956 1.4278836870267035 16649
1672105390574 1.9000333179974698 16699
1672105415447 1.7791066330168421 16749
1672105430022 1.3635632439706549 16799
1672105444478 1.6605945169766343 16849
1672105459025 1.7159073988956084 16899
1672105483921 1.269162605008717 16949
1672105498379 1.628910835033947 16999
1672105512837 2.1585887986817895 17049
1672105527413 1.5209400674808167 17099
1672105552373 1.7724814915172247 17149
1672105566848 1.7187485747268179 17199
1672105581269 1.3797029630209352 17249
1672105595841 1.58248267262677 17299
1672105610273 2.0221376272915887 17349
1672105635147 1.567875925629316 17399
1672105649566 2.0686255079508995 17449
1672105663982 1.5008006208861489 17499
1672105678406 1.580333787594745 17549
1672105703340 1.7799699966727367 17599
1672105718044 1.616277333140071 17649
1672105732457 1.4808441014390346 17699
1672105746938 2.045391338102237 17749
1672105771633 1.7974955925790086 17799
1672105786270 1.745051075772698 17849
1672105800741 1.7011397663331476 17899
1672105815360 1.543006121189333 17949
1672105829955 1.5798890864322863 17999
1672105854852 1.593658837052068 18049
1672105869423 1.3619816571714922 18099
1672105883859 2.0210151255663433 18149
1672105898300 2.0631808039011847 18199
1672105923131 1.6706926723191424 18249
1672105937742 2.014880654849578 18299
1672105952172 1.4057977747467543 18349
1672105966628 1.7621172535896203 18399
1672105991440 1.984165238335318 18449
1672106005886 1.5167340383672063 18499
1672106020507 1.2222296046482464 18549
1672106034974 2.0013600640748725 18599
1672106049572 1.97659302944591 18649
1672106074603 1.955312247311398 18699
1672106089158 1.2825350123934838 18749
1672106103560 1.4715651803914174 18799
1672106117976 2.143687051515223 18849
1672106143060 1.7669757222446911 18899
1672106157550 1.4999280535055206 18949
1672106172051 2.1852535197023895 18999
1672106186692 1.9383417245845047 19049
1672106211445 1.461895952686153 19099
1672106225820 1.956939059626262 19149
1672106240218 1.5053364718580733 19199
1672106254903 2.408238178930233 19249
1672106269296 1.7275200614202464 19299
1672106293934 2.0050522459697913 19349
1672106308498 1.7130370684581586 19399
1672106322937 1.0754601052784925 19449
1672106337528 1.5003179423165878 19499
1672106362225 2.087705789477195 19549
1672106376857 1.4882054978799661 19599
1672106391480 1.5370144510553803 19649
1672106405982 1.6339602149570953 19699
1672106430762 2.2011024836691413 19749
1672106445141 1.7118008009255676 19799
1672106459665 1.6419661236359002 19849
1672106474245 1.6476457974646839 19899
1672106488687 1.4985748509467327 19949
1672106513422 1.5514715456146355 19999
1672106528018 1.6852772292135696 20049
1672106542477 1.537973487903385 20099
1672106556917 1.536175452954967 20149
1672106581947 1.6930674361214213 20199
1672106596526 1.8218733373522527 20249
1672106610946 1.6950849069114229 20299
1672106625367 1.2888546335708768 20349
1672106650101 1.4166505312368802 20399
1672106664702 1.6267067108577855 20449
1672106679211 1.7914023612488776 20499
1672106693726 1.6842694513579317 20549
1672106708195 1.9537093765441162 20599
1672106733428 1.9573278557322555 20649
1672106747926 2.0150532817174653 20699
1672106762405 1.3804555692186722 20749
1672106777141 1.6701359932703108 20799
1672106801934 1.657225313634229 20849
1672106816387 1.656474937564249 20899
1672106830829 1.8597235461996193 20949
1672106845245 1.9181636506943716 20999
1672106869887 1.8817980597364596 21049
1672106884473 1.849573924966279 21099
1672106899227 1.5979480845350196 21149
1672106913743 1.840928920244186 21199
1672106928121 1.5164939579764072 21249
1672106953019 1.7224796801124387 21299
1672106967465 1.3576547787774305 21349
1672106981895 1.8447556338040538 21399
1672106996451 1.8649427256083044 21449
1672107020967 1.691080523031032 21499
1672107035499 1.5158762219419015 21549
1672107050047 1.7617736973937397 21599
1672107064595 1.2850700679976927 21649
1672107078796 0.5362859940447843 21699
1672107103775 1.466053040031732 21749
1672107118267 1.619117279657338 21799
1672107132725 1.6540876575258312 21849
1672107147202 1.78918003488617 21899
1672107172099 1.8063171943408562 21949
1672107186743 1.5547291704246817 21999
1672107201192 1.680091194716673 22049
1672107215589 1.6696426824494153 22099
1672107240157 1.5097446365268035 22149
1672107254706 1.3727465843980342 22199
1672107269181 1.0381981566457115 22249
1672107283703 1.7964163378607947 22299
1672107298378 1.7331705319681892 22349
1672107325967 2.128632799122556 22399
1672107341159 1.6293109302161906 22449
1672107356094 1.2005975831367572 22499
1672107371007 1.445491731348813 22549
1672107397641 1.915646380018611 22599
1672107412466 1.7149363708046823 22649
1672107427276 1.6389126263690157 22699
1672107442059 1.650031086073756 22749
1672107468150 1.373940486319289 22799
1672107483020 1.7414344271735724 22849
1672107498270 1.322480229895547 22899
1672107513581 1.6016810060045892 22949
1672107528432 1.4688064505149891 22999
1672107554249 1.8784945593729314 23049
1672107569371 1.7065086383181678 23099
1672107584194 1.6254734331815237 23149
1672107598990 1.4926894994659596 23199
1672107625421 1.8764876516513271 23249
1672107640544 1.8287306104395022 23299
1672107655630 1.689617424364032 23349
1672107670707 1.6227112082422557 23399
1672107696985 1.3503509865422245 23449
1672107711856 1.4508450677073859 23499
1672107726728 2.0127742598476557 23549
1672107741602 1.6663271309982874 23599
1672107756658 1.6682025580932447 23649
1672107782969 1.7721886794529902 23699
1672107797992 1.8807130414454782 23749
1672107813011 1.7390871431284374 23799
1672107827910 1.5603298218886028 23849
1672107854216 1.3825136227408787 23899
1672107869075 1.7233057716309086 23949
1672107883889 1.8319271496960354 23999
1672107898878 1.7478159756433103 24049
1672107925147 2.316167814364986 24099
1672107940147 1.7260119844411197 24149
1672107955151 1.5794343846075032 24199
1672107970002 1.1135985709072629 24249
1672107984812 1.2051289531745768 24299
1672108010701 1.4333947049256772 24349
1672108025782 1.6010112756561918 24399
1672108040770 1.3971424522992058 24449
1672108055582 1.677349892058841 24499
1672108081616 1.890819875354214 24549
1672108096406 1.4260741789179827 24599
1672108111238 1.754376409149462 24649
1672108126014 1.4995444266650646 24699
1672108152475 1.489116299709803 24749
1672108167378 1.4196291331146833 24799
1672108182318 1.8927128550101535 24849
1672108197176 2.0213065909893277 24899
1672108212406 1.6858570945878961 24949
1672108238505 1.7113035893384247 24999
1672108253310 1.4605667320568083 25049
1672108268214 1.9587718720612748 25099
1672108283016 1.7774958964314571 25149
1672108309032 1.9309246337374806 25199
1672108323801 1.4310906707862343 25249
1672108338762 1.4073367951968885 25299
1672108353677 1.7123061458816435 25349
1672108379690 1.7425053219447184 25399
1672108394515 1.8328124904810084 25449
1672108409359 1.3842633242731608 25499
1672108424325 1.730049419632976 25549
1672108439095 1.770514537253363 25599
1672108465313 1.4909470997219292 25649
1672108480320 1.189853544650831 25699
1672108495350 1.8714717588622005 25749
1672108510247 1.442100554387235 25799
1672108536249 1.4450874069793977 25849
1672108551246 1.5299706030812883 25899
1672108566111 2.018164692579382 25949
1672108580927 1.3883458387945042 25999
1672108607134 1.5363610356814505 26049
1672108621992 1.559469391221004 26099
1672108637279 1.4887321539859548 26149
1672108652125 1.4414329920442293 26199
1672108666986 1.60009796836091 26249
1672108693281 1.8384217382212924 26299
1672108708406 1.8584641459349829 26349
1672108723385 1.8736135130215703 26399
1672108738346 1.4980340536266834 26449
1672108764684 1.5673209650206643 26499
1672108779925 1.19170317466103 26549
1672108794865 1.79710266670391 26599
1672108809775 1.6866771310631528 26649
1672108836078 1.8360700819661144 26699
1672108850958 1.5190205555948257 26749
1672108865926 1.6684555906730565 26799
1672108880786 1.7437754443545088 26849
1672108895639 1.7931375611457065 26899
1672108921577 1.7259558123075878 26949
1672108936556 1.760017100705241 26999
1672108951355 1.8727565270876227 27049
1672108966323 1.7278830879965323 27099
1672108992383 1.8018982780604504 27149
1672109007242 1.5586249055831176 27199
1672109022136 1.206010587123191 27249
1672109037022 1.9446952893933538 27299
1672109063830 1.7421929060717427 27349
1672109078383 1.5158939567076553 27399
1672109092893 1.9081586945000266 27449
1672109107382 1.6212794801900612 27499
1672109121841 1.7387387625481914 27549
1672109146853 1.5288900950225641 27599
1672109161475 1.1924174220071777 27649
1672109176233 1.6189194248467875 27699
1672109191024 1.939661135765545 27749
1672109216478 1.6871313111860284 27799
1672109231142 1.4367042719657268 27849
1672109245693 2.21047442864129 27899
1672109260454 1.4362139675361725 27949
1672109285620 1.3574113373506926 27999
1672109300358 1.7045875350506627 28049
1672109315354 1.866487780706253 28099
1672109330053 1.9269175309103044 28149
1672109344906 1.7627446470565322 28199
1672109369957 1.4399442799454476 28249
1672109384443 1.5433767517999408 28299
1672109399103 1.3453844539701634 28349
1672109413606 1.5387812396490896 28399
1672109441046 1.5735725720852476 28449
1672109456167 1.2958185098629318 28499
1672109471228 1.4731598759511977 28549
1672109486276 1.400497070426559 28599
1672109512708 2.330390959243049 28649
1672109527489 1.8113159522628082 28699
1672109542528 1.6929940398374217 28749
1672109557342 1.3672230904784328 28799
1672109572167 1.560646720003299 28849
1672109598348 1.5294990502180723 28899
1672109613470 1.4604889820450553 28949
1672109628272 1.4419154267379612 28999
1672109643226 1.7597050802995862 29049
1672109669209 1.4135371703780009 29099
1672109684117 1.6762949294981695 29149
1672109699195 1.73921214964893 29199
1672109714085 1.6423698546569299 29249
1672109740364 1.2932373006876745 29299
1672109755425 1.6172369809873388 29349
1672109770664 1.228180013759409 29399
1672109785550 1.4562124031081085 29449
1672109800447 1.3192093957708517 29499
1672109826816 1.807551141538068 29549
1672109841665 1.5572659107703486 29599
1672109856505 2.1466183831045966 29649
1672109871485 1.8725126690012317 29699
1672109897705 1.640405641108177 29749
1672109912930 1.900206819900046 29799
1672109927831 1.6046055383647073 29849
1672109942745 1.7163060896141158 29899
1672109968733 1.2563318035314661 29949
1672109983512 1.3738351246538516 29999
1672109998330 1.1581218792962384 30049
1672110013325 1.6786421330087962 30099
1672110028192 1.9718261994096882 30149
1672110054463 2.417962963889699 30199
1672110069447 1.602308942656432 30249
1672110084234 1.6322245863170717 30299
1672110099043 1.730014680912718 30349
1672110125629 1.7564558181419923 30399
1672110140634 1.122876967690932 30449
1672110155554 1.8330289831079782 30499
1672110170599 1.889404980904255 30549
1672110196960 1.161492960811741 30599
1672110211786 1.8578950747863405 30649
1672110226642 1.9557206712384263 30699
1672110241473 1.9798720775263314 30749
1672110256318 1.4325935687421232 30799
1672110282433 1.4561761848173342 30849
1672110297197 1.7756094460525857 30899
1672110312089 1.5099720049178558 30949
1672110326764 1.458465666363051 30999
1672110351814 1.4965106814573614 31049
1672110366427 1.8180042409694999 31099
1672110381127 1.619328457512475 31149
1672110395810 1.7650894116745899 31199
1672110421568 1.0220402818220813 31249
1672110436373 1.6163315004798338 31299
1672110451171 1.3898288028349128 31349
1672110465818 1.88450575541329 31399
1672110480451 1.503717198731259 31449
1672110505578 1.5413688320608738 31499
1672110520159 2.052591940350637 31549
1672110534817 1.9353065507592235 31599
1672110549636 1.3150095390243095 31649
1672110575266 1.5277980668199633 31699
1672110590066 1.7209700862218582 31749
1672110604701 1.178246318493486 31799
1672110619329 2.2592460360034026 31849
1672110644714 1.6276932992640494 31899
1672110659299 1.7181409650757138 31949
1672110674041 1.3885672272383014 31999
1672110688796 1.757088737106949 32049
1672110703580 2.0914616869934877 32099
1672110728999 2.035987399127584 32149
1672110743653 1.8064422256917796 32199
1672110758315 1.5403429829783042 32249
1672110772962 1.2883176232888447 32299
1672110798195 1.3933741484219162 32349
1672110812758 1.9645586762855793 32399
1672110827514 1.8050693652443133 32449
1672110842047 1.6161579090407863 32499
1672110856660 1.2860294994698385 32549
