1672099843100 0.5737146139144897 216
1672099915546 0.5914602875709534 433
1672099988512 0.5905147194862366 650
1672100061657 0.6034227609634399 867
1672100134514 0.6031901240348816 1084
1672100207765 0.5898595452308655 1301
1672100280859 0.5847756266593933 1518
1672100354317 0.5814793705940247 1735
1672100427306 0.594027042388916 1952
1672100500677 0.598462700843811 2169
1672100573507 0.5908477306365967 2386
1672100646701 0.6034488677978516 2603
1672100719984 0.5982218384742737 2820
1672100793154 0.5982205271720886 3037
1672100865967 0.6042637228965759 3254
1672100938974 0.6064932346343994 3471
1672101012206 0.6044522523880005 3688
1672101084989 0.6053563952445984 3905
1672101157858 0.6168317794799805 4122
1672101230846 0.6151472926139832 4339
1672101304530 0.6185411214828491 4556
1672101377580 0.6165042519569397 4773
1672101450799 0.6178255081176758 4990
1672101523780 0.6206991672515869 5207
1672101596987 0.6182507872581482 5424
1672101670020 0.6192746758460999 5641
1672101743055 0.6167877316474915 5858
1672101816105 0.6276038289070129 6075
1672101888836 0.633180558681488 6292
1672101962037 0.6306220889091492 6509
1672102035261 0.6384764313697815 6726
1672102108606 0.6268125772476196 6943
1672102181417 0.6364367604255676 7160
1672102254740 0.6261780858039856 7377
1672102327954 0.624445378780365 7594
1672102400917 0.6329452395439148 7811
1672102474454 0.6353234648704529 8028
1672102547753 0.6348085999488831 8245
1672102621022 0.6355670094490051 8462
1672102694082 0.6386691331863403 8679
1672102766913 0.6308284401893616 8896
1672102840035 0.6246325373649597 9113
1672102913102 0.6351665258407593 9330
1672102986320 0.6412537693977356 9547
1672103059163 0.6312247514724731 9764
1672103132225 0.6450619101524353 9981
1672103205551 0.6390284299850464 10198
1672103279095 0.6428626179695129 10415
1672103352103 0.6314354538917542 10632
1672103425378 0.644649088382721 10849
1672103498810 0.6413225531578064 11066
1672103572110 0.6334323287010193 11283
1672103645222 0.6474373936653137 11500
1672103718848 0.6307486891746521 11717
1672103792034 0.640251874923706 11934
1672103865501 0.6356854438781738 12151
1672103938933 0.6429534554481506 12368
1672104011651 0.6575654149055481 12585
1672104084653 0.6401967406272888 12802
1672104157792 0.6384502649307251 13019
1672104231109 0.6556028127670288 13236
1672104304584 0.6417534351348877 13453
1672104377991 0.6550414562225342 13670
1672104451427 0.6432549357414246 13887
1672104524377 0.6508890390396118 14104
1672104597167 0.6435054540634155 14321
1672104670564 0.6515028476715088 14538
1672104743548 0.6386539340019226 14755
1672104816835 0.647632896900177 14972
1672104889815 0.644856870174408 15189
1672104963371 0.6482521295547485 15406
1672105036654 0.661078929901123 15623
1672105109669 0.6539292335510254 15840
1672105183369 0.6415579319000244 16057
1672105256218 0.6373410820960999 16274
1672105329432 0.6468510031700134 16491
1672105402964 0.6460199356079102 16708
1672105476165 0.6547536849975586 16925
1672105549505 0.6488467454910278 17142
1672105622610 0.6511960029602051 17359
1672105695985 0.646460235118866 17576
1672105769184 0.6445747017860413 17793
1672105842923 0.6534627079963684 18010
1672105915938 0.6580402255058289 18227
1672105989278 0.6529231667518616 18444
1672106062948 0.6459029316902161 18661
1672106136228 0.6590834259986877 18878
1672106209553 0.6460363864898682 19095
1672106282625 0.6513143181800842 19312
1672106355727 0.6445142030715942 19529
1672106429156 0.6734433770179749 19746
1672106502344 0.64720618724823 19963
1672106575670 0.663523256778717 20180
1672106648739 0.6562951803207397 20397
1672106722292 0.6482878923416138 20614
1672106795988 0.6399091482162476 20831
1672106868913 0.6677249670028687 21048
1672106942465 0.6446574330329895 21265
1672107015393 0.6676026582717896 21482
1672107088539 0.6452931761741638 21699
1672107161761 0.6730058193206787 21916
1672107234870 0.6545636653900146 22133
1672107310243 0.6481461524963379 22350
1672107387395 0.6570713520050049 22567
1672107462872 0.6561836004257202 22784
1672107539278 0.6541673541069031 23001
1672107615444 0.6633911728858948 23218
1672107692072 0.6540737748146057 23435
1672107768178 0.6664161086082458 23652
1672107844529 0.6718689203262329 23869
1672107920457 0.6646725535392761 24086
1672107996218 0.6469473838806152 24303
1672108072119 0.6627774238586426 24520
1672108148128 0.6547701358795166 24737
1672108224385 0.6605395078659058 24954
1672108299798 0.6518910527229309 25171
1672108375627 0.6552215814590454 25388
1672108451276 0.6614341735839844 25605
1672108527487 0.6547563672065735 25822
1672108603334 0.6590173244476318 26039
1672108679675 0.6560776233673096 26256
1672108756029 0.66586834192276 26473
1672108832628 0.6591659784317017 26690
1672108908313 0.6696614623069763 26907
1672108984142 0.6654693484306335 27124
1672109060679 0.6501005291938782 27341
1672109134148 0.6553990840911865 27558
1672109208700 0.6574070453643799 27775
1672109282803 0.6636897325515747 27992
1672109357626 0.6527374982833862 28209
1672109433383 0.6571524739265442 28426
1672109510079 0.6649408936500549 28643
1672109586057 0.6581599712371826 28860
1672109661905 0.6583953499794006 29077
1672109737984 0.6620920300483704 29294
1672109814727 0.6671482920646667 29511
1672109890704 0.6675791144371033 29728
1672109966770 0.6712523698806763 29945
1672110042583 0.6713721752166748 30162
1672110118874 0.6532631516456604 30379
1672110195296 0.6625846028327942 30596
1672110270801 0.6621910929679871 30813
1672110345539 0.6551637053489685 31030
1672110420219 0.6576686501502991 31247
1672110494726 0.6692911982536316 31464
1672110568973 0.667056143283844 31681
1672110643642 0.6629754900932312 31898
1672110718303 0.6477016806602478 32115
1672110792512 0.6604733467102051 32332
1672110866486 0.660898745059967 32549
