1672099843100 0.6257324814796448 216
1672099915546 0.6452069282531738 433
1672099988512 0.6468252539634705 650
1672100061657 0.6530316472053528 867
1672100134514 0.6551064252853394 1084
1672100207765 0.6425631046295166 1301
1672100280859 0.6382830739021301 1518
1672100354317 0.6341867446899414 1735
1672100427306 0.6427481770515442 1952
1672100500677 0.6504417061805725 2169
1672100573507 0.6437320113182068 2386
1672100646701 0.6545717716217041 2603
1672100719984 0.6447815299034119 2820
1672100793154 0.6492282152175903 3037
1672100865967 0.6536217927932739 3254
1672100938974 0.6549670100212097 3471
1672101012206 0.6510289311408997 3688
1672101084989 0.6525217294692993 3905
1672101157858 0.6622911691665649 4122
1672101230846 0.6614058017730713 4339
1672101304530 0.6635163426399231 4556
1672101377580 0.6648280620574951 4773
1672101450799 0.6584808230400085 4990
1672101523780 0.6648727655410767 5207
1672101596987 0.6618687510490417 5424
1672101670020 0.6624990105628967 5641
1672101743055 0.6603511571884155 5858
1672101816105 0.6651734113693237 6075
1672101888836 0.6783699989318848 6292
1672101962037 0.6705570816993713 6509
1672102035261 0.6762354969978333 6726
1672102108606 0.6652045845985413 6943
1672102181417 0.6748664975166321 7160
1672102254740 0.6684722304344177 7377
1672102327954 0.6664639711380005 7594
1672102400917 0.6708020567893982 7811
1672102474454 0.6722574830055237 8028
1672102547753 0.6744397282600403 8245
1672102621022 0.6710402369499207 8462
1672102694082 0.6719475388526917 8679
1672102766913 0.667542576789856 8896
1672102840035 0.6597235798835754 9113
1672102913102 0.6746541261672974 9330
1672102986320 0.6766112446784973 9547
1672103059163 0.669180691242218 9764
1672103132225 0.6814906001091003 9981
1672103205551 0.674433708190918 10198
1672103279095 0.6753255128860474 10415
1672103352103 0.6666528582572937 10632
1672103425378 0.6812193989753723 10849
1672103498810 0.6765428781509399 11066
1672103572110 0.6693333983421326 11283
1672103645222 0.6776673197746277 11500
1672103718848 0.6661420464515686 11717
1672103792034 0.6751261353492737 11934
1672103865501 0.6728013157844543 12151
1672103938933 0.6765680313110352 12368
1672104011651 0.6913871765136719 12585
1672104084653 0.6764860153198242 12802
1672104157792 0.6721276044845581 13019
1672104231109 0.6888321042060852 13236
1672104304584 0.6770644783973694 13453
1672104377991 0.6869437098503113 13670
1672104451427 0.6767473816871643 13887
1672104524377 0.6824936270713806 14104
1672104597167 0.6770352721214294 14321
1672104670564 0.6850021481513977 14538
1672104743548 0.6736307144165039 14755
1672104816835 0.6816506385803223 14972
1672104889815 0.6739645004272461 15189
1672104963371 0.6810213923454285 15406
1672105036654 0.6849899888038635 15623
1672105109669 0.6871867775917053 15840
1672105183369 0.6717313528060913 16057
1672105256218 0.6703116297721863 16274
1672105329432 0.6768626570701599 16491
1672105402964 0.6775331497192383 16708
1672105476165 0.6850781440734863 16925
1672105549505 0.6758633852005005 17142
1672105622610 0.6792817711830139 17359
1672105695985 0.6762465834617615 17576
1672105769184 0.6755853891372681 17793
1672105842923 0.6853315234184265 18010
1672105915938 0.6888014078140259 18227
1672105989278 0.6869465708732605 18444
1672106062948 0.6738346219062805 18661
1672106136228 0.6871325969696045 18878
1672106209553 0.6824604868888855 19095
1672106282625 0.6850880980491638 19312
1672106355727 0.6763435006141663 19529
1672106429156 0.7015830278396606 19746
1672106502344 0.6771435737609863 19963
1672106575670 0.6920497417449951 20180
1672106648739 0.6857254505157471 20397
1672106722292 0.6807077527046204 20614
1672106795988 0.6721000075340271 20831
1672106868913 0.6941449046134949 21048
1672106942465 0.6732629537582397 21265
1672107015393 0.6912998557090759 21482
1672107088539 0.6752046346664429 21699
1672107161761 0.6956322193145752 21916
1672107234870 0.6851066946983337 22133
1672107310243 0.6802918314933777 22350
1672107387395 0.6846920847892761 22567
1672107462872 0.6887943744659424 22784
1672107539278 0.6826091408729553 23001
1672107615444 0.6943748593330383 23218
1672107692072 0.6814156174659729 23435
1672107768178 0.6902452707290649 23652
1672107844529 0.703666627407074 23869
1672107920457 0.6927594542503357 24086
1672107996218 0.6795392036437988 24303
1672108072119 0.6886621117591858 24520
1672108148128 0.6851876974105835 24737
1672108224385 0.6883108019828796 24954
1672108299798 0.6817794442176819 25171
1672108375627 0.6837781071662903 25388
1672108451276 0.6868674159049988 25605
1672108527487 0.6843498349189758 25822
1672108603334 0.6892770528793335 26039
1672108679675 0.6829584836959839 26256
1672108756029 0.6893357634544373 26473
1672108832628 0.68919837474823 26690
1672108908313 0.6933954358100891 26907
1672108984142 0.6953004598617554 27124
1672109060679 0.6800194978713989 27341
1672109134148 0.6832353472709656 27558
1672109208700 0.6909299492835999 27775
1672109282803 0.690065324306488 27992
1672109357626 0.679937481880188 28209
1672109433383 0.6850759387016296 28426
1672109510079 0.6937915086746216 28643
1672109586057 0.6859449744224548 28860
1672109661905 0.6869622468948364 29077
1672109737984 0.6897785067558289 29294
1672109814727 0.6876607537269592 29511
1672109890704 0.692986786365509 29728
1672109966770 0.6960392594337463 29945
1672110042583 0.6961327195167542 30162
1672110118874 0.6788946986198425 30379
1672110195296 0.6897207498550415 30596
1672110270801 0.6877427101135254 30813
1672110345539 0.6821535229682922 31030
1672110420219 0.6842055320739746 31247
1672110494726 0.6959444284439087 31464
1672110568973 0.6938927173614502 31681
1672110643642 0.6871456503868103 31898
1672110718303 0.67637699842453 32115
1672110792512 0.684706449508667 32332
1672110866486 0.6865401864051819 32549
