1672099785070 0.6833333373069763 49
1672099799553 0.5833333730697632 99
1672099814262 0.60317462682724 149
1672099828849 0.7142857313156128 199
1672099853263 0.75 249
1672099867622 0.6166666746139526 299
1672099881962 0.7416666746139526 349
1672099896337 0.6166666746139526 399
1672099920790 0.5833333730697632 449
1672099935260 0.797619104385376 499
1672099949742 0.6138889193534851 549
1672099964228 0.5166666507720947 599
1672099978709 0.6166666746139526 649
1672100003359 0.5476190447807312 699
1672100017830 0.763888955116272 749
1672100032278 0.550000011920929 799
1672100046808 0.32499998807907104 849
1672100071549 0.6666666865348816 899
1672100085971 0.6111111640930176 949
1672100100383 0.5833333730697632 999
1672100115137 0.699999988079071 1049
1672100139588 0.7152777910232544 1099
1672100154006 0.6166666746139526 1149
1672100168467 0.6785714626312256 1199
1672100182945 0.6041666865348816 1249
1672100197667 0.6666666865348816 1299
1672100222314 0.9375 1349
1672100236917 0.6970238089561462 1399
1672100251350 0.6375000476837158 1449
1672100265744 0.6415584683418274 1499
1672100290519 0.7559524178504944 1549
1672100304976 0.6746032238006592 1599
1672100319566 0.7392857074737549 1649
1672100334292 0.3333333432674408 1699
1672100359031 0.4833333492279053 1749
1672100373440 0.6583333611488342 1799
1672100387850 0.8125 1849
1672100402268 0.7749999761581421 1899
1672100416823 0.8583333492279053 1949
1672100441601 0.7416666746139526 1999
1672100456238 0.7470238208770752 2049
1672100470724 0.6388888955116272 2099
1672100485345 0.7559523582458496 2149
1672100510025 0.6583333611488342 2199
1672100524424 0.6428571939468384 2249
1672100539020 0.511904776096344 2299
1672100553400 0.7083333730697632 2349
1672100577942 0.6904762387275696 2399
1672100592350 0.8809524178504944 2449
1672100606955 0.8388888835906982 2499
1672100621425 0.6333333849906921 2549
1672100636023 0.49642854928970337 2599
1672100660870 0.44999998807907104 2649
1672100675307 0.5178571343421936 2699
1672100689833 0.6625000238418579 2749
1672100704341 0.6597222089767456 2799
1672100729239 0.6578283309936523 2849
1672100743789 0.3392857313156128 2899
1672100758214 0.6097222566604614 2949
1672100772659 0.773809552192688 2999
1672100797313 0.7351190447807312 3049
1672100811741 0.5874999761581421 3099
1672100826315 0.6458333730697632 3149
1672100840712 0.6875 3199
1672100855114 0.625 3249
1672100879646 0.5892857313156128 3299
1672100894122 0.6761904954910278 3349
1672100908588 0.5568181872367859 3399
1672100923180 0.36666667461395264 3449
1672100947755 0.8785714507102966 3499
1672100962337 0.949999988079071 3549
1672100976778 0.7083333730697632 3599
1672100991342 0.8785714507102966 3649
1672101016095 0.20000000298023224 3699
1672101030479 0.6666666865348816 3749
1672101044994 0.8928571939468384 3799
1672101059374 0.5138888955116272 3849
1672101073768 0.7000000476837158 3899
1672101098331 0.6642857193946838 3949
1672101112862 0.7208333015441895 3999
1672101127276 0.6000000238418579 4049
1672101141664 0.5267857313156128 4099
1672101166399 0.615079402923584 4149
1672101180829 0.735119104385376 4199
1672101195291 0.7651515603065491 4249
1672101209898 0.7939394116401672 4299
1672101234589 0.7666666507720947 4349
1672101249001 0.949999988079071 4399
1672101263576 0.5571428537368774 4449
1672101278086 0.7430556416511536 4499
1672101292732 0.6238095760345459 4549
1672101317588 0.6761904954910278 4599
1672101332257 0.7972222566604614 4649
1672101346952 0.7142857313156128 4699
1672101361379 0.5 4749
1672101385730 0.6000000238418579 4799
1672101400417 0.5928571224212646 4849
1672101414812 0.6857143044471741 4899
1672101429243 0.6388888955116272 4949
1672101454099 0.6875 4999
1672101468510 0.5809524059295654 5049
1672101482947 0.523809552192688 5099
1672101497403 0.7833333611488342 5149
1672101511936 0.625 5199
1672101536875 0.7666666507720947 5249
1672101551479 0.7416666746139526 5299
1672101565933 0.798701286315918 5349
1672101580506 0.5833333730697632 5399
1672101604855 0.48571428656578064 5449
1672101619303 0.7416666746139526 5499
1672101633736 0.887499988079071 5549
1672101648326 0.5 5599
1672101673005 0.49761903285980225 5649
1672101687581 0.6666666865348816 5699
1672101702148 0.6484127044677734 5749
1672101716715 0.8017857074737549 5799
1672101731170 0.7285714149475098 5849
1672101755513 0.8041666746139526 5899
1672101769938 0.824999988079071 5949
1672101784450 0.773809552192688 5999
1672101798848 0.523809552192688 6049
1672101823824 0.3222222328186035 6099
1672101838216 0.5267857313156128 6149
1672101852758 0.36666667461395264 6199
1672101867161 0.7777778506278992 6249
1672101891569 0.7420635223388672 6299
1672101906010 0.5892857313156128 6349
1672101920448 0.5821428894996643 6399
1672101935018 0.4583333432674408 6449
1672101949587 0.826388955116272 6499
1672101974303 0.8666666746139526 6549
1672101988834 0.7833333611488342 6599
1672102003214 0.5375000238418579 6649
1672102017620 0.6071428656578064 6699
1672102042567 0.8597221970558167 6749
1672102056961 0.6309523582458496 6799
1672102071480 0.6416666507720947 6849
1672102086007 0.8865079879760742 6899
1672102111070 0.75 6949
1672102125517 0.4375 6999
1672102139924 0.6595238447189331 7049
1672102154340 0.5 7099
1672102168732 0.8500000238418579 7149
1672102193594 0.7714285850524902 7199
1672102208159 0.690079391002655 7249
1672102222562 0.625 7299
1672102236996 0.8392857313156128 7349
1672102261780 0.7416666746139526 7399
1672102276207 0.6791666746139526 7449
1672102290630 0.3541666865348816 7499
1672102305056 0.6439393758773804 7549
1672102330164 0.5976190567016602 7599
1672102344730 0.7833333611488342 7649
1672102359212 0.6726190447807312 7699
1672102373657 0.2916666865348816 7749
1672102388114 0.5357142686843872 7799
1672102412602 0.4333333373069763 7849
1672102427064 0.7250000238418579 7899
1672102441651 0.5684524178504944 7949
1672102456144 0.6666666269302368 7999
1672102481229 0.7972222566604614 8049
1672102495635 0.5809524059295654 8099
1672102510047 0.7416666746139526 8149
1672102524768 0.7916666865348816 8199
1672102549631 0.5083333253860474 8249
1672102564225 0.7559524178504944 8299
1672102578689 0.8166666626930237 8349
1672102593291 0.4642857313156128 8399
1672102607870 0.5305556058883667 8449
1672102632418 0.6833333373069763 8499
1672102646898 0.6041666865348816 8549
1672102661338 0.7222222685813904 8599
1672102675805 0.826388955116272 8649
1672102700498 0.8095238208770752 8699
1672102714895 0.1428571492433548 8749
1672102729311 0.5791667103767395 8799
1672102743980 0.9285714626312256 8849
1672102768505 0.737500011920929 8899
1672102782932 0.49761903285980225 8949
1672102797412 0.2857142686843872 8999
1672102811852 0.7767857313156128 9049
1672102826268 0.7147727608680725 9099
1672102851235 0.9142857193946838 9149
1672102865790 0.8660714626312256 9199
1672102880348 0.8184523582458496 9249
1672102894765 0.4888888895511627 9299
1672102919337 0.7166666984558105 9349
1672102933746 0.7976190447807312 9399
1672102948201 0.747619092464447 9449
1672102962603 0.8785714507102966 9499
1672102987631 0.8666666746139526 9549
1672103002101 0.7083333730697632 9599
1672103016550 0.7460317611694336 9649
1672103031023 0.6499999761581421 9699
1672103045389 0.6166666746139526 9749
1672103069952 0.44999998807907104 9799
1672103084375 0.7222222089767456 9849
1672103098937 0.8875000476837158 9899
1672103113427 0.7559524178504944 9949
1672103138265 0.7833333611488342 9999
1672103152754 0.5833333730697632 10049
1672103167244 0.949999988079071 10099
1672103181718 0.6916666626930237 10149
1672103206577 0.8642857074737549 10199
1672103221048 0.6642857193946838 10249
1672103235693 0.5416666865348816 10299
1672103250168 0.6142857074737549 10349
1672103264634 0.4166666865348816 10399
1672103289627 0.7684524059295654 10449
1672103304111 0.8472222089767456 10499
1672103318603 0.550000011920929 10549
1672103333107 0.5333333015441895 10599
1672103357704 0.8392857313156128 10649
1672103372105 0.7708333730697632 10699
1672103386786 0.6814394593238831 10749
1672103401201 0.6666666865348816 10799
1672103415576 0.5 10849
1672103440578 0.5666666626930237 10899
1672103455458 0.7208333611488342 10949
1672103469914 0.3928571343421936 10999
1672103484367 0.6458333730697632 11049
1672103509232 0.6666666865348816 11099
1672103523726 0.5595238208770752 11149
1672103538216 0.7708333730697632 11199
1672103552716 0.75 11249
1672103577402 0.7000000476837158 11299
1672103591813 0.4583333730697632 11349
1672103606216 0.7083333730697632 11399
1672103620616 0.773809552192688 11449
1672103635018 0.797619104385376 11499
1672103660310 0.699999988079071 11549
1672103674872 0.699999988079071 11599
1672103689475 0.4809523820877075 11649
1672103703954 0.8439394235610962 11699
1672103728806 0.6476190686225891 11749
1672103743237 0.44999998807907104 11799
1672103757667 0.7142857313156128 11849
1672103772122 0.6541666984558105 11899
1672103797086 0.7000000476837158 11949
1672103811697 0.5359848737716675 11999
1672103826420 0.73333340883255 12049
1672103840868 0.797619104385376 12099
1672103855286 0.6071428656578064 12149
1672103880251 0.7490079402923584 12199
1672103894706 0.6365079283714294 12249
1672103909294 0.6309524178504944 12299
1672103923866 0.3976190686225891 12349
1672103948531 0.7651515603065491 12399
1672103962950 0.8999999761581421 12449
1672103977364 0.6583333611488342 12499
1672103991782 0.5 12549
1672104016372 0.6309524178504944 12599
1672104030777 0.6666666865348816 12649
1672104045290 0.8333333730697632 12699
1672104059733 0.8517857193946838 12749
1672104074355 0.8333333730697632 12799
1672104098868 0.8928571343421936 12849
1672104113379 0.7142857313156128 12899
1672104127790 0.5392857193946838 12949
1672104142323 0.2916666865348816 12999
1672104167174 0.8333333730697632 13049
1672104181650 0.7192460894584656 13099
1672104196280 0.6642857193946838 13149
1672104210883 0.8309524059295654 13199
1672104235742 0.8333333730697632 13249
1672104250220 0.5178571343421936 13299
1672104264796 0.6309523582458496 13349
1672104279264 0.6166666746139526 13399
1672104293698 0.2678571343421936 13449
1672104318567 0.8068181872367859 13499
1672104333147 0.7916666865348816 13549
1672104347847 0.8452380895614624 13599
1672104362315 0.7803571224212646 13649
1672104387092 0.7333333492279053 13699
1672104401768 0.699999988079071 13749
1672104416288 0.6041666865348816 13799
1672104430793 0.8031746745109558 13849
1672104455598 0.8333333730697632 13899
1672104470018 0.5166666507720947 13949
1672104484464 0.6904762387275696 13999
1672104499048 0.7053571343421936 14049
1672104513607 0.523809552192688 14099
1672104538049 0.6017857193946838 14149
1672104552640 0.6428571343421936 14199
1672104567048 0.4809523820877075 14249
1672104581476 0.5333333611488342 14299
1672104606193 0.5 14349
1672104620797 0.908730149269104 14399
1672104635352 0.6875 14449
1672104649776 0.7397727370262146 14499
1672104674416 0.3958333134651184 14549
1672104688784 0.797619104385376 14599
1672104703195 0.6666666865348816 14649
1672104717592 0.699999988079071 14699
1672104732001 0.8888888955116272 14749
1672104757050 0.7522727251052856 14799
1672104771470 0.75 14849
1672104786027 0.5833333730697632 14899
1672104800464 0.7059524059295654 14949
1672104825478 0.550000011920929 14999
1672104839919 0.7250000238418579 15049
1672104854362 0.4791666865348816 15099
1672104868782 0.7000000476837158 15149
1672104893677 0.4642857015132904 15199
1672104908237 0.4928571283817291 15249
1672104922687 0.4583333730697632 15299
1672104937124 0.6916667222976685 15349
1672104951562 0.5625 15399
1672104976658 0.4333333373069763 15449
1672104991115 0.747619092464447 15499
1672105005692 0.8939394354820251 15549
1672105020161 0.8304473757743835 15599
1672105044868 0.5541666746139526 15649
1672105059305 0.8500000238418579 15699
1672105073906 0.8222222328186035 15749
1672105088337 0.7430555820465088 15799
1672105112960 0.5833333730697632 15849
1672105127582 0.6428571343421936 15899
1672105142114 0.5178571343421936 15949
1672105156746 0.5178571343421936 15999
1672105171244 0.5611110925674438 16049
1672105196120 0.638888955116272 16099
1672105210637 0.44999998807907104 16149
1672105224998 0.8095238208770752 16199
1672105239513 0.4900793731212616 16249
1672105264145 0.5357142686843872 16299
1672105278667 0.4166666865348816 16349
1672105293046 0.7817460298538208 16399
1672105307467 0.6196581125259399 16449
1672105332457 0.6499999761581421 16499
1672105347030 0.5416666865348816 16549
1672105361499 0.824999988079071 16599
1672105375956 0.8035714626312256 16649
1672105390574 0.2750000059604645 16699
1672105415447 0.60317462682724 16749
1672105430022 0.574999988079071 16799
1672105444478 0.773809552192688 16849
1672105459025 0.8125 16899
1672105483921 0.8531745672225952 16949
1672105498379 0.6166666746139526 16999
1672105512837 0.6095238327980042 17049
1672105527413 0.8428571224212646 17099
1672105552373 0.8309524059295654 17149
1672105566848 0.4583333730697632 17199
1672105581269 0.6642857193946838 17249
1672105595841 0.4541666507720947 17299
1672105610273 0.5522727370262146 17349
1672105635147 0.6952381134033203 17399
1672105649566 0.7847222089767456 17449
1672105663982 0.7000000476837158 17499
1672105678406 0.699999988079071 17549
1672105703340 0.949999988079071 17599
1672105718044 0.6555556058883667 17649
1672105732457 0.824999988079071 17699
1672105746938 0.8071428537368774 17749
1672105771633 0.7698413133621216 17799
1672105786270 0.8740079402923584 17849
1672105800741 0.8809524178504944 17899
1672105815360 0.5 17949
1672105829955 0.5222222208976746 17999
1672105854852 0.6000000238418579 18049
1672105869423 0.7785714268684387 18099
1672105883859 0.800000011920929 18149
1672105898300 0.8865079283714294 18199
1672105923131 0.7083333730697632 18249
1672105937742 0.7041667103767395 18299
1672105952172 0.5 18349
1672105966628 0.512499988079071 18399
1672105991440 0.5928571224212646 18449
1672106005886 0.7916666865348816 18499
1672106020507 0.75 18549
1672106034974 0.6535714268684387 18599
1672106049572 0.7388888597488403 18649
1672106074603 0.6345238089561462 18699
1672106089158 0.7916666865348816 18749
1672106103560 0.8374999761581421 18799
1672106117976 0.8309524059295654 18849
1672106143060 0.8333333730697632 18899
1672106157550 0.550000011920929 18949
1672106172051 0.8557692170143127 18999
1672106186692 0.3693181872367859 19049
1672106211445 0.5666666626930237 19099
1672106225820 0.7059524059295654 19149
1672106240218 0.5222222805023193 19199
1672106254903 0.9217171669006348 19249
1672106269296 0.41428571939468384 19299
1672106293934 0.7946428656578064 19349
1672106308498 0.773809552192688 19399
1672106322937 0.9722222089767456 19449
1672106337528 0.7541666626930237 19499
1672106362225 0.6916666626930237 19549
1672106376857 0.9007936716079712 19599
1672106391480 0.638888955116272 19649
1672106405982 0.6416667103767395 19699
1672106430762 0.6722222566604614 19749
1672106445141 0.8017857074737549 19799
1672106459665 0.638888955116272 19849
1672106474245 0.8603896498680115 19899
1672106488687 0.810606062412262 19949
1672106513422 0.7708333730697632 19999
1672106528018 0.7420635223388672 20049
1672106542477 0.9166666865348816 20099
1672106556917 0.5625 20149
1672106581947 0.7559524178504944 20199
1672106596526 0.5595238208770752 20249
1672106610946 0.8500000238418579 20299
1672106625367 0.875 20349
1672106650101 0.7833333611488342 20399
1672106664702 0.7666667103767395 20449
1672106679211 0.5392857193946838 20499
1672106693726 0.5814393758773804 20549
1672106708195 0.5833333730697632 20599
1672106733428 0.6916666626930237 20649
1672106747926 0.6101190447807312 20699
1672106762405 0.49166667461395264 20749
1672106777141 0.5392857193946838 20799
1672106801934 0.5151515007019043 20849
1672106816387 0.5416666865348816 20899
1672106830829 0.7000000476837158 20949
1672106845245 0.7510822415351868 20999
1672106869887 0.8309524059295654 21049
1672106884473 0.7892857193946838 21099
1672106899227 0.7803571224212646 21149
1672106913743 0.75 21199
1672106928121 0.637499988079071 21249
1672106953019 0.8071428537368774 21299
1672106967465 0.615079402923584 21349
1672106981895 0.38333335518836975 21399
1672106996451 0.5 21449
1672107020967 0.672619104385376 21499
1672107035499 0.6041666865348816 21549
1672107050047 0.6428571939468384 21599
1672107064595 0.9017857313156128 21649
1672107078796 0.0 21699
1672107103775 0.797619104385376 21749
1672107118267 0.6809523701667786 21799
1672107132725 0.8309524059295654 21849
1672107147202 0.6761904954910278 21899
1672107172099 0.6222222447395325 21949
1672107186743 0.5178571343421936 21999
1672107201192 0.6309524178504944 22049
1672107215589 0.797619104385376 22099
1672107240157 0.7416666746139526 22149
1672107254706 0.5833333730697632 22199
1672107269181 0.6666666865348816 22249
1672107283703 0.6189393997192383 22299
1672107298378 0.49166667461395264 22349
1672107325967 0.6915584802627563 22399
1672107341159 0.8309524059295654 22449
1672107356094 0.5095238089561462 22499
1672107371007 0.800000011920929 22549
1672107397641 0.7500000596046448 22599
1672107412466 0.7833333611488342 22649
1672107427276 0.5833333730697632 22699
1672107442059 0.5333333015441895 22749
1672107468150 0.7724359035491943 22799
1672107483020 0.6071428656578064 22849
1672107498270 0.44999998807907104 22899
1672107513581 0.7000000476837158 22949
1672107528432 0.75 22999
1672107554249 0.8388888835906982 23049
1672107569371 0.75 23099
1672107584194 0.7095237970352173 23149
1672107598990 0.6865079402923584 23199
1672107625421 0.6597222089767456 23249
1672107640544 0.1428571343421936 23299
1672107655630 0.7416666746139526 23349
1672107670707 0.6499999761581421 23399
1672107696985 0.5666666626930237 23449
1672107711856 0.7309524416923523 23499
1672107726728 0.5416666865348816 23549
1672107741602 0.6059523820877075 23599
1672107756658 0.7059524059295654 23649
1672107782969 0.8740079402923584 23699
1672107797992 0.7833333611488342 23749
1672107813011 0.6333333849906921 23799
1672107827910 0.8500000238418579 23849
1672107854216 0.9365079402923584 23899
1672107869075 0.8333333730697632 23949
1672107883889 0.8809524178504944 23999
1672107898878 0.8611111640930176 24049
1672107925147 0.8184524178504944 24099
1672107940147 0.8999999761581421 24149
1672107955151 0.625 24199
1672107970002 0.8999999761581421 24249
1672107984812 0.7083333730697632 24299
1672108010701 0.6642857193946838 24349
1672108025782 0.8428571224212646 24399
1672108040770 0.824999988079071 24449
1672108055582 0.5939394235610962 24499
1672108081616 0.6583333611488342 24549
1672108096406 0.6309524178504944 24599
1672108111238 0.6166666746139526 24649
1672108126014 0.6785714626312256 24699
1672108152475 0.7166666984558105 24749
1672108167378 0.4285714328289032 24799
1672108182318 0.5666667222976685 24849
1672108197176 0.6160714626312256 24899
1672108212406 0.8333333730697632 24949
1672108238505 0.7321428656578064 24999
1672108253310 0.7142857313156128 25049
1672108268214 0.7978896498680115 25099
1672108283016 0.40952378511428833 25149
1672108309032 0.5166666507720947 25199
1672108323801 0.5892857313156128 25249
1672108338762 0.7666667103767395 25299
1672108353677 0.8452381491661072 25349
1672108379690 0.7892857193946838 25399
1672108394515 0.7222222089767456 25449
1672108409359 0.7689393758773804 25499
1672108424325 0.574999988079071 25549
1672108439095 0.7142857313156128 25599
1672108465313 0.9642857313156128 25649
1672108480320 0.824999988079071 25699
1672108495350 0.6916666626930237 25749
1672108510247 0.5178571343421936 25799
1672108536249 0.6666666865348816 25849
1672108551246 0.7589285969734192 25899
1672108566111 0.5392857193946838 25949
1672108580927 0.797619104385376 25999
1672108607134 0.735119104385376 26049
1672108621992 0.4833333492279053 26099
1672108637279 0.5416666865348816 26149
1672108652125 0.4642857313156128 26199
1672108666986 0.5142857432365417 26249
1672108693281 0.5595238208770752 26299
1672108708406 0.8642857074737549 26349
1672108723385 0.6517857313156128 26399
1672108738346 0.7559524178504944 26449
1672108764684 0.523809552192688 26499
1672108779925 0.824999988079071 26549
1672108794865 0.5625 26599
1672108809775 0.6309523582458496 26649
1672108836078 0.6916666626930237 26699
1672108850958 0.8106061220169067 26749
1672108865926 0.5555555820465088 26799
1672108880786 0.8184524178504944 26849
1672108895639 0.7410714626312256 26899
1672108921577 0.7532467842102051 26949
1672108936556 0.409722238779068 26999
1672108951355 0.5476190447807312 27049
1672108966323 0.75 27099
1672108992383 0.9097222089767456 27149
1672109007242 0.6309523582458496 27199
1672109022136 0.4642857313156128 27249
1672109037022 0.6309523582458496 27299
1672109063830 0.888888955116272 27349
1672109078383 0.8541666865348816 27399
1672109092893 0.7539682984352112 27449
1672109107382 0.9142857193946838 27499
1672109121841 0.7803571820259094 27549
1672109146853 0.5222222805023193 27599
1672109161475 0.6726190447807312 27649
1672109176233 0.7541666626930237 27699
1672109191024 0.49166667461395264 27749
1672109216478 0.7476190328598022 27799
1672109231142 0.6583333611488342 27849
1672109245693 0.7689394354820251 27899
1672109260454 0.5428571701049805 27949
1672109285620 0.699999988079071 27999
1672109300358 0.781818151473999 28049
1672109315354 0.8035714626312256 28099
1672109330053 0.9642857313156128 28149
1672109344906 0.6916666626930237 28199
1672109369957 0.5642856955528259 28249
1672109384443 0.5833333730697632 28299
1672109399103 0.7892857193946838 28349
1672109413606 0.8041666746139526 28399
1672109441046 0.8500000238418579 28449
1672109456167 0.8392857313156128 28499
1672109471228 0.49166667461395264 28549
1672109486276 0.7392857074737549 28599
1672109512708 0.9375 28649
1672109527489 0.8388888835906982 28699
1672109542528 0.6375000476837158 28749
1672109557342 0.380952388048172 28799
1672109572167 0.6476190686225891 28849
1672109598348 0.7142857313156128 28899
1672109613470 0.7559524178504944 28949
1672109628272 0.6166666746139526 28999
1672109643226 0.8517857193946838 29049
1672109669209 0.3142857253551483 29099
1672109684117 0.5357142686843872 29149
1672109699195 0.5333333611488342 29199
1672109714085 0.7416666746139526 29249
1672109740364 0.7559524178504944 29299
1672109755425 0.5972222089767456 29349
1672109770664 0.8166666626930237 29399
1672109785550 0.7416666746139526 29449
1672109800447 0.46666666865348816 29499
1672109826816 0.6964285969734192 29549
1672109841665 0.7952381372451782 29599
1672109856505 0.7952380776405334 29649
1672109871485 0.6517857313156128 29699
1672109897705 0.7321428656578064 29749
1672109912930 0.4333333373069763 29799
1672109927831 0.8392857313156128 29849
1672109942745 0.5714285373687744 29899
1672109968733 0.625 29949
1672109983512 0.735714316368103 29999
1672109998330 0.9365079402923584 30049
1672110013325 0.85317462682724 30099
1672110028192 0.7541666626930237 30149
1672110054463 0.5523809194564819 30199
1672110069447 0.625 30249
1672110084234 0.8500000238418579 30299
1672110099043 0.639285683631897 30349
1672110125629 0.8166666626930237 30399
1672110140634 0.7083333730697632 30449
1672110155554 0.7416666746139526 30499
1672110170599 0.8517857193946838 30549
1672110196960 0.36666667461395264 30599
1672110211786 0.6791666746139526 30649
1672110226642 0.6642857193946838 30699
1672110241473 0.8160714507102966 30749
1672110256318 0.7261905074119568 30799
1672110282433 0.5059523582458496 30849
1672110297197 0.5166667103767395 30899
1672110312089 0.7708333730697632 30949
1672110326764 0.7892857193946838 30999
1672110351814 0.8166666626930237 31049
1672110366427 0.949999988079071 31099
1672110381127 0.41428571939468384 31149
1672110395810 0.4791666865348816 31199
1672110421568 0.9166666865348816 31249
1672110436373 0.7666667103767395 31299
1672110451171 0.5416666865348816 31349
1672110465818 0.6527777910232544 31399
1672110480451 0.4809523820877075 31449
1672110505578 0.4583333432674408 31499
1672110520159 0.6684523820877075 31549
1672110534817 0.7365080118179321 31599
1672110549636 0.8666666746139526 31649
1672110575266 1.0 31699
1672110590066 0.5833333730697632 31749
1672110604701 0.4166666865348816 31799
1672110619329 0.6642857789993286 31849
1672110644714 0.747619092464447 31899
1672110659299 0.3678571283817291 31949
1672110674041 0.9142857193946838 31999
1672110688796 0.5772727131843567 32049
1672110703580 0.8351647853851318 32099
1672110728999 0.7222222089767456 32149
1672110743653 0.7867965698242188 32199
1672110758315 0.7892857193946838 32249
1672110772962 0.9017857313156128 32299
1672110798195 0.6726190447807312 32349
1672110812758 0.5142857432365417 32399
1672110827514 0.5333333611488342 32449
1672110842047 0.6166666746139526 32499
1672110856660 0.25 32549
