1672099785070 0.7083333730697632 49
1672099799553 0.9166666865348816 99
1672099814262 0.75 149
1672099828849 0.75 199
1672099853263 0.8333333134651184 249
1672099867622 0.75 299
1672099881962 0.875 349
1672099896337 0.6875 399
1672099920790 0.5625 449
1672099935260 0.9166666865348816 499
1672099949742 0.7916666865348816 549
1672099964228 0.75 599
1672099978709 0.7916666865348816 649
1672100003359 0.625 699
1672100017830 0.8125 749
1672100032278 0.6666666865348816 799
1672100046808 0.2916666865348816 849
1672100071549 0.8333333730697632 899
1672100085971 0.6499999761581421 949
1672100100383 0.6666666865348816 999
1672100115137 0.949999988079071 1049
1672100139588 0.8541666865348816 1099
1672100154006 0.6666666865348816 1149
1672100168467 0.6875 1199
1672100182945 0.6875 1249
1672100197667 0.75 1299
1672100222314 0.9375 1349
1672100236917 0.6041666865348816 1399
1672100251350 1.0 1449
1672100265744 0.6666666865348816 1499
1672100290519 0.9166666865348816 1549
1672100304976 0.9166666865348816 1599
1672100319566 0.7916666865348816 1649
1672100334292 0.4000000059604645 1699
1672100359031 0.5249999761581421 1749
1672100373440 0.8333333730697632 1799
1672100387850 1.0 1849
1672100402268 0.9375 1899
1672100416823 0.9583333134651184 1949
1672100441601 0.875 1999
1672100456238 0.8541666865348816 2049
1672100470724 0.6166666746139526 2099
1672100485345 1.0 2149
1672100510025 0.7333333492279053 2199
1672100524424 0.8333333730697632 2249
1672100539020 0.625 2299
1672100553400 0.9375 2349
1672100577942 1.0 2399
1672100592350 0.9375 2449
1672100606955 0.949999988079071 2499
1672100621425 0.8333333730697632 2549
1672100636023 0.75 2599
1672100660870 0.5 2649
1672100675307 0.75 2699
1672100689833 0.8125 2749
1672100704341 0.75 2799
1672100729239 0.8333333730697632 2849
1672100743789 0.5 2899
1672100758214 0.75 2949
1672100772659 0.9166666865348816 2999
1672100797313 0.8541666865348816 3049
1672100811741 0.6875 3099
1672100826315 0.875 3149
1672100840712 0.75 3199
1672100855114 0.6666666865348816 3249
1672100879646 0.625 3299
1672100894122 0.9166666865348816 3349
1672100908588 0.699999988079071 3399
1672100923180 0.375 3449
1672100947755 0.9375 3499
1672100962337 1.0 3549
1672100976778 0.9375 3599
1672100991342 0.9166666865348816 3649
1672101016095 0.25 3699
1672101030479 0.6708333492279053 3749
1672101044994 1.0 3799
1672101059374 0.6666666865348816 3849
1672101073768 0.8333333730697632 3899
1672101098331 0.875 3949
1672101112862 0.8999999761581421 3999
1672101127276 0.75 4049
1672101141664 0.6875 4099
1672101166399 0.9166666865348816 4149
1672101180829 0.9375 4199
1672101195291 1.0 4249
1672101209898 1.0 4299
1672101234589 1.0 4349
1672101249001 0.9166666865348816 4399
1672101263576 0.75 4449
1672101278086 1.0 4499
1672101292732 0.7916666865348816 4549
1672101317588 0.9166666865348816 4599
1672101332257 1.0 4649
1672101346952 0.9166666865348816 4699
1672101361379 0.75 4749
1672101385730 0.75 4799
1672101400417 0.574999988079071 4849
1672101414812 1.0 4899
1672101429243 0.6000000238418579 4949
1672101454099 0.7708333134651184 4999
1672101468510 0.75 5049
1672101482947 0.6666666865348816 5099
1672101497403 0.8333333730697632 5149
1672101511936 0.7916666865348816 5199
1672101536875 1.0 5249
1672101551479 0.7916666865348816 5299
1672101565933 0.9166666865348816 5349
1672101580506 0.6499999761581421 5399
1672101604855 0.6666666865348816 5449
1672101619303 0.7916666865348816 5499
1672101633736 1.0 5549
1672101648326 0.6666666865348816 5599
1672101673005 0.5208333730697632 5649
1672101687581 0.875 5699
1672101702148 1.0 5749
1672101716715 0.8541666865348816 5799
1672101731170 0.8333333134651184 5849
1672101755513 0.875 5899
1672101769938 1.0 5949
1672101784450 0.875 5999
1672101798848 0.6666666865348816 6049
1672101823824 0.375 6099
1672101838216 0.6666666865348816 6149
1672101852758 0.5 6199
1672101867161 1.0 6249
1672101891569 0.75 6299
1672101906010 0.625 6349
1672101920448 0.7291666865348816 6399
1672101935018 0.625 6449
1672101949587 0.9375 6499
1672101974303 0.875 6549
1672101988834 0.875 6599
1672102003214 0.5833333134651184 6649
1672102017620 0.75 6699
1672102042567 0.949999988079071 6749
1672102056961 0.625 6799
1672102071480 0.875 6849
1672102086007 0.887499988079071 6899
1672102111070 0.875 6949
1672102125517 0.5416666865348816 6999
1672102139924 0.6666666865348816 7049
1672102154340 0.5 7099
1672102168732 1.0 7149
1672102193594 0.9166666865348816 7199
1672102208159 0.949999988079071 7249
1672102222562 0.625 7299
1672102236996 0.9166666865348816 7349
1672102261780 1.0 7399
1672102276207 0.8666666746139526 7449
1672102290630 0.4166666865348816 7499
1672102305056 0.75 7549
1672102330164 0.6666666865348816 7599
1672102344730 0.9166666865348816 7649
1672102359212 0.875 7699
1672102373657 0.4166666865348816 7749
1672102388114 0.6666666865348816 7799
1672102412602 0.625 7849
1672102427064 0.75 7899
1672102441651 0.75 7949
1672102456144 1.0 7999
1672102481229 1.0 8049
1672102495635 0.6875 8099
1672102510047 0.7708333730697632 8149
1672102524768 0.8333333134651184 8199
1672102549631 0.5833333134651184 8249
1672102564225 0.9375 8299
1672102578689 0.9166666865348816 8349
1672102593291 0.5833333730697632 8399
1672102607870 0.625 8449
1672102632418 0.875 8499
1672102646898 0.6666666865348816 8549
1672102661338 1.0 8599
1672102675805 1.0 8649
1672102700498 1.0 8699
1672102714895 0.25 8749
1672102729311 0.8125 8799
1672102743980 1.0 8849
1672102768505 0.8333333134651184 8899
1672102782932 0.5833333730697632 8949
1672102797412 0.375 8999
1672102811852 0.9375 9049
1672102826268 0.9375 9099
1672102851235 0.9375 9149
1672102865790 0.8999999761581421 9199
1672102880348 0.9166666865348816 9249
1672102894765 0.75 9299
1672102919337 0.699999988079071 9349
1672102933746 1.0 9399
1672102948201 0.7083333730697632 9449
1672102962603 0.8541666865348816 9499
1672102987631 1.0 9549
1672103002101 0.875 9599
1672103016550 1.0 9649
1672103031023 0.75 9699
1672103045389 0.75 9749
1672103069952 0.5 9799
1672103084375 0.875 9849
1672103098937 0.887499988079071 9899
1672103113427 0.9166666865348816 9949
1672103138265 0.9166666865348816 9999
1672103152754 0.625 10049
1672103167244 1.0 10099
1672103181718 0.875 10149
1672103206577 1.0 10199
1672103221048 0.6875 10249
1672103235693 0.6875 10299
1672103250168 0.6666666865348816 10349
1672103264634 0.4166666865348816 10399
1672103289627 0.8541666865348816 10449
1672103304111 0.875 10499
1672103318603 0.625 10549
1672103333107 0.5416666865348816 10599
1672103357704 0.875 10649
1672103372105 1.0 10699
1672103386786 0.875 10749
1672103401201 0.75 10799
1672103415576 0.5 10849
1672103440578 0.75 10899
1672103455458 0.7916666865348816 10949
1672103469914 0.4166666865348816 10999
1672103484367 0.75 11049
1672103509232 0.75 11099
1672103523726 0.9375 11149
1672103538216 1.0 11199
1672103552716 0.9375 11249
1672103577402 0.8999999761581421 11299
1672103591813 0.4166666865348816 11349
1672103606216 1.0 11399
1672103620616 1.0 11449
1672103635018 0.9166666865348816 11499
1672103660310 0.6666666865348816 11549
1672103674872 0.75 11599
1672103689475 0.6041666865348816 11649
1672103703954 0.9166666865348816 11699
1672103728806 0.7291666865348816 11749
1672103743237 0.5 11799
1672103757667 0.75 11849
1672103772122 0.7916666865348816 11899
1672103797086 0.8999999761581421 11949
1672103811697 0.5416666865348816 11999
1672103826420 0.8166667222976685 12049
1672103840868 0.9166666865348816 12099
1672103855286 0.5625 12149
1672103880251 0.9375 12199
1672103894706 0.75 12249
1672103909294 0.6875 12299
1672103923866 0.5 12349
1672103948531 0.875 12399
1672103962950 1.0 12449
1672103977364 0.9166666865348816 12499
1672103991782 0.5625 12549
1672104016372 0.625 12599
1672104030777 0.6666666865348816 12649
1672104045290 1.0 12699
1672104059733 0.9375 12749
1672104074355 1.0 12799
1672104098868 1.0 12849
1672104113379 0.75 12899
1672104127790 0.6875 12949
1672104142323 0.375 12999
1672104167174 0.9166666865348816 13049
1672104181650 0.8166666626930237 13099
1672104196280 0.7083333730697632 13149
1672104210883 0.9166666865348816 13199
1672104235742 0.9166666865348816 13249
1672104250220 0.75 13299
1672104264796 0.7083333134651184 13349
1672104279264 0.7916666865348816 13399
1672104293698 0.2916666865348816 13449
1672104318567 0.875 13499
1672104333147 0.8999999761581421 13549
1672104347847 0.9375 13599
1672104362315 0.9166666865348816 13649
1672104387092 0.9166666865348816 13699
1672104401768 0.9375 13749
1672104416288 0.5666666626930237 13799
1672104430793 0.9166666865348816 13849
1672104455598 0.7916666865348816 13899
1672104470018 0.5625 13949
1672104484464 0.7916666865348816 13999
1672104499048 0.875 14049
1672104513607 0.75 14099
1672104538049 0.75 14149
1672104552640 0.75 14199
1672104567048 0.4833333492279053 14249
1672104581476 0.5416666865348816 14299
1672104606193 0.4583333432674408 14349
1672104620797 1.0 14399
1672104635352 0.75 14449
1672104649776 0.875 14499
1672104674416 0.5625 14549
1672104688784 0.75 14599
1672104703195 1.0 14649
1672104717592 0.75 14699
1672104732001 0.824999988079071 14749
1672104757050 0.7916666865348816 14799
1672104771470 0.8333333730697632 14849
1672104786027 0.6666666865348816 14899
1672104800464 0.9166666865348816 14949
1672104825478 0.625 14999
1672104839919 0.875 15049
1672104854362 0.4375 15099
1672104868782 0.699999988079071 15149
1672104893677 0.75 15199
1672104908237 0.6666666865348816 15249
1672104922687 0.5666667222976685 15299
1672104937124 0.824999988079071 15349
1672104951562 0.9375 15399
1672104976658 0.5833333730697632 15449
1672104991115 0.7500000596046448 15499
1672105005692 0.9583333134651184 15549
1672105020161 0.9583333134651184 15599
1672105044868 0.7291666865348816 15649
1672105059305 0.949999988079071 15699
1672105073906 0.9375 15749
1672105088337 0.8041666746139526 15799
1672105112960 0.6666666865348816 15849
1672105127582 0.75 15899
1672105142114 0.75 15949
1672105156746 0.75 15999
1672105171244 0.6666666865348816 16049
1672105196120 0.699999988079071 16099
1672105210637 0.5 16149
1672105224998 0.9166666865348816 16199
1672105239513 0.6666666865348816 16249
1672105264145 0.5833333134651184 16299
1672105278667 0.625 16349
1672105293046 0.8666666746139526 16399
1672105307467 0.75 16449
1672105332457 0.6666666865348816 16499
1672105347030 0.625 16549
1672105361499 0.8166667222976685 16599
1672105375956 1.0 16649
1672105390574 0.3125 16699
1672105415447 0.75 16749
1672105430022 0.75 16799
1672105444478 0.875 16849
1672105459025 1.0 16899
1672105483921 0.8125 16949
1672105498379 1.0 16999
1672105512837 0.9166666865348816 17049
1672105527413 0.7916666865348816 17099
1672105552373 0.9375 17149
1672105566848 0.6666666865348816 17199
1672105581269 0.6666666865348816 17249
1672105595841 0.4375 17299
1672105610273 0.6666666865348816 17349
1672105635147 0.875 17399
1672105649566 0.9375 17449
1672105663982 0.7708333730697632 17499
1672105678406 0.75 17549
1672105703340 0.9166666865348816 17599
1672105718044 0.75 17649
1672105732457 0.8333333134651184 17699
1672105746938 0.8333333730697632 17749
1672105771633 0.9375 17799
1672105786270 0.949999988079071 17849
1672105800741 1.0 17899
1672105815360 0.5833333134651184 17949
1672105829955 0.574999988079071 17999
1672105854852 0.625 18049
1672105869423 0.75 18099
1672105883859 0.9166666865348816 18149
1672105898300 1.0 18199
1672105923131 1.0 18249
1672105937742 0.6875 18299
1672105952172 0.5 18349
1672105966628 0.6875 18399
1672105991440 0.6666666865348816 18449
1672106005886 0.875 18499
1672106020507 1.0 18549
1672106034974 0.75 18599
1672106049572 1.0 18649
1672106074603 0.7291666865348816 18699
1672106089158 1.0 18749
1672106103560 0.8999999761581421 18799
1672106117976 0.8666666746139526 18849
1672106143060 0.875 18899
1672106157550 0.5333333015441895 18949
1672106172051 0.8374999761581421 18999
1672106186692 0.4000000059604645 19049
1672106211445 0.75 19099
1672106225820 0.7916666865348816 19149
1672106240218 0.6666666865348816 19199
1672106254903 0.9583333134651184 19249
1672106269296 0.4583333432674408 19299
1672106293934 0.875 19349
1672106308498 1.0 19399
1672106322937 1.0 19449
1672106337528 0.8333333730697632 19499
1672106362225 0.8666666746139526 19549
1672106376857 0.9375 19599
1672106391480 0.699999988079071 19649
1672106405982 0.9166666865348816 19699
1672106430762 0.699999988079071 19749
1672106445141 0.7916666865348816 19799
1672106459665 0.625 19849
1672106474245 0.949999988079071 19899
1672106488687 1.0 19949
1672106513422 0.7916666865348816 19999
1672106528018 0.7916666865348816 20049
1672106542477 1.0 20099
1672106556917 0.9375 20149
1672106581947 0.9375 20199
1672106596526 0.7250000238418579 20249
1672106610946 0.875 20299
1672106625367 0.875 20349
1672106650101 0.7500000596046448 20399
1672106664702 0.875 20449
1672106679211 0.5625 20499
1672106693726 0.75 20549
1672106708195 0.75 20599
1672106733428 0.7916666865348816 20649
1672106747926 0.7083333730697632 20699
1672106762405 0.625 20749
1672106777141 0.5416666865348816 20799
1672106801934 0.5833333730697632 20849
1672106816387 0.5416666865348816 20899
1672106830829 0.75 20949
1672106845245 0.875 20999
1672106869887 0.875 21049
1672106884473 0.7916666865348816 21099
1672106899227 0.7291666865348816 21149
1672106913743 0.875 21199
1672106928121 0.6041666865348816 21249
1672106953019 0.8333333730697632 21299
1672106967465 0.75 21349
1672106981895 0.3750000298023224 21399
1672106996451 0.5416666865348816 21449
1672107020967 0.875 21499
1672107035499 0.75 21549
1672107050047 0.8333333730697632 21599
1672107064595 1.0 21649
1672107078796 0.0 21699
1672107103775 1.0 21749
1672107118267 0.9375 21799
1672107132725 0.8125 21849
1672107147202 0.8333333730697632 21899
1672107172099 0.6166666746139526 21949
1672107186743 0.75 21999
1672107201192 0.6666666865348816 22049
1672107215589 0.9166666865348816 22099
1672107240157 0.7916666865348816 22149
1672107254706 0.75 22199
1672107269181 0.75 22249
1672107283703 0.875 22299
1672107298378 0.625 22349
1672107325967 0.6458333730697632 22399
1672107341159 0.9166666865348816 22449
1672107356094 0.699999988079071 22499
1672107371007 0.75 22549
1672107397641 0.9166666865348816 22599
1672107412466 1.0 22649
1672107427276 0.5416666865348816 22699
1672107442059 0.75 22749
1672107468150 0.7976190447807312 22799
1672107483020 0.7916666865348816 22849
1672107498270 0.5416666865348816 22899
1672107513581 0.9166666865348816 22949
1672107528432 0.7083333730697632 22999
1672107554249 1.0 23049
1672107569371 0.7916666865348816 23099
1672107584194 0.9166666865348816 23149
1672107598990 0.699999988079071 23199
1672107625421 0.6875 23249
1672107640544 0.1666666716337204 23299
1672107655630 0.875 23349
1672107670707 0.75 23399
1672107696985 0.75 23449
1672107711856 0.6875 23499
1672107726728 0.5416666865348816 23549
1672107741602 0.625 23599
1672107756658 0.8125 23649
1672107782969 0.9375 23699
1672107797992 0.9166666865348816 23749
1672107813011 0.824999988079071 23799
1672107827910 0.8666666746139526 23849
1672107854216 1.0 23899
1672107869075 1.0 23949
1672107883889 1.0 23999
1672107898878 0.7749999761581421 24049
1672107925147 0.9375 24099
1672107940147 0.8333333730697632 24149
1672107955151 0.8333333134651184 24199
1672107970002 1.0 24249
1672107984812 0.875 24299
1672108010701 0.75 24349
1672108025782 0.875 24399
1672108040770 1.0 24449
1672108055582 0.5 24499
1672108081616 1.0 24549
1672108096406 0.6875 24599
1672108111238 0.875 24649
1672108126014 0.9642857313156128 24699
1672108152475 0.7916666865348816 24749
1672108167378 0.5 24799
1672108182318 0.6166666746139526 24849
1672108197176 0.6499999761581421 24899
1672108212406 1.0 24949
1672108238505 1.0 24999
1672108253310 0.75 25049
1672108268214 0.9375 25099
1672108283016 0.6666666865348816 25149
1672108309032 0.6499999761581421 25199
1672108323801 0.5625 25249
1672108338762 0.875 25299
1672108353677 0.9375 25349
1672108379690 1.0 25399
1672108394515 0.762499988079071 25449
1672108409359 0.7083333134651184 25499
1672108424325 0.6666666865348816 25549
1672108439095 0.6875 25599
1672108465313 1.0 25649
1672108480320 0.9166666865348816 25699
1672108495350 0.875 25749
1672108510247 0.75 25799
1672108536249 0.75 25849
1672108551246 0.7749999761581421 25899
1672108566111 0.75 25949
1672108580927 0.875 25999
1672108607134 0.8125 26049
1672108621992 0.5833333730697632 26099
1672108637279 0.625 26149
1672108652125 0.5 26199
1672108666986 0.6666666865348816 26249
1672108693281 0.5416666865348816 26299
1672108708406 0.8541666865348816 26349
1672108723385 0.8333333730697632 26399
1672108738346 0.875 26449
1672108764684 0.6666666865348816 26499
1672108779925 0.875 26549
1672108794865 0.5625 26599
1672108809775 0.8125 26649
1672108836078 0.8333333730697632 26699
1672108850958 0.8333333134651184 26749
1672108865926 0.625 26799
1672108880786 1.0 26849
1672108895639 0.9375 26899
1672108921577 0.8666666746139526 26949
1672108936556 0.44999998807907104 26999
1672108951355 0.8333333134651184 27049
1672108966323 0.75 27099
1672108992383 0.949999988079071 27149
1672109007242 0.6875 27199
1672109022136 0.5 27249
1672109037022 0.75 27299
1672109063830 1.0 27349
1672109078383 1.0 27399
1672109092893 0.949999988079071 27449
1672109107382 1.0 27499
1672109121841 0.8666666746139526 27549
1672109146853 0.49166667461395264 27599
1672109161475 0.875 27649
1672109176233 1.0 27699
1672109191024 1.0 27749
1672109216478 0.8125 27799
1672109231142 0.875 27849
1672109245693 0.7916666865348816 27899
1672109260454 0.75 27949
1672109285620 0.75 27999
1672109300358 0.949999988079071 28049
1672109315354 1.0 28099
1672109330053 0.9375 28149
1672109344906 0.7916666865348816 28199
1672109369957 0.6875 28249
1672109384443 0.75 28299
1672109399103 0.8125 28349
1672109413606 0.9166666865348816 28399
1672109441046 0.8666666746139526 28449
1672109456167 1.0 28499
1672109471228 0.5 28549
1672109486276 0.887499988079071 28599
1672109512708 1.0 28649
1672109527489 1.0 28699
1672109542528 0.699999988079071 28749
1672109557342 0.5 28799
1672109572167 0.7083333134651184 28849
1672109598348 0.75 28899
1672109613470 0.8125 28949
1672109628272 0.6666666865348816 28999
1672109643226 0.7916666865348816 29049
1672109669209 0.5 29099
1672109684117 0.75 29149
1672109699195 0.75 29199
1672109714085 0.8666666746139526 29249
1672109740364 1.0 29299
1672109755425 0.625 29349
1672109770664 0.8333333730697632 29399
1672109785550 0.824999988079071 29449
1672109800447 0.5 29499
1672109826816 0.75 29549
1672109841665 0.9375 29599
1672109856505 0.7916666865348816 29649
1672109871485 0.75 29699
1672109897705 0.875 29749
1672109912930 0.75 29799
1672109927831 0.9375 29849
1672109942745 0.5625 29899
1672109968733 0.75 29949
1672109983512 0.9375 29999
1672109998330 1.0 30049
1672110013325 0.875 30099
1672110028192 0.7875000238418579 30149
1672110054463 0.7916666865348816 30199
1672110069447 0.625 30249
1672110084234 0.875 30299
1672110099043 0.875 30349
1672110125629 1.0 30399
1672110140634 0.7083333134651184 30449
1672110155554 0.875 30499
1672110170599 0.875 30549
1672110196960 0.5 30599
1672110211786 0.9166666865348816 30649
1672110226642 0.75 30699
1672110241473 0.8166666626930237 30749
1672110256318 0.75 30799
1672110282433 0.5 30849
1672110297197 0.4833333492279053 30899
1672110312089 0.875 30949
1672110326764 1.0 30999
1672110351814 1.0 31049
1672110366427 1.0 31099
1672110381127 0.5833333730697632 31149
1672110395810 0.6041666865348816 31199
1672110421568 0.875 31249
1672110436373 0.9166666865348816 31299
1672110451171 0.75 31349
1672110465818 0.7916666865348816 31399
1672110480451 0.75 31449
1672110505578 0.625 31499
1672110520159 0.75 31549
1672110534817 1.0 31599
1672110549636 0.9166666865348816 31649
1672110575266 1.0 31699
1672110590066 0.6666666865348816 31749
1672110604701 0.375 31799
1672110619329 0.7083333730697632 31849
1672110644714 0.9375 31899
1672110659299 0.375 31949
1672110674041 1.0 31999
1672110688796 0.625 32049
1672110703580 0.8333333134651184 32099
1672110728999 0.7833333611488342 32149
1672110743653 1.0 32199
1672110758315 0.875 32249
1672110772962 0.8374999761581421 32299
1672110798195 1.0 32349
1672110812758 0.6666666865348816 32399
1672110827514 0.5416666865348816 32449
1672110842047 0.7083333730697632 32499
1672110856660 0.25 32549
