1672099843100 0.7659043073654175 216
1672099915546 0.7921966314315796 433
1672099988512 0.7913569808006287 650
1672100061657 0.7909441590309143 867
1672100134514 0.7980540990829468 1084
1672100207765 0.7830058336257935 1301
1672100280859 0.7776493430137634 1518
1672100354317 0.7737957835197449 1735
1672100427306 0.7882440090179443 1952
1672100500677 0.7924857139587402 2169
1672100573507 0.7838425636291504 2386
1672100646701 0.7958768010139465 2603
1672100719984 0.7778007984161377 2820
1672100793154 0.7893257141113281 3037
1672100865967 0.7865676283836365 3254
1672100938974 0.7906633615493774 3471
1672101012206 0.7823232412338257 3688
1672101084989 0.782803475856781 3905
1672101157858 0.788254976272583 4122
1672101230846 0.7925572395324707 4339
1672101304530 0.7893834710121155 4556
1672101377580 0.8030058145523071 4773
1672101450799 0.7761519551277161 4990
1672101523780 0.7922255992889404 5207
1672101596987 0.7868676781654358 5424
1672101670020 0.786763072013855 5641
1672101743055 0.7888137102127075 5858
1672101816105 0.7811809182167053 6075
1672101888836 0.7989183068275452 6292
1672101962037 0.7877071499824524 6509
1672102035261 0.7944316864013672 6726
1672102108606 0.7769694924354553 6943
1672102181417 0.7950674891471863 7160
1672102254740 0.7907212376594543 7377
1672102327954 0.7906745076179504 7594
1672102400917 0.7865704298019409 7811
1672102474454 0.7886705994606018 8028
1672102547753 0.7925820350646973 8245
1672102621022 0.7796312570571899 8462
1672102694082 0.7874237298965454 8679
1672102766913 0.7801528573036194 8896
1672102840035 0.7709716558456421 9113
1672102913102 0.7879577279090881 9330
1672102986320 0.789009153842926 9547
1672103059163 0.7843918204307556 9764
1672103132225 0.7982892990112305 9981
1672103205551 0.7888440489768982 10198
1672103279095 0.7796614766120911 10415
1672103352103 0.7789788842201233 10632
1672103425378 0.793523371219635 10849
1672103498810 0.7844894528388977 11066
1672103572110 0.7798266410827637 11283
1672103645222 0.7874374985694885 11500
1672103718848 0.7706896066665649 11717
1672103792034 0.7870838046073914 11934
1672103865501 0.7829287648200989 12151
1672103938933 0.7804239392280579 12368
1672104011651 0.7979247570037842 12585
1672104084653 0.7858189344406128 12802
1672104157792 0.7801157236099243 13019
1672104231109 0.8012139797210693 13236
1672104304584 0.7913268208503723 13453
1672104377991 0.7957309484481812 13670
1672104451427 0.7836939692497253 13887
1672104524377 0.7919736504554749 14104
1672104597167 0.7843160033226013 14321
1672104670564 0.7897770404815674 14538
1672104743548 0.782283365726471 14755
1672104816835 0.7923011779785156 14972
1672104889815 0.7797303795814514 15189
1672104963371 0.7918194532394409 15406
1672105036654 0.7821580767631531 15623
1672105109669 0.7928462624549866 15840
1672105183369 0.7768869400024414 16057
1672105256218 0.7777044773101807 16274
1672105329432 0.7780802845954895 16491
1672105402964 0.7822254300117493 16708
1672105476165 0.789451003074646 16925
1672105549505 0.7762317061424255 17142
1672105622610 0.7761244773864746 17359
1672105695985 0.7796339988708496 17576
1672105769184 0.7800771594047546 17793
1672105842923 0.7906773090362549 18010
1672105915938 0.7901128530502319 18227
1672105989278 0.7864355444908142 18444
1672106062948 0.7779576182365417 18661
1672106136228 0.7865484356880188 18878
1672106209553 0.7904680967330933 19095
1672106282625 0.7878502607345581 19312
1672106355727 0.7714011073112488 19529
1672106429156 0.8064906001091003 19746
1672106502344 0.7812332510948181 19963
1672106575670 0.7920699715614319 20180
1672106648739 0.7879577279090881 20397
1672106722292 0.7844288945198059 20614
1672106795988 0.7734324336051941 20831
1672106868913 0.7909250259399414 21048
1672106942465 0.7693834900856018 21265
1672107015393 0.7875723242759705 21482
1672107088539 0.7690532207489014 21699
1672107161761 0.7946106195449829 21916
1672107234870 0.7880155444145203 22133
1672107310243 0.7852588295936584 22350
1672107387395 0.7878172397613525 22567
1672107462872 0.7941977977752686 22784
1672107539278 0.7849822044372559 23001
1672107615444 0.7952107787132263 23218
1672107692072 0.7779576778411865 23435
1672107768178 0.7843642830848694 23652
1672107844529 0.8040078282356262 23869
1672107920457 0.7901405096054077 24086
1672107996218 0.7779466509819031 24303
1672108072119 0.7869254946708679 24520
1672108148128 0.7871264219284058 24737
1672108224385 0.7845417261123657 24954
1672108299798 0.7826783061027527 25171
1672108375627 0.7797756791114807 25388
1672108451276 0.7878763675689697 25605
1672108527487 0.7882178425788879 25822
1672108603334 0.7887091040611267 26039
1672108679675 0.7809304594993591 26256
1672108756029 0.7822047472000122 26473
1672108832628 0.7884201407432556 26690
1672108908313 0.7938523292541504 26907
1672108984142 0.7949519157409668 27124
1672109060679 0.779796302318573 27341
1672109134148 0.7853758335113525 27558
1672109208700 0.7973686456680298 27775
1672109282803 0.7835453748703003 27992
1672109357626 0.7740848064422607 28209
1672109433383 0.7835453748703003 28426
1672109510079 0.793391227722168 28643
1672109586057 0.7843242883682251 28860
1672109661905 0.7859538793563843 29077
1672109737984 0.7879466414451599 29294
1672109814727 0.7835232615470886 29511
1672109890704 0.786895215511322 29728
1672109966770 0.791805624961853 29945
1672110042583 0.7976149916648865 30162
1672110118874 0.7741619944572449 30379
1672110195296 0.7888824939727783 30596
1672110270801 0.7820231914520264 30813
1672110345539 0.7757253646850586 31030
1672110420219 0.7788439989089966 31247
1672110494726 0.792733371257782 31464
1672110568973 0.7905203104019165 31681
1672110643642 0.7807679772377014 31898
1672110718303 0.7716832756996155 32115
1672110792512 0.7786898612976074 32332
1672110866486 0.7821057438850403 32549
