1671604360560 13.25 22
1671604374563 13.25 45
1671604388701 0.0 68
1671604402919 0.0 91
1671604416861 0.0 114
1671604430915 0.0 137
1671604445625 0.0 160
1671604459992 13.0 183
1671604474426 13.0 206
1671604488480 12.25 229
1671604502793 0.0 252
1671604517051 0.0 275
1671604531404 13.0 298
1671604545811 0.0 321
1671604560471 0.0 344
1671604574781 11.0 367
1671604589101 0.0 390
1671604603621 0.0 413
1671604617825 0.0 436
1671604632545 0.0 459
1671604646929 13.0 482
1671604661105 9.75 505
1671604675456 14.25 528
1671604689858 13.0 551
1671604703990 0.0 574
1671604718249 0.0 597
1671604732530 12.75 620
1671604746838 11.0 643
1671604761418 12.25 666
1671604775621 0.0 689
1671604789933 12.25 712
1671604804298 12.75 735
1671604818721 0.0 758
1671604832889 11.0 781
1671604846956 12.25 804
1671604861141 0.0 827
1671604875400 0.0 850
1671604889574 0.0 873
1671604903801 6.25 896
1671604918068 0.0 919
1671604932411 0.0 942
1671604946721 11.0 965
1671604961029 14.5 988
1671604975336 14.5 1011
1671604989917 12.25 1034
1671605004112 14.0 1057
1671605018379 14.5 1080
1671605032661 12.25 1103
1671605047051 11.25 1126
1671605061551 14.0 1149
1671605075783 12.25 1172
1671605090219 2.5 1195
1671605104643 11.0 1218
1671605119124 10.75 1241
1671605133808 12.25 1264
1671605148513 11.5 1287
1671605163174 10.0 1310
1671605177604 11.25 1333
1671605192232 13.75 1356
1671605206600 12.25 1379
1671605220789 13.25 1402
1671605235056 13.75 1425
1671605249781 12.25 1448
1671605264338 13.75 1471
1671605278548 11.25 1494
1671605293147 0.25 1517
1671605307618 0.0 1540
1671605322151 2.5 1563
1671605336618 10.0 1586
1671605350972 2.5 1609
1671605365339 10.0 1632
1671605379522 6.75 1655
1671605393692 13.0 1678
1671605408037 11.25 1701
1671605422363 13.0 1724
1671605436875 10.25 1747
1671605451052 13.0 1770
1671605465450 10.25 1793
1671605479772 10.0 1816
1671605494040 6.0 1839
1671605508582 13.5 1862
1671605522774 10.5 1885
1671605537209 10.5 1908
1671605551295 11.5 1931
1671605565568 11.25 1954
1671605579971 11.75 1977
1671605594385 11.25 2000
1671605608531 11.25 2023
1671605622729 11.25 2046
1671605636983 10.0 2069
1671605651353 11.25 2092
1671605665861 13.5 2115
1671605680354 11.25 2138
1671605694933 11.25 2161
1671605709254 0.0 2184
1671605723548 10.0 2207
1671605737908 11.0 2230
1671605752242 11.5 2253
1671605766764 12.0 2276
1671605781077 13.5 2299
1671605795219 11.25 2322
1671605809618 13.5 2345
1671605824179 11.0 2368
1671605838522 13.0 2391
1671605852838 13.5 2414
1671605867301 13.5 2437
1671605881678 11.5 2460
1671605896109 13.0 2483
1671605910443 11.25 2506
1671605924763 0.0 2529
1671605939249 0.0 2552
1671605953722 10.75 2575
1671605967992 1.5 2598
1671605982338 11.25 2621
1671605996797 10.5 2644
1671606011114 10.75 2667
1671606025386 10.25 2690
1671606039766 10.0 2713
1671606054149 13.75 2736
1671606068598 10.25 2759
1671606082935 11.5 2782
1671606097468 10.0 2805
1671606111938 10.75 2828
1671606126151 10.25 2851
1671606140424 11.0 2874
1671606154849 10.25 2897
1671606169271 11.5 2920
1671606183621 12.0 2943
1671606197764 10.25 2966
1671606212041 11.5 2989
1671606226272 0.25 3012
1671606240649 10.25 3035
1671606254963 10.75 3058
1671606269108 13.5 3081
1671606283382 10.0 3104
1671606297986 0.0 3127
1671606312309 0.75 3150
1671606326477 9.5 3173
1671606341103 11.5 3196
1671606355354 10.25 3219
1671606369860 0.75 3242
1671606383999 11.0 3265
1671606398388 6.25 3288
1671606413069 10.0 3311
1671606427617 11.5 3334
1671606441950 1.75 3357
1671606456181 0.0 3380
1671606470653 0.5 3403
1671606484967 10.0 3426
1671606499199 13.0 3449
