1671604360560 8.75 22
1671604374563 8.75 45
1671604388701 22.0 68
1671604402919 22.0 91
1671604416861 22.0 114
1671604430915 22.0 137
1671604445625 22.0 160
1671604459992 9.0 183
1671604474426 9.0 206
1671604488480 9.75 229
1671604502793 22.0 252
1671604517051 22.0 275
1671604531404 9.0 298
1671604545811 22.0 321
1671604560471 22.0 344
1671604574781 11.0 367
1671604589101 22.0 390
1671604603621 22.0 413
1671604617825 22.0 436
1671604632545 22.0 459
1671604646929 9.0 482
1671604661105 12.25 505
1671604675456 7.75 528
1671604689858 9.0 551
1671604703990 22.0 574
1671604718249 22.0 597
1671604732530 9.25 620
1671604746838 11.0 643
1671604761418 9.75 666
1671604775621 22.0 689
1671604789933 9.75 712
1671604804298 9.25 735
1671604818721 22.0 758
1671604832889 11.0 781
1671604846956 9.75 804
1671604861141 22.0 827
1671604875400 22.0 850
1671604889574 22.0 873
1671604903801 15.75 896
1671604918068 22.0 919
1671604932411 22.0 942
1671604946721 11.0 965
1671604961029 7.5 988
1671604975336 7.5 1011
1671604989917 9.75 1034
1671605004112 8.0 1057
1671605018379 7.5 1080
1671605032661 9.75 1103
1671605047051 10.75 1126
1671605061551 8.0 1149
1671605075783 9.75 1172
1671605090219 19.5 1195
1671605104643 11.0 1218
1671605119124 11.25 1241
1671605133808 9.75 1264
1671605148513 10.5 1287
1671605163174 12.0 1310
1671605177604 10.75 1333
1671605192232 8.25 1356
1671605206600 9.75 1379
1671605220789 8.75 1402
1671605235056 8.25 1425
1671605249781 9.75 1448
1671605264338 8.25 1471
1671605278548 10.75 1494
1671605293147 21.75 1517
1671605307618 22.0 1540
1671605322151 19.5 1563
1671605336618 12.0 1586
1671605350972 19.5 1609
1671605365339 12.0 1632
1671605379522 15.25 1655
1671605393692 9.0 1678
1671605408037 10.75 1701
1671605422363 9.0 1724
1671605436875 11.75 1747
1671605451052 9.0 1770
1671605465450 11.75 1793
1671605479772 12.0 1816
1671605494040 16.0 1839
1671605508582 8.5 1862
1671605522774 11.5 1885
1671605537209 11.5 1908
1671605551295 10.5 1931
1671605565568 10.75 1954
1671605579971 10.25 1977
1671605594385 10.75 2000
1671605608531 10.75 2023
1671605622729 10.75 2046
1671605636983 12.0 2069
1671605651353 10.75 2092
1671605665861 8.5 2115
1671605680354 10.75 2138
1671605694933 10.75 2161
1671605709254 22.0 2184
1671605723548 12.0 2207
1671605737908 11.0 2230
1671605752242 10.5 2253
1671605766764 10.0 2276
1671605781077 8.5 2299
1671605795219 10.75 2322
1671605809618 8.5 2345
1671605824179 11.0 2368
1671605838522 9.0 2391
1671605852838 8.5 2414
1671605867301 8.5 2437
1671605881678 10.5 2460
1671605896109 9.0 2483
1671605910443 10.75 2506
1671605924763 22.0 2529
1671605939249 22.0 2552
1671605953722 11.25 2575
1671605967992 20.5 2598
1671605982338 10.75 2621
1671605996797 11.5 2644
1671606011114 11.25 2667
1671606025386 11.75 2690
1671606039766 12.0 2713
1671606054149 8.25 2736
1671606068598 11.75 2759
1671606082935 10.5 2782
1671606097468 12.0 2805
1671606111938 11.25 2828
1671606126151 11.75 2851
1671606140424 11.0 2874
1671606154849 11.75 2897
1671606169271 10.5 2920
1671606183621 10.0 2943
1671606197764 11.75 2966
1671606212041 10.5 2989
1671606226272 21.75 3012
1671606240649 11.75 3035
1671606254963 11.25 3058
1671606269108 8.5 3081
1671606283382 12.0 3104
1671606297986 22.0 3127
1671606312309 21.25 3150
1671606326477 12.5 3173
1671606341103 10.5 3196
1671606355354 11.75 3219
1671606369860 21.25 3242
1671606383999 11.0 3265
1671606398388 15.75 3288
1671606413069 12.0 3311
1671606427617 10.5 3334
1671606441950 20.25 3357
1671606456181 22.0 3380
1671606470653 21.5 3403
1671606484967 12.0 3426
1671606499199 9.0 3449
