1671604363709 0.6144067645072937 22
1671604377972 0.48983049392700195 45
1671604392013 0.49350282549858093 68
1671604406023 0.5101963877677917 91
1671604419931 0.5020715594291687 114
1671604434538 0.4912832975387573 137
1671604448809 0.4834005832672119 160
1671604463331 0.5062147378921509 183
1671604477669 0.48540493845939636 206
1671604491764 0.49397358298301697 229
1671604505937 0.5474576950073242 252
1671604520388 0.5425611734390259 275
1671604534625 0.49566856026649475 298
1671604549138 0.5131826400756836 321
1671604563699 0.5164783000946045 344
1671604578115 0.4897363483905792 367
1671604592393 0.4451977610588074 390
1671604606840 0.5493409037590027 413
1671604621409 0.4637880027294159 436
1671604635766 0.4995291829109192 459
1671604650238 0.48822975158691406 482
1671604664441 0.45583805441856384 505
1671604678797 0.48286253213882446 528
1671604693180 0.5221281051635742 551
1671604707238 0.5523137450218201 574
1671604721557 0.5081382989883423 597
1671604735780 0.4984934329986572 620
1671604750152 0.4333333671092987 643
1671604764713 0.51412433385849 666
1671604778818 0.49651598930358887 689
1671604793180 0.5079095959663391 712
1671604807590 0.46911492943763733 735
1671604821943 0.5139090418815613 758
1671604836160 0.5347457528114319 781
1671604850193 0.4431261718273163 804
1671604864334 0.5280603170394897 827
1671604878689 0.49934086203575134 850
1671604892821 0.4900188446044922 873
1671604907082 0.5188323855400085 896
1671604921339 0.5066854953765869 919
1671604935753 0.49199625849723816 942
1671604950023 0.5060802102088928 965
1671604964337 0.45913368463516235 988
1671604978577 0.46967989206314087 1011
1671604993103 0.5172719955444336 1034
1671605007408 0.458864688873291 1057
1671605021610 0.5601694583892822 1080
1671605035919 0.5140300989151001 1103
1671605050377 0.5695856809616089 1126
1671605064843 0.5210922360420227 1149
1671605079164 0.49406781792640686 1172
1671605093528 0.5301318168640137 1195
1671605108026 0.5140300989151001 1218
1671605122429 0.5011299848556519 1241
1671605137196 0.50291907787323 1264
1671605151865 0.5024482011795044 1287
1671605166394 0.5306026339530945 1310
1671605180951 0.5193973779678345 1333
1671605195445 0.47071561217308044 1356
1671605209801 0.5442560911178589 1379
1671605224072 0.5205273032188416 1402
1671605238314 0.5669223070144653 1425
1671605253130 0.5274953246116638 1448
1671605267572 0.49726927280426025 1471
1671605281931 0.5368173122406006 1494
1671605296506 0.4900188446044922 1517
1671605310851 0.5296072363853455 1540
1671605325407 0.5052731037139893 1563
1671605339839 0.5003767013549805 1586
1671605354286 0.5806026458740234 1609
1671605368617 0.47819480299949646 1632
1671605382762 0.5137476325035095 1655
1671605396986 0.5058380365371704 1678
1671605411307 0.554560124874115 1701
1671605425761 0.48860639333724976 1724
1671605440084 0.5351224541664124 1747
1671605454392 0.5222222208976746 1770
1671605468664 0.5709981322288513 1793
1671605483019 0.5517890453338623 1816
1671605497303 0.5178908109664917 1839
1671605511886 0.4945385456085205 1862
1671605526004 0.5442561507225037 1885
1671605540434 0.4764595329761505 1908
1671605554705 0.5789480805397034 1931
1671605568916 0.5253295302391052 1954
1671605583269 0.533145010471344 1977
1671605597613 0.533145010471344 2000
1671605611689 0.47608283162117004 2023
1671605626066 0.5525423884391785 2046
1671605640249 0.5437853336334229 2069
1671605654738 0.5272127985954285 2092
1671605669355 0.5265536904335022 2115
1671605683707 0.5254237055778503 2138
1671605698239 0.531450092792511 2161
1671605712489 0.5162900686264038 2184
1671605726884 0.5337100028991699 2207
1671605741262 0.5375706553459167 2230
1671605755521 0.5469868183135986 2253
1671605770061 0.5233925580978394 2276
1671605784367 0.5088512301445007 2299
1671605798410 0.5254237055778503 2322
1671605812927 0.5790960192680359 2345
1671605827444 0.5439870953559875 2368
1671605841866 0.5190207362174988 2391
1671605856128 0.5783427357673645 2414
1671605870586 0.5062146782875061 2437
1671605885032 0.5355932116508484 2460
1671605899401 0.5192090272903442 2483
1671605913686 0.5447269678115845 2506
1671605928110 0.5461393594741821 2529
1671605942490 0.5448210835456848 2552
1671605956988 0.5425611734390259 2575
1671605971281 0.5540489554405212 2598
1671605985654 0.49971750378608704 2621
1671606000078 0.5829566717147827 2644
1671606014315 0.5651331543922424 2667
1671606028684 0.5512241125106812 2690
1671606043164 0.4867231845855713 2713
1671606057477 0.5218455791473389 2736
1671606071912 0.5459510684013367 2759
1671606086252 0.5143126249313354 2782
1671606100825 0.5478342771530151 2805
1671606115162 0.48531073331832886 2828
1671606129440 0.5251278281211853 2851
1671606143744 0.4838983714580536 2874
1671606158170 0.5225988626480103 2897
1671606172478 0.5285310745239258 2920
1671606186855 0.5716572403907776 2943
1671606200985 0.5469868183135986 2966
1671606215327 0.5180791020393372 2989
1671606229503 0.5878531336784363 3012
1671606243930 0.5082862973213196 3035
1671606258171 0.5576271414756775 3058
1671606272316 0.5930724143981934 3081
1671606287047 0.5627118349075317 3104
1671606301294 0.5316384434700012 3127
1671606315551 0.5510357618331909 3150
1671606329775 0.5735000967979431 3173
1671606344320 0.4974576532840729 3196
1671606358698 0.558649480342865 3219
1671606373103 0.5083401203155518 3242
1671606387323 0.5145009756088257 3265
1671606401809 0.5233521461486816 3288
1671606416342 0.5268361568450928 3311
1671606430909 0.4970809519290924 3334
1671606445181 0.5507532954216003 3357
1671606459519 0.5017621517181396 3380
1671606474025 0.5204331278800964 3403
1671606488169 0.5322034358978271 3426
1671606502217 0.5357411503791809 3449
