1671604363709 0.5518677830696106 22
1671604377972 0.49435028433799744 45
1671604392013 0.5226572155952454 68
1671604406023 0.5011299252510071 91
1671604419931 0.5138821601867676 114
1671604434538 0.5200610160827637 137
1671604448809 0.48563358187675476 160
1671604463331 0.5345920920372009 183
1671604477669 0.5194051265716553 206
1671604491764 0.5272262692451477 229
1671604505937 0.5424535870552063 252
1671604520388 0.5434938669204712 275
1671604534625 0.5328075289726257 298
1671604549138 0.4913370907306671 321
1671604563699 0.5455071330070496 344
1671604578115 0.5136241912841797 367
1671604592393 0.4929195046424866 390
1671604606840 0.5293638706207275 413
1671604621409 0.5238901972770691 436
1671604635766 0.5378755331039429 459
1671604650238 0.5349202156066895 482
1671604664441 0.5153214931488037 505
1671604678797 0.4929276704788208 528
1671604693180 0.525239884853363 551
1671604707238 0.5324084758758545 574
1671604721557 0.5298852324485779 597
1671604735780 0.5097512602806091 620
1671604750152 0.5071204304695129 643
1671604764713 0.5509191751480103 666
1671604778818 0.514132022857666 689
1671604793180 0.5071921348571777 712
1671604807590 0.518025279045105 735
1671604821943 0.5093107223510742 758
1671604836160 0.5181683301925659 781
1671604850193 0.5127074122428894 804
1671604864334 0.5342839360237122 827
1671604878689 0.4859902262687683 850
1671604892821 0.4952111840248108 873
1671604907082 0.523261308670044 896
1671604921339 0.5257779955863953 919
1671604935753 0.4937269985675812 942
1671604950023 0.524691641330719 965
1671604964337 0.5112007856369019 988
1671604978577 0.480974406003952 1011
1671604993103 0.5204465985298157 1034
1671605007408 0.5116491913795471 1057
1671605021610 0.5485292673110962 1080
1671605035919 0.49843913316726685 1103
1671605050377 0.5504394173622131 1126
1671605064843 0.5446596741676331 1149
1671605079164 0.5145233273506165 1172
1671605093528 0.540920078754425 1195
1671605108026 0.5303189754486084 1218
1671605122429 0.5090215802192688 1241
1671605137196 0.5348036885261536 1264
1671605151865 0.5330733060836792 1287
1671605166394 0.5411528944969177 1310
1671605180951 0.5433413982391357 1333
1671605195445 0.5295436978340149 1356
1671605209801 0.5492960810661316 1379
1671605224072 0.5316963195800781 1402
1671605238314 0.5705534219741821 1425
1671605253130 0.5168129801750183 1448
1671605267572 0.536156952381134 1471
1671605281931 0.5503439903259277 1494
1671605296506 0.5021205544471741 1517
1671605310851 0.5263200998306274 1540
1671605325407 0.5375074744224548 1563
1671605339839 0.5112815499305725 1586
1671605354286 0.5634210109710693 1609
1671605368617 0.5051194429397583 1632
1671605382762 0.511536717414856 1655
1671605396986 0.5302484035491943 1678
1671605411307 0.5352744460105896 1701
1671605425761 0.5344270467758179 1724
1671605440084 0.536575198173523 1747
1671605454392 0.5227333903312683 1770
1671605468664 0.5657788515090942 1793
1671605483019 0.5647695660591125 1816
1671605497303 0.5168008208274841 1839
1671605511886 0.5051695108413696 1862
1671605526004 0.5433323979377747 1885
1671605540434 0.5044333934783936 1908
1671605554705 0.5638104677200317 1931
1671605568916 0.5355749130249023 1954
1671605583269 0.5270469188690186 1977
1671605597613 0.5515828132629395 2000
1671605611689 0.49743932485580444 2023
1671605626066 0.5365976095199585 2046
1671605640249 0.5452739596366882 2069
1671605654738 0.5237104296684265 2092
1671605669355 0.5280823111534119 2115
1671605683707 0.5189759135246277 2138
1671605698239 0.5537840127944946 2161
1671605712489 0.5304591059684753 2184
1671605726884 0.5265536904335022 2207
1671605741262 0.5490673780441284 2230
1671605755521 0.5452943444252014 2253
1671605770061 0.5187137722969055 2276
1671605784367 0.5211191773414612 2299
1671605798410 0.5403282642364502 2322
1671605812927 0.5711888670921326 2345
1671605827444 0.5272980332374573 2368
1671605841866 0.5442333221435547 2391
1671605856128 0.5580077767372131 2414
1671605870586 0.5483079552650452 2437
1671605885032 0.5379248857498169 2460
1671605899401 0.5117209553718567 2483
1671605913686 0.5231145024299622 2506
1671605928110 0.5367826819419861 2529
1671605942490 0.5364077091217041 2552
1671605956988 0.5254595875740051 2575
1671605971281 0.5496278405189514 2598
1671605985654 0.49888357520103455 2621
1671606000078 0.5765357613563538 2644
1671606014315 0.5436504483222961 2667
1671606028684 0.5407913327217102 2690
1671606043164 0.5110552310943604 2713
1671606057477 0.5558874011039734 2736
1671606071912 0.5515648722648621 2759
1671606086252 0.5241951942443848 2782
1671606100825 0.5453812479972839 2805
1671606115162 0.49718573689460754 2828
1671606129440 0.5205011367797852 2851
1671606143744 0.5065281391143799 2874
1671606158170 0.5207604765892029 2897
1671606172478 0.5649313926696777 2920
1671606186855 0.5455967783927917 2943
1671606200985 0.5560711622238159 2966
1671606215327 0.5234133005142212 2989
1671606229503 0.5689913630485535 3012
1671606243930 0.5117657780647278 3035
1671606258171 0.5606313347816467 3058
1671606272316 0.562303900718689 3081
1671606287047 0.5773831605911255 3104
1671606301294 0.5234329104423523 3127
1671606315551 0.5513268113136292 3150
1671606329775 0.5611693859100342 3173
1671606344320 0.5136086940765381 3196
1671606358698 0.5418208241462708 3219
1671606373103 0.5179128050804138 3242
1671606387323 0.5170894265174866 3265
1671606401809 0.5398921370506287 3288
1671606416342 0.5432114005088806 3311
1671606430909 0.5267913341522217 3334
1671606445181 0.5475159287452698 3357
1671606459519 0.520327627658844 3380
1671606474025 0.5534558892250061 3403
1671606488169 0.535596489906311 3426
1671606502217 0.5309279561042786 3449
