1671604379792 0.65625 49
1671604408978 0.78125 99
1671604438795 0.625 149
1671604468608 0.78125 199
1671604498159 0.8125 249
1671604535576 0.65625 299
1671604565885 0.875 349
1671604595684 0.65625 399
1671604626079 0.8125 449
1671604655721 0.90625 499
1671604685503 0.78125 549
1671604722846 0.8125 599
1671604752535 0.8125 649
1671604782506 0.78125 699
1671604812476 0.84375 749
1671604841959 0.75 799
1671604871275 0.71875 849
1671604908617 0.75 899
1671604938426 0.84375 949
1671604968257 0.75 999
1671604998029 0.75 1049
1671605027714 0.75 1099
1671605057495 0.75 1149
1671605095358 0.8125 1199
1671605125408 0.84375 1249
1671605155990 0.6875 1299
1671605186533 0.8125 1349
1671605216226 0.6875 1399
1671605254168 0.71875 1449
1671605284114 0.71875 1499
1671605314119 0.84375 1549
1671605344328 0.71875 1599
1671605374138 0.78125 1649
1671605403671 0.71875 1699
1671605441337 0.65625 1749
1671605471106 0.65625 1799
1671605501006 0.65625 1849
1671605530692 0.75 1899
1671605560487 0.8125 1949
1671605590404 0.8125 1999
1671605627627 0.71875 2049
1671605657533 0.8125 2099
1671605687678 0.75 2149
1671605717491 0.6875 2199
1671605747412 0.71875 2249
1671605777066 0.5 2299
1671605814919 0.71875 2349
1671605844861 0.65625 2399
1671605874661 0.625 2449
1671605904654 0.71875 2499
1671605934637 0.75 2549
1671605972244 0.6875 2599
1671606002233 0.8125 2649
1671606031948 0.65625 2699
1671606062054 0.75 2749
1671606091940 0.71875 2799
1671606121836 0.78125 2849
1671606159434 0.71875 2899
1671606189285 0.78125 2949
1671606218887 0.6875 2999
1671606248624 0.6875 3049
1671606278194 0.75 3099
1671606308289 0.71875 3149
1671606345817 0.84375 3199
1671606375724 0.75 3249
1671606405758 0.6875 3299
1671606435910 0.8125 3349
1671606465682 0.75 3399
1671606495238 0.5 3449
