1671604363709 2.6494716527301048 22
1671604377972 2.282670920830935 45
1671604392013 2.2798411140199217 68
1671604406023 2.279702713609424 91
1671604419931 2.2888765918971177 114
1671604434538 2.2810197839578246 137
1671604448809 2.2840324919069483 160
1671604463331 2.2835357798256535 183
1671604477669 2.2790269739187328 206
1671604491764 2.2805881162625385 229
1671604505937 2.2808347445494235 252
1671604520388 2.288157317109178 275
1671604534625 2.2838023415377453 298
1671604549138 2.277402916373816 321
1671604563699 2.276608598527674 344
1671604578115 2.285151838676466 367
1671604592393 2.280773895407016 390
1671604606840 2.277107214556293 413
1671604621409 2.27493508785383 436
1671604635766 2.27875023970805 459
1671604650238 2.2764714798751062 482
1671604664441 2.2760228467260077 505
1671604678797 2.282568719465672 528
1671604693180 2.2790863606683596 551
1671604707238 2.2765303047125354 574
1671604721557 2.2776520594401073 597
1671604735780 2.276648128688207 620
1671604750152 2.275955752358858 643
1671604764713 2.2755787871650455 666
1671604778818 2.2770782127098315 689
1671604793180 2.278816493181357 712
1671604807590 2.2755452830492575 735
1671604821943 2.2714877977228367 758
1671604836160 2.2785813371055283 781
1671604850193 2.2746996316659462 804
1671604864334 2.2687399068471272 827
1671604878689 2.276146620294938 850
1671604892821 2.275183098020326 873
1671604907082 2.2786664349053707 896
1671604921339 2.2702289297891802 919
1671604935753 2.275953721854997 942
1671604950023 2.2728409512772165 965
1671604964337 2.2709059202138673 988
1671604978577 2.2719510297429504 1011
1671604993103 2.2761198623414294 1034
1671605007408 2.2711909147792153 1057
1671605021610 2.2787060617192965 1080
1671605035919 2.277555914756728 1103
1671605050377 2.2687975895715855 1126
1671605064843 2.2715416217448077 1149
1671605079164 2.2721343763277195 1172
1671605093528 2.2731119533800714 1195
1671605108026 2.2716401874554104 1218
1671605122429 2.269331289291503 1241
1671605137196 2.274292242902731 1264
1671605151865 2.264716898247019 1287
1671605166394 2.271353733020495 1310
1671605180951 2.2657381978811517 1333
1671605195445 2.269654896063431 1356
1671605209801 2.2701511485648784 1379
1671605224072 2.2731892778186356 1402
1671605238314 2.2726526920367878 1425
1671605253130 2.269083132487263 1448
1671605267572 2.267743473293134 1471
1671605281931 2.2656038434225407 1494
1671605296506 2.270459779628327 1517
1671605310851 2.274386450684511 1540
1671605325407 2.2722124046679193 1563
1671605339839 2.267305257980566 1586
1671605354286 2.2642765431393794 1609
1671605368617 2.267251599061093 1632
1671605382762 2.272463098925463 1655
1671605396986 2.2617567214560044 1678
1671605411307 2.2686833269498026 1701
1671605425761 2.2648478034005732 1724
1671605440084 2.2632444904716373 1747
1671605454392 2.2706987465929602 1770
1671605468664 2.2670773909638555 1793
1671605483019 2.2655015125276305 1816
1671605497303 2.2661260612130305 1839
1671605511886 2.26700741446668 1862
1671605526004 2.2619614651721234 1885
1671605540434 2.2647325437962578 1908
1671605554705 2.2642712492678627 1931
1671605568916 2.2613779362024005 1954
1671605583269 2.26758402320495 1977
1671605597613 2.263670210536026 2000
1671605611689 2.2590522357761254 2023
1671605626066 2.2619351731255084 2046
1671605640249 2.263945767056524 2069
1671605654738 2.2594818920669115 2092
1671605669355 2.2632280661887663 2115
1671605683707 2.268516742052012 2138
1671605698239 2.2609615349559187 2161
1671605712489 2.2649497025953784 2184
1671605726884 2.2719054030227395 2207
1671605741262 2.269875537834538 2230
1671605755521 2.2618188299804998 2253
1671605770061 2.2631187172203613 2276
1671605784367 2.271781068638068 2299
1671605798410 2.2585505133786667 2322
1671605812927 2.2619108426796846 2345
1671605827444 2.262569740559662 2368
1671605841866 2.2606738820905656 2391
1671605856128 2.2617513209686075 2414
1671605870586 2.2581790223585325 2437
1671605885032 2.268538133625829 2460
1671605899401 2.267822204388177 2483
1671605913686 2.2600342564365907 2506
1671605928110 2.2556757267400434 2529
1671605942490 2.2630441481490022 2552
1671605956988 2.26170645107757 2575
1671605971281 2.2574975165333284 2598
1671605985654 2.2571927551570994 2621
1671606000078 2.256771444802797 2644
1671606014315 2.26174943866341 2667
1671606028684 2.256232301701333 2690
1671606043164 2.257383932622367 2713
1671606057477 2.2647891954063635 2736
1671606071912 2.2593364090611447 2759
1671606086252 2.2656596668366706 2782
1671606100825 2.259845106046022 2805
1671606115162 2.263710771246072 2828
1671606129440 2.2600372246746145 2851
1671606143744 2.253793883502213 2874
1671606158170 2.260950921496133 2897
1671606172478 2.2573450728281017 2920
1671606186855 2.2676514862640955 2943
1671606200985 2.259907533590507 2966
1671606215327 2.258455748311044 2989
1671606229503 2.253120566632839 3012
1671606243930 2.2589071605236053 3035
1671606258171 2.2585398561977708 3058
1671606272316 2.26364456901111 3081
1671606287047 2.2581396112835534 3104
1671606301294 2.258344738167183 3127
1671606315551 2.2618069489912793 3150
1671606329775 2.258208745831592 3173
1671606344320 2.2596050049464904 3196
1671606358698 2.251984543204181 3219
1671606373103 2.254759036126768 3242
1671606387323 2.2582329296348687 3265
1671606401809 2.255889298738832 3288
1671606416342 2.2533777347484274 3311
1671606430909 2.252581181291634 3334
1671606445181 2.253485646204824 3357
1671606459519 2.2600403254942516 3380
1671606474025 2.2584740242898818 3403
1671606488169 2.2515991268776623 3426
1671606502217 2.2540716478804983 3449
