1671604379792 0.6666666865348816 49
1671604408978 0.3083333373069763 99
1671604438795 0.5416666865348816 149
1671604468608 0.1875 199
1671604498159 0.5208333730697632 249
1671604535576 0.6875 299
1671604565885 0.4583333432674408 349
1671604595684 0.5 399
1671604626079 0.5625 449
1671604655721 0.4375 499
1671604685503 0.3375000059604645 549
1671604722846 0.2083333432674408 599
1671604752535 0.5666667222976685 649
1671604782506 0.4375000298023224 699
1671604812476 0.25 749
1671604841959 0.2291666716337204 799
1671604871275 0.2708333432674408 849
1671604908617 0.4375 899
1671604938426 0.6666666865348816 949
1671604968257 0.1875 999
1671604998029 0.3333333432674408 1049
1671605027714 0.3958333432674408 1099
1671605057495 0.5 1149
1671605095358 0.4166666865348816 1199
1671605125408 0.3958333432674408 1249
1671605155990 0.5416666865348816 1299
1671605186533 0.2916666865348816 1349
1671605216226 0.6875 1399
1671605254168 0.699999988079071 1449
1671605284114 0.3333333432674408 1499
1671605314119 0.4166666865348816 1549
1671605344328 0.6375000476837158 1599
1671605374138 0.3166666626930237 1649
1671605403671 1.0 1699
1671605441337 0.3958333432674408 1749
1671605471106 0.375 1799
1671605501006 0.5208333730697632 1849
1671605530692 0.5 1899
1671605560487 0.375 1949
1671605590404 0.6666666865348816 1999
1671605627627 0.6041666865348816 2049
1671605657533 0.5833333730697632 2099
1671605687678 0.4791666865348816 2149
1671605717491 0.6875 2199
1671605747412 0.6458333730697632 2249
1671605777066 0.0 2299
1671605814919 0.625 2349
1671605844861 0.5375000238418579 2399
1671605874661 0.4375 2449
1671605904654 0.625 2499
1671605934637 0.3958333432674408 2549
1671605972244 0.375 2599
1671606002233 0.8125 2649
1671606031948 0.1875 2699
1671606062054 0.625 2749
1671606091940 0.7916666865348816 2799
1671606121836 0.8541666865348816 2849
1671606159434 0.5 2899
1671606189285 0.7916666865348816 2949
1671606218887 0.6000000238418579 2999
1671606248624 0.5 3049
1671606278194 0.7083333730697632 3099
1671606308289 0.4749999940395355 3149
1671606345817 0.6499999761581421 3199
1671606375724 0.625 3249
1671606405758 0.5 3299
1671606435910 0.5874999761581421 3349
1671606465682 0.6666666865348816 3399
1671606495238 0.25 3449
