1671604379792 0.5630952715873718 49
1671604408978 0.3928571343421936 99
1671604438795 0.49166667461395264 149
1671604468608 0.2666666805744171 199
1671604498159 0.6666666865348816 249
1671604535576 0.6041666865348816 299
1671604565885 0.5416666865348816 349
1671604595684 0.5 399
1671604626079 0.550000011920929 449
1671604655721 0.5476190447807312 499
1671604685503 0.4017857313156128 549
1671604722846 0.2916666865348816 599
1671604752535 0.6041666865348816 649
1671604782506 0.5892857313156128 699
1671604812476 0.25 749
1671604841959 0.30000001192092896 799
1671604871275 0.3392857313156128 849
1671604908617 0.4124999940395355 899
1671604938426 0.7416666746139526 949
1671604968257 0.2666666805744171 999
1671604998029 0.4166666865348816 1049
1671605027714 0.5 1099
1671605057495 0.5 1149
1671605095358 0.5333333611488342 1199
1671605125408 0.5059524178504944 1249
1671605155990 0.4166666865348816 1299
1671605186533 0.36666667461395264 1349
1671605216226 0.4970238208770752 1399
1671605254168 0.6500000357627869 1449
1671605284114 0.36666667461395264 1499
1671605314119 0.49166667461395264 1549
1671605344328 0.6642857193946838 1599
1671605374138 0.38749998807907104 1649
1671605403671 0.6875 1699
1671605441337 0.42499998211860657 1749
1671605471106 0.3571428656578064 1799
1671605501006 0.5 1849
1671605530692 0.380952388048172 1899
1671605560487 0.4166666865348816 1949
1671605590404 0.6833333969116211 1999
1671605627627 0.5333333611488342 2049
1671605657533 0.5833333730697632 2099
1671605687678 0.574999988079071 2149
1671605717491 0.4642857313156128 2199
1671605747412 0.6458333730697632 2249
1671605777066 0.0 2299
1671605814919 0.5595238208770752 2349
1671605844861 0.4642857313156128 2399
1671605874661 0.4714285731315613 2449
1671605904654 0.4888889193534851 2499
1671605934637 0.5583333373069763 2549
1671605972244 0.4333333373069763 2599
1671606002233 0.6791666746139526 2649
1671606031948 0.2380952388048172 2699
1671606062054 0.6166666746139526 2749
1671606091940 0.7095237970352173 2799
1671606121836 0.6636905074119568 2849
1671606159434 0.6166666746139526 2899
1671606189285 0.737500011920929 2949
1671606218887 0.5416666865348816 2999
1671606248624 0.1964285671710968 3049
1671606278194 0.648809552192688 3099
1671606308289 0.523809552192688 3149
1671606345817 0.6041666865348816 3199
1671606375724 0.5068181753158569 3249
1671606405758 0.5 3299
1671606435910 0.6517857313156128 3349
1671606465682 0.6333333253860474 3399
1671606495238 0.25 3449
