1671604379792 0.5375000238418579 49
1671604408978 0.625 99
1671604438795 0.4791666865348816 149
1671604468608 0.5 199
1671604498159 1.0 249
1671604535576 0.6625000238418579 299
1671604565885 0.75 349
1671604595684 0.5 399
1671604626079 0.6666666865348816 449
1671604655721 0.75 499
1671604685503 0.5 549
1671604722846 0.5 599
1671604752535 0.6666666865348816 649
1671604782506 1.0 699
1671604812476 0.25 749
1671604841959 0.5 799
1671604871275 0.5 849
1671604908617 0.3958333432674408 899
1671604938426 0.875 949
1671604968257 0.5 999
1671604998029 0.625 1049
1671605027714 0.75 1099
1671605057495 0.5 1149
1671605095358 0.75 1199
1671605125408 0.75 1249
1671605155990 0.3541666865348816 1299
1671605186533 0.5 1349
1671605216226 0.4124999940395355 1399
1671605254168 0.6166666746139526 1449
1671605284114 0.4583333432674408 1499
1671605314119 0.625 1549
1671605344328 0.8541666865348816 1599
1671605374138 0.5 1649
1671605403671 0.5375000238418579 1699
1671605441337 0.5833333134651184 1749
1671605471106 0.3541666865348816 1799
1671605501006 0.4833333492279053 1849
1671605530692 0.3125 1899
1671605560487 0.5 1949
1671605590404 0.75 1999
1671605627627 0.625 2049
1671605657533 0.5833333730697632 2099
1671605687678 0.875 2149
1671605717491 0.42500001192092896 2199
1671605747412 0.8125 2249
1671605777066 0.0 2299
1671605814919 0.625 2349
1671605844861 0.5 2399
1671605874661 0.5416666865348816 2449
1671605904654 0.512499988079071 2499
1671605934637 1.0 2549
1671605972244 0.625 2599
1671606002233 0.6041666865348816 2649
1671606031948 0.3333333432674408 2699
1671606062054 0.6666666865348816 2749
1671606091940 0.6875 2799
1671606121836 0.5625 2849
1671606159434 0.9166666865348816 2899
1671606189285 0.7333333492279053 2949
1671606218887 0.6666666865348816 2999
1671606248624 0.125 3049
1671606278194 0.6041666865348816 3099
1671606308289 0.6875 3149
1671606345817 0.625 3199
1671606375724 0.4345238208770752 3249
1671606405758 0.5 3299
1671606435910 0.75 3349
1671606465682 0.6666666865348816 3399
1671606495238 0.25 3449
