1671604363709 0.5828759670257568 22
1671604377972 0.5909605026245117 45
1671604392013 0.6548964381217957 68
1671604406023 0.6009416580200195 91
1671604419931 0.6220607757568359 114
1671604434538 0.6401129961013794 137
1671604448809 0.5979284644126892 160
1671604463331 0.6932741403579712 183
1671604477669 0.6599811911582947 206
1671604491764 0.6694915294647217 229
1671604505937 0.6408662796020508 252
1671604520388 0.6806026101112366 275
1671604534625 0.6777778267860413 298
1671604549138 0.5832391381263733 321
1671604563699 0.6763653755187988 344
1671604578115 0.6410008072853088 367
1671604592393 0.6273069381713867 390
1671604606840 0.5888351202011108 413
1671604621409 0.6873822212219238 436
1671604635766 0.6778719425201416 459
1671604650238 0.688794732093811 482
1671604664441 0.6878530979156494 505
1671604678797 0.6009416580200195 528
1671604693180 0.6132768392562866 551
1671604707238 0.5938794612884521 574
1671604721557 0.6645009517669678 597
1671604735780 0.6069411039352417 620
1671604750152 0.7016949653625488 643
1671604764713 0.6973634958267212 666
1671604778818 0.6304143071174622 689
1671604793180 0.6316384077072144 712
1671604807590 0.6834275126457214 735
1671604821943 0.5866290330886841 758
1671604836160 0.5980226397514343 781
1671604850193 0.7024482488632202 804
1671604864334 0.6133710145950317 827
1671604878689 0.5756120681762695 850
1671604892821 0.5693031549453735 873
1671604907082 0.629539966583252 896
1671604921339 0.6264594793319702 919
1671604935753 0.6081383228302002 942
1671604950023 0.6156308650970459 965
1671604964337 0.6497175097465515 988
1671604978577 0.5826742053031921 1011
1671604993103 0.6268495917320251 1034
1671605007408 0.6740112900733948 1057
1671605021610 0.6535781621932983 1080
1671605035919 0.5832257270812988 1103
1671605050377 0.6112590432167053 1126
1671605064843 0.6553672552108765 1149
1671605079164 0.6234463453292847 1172
1671605093528 0.6329567432403564 1195
1671605108026 0.6322975158691406 1218
1671605122429 0.6033897995948792 1241
1671605137196 0.6590395569801331 1264
1671605151865 0.6540489196777344 1287
1671605166394 0.6390772461891174 1310
1671605180951 0.6613935828208923 1333
1671605195445 0.6935028433799744 1356
1671605209801 0.6512240767478943 1379
1671605224072 0.6287866830825806 1402
1671605238314 0.655999481678009 1425
1671605253130 0.5952918529510498 1448
1671605267572 0.6541430950164795 1471
1671605281931 0.6371939778327942 1494
1671605296506 0.5715631246566772 1517
1671605310851 0.6059321761131287 1540
1671605325407 0.6698950529098511 1563
1671605339839 0.6267420053482056 1586
1671605354286 0.6499865651130676 1609
1671605368617 0.6257061958312988 1632
1671605382762 0.5864406228065491 1655
1671605396986 0.6372881531715393 1678
1671605411307 0.6248049736022949 1701
1671605425761 0.6590395569801331 1724
1671605440084 0.6144067645072937 1747
1671605454392 0.6131827235221863 1770
1671605468664 0.6596448421478271 1793
1671605483019 0.6638417840003967 1816
1671605497303 0.6205272674560547 1839
1671605511886 0.5877589583396912 1862
1671605526004 0.6171374917030334 1885
1671605540434 0.626984179019928 1908
1671605554705 0.6302260160446167 1931
1671605568916 0.6319208741188049 1954
1671605583269 0.6204735040664673 1977
1671605597613 0.6555556058883667 2000
1671605611689 0.6032552719116211 2023
1671605626066 0.6118375062942505 2046
1671605640249 0.6569679975509644 2069
1671605654738 0.6040489673614502 2092
1671605669355 0.6032015681266785 2115
1671605683707 0.5871939659118652 2138
1671605698239 0.6875706315040588 2161
1671605712489 0.6170433163642883 2184
1671605726884 0.608474612236023 2207
1671605741262 0.6677024364471436 2230
1671605755521 0.6290960311889648 2253
1671605770061 0.5982109308242798 2276
1671605784367 0.6322034597396851 2299
1671605798410 0.6455743908882141 2322
1671605812927 0.6644067764282227 2345
1671605827444 0.5732579827308655 2368
1671605841866 0.6559322476387024 2391
1671605856128 0.6416195631027222 2414
1671605870586 0.6924670338630676 2437
1671605885032 0.6305084824562073 2460
1671605899401 0.5839924812316895 2483
1671605913686 0.610640287399292 2506
1671605928110 0.5907721519470215 2529
1671605942490 0.6225988268852234 2552
1671605956988 0.597524881362915 2575
1671605971281 0.6389830708503723 2598
1671605985654 0.5654425621032715 2621
1671606000078 0.6669491529464722 2644
1671606014315 0.6135593056678772 2667
1671606028684 0.6028786897659302 2690
1671606043164 0.6038606762886047 2713
1671606057477 0.6766478419303894 2736
1671606071912 0.6504707932472229 2759
1671606086252 0.6154425740242004 2782
1671606100825 0.6190207600593567 2805
1671606115162 0.6028518080711365 2828
1671606129440 0.5934086441993713 2851
1671606143744 0.6081920862197876 2874
1671606158170 0.5917137861251831 2897
1671606172478 0.7010357975959778 2920
1671606186855 0.6130885481834412 2943
1671606200985 0.6567796468734741 2966
1671606215327 0.6148775815963745 2989
1671606229503 0.6541430950164795 3012
1671606243930 0.6001883149147034 3035
1671606258171 0.6395480036735535 3058
1671606272316 0.633239209651947 3081
1671606287047 0.6885122656822205 3104
1671606301294 0.6231638193130493 3127
1671606315551 0.6403013467788696 3150
1671606329775 0.6591337323188782 3173
1671606344320 0.6251412630081177 3196
1671606358698 0.5937853455543518 3219
1671606373103 0.606214702129364 3242
1671606387323 0.6209577918052673 3265
1671606401809 0.6442561149597168 3288
1671606416342 0.6400188207626343 3311
1671606430909 0.6507533192634583 3334
1671606445181 0.6121469140052795 3357
1671606459519 0.6354990601539612 3380
1671606474025 0.6818267703056335 3403
1671606488169 0.6037665009498596 3426
1671606502217 0.6172316670417786 3449
