1671604363709 0.6920903921127319 22
1671604377972 0.7485875487327576 45
1671604392013 0.7528248429298401 68
1671604406023 0.7372881174087524 91
1671604419931 0.7358757257461548 114
1671604434538 0.7471751570701599 137
1671604448809 0.7358757257461548 160
1671604463331 0.7697740197181702 183
1671604477669 0.7740113139152527 206
1671604491764 0.7542372941970825 229
1671604505937 0.7457627058029175 252
1671604520388 0.7344632744789124 275
1671604534625 0.7598869800567627 298
1671604549138 0.7344632744789124 321
1671604563699 0.7514124512672424 344
1671604578115 0.7514124512672424 367
1671604592393 0.7514124512672424 390
1671604606840 0.7288135886192322 413
1671604621409 0.7881355881690979 436
1671604635766 0.7641242742538452 459
1671604650238 0.7697740197181702 482
1671604664441 0.7782486081123352 505
1671604678797 0.7528248429298401 528
1671604693180 0.7612994313240051 551
1671604707238 0.7288135886192322 574
1671604721557 0.7612994313240051 597
1671604735780 0.7471751570701599 620
1671604750152 0.7966101765632629 643
1671604764713 0.7627118825912476 666
1671604778818 0.7485875487327576 689
1671604793180 0.741525411605835 712
1671604807590 0.7782486081123352 735
1671604821943 0.755649745464325 758
1671604836160 0.7401130199432373 781
1671604850193 0.7937853336334229 804
1671604864334 0.75 827
1671604878689 0.75 850
1671604892821 0.7429378628730774 873
1671604907082 0.758474588394165 896
1671604921339 0.7344632744789124 919
1671604935753 0.7528248429298401 942
1671604950023 0.7740113139152527 965
1671604964337 0.7824859023094177 988
1671604978577 0.7401130199432373 1011
1671604993103 0.7485875487327576 1034
1671605007408 0.7810734510421753 1057
1671605021610 0.7401130199432373 1080
1671605035919 0.75 1103
1671605050377 0.7401130199432373 1126
1671605064843 0.7669491767883301 1149
1671605079164 0.7471751570701599 1172
1671605093528 0.7528248429298401 1195
1671605108026 0.758474588394165 1218
1671605122429 0.7598869800567627 1241
1671605137196 0.7570621371269226 1264
1671605151865 0.7669491767883301 1287
1671605166394 0.7528248429298401 1310
1671605180951 0.7612994313240051 1333
1671605195445 0.7824859023094177 1356
1671605209801 0.7457627058029175 1379
1671605224072 0.7471751570701599 1402
1671605238314 0.7669491767883301 1425
1671605253130 0.7528248429298401 1448
1671605267572 0.7612994313240051 1471
1671605281931 0.75 1494
1671605296506 0.7288135886192322 1517
1671605310851 0.75 1540
1671605325407 0.7485875487327576 1563
1671605339839 0.7641242742538452 1586
1671605354286 0.7542372941970825 1609
1671605368617 0.7627118825912476 1632
1671605382762 0.75 1655
1671605396986 0.7683615684509277 1678
1671605411307 0.7598869800567627 1701
1671605425761 0.7740113139152527 1724
1671605440084 0.7542372941970825 1747
1671605454392 0.741525411605835 1770
1671605468664 0.7598869800567627 1793
1671605483019 0.7683615684509277 1816
1671605497303 0.7485875487327576 1839
1671605511886 0.7485875487327576 1862
1671605526004 0.7358757257461548 1885
1671605540434 0.758474588394165 1908
1671605554705 0.741525411605835 1931
1671605568916 0.7514124512672424 1954
1671605583269 0.741525411605835 1977
1671605597613 0.7542372941970825 2000
1671605611689 0.7514124512672424 2023
1671605626066 0.7429378628730774 2046
1671605640249 0.7514124512672424 2069
1671605654738 0.7514124512672424 2092
1671605669355 0.7641242742538452 2115
1671605683707 0.7401130199432373 2138
1671605698239 0.7627118825912476 2161
1671605712489 0.7542372941970825 2184
1671605726884 0.7570621371269226 2207
1671605741262 0.7485875487327576 2230
1671605755521 0.7457627058029175 2253
1671605770061 0.7471751570701599 2276
1671605784367 0.7514124512672424 2299
1671605798410 0.744350254535675 2322
1671605812927 0.755649745464325 2345
1671605827444 0.7302259802818298 2368
1671605841866 0.7627118825912476 2391
1671605856128 0.7485875487327576 2414
1671605870586 0.7853107452392578 2437
1671605885032 0.7528248429298401 2460
1671605899401 0.7471751570701599 2483
1671605913686 0.7387005686759949 2506
1671605928110 0.7514124512672424 2529
1671605942490 0.7457627058029175 2552
1671605956988 0.7429378628730774 2575
1671605971281 0.7344632744789124 2598
1671605985654 0.7457627058029175 2621
1671606000078 0.7457627058029175 2644
1671606014315 0.7429378628730774 2667
1671606028684 0.7514124512672424 2690
1671606043164 0.7485875487327576 2713
1671606057477 0.7796609997749329 2736
1671606071912 0.744350254535675 2759
1671606086252 0.7457627058029175 2782
1671606100825 0.7358757257461548 2805
1671606115162 0.7669491767883301 2828
1671606129440 0.7528248429298401 2851
1671606143744 0.7612994313240051 2874
1671606158170 0.741525411605835 2897
1671606172478 0.7810734510421753 2920
1671606186855 0.7387005686759949 2943
1671606200985 0.755649745464325 2966
1671606215327 0.7372881174087524 2989
1671606229503 0.755649745464325 3012
1671606243930 0.7485875487327576 3035
1671606258171 0.7528248429298401 3058
1671606272316 0.7401130199432373 3081
1671606287047 0.7542372941970825 3104
1671606301294 0.7401130199432373 3127
1671606315551 0.7669491767883301 3150
1671606329775 0.7612994313240051 3173
1671606344320 0.7514124512672424 3196
1671606358698 0.7485875487327576 3219
1671606373103 0.7514124512672424 3242
1671606387323 0.7612994313240051 3265
1671606401809 0.7598869800567627 3288
1671606416342 0.7485875487327576 3311
1671606430909 0.755649745464325 3334
1671606445181 0.7429378628730774 3357
1671606459519 0.7528248429298401 3380
1671606474025 0.7754237055778503 3403
1671606488169 0.7471751570701599 3426
1671606502217 0.7570621371269226 3449
