1671698860060 0 22
1671698863073 1 22
1671698873787 1 45
1671698876909 2 45
1671698878695 2 49
1671698887722 2 68
1671698890847 3 68
1671698901575 3 91
1671698904673 4 91
1671698907643 4 99
1671698915367 4 114
1671698918512 5 114
1671698929424 5 137
1671698932651 6 137
1671698936729 6 149
1671698943574 6 160
1671698946742 7 160
1671698957917 7 183
1671698961071 8 183
1671698966284 8 199
1671698971830 8 206
1671698974936 9 206
1671698985605 9 229
1671698988773 10 229
1671698995059 10 249
1671698999646 10 252
1671699002871 11 252
1671699013622 11 275
1671699016745 12 275
1671699027509 12 298
1671699030756 13 298
1671699031626 13 299
1671699041536 13 321
1671699044644 14 321
1671699055541 14 344
1671699058733 15 344
1671699060823 15 349
1671699069734 15 367
1671699072908 16 367
1671699083934 16 390
1671699087142 17 390
1671699090357 17 399
1671699097841 17 413
1671699101015 18 413
1671699111847 18 436
1671699114951 19 436
1671699119443 19 449
1671699126037 19 459
1671699129334 20 459
1671699140427 20 482
1671699143583 21 482
1671699149073 21 499
1671699154523 21 505
1671699157697 22 505
1671699168479 22 528
1671699171617 23 528
1671699178244 23 549
1671699182574 23 551
1671699185732 24 551
1671699196629 24 574
1671699199778 25 574
1671699210469 25 597
1671699213627 26 597
1671699214776 26 599
1671699224302 26 620
1671699227487 27 620
1671699238229 27 643
1671699241356 28 643
1671699243753 28 649
1671699252122 28 666
1671699255284 29 666
1671699265933 29 689
1671699269012 30 689
1671699272636 30 699
1671699279872 30 712
1671699283015 31 712
1671699293957 31 735
1671699297157 32 735
1671699301723 32 749
1671699307826 32 758
1671699311000 33 758
1671699321846 33 781
1671699324989 34 781
1671699330732 34 799
1671699335631 34 804
1671699338749 35 804
1671699349486 35 827
1671699352617 36 827
1671699359540 36 849
1671699363516 36 850
1671699366662 37 850
1671699377575 37 873
1671699380713 38 873
1671699391474 38 896
1671699394578 39 896
1671699396091 39 899
1671699405399 39 919
1671699408698 40 919
1671699419486 40 942
1671699422698 41 942
1671699425376 41 949
1671699433684 41 965
1671699436845 42 965
1671699448057 42 988
1671699451266 43 988
1671699455143 43 999
1671699462059 43 1011
1671699465216 44 1011
1671699476114 44 1034
1671699479252 45 1034
1671699484140 45 1049
1671699489951 45 1057
1671699493127 46 1057
1671699503893 46 1080
1671699507043 47 1080
1671699513092 47 1099
1671699517773 47 1103
1671699520887 48 1103
1671699531537 48 1126
1671699534695 49 1126
1671699541682 49 1149
1671699545326 49 1149
1671699548537 50 1149
1671699559234 50 1172
1671699562489 51 1172
1671699573303 51 1195
1671699576431 52 1195
1671699578202 52 1199
1671699587287 52 1218
1671699590483 53 1218
1671699601430 53 1241
1671699604534 54 1241
1671699607463 54 1249
1671699615505 54 1264
1671699618656 55 1264
1671699629598 55 1287
1671699632732 56 1287
1671699636789 56 1299
1671699643521 56 1310
1671699646815 57 1310
1671699657407 57 1333
1671699660646 58 1333
1671699665863 58 1349
1671699671382 58 1356
1671699674846 59 1356
1671699685571 59 1379
1671699688749 60 1379
1671699695110 60 1399
1671699699471 60 1402
1671699702702 61 1402
1671699713472 61 1425
1671699716685 62 1425
1671699727474 62 1448
1671699730627 63 1448
1671699731515 63 1449
1671699741565 63 1471
1671699744751 64 1471
1671699755588 64 1494
1671699758798 65 1494
1671699760859 65 1499
1671699769517 65 1517
1671699772652 66 1517
1671699783712 66 1540
1671699786910 67 1540
1671699790078 67 1549
1671699797985 67 1563
1671699801187 68 1563
1671699812033 68 1586
1671699815219 69 1586
1671699819579 69 1599
1671699826041 69 1609
1671699829281 70 1609
1671699840099 70 1632
1671699843281 71 1632
1671699848779 71 1649
1671699854021 71 1655
1671699857221 72 1655
1671699868066 72 1678
1671699871243 73 1678
1671699877875 73 1699
1671699882170 73 1701
1671699885289 74 1701
1671699896123 74 1724
1671699899285 75 1724
1671699910261 75 1747
1671699913356 76 1747
1671699914550 76 1749
1671699924102 76 1770
1671699927263 77 1770
1671699938140 77 1793
1671699941270 78 1793
1671699943671 78 1799
1671699952495 78 1816
1671699955609 79 1816
1671699966585 79 1839
1671699969732 80 1839
1671699973348 80 1849
1671699980839 80 1862
1671699984072 81 1862
1671699994918 81 1885
1671699998080 82 1885
1671700002691 82 1899
1671700009000 82 1908
1671700012157 83 1908
1671700022924 83 1931
1671700026137 84 1931
1671700031918 84 1949
1671700037215 84 1954
1671700040484 85 1954
1671700051253 85 1977
1671700054402 86 1977
1671700061337 86 1999
1671700065462 86 2000
1671700068615 87 2000
1671700079376 87 2023
1671700082531 88 2023
1671700093416 88 2046
1671700096523 89 2046
1671700098006 89 2049
1671700107239 89 2069
1671700110480 90 2069
1671700121449 90 2092
1671700124601 91 2092
1671700127380 91 2099
1671700135652 91 2115
1671700138926 92 2115
1671700149766 92 2138
1671700152939 93 2138
1671700156719 93 2149
1671700163842 93 2161
1671700167031 94 2161
1671700177787 94 2184
1671700180861 95 2184
1671700185747 95 2199
1671700191575 95 2207
1671700194679 96 2207
1671700205574 96 2230
1671700208745 97 2230
1671700214888 97 2249
1671700219666 97 2253
1671700222886 98 2253
1671700233792 98 2276
1671700236946 99 2276
1671700243845 99 2299
1671700247698 99 2299
1671700250858 100 2299
1671700261814 100 2322
1671700264969 101 2322
1671700275874 101 2345
1671700279071 102 2345
1671700280880 102 2349
1671700290286 102 2368
1671700293383 103 2368
1671700304436 103 2391
1671700307679 104 2391
1671700310583 104 2399
1671700318714 104 2414
1671700321870 105 2414
1671700332715 105 2437
1671700335950 106 2437
1671700340130 106 2449
1671700346904 106 2460
1671700349990 107 2460
1671700360978 107 2483
1671700364180 108 2483
1671700369417 108 2499
1671700375073 108 2506
1671700378208 109 2506
1671700389247 109 2529
1671700392397 110 2529
1671700398769 110 2549
1671700403194 110 2552
1671700406282 111 2552
1671700417164 111 2575
1671700420316 112 2575
1671700431237 112 2598
1671700434418 113 2598
1671700435342 113 2599
1671700445407 113 2621
1671700448680 114 2621
1671700459714 114 2644
1671700462941 115 2644
1671700465293 115 2649
1671700474308 115 2667
1671700477521 116 2667
1671700488807 116 2690
1671700492075 117 2690
1671700495329 117 2699
1671700502928 117 2713
1671700506175 118 2713
1671700517316 118 2736
1671700520493 119 2736
1671700524852 119 2749
1671700531370 119 2759
1671700534587 120 2759
1671700545499 120 2782
1671700548673 121 2782
1671700554189 121 2799
1671700559586 121 2805
1671700562842 122 2805
1671700573673 122 2828
1671700576757 123 2828
1671700583385 123 2849
1671700587559 123 2851
1671700590800 124 2851
1671700601570 124 2874
1671700604639 125 2874
1671700615661 125 2897
1671700618894 126 2897
1671700620137 126 2899
1671700629855 126 2920
1671700632964 127 2920
1671700643881 127 2943
1671700647080 128 2943
1671700649490 128 2949
1671700658125 128 2966
1671700661297 129 2966
1671700672156 129 2989
1671700675335 130 2989
1671700678784 130 2999
1671700686252 130 3012
1671700689363 131 3012
1671700700356 131 3035
1671700703482 132 3035
1671700708146 132 3049
1671700714408 132 3058
1671700717613 133 3058
1671700728415 133 3081
1671700731655 134 3081
1671700737443 134 3099
1671700742489 134 3104
1671700745665 135 3104
1671700756557 135 3127
1671700759745 136 3127
1671700766794 136 3149
1671700770594 136 3150
1671700773845 137 3150
1671700784701 137 3173
1671700787926 138 3173
1671700798788 138 3196
1671700802079 139 3196
1671700803586 139 3199
1671700813022 139 3219
1671700816224 140 3219
1671700827044 140 3242
1671700830172 141 3242
1671700832801 141 3249
1671700841039 141 3265
1671700844218 142 3265
1671700855033 142 3288
1671700858221 143 3288
1671700862171 143 3299
1671700869159 143 3311
1671700872275 144 3311
1671700883061 144 3334
1671700886226 145 3334
1671700891179 145 3349
1671700897081 145 3357
1671700900224 146 3357
1671700911146 146 3380
1671700914294 147 3380
1671700920357 147 3399
1671700925278 147 3403
1671700928370 148 3403
1671700939154 148 3426
1671700942312 149 3426
1671700949293 149 3449
1671700953125 149 3449
1671700956050 150 3449
