1671698860060 0.0 22
1671698873787 0.0 45
1671698887722 0.0 68
1671698901575 0.0 91
1671698915367 0.0 114
1671698929424 0.0 137
1671698943574 0.0 160
1671698957917 0.0 183
1671698971830 0.0 206
1671698985605 0.0 229
1671698999646 0.0 252
1671699013622 0.0 275
1671699027509 0.0 298
1671699041536 0.0 321
1671699055541 0.0 344
1671699069734 0.0 367
1671699083934 0.0 390
1671699097841 0.0 413
1671699111847 0.0 436
1671699126037 0.0 459
1671699140427 0.0 482
1671699154523 0.0 505
1671699168479 0.0 528
1671699182574 0.0 551
1671699196629 0.0 574
1671699210469 0.0 597
1671699224302 0.0 620
1671699238229 0.0 643
1671699252122 0.0 666
1671699265933 0.0 689
1671699279872 0.0 712
1671699293957 0.0 735
1671699307826 0.0 758
1671699321846 0.0 781
1671699335631 0.0 804
1671699349486 0.0 827
1671699363516 0.0 850
1671699377575 0.0 873
1671699391474 0.0 896
1671699405399 0.0 919
1671699419486 0.0 942
1671699433684 0.0 965
1671699448057 0.0 988
1671699462059 0.0 1011
1671699476114 0.0 1034
1671699489951 0.0 1057
1671699503893 0.0 1080
1671699517773 0.0 1103
1671699531537 0.0 1126
1671699545326 0.0 1149
1671699559234 0.0 1172
1671699573303 0.0 1195
1671699587287 0.0 1218
1671699601430 0.0 1241
1671699615505 0.0 1264
1671699629598 0.0 1287
1671699643521 0.0 1310
1671699657407 0.0 1333
1671699671382 0.0 1356
1671699685571 0.0 1379
1671699699471 0.0 1402
1671699713472 0.0 1425
1671699727474 0.0 1448
1671699741565 0.0 1471
1671699755588 0.0 1494
1671699769517 0.0 1517
1671699783712 0.0 1540
1671699797985 0.0 1563
1671699812033 0.0 1586
1671699826041 0.0 1609
1671699840099 0.0 1632
1671699854021 0.0 1655
1671699868066 0.0 1678
1671699882170 0.0 1701
1671699896123 0.0 1724
1671699910261 0.0 1747
1671699924102 0.0 1770
1671699938140 0.0 1793
1671699952495 0.0 1816
1671699966585 0.0 1839
1671699980839 0.0 1862
1671699994918 0.0 1885
1671700009000 0.0 1908
1671700022924 0.0 1931
1671700037215 0.0 1954
1671700051253 0.0 1977
1671700065462 0.0 2000
1671700079376 0.0 2023
1671700093416 0.0 2046
1671700107239 0.0 2069
1671700121449 0.0 2092
1671700135652 0.0 2115
1671700149766 0.0 2138
1671700163842 0.0 2161
1671700177787 0.0 2184
1671700191575 0.0 2207
1671700205574 0.0 2230
1671700219666 0.0 2253
1671700233792 0.0 2276
1671700247698 0.0 2299
1671700261814 0.0 2322
1671700275874 0.0 2345
1671700290286 0.0 2368
1671700304436 0.0 2391
1671700318714 0.0 2414
1671700332715 0.0 2437
1671700346904 0.0 2460
1671700360978 0.0 2483
1671700375073 0.0 2506
1671700389247 0.0 2529
1671700403194 0.0 2552
1671700417164 0.0 2575
1671700431237 0.0 2598
1671700445407 0.0 2621
1671700459714 0.0 2644
1671700474308 0.0 2667
1671700488807 0.0 2690
1671700502928 0.0 2713
1671700517316 0.0 2736
1671700531370 0.0 2759
1671700545499 0.0 2782
1671700559586 0.0 2805
1671700573673 0.0 2828
1671700587559 0.0 2851
1671700601570 0.0 2874
1671700615661 0.0 2897
1671700629855 0.0 2920
1671700643881 0.0 2943
1671700658125 0.0 2966
1671700672156 0.0 2989
1671700686252 0.0 3012
1671700700356 0.0 3035
1671700714408 0.0 3058
1671700728415 0.0 3081
1671700742489 0.0 3104
1671700756557 0.0 3127
1671700770594 0.0 3150
1671700784701 0.0 3173
1671700798788 0.0 3196
1671700813022 0.0 3219
1671700827044 0.0 3242
1671700841039 0.0 3265
1671700855033 0.0 3288
1671700869159 0.0 3311
1671700883061 0.0 3334
1671700897081 0.0 3357
1671700911146 0.0 3380
1671700925278 0.0 3403
1671700939154 0.0 3426
1671700953125 0.0 3449
