1671698863073 0.8234463334083557 22
1671698876909 1.0 45
1671698890847 1.0 68
1671698904673 1.0 91
1671698918512 1.0 114
1671698932651 1.0 137
1671698946742 1.0 160
1671698961071 1.0 183
1671698974936 1.0 206
1671698988773 1.0 229
1671699002871 1.0 252
1671699016745 1.0 275
1671699030756 1.0 298
1671699044644 1.0 321
1671699058733 1.0 344
1671699072908 1.0 367
1671699087142 1.0 390
1671699101015 1.0 413
1671699114951 1.0 436
1671699129334 1.0 459
1671699143583 1.0 482
1671699157697 1.0 505
1671699171617 1.0 528
1671699185732 1.0 551
1671699199778 1.0 574
1671699213627 1.0 597
1671699227487 1.0 620
1671699241356 1.0 643
1671699255284 1.0 666
1671699269012 1.0 689
1671699283015 1.0 712
1671699297157 1.0 735
1671699311000 1.0 758
1671699324989 1.0 781
1671699338749 1.0 804
1671699352617 1.0 827
1671699366662 1.0 850
1671699380713 1.0 873
1671699394578 1.0 896
1671699408698 1.0 919
1671699422698 1.0 942
1671699436845 1.0 965
1671699451266 1.0 988
1671699465216 1.0 1011
1671699479252 1.0 1034
1671699493127 1.0 1057
1671699507043 1.0 1080
1671699520887 1.0 1103
1671699534695 1.0 1126
1671699548537 1.0 1149
1671699562489 1.0 1172
1671699576431 1.0 1195
1671699590483 1.0 1218
1671699604534 1.0 1241
1671699618656 1.0 1264
1671699632732 1.0 1287
1671699646815 1.0 1310
1671699660646 1.0 1333
1671699674846 1.0 1356
1671699688749 1.0 1379
1671699702702 1.0 1402
1671699716685 0.9985875487327576 1425
1671699730627 1.0 1448
1671699744751 1.0 1471
1671699758798 1.0 1494
1671699772652 1.0 1517
1671699786910 1.0 1540
1671699801187 0.9985875487327576 1563
1671699815219 1.0 1586
1671699829281 1.0 1609
1671699843281 1.0 1632
1671699857221 1.0 1655
1671699871243 0.9985875487327576 1678
1671699885289 1.0 1701
1671699899285 0.9985875487327576 1724
1671699913356 1.0 1747
1671699927263 0.9985875487327576 1770
1671699941270 1.0 1793
1671699955609 1.0 1816
1671699969732 0.9985875487327576 1839
1671699984072 0.9985875487327576 1862
1671699998080 0.9985875487327576 1885
1671700012157 1.0 1908
1671700026137 1.0 1931
1671700040484 0.9985875487327576 1954
1671700054402 0.9971751570701599 1977
1671700068615 1.0 2000
1671700082531 1.0 2023
1671700096523 0.9985875487327576 2046
1671700110480 1.0 2069
1671700124601 0.9985875487327576 2092
1671700138926 0.9985875487327576 2115
1671700152939 0.9971751570701599 2138
1671700167031 0.9985875487327576 2161
1671700180861 0.9985875487327576 2184
1671700194679 1.0 2207
1671700208745 0.9971751570701599 2230
1671700222886 1.0 2253
1671700236946 0.9985875487327576 2276
1671700250858 0.9985875487327576 2299
1671700264969 0.9985875487327576 2322
1671700279071 0.9985875487327576 2345
1671700293383 0.9971751570701599 2368
1671700307679 0.9971751570701599 2391
1671700321870 0.9985875487327576 2414
1671700335950 0.9985875487327576 2437
1671700349990 0.9971751570701599 2460
1671700364180 0.9971751570701599 2483
1671700378208 0.9985875487327576 2506
1671700392397 0.9985875487327576 2529
1671700406282 0.9971751570701599 2552
1671700420316 0.9971751570701599 2575
1671700434418 0.9971751570701599 2598
1671700448680 0.9971751570701599 2621
1671700462941 0.9971751570701599 2644
1671700477521 0.9985875487327576 2667
1671700492075 0.9971751570701599 2690
1671700506175 0.9971751570701599 2713
1671700520493 0.9971751570701599 2736
1671700534587 1.0 2759
1671700548673 0.9971751570701599 2782
1671700562842 0.9971751570701599 2805
1671700576757 0.9971751570701599 2828
1671700590800 0.9971751570701599 2851
1671700604639 0.9985875487327576 2874
1671700618894 0.994350254535675 2897
1671700632964 1.0 2920
1671700647080 0.9971751570701599 2943
1671700661297 0.9971751570701599 2966
1671700675335 0.9985875487327576 2989
1671700689363 0.9971751570701599 3012
1671700703482 0.9971751570701599 3035
1671700717613 0.9971751570701599 3058
1671700731655 0.9971751570701599 3081
1671700745665 0.9985875487327576 3104
1671700759745 0.9971751570701599 3127
1671700773845 0.9971751570701599 3150
1671700787926 0.9971751570701599 3173
1671700802079 0.9971751570701599 3196
1671700816224 0.9957627058029175 3219
1671700830172 0.9971751570701599 3242
1671700844218 0.9971751570701599 3265
1671700858221 0.9971751570701599 3288
1671700872275 0.9971751570701599 3311
1671700886226 0.9971751570701599 3334
1671700900224 0.9985875487327576 3357
1671700914294 0.9971751570701599 3380
1671700928370 0.9971751570701599 3403
1671700942312 0.9971751570701599 3426
1671700956050 0.9971751570701599 3449
