1671698878695 1.0 49
1671698907643 0.75 99
1671698936729 1.0 149
1671698966284 1.0 199
1671698995059 1.0 249
1671699031626 1.0 299
1671699060823 1.0 349
1671699090357 1.0 399
1671699119443 0.75 449
1671699149073 0.75 499
1671699178244 1.0 549
1671699214776 1.0 599
1671699243753 1.0 649
1671699272636 1.0 699
1671699301723 1.0 749
1671699330732 1.0 799
1671699359540 0.75 849
1671699396091 1.0 899
1671699425376 1.0 949
1671699455143 0.75 999
1671699484140 1.0 1049
1671699513092 1.0 1099
1671699541682 0.5 1149
1671699578202 1.0 1199
1671699607463 1.0 1249
1671699636789 1.0 1299
1671699665863 0.75 1349
1671699695110 1.0 1399
1671699731515 1.0 1449
1671699760859 1.0 1499
1671699790078 1.0 1549
1671699819579 1.0 1599
1671699848779 1.0 1649
1671699877875 1.0 1699
1671699914550 1.0 1749
1671699943671 1.0 1799
1671699973348 1.0 1849
1671700002691 0.75 1899
1671700031918 1.0 1949
1671700061337 1.0 1999
1671700098006 1.0 2049
1671700127380 1.0 2099
1671700156719 1.0 2149
1671700185747 1.0 2199
1671700214888 1.0 2249
1671700243845 0.25 2299
1671700280880 1.0 2349
1671700310583 1.0 2399
1671700340130 1.0 2449
1671700369417 1.0 2499
1671700398769 1.0 2549
1671700435342 1.0 2599
1671700465293 1.0 2649
1671700495329 1.0 2699
1671700524852 1.0 2749
1671700554189 1.0 2799
1671700583385 1.0 2849
1671700620137 1.0 2899
1671700649490 1.0 2949
1671700678784 1.0 2999
1671700708146 0.5 3049
1671700737443 1.0 3099
1671700766794 1.0 3149
1671700803586 0.75 3199
1671700832801 0.75 3249
1671700862171 1.0 3299
1671700891179 1.0 3349
1671700920357 1.0 3399
1671700949293 0.25 3449
