1671698863073 1.9079769698869162 22
1671698876909 1.7753127470081629 45
1671698890847 1.7689184085674678 68
1671698904673 1.7759346574676838 91
1671698918512 1.7750300279540312 114
1671698932651 1.7855344726343085 137
1671698946742 1.771471137999309 160
1671698961071 1.7866919051115073 183
1671698974936 1.7848646229557266 206
1671698988773 1.7815672390525947 229
1671699002871 1.7711780910873953 252
1671699016745 1.7701201966257294 275
1671699030756 1.7744154766365126 298
1671699044644 1.7689287988444427 321
1671699058733 1.768968263666193 344
1671699072908 1.7707094327517372 367
1671699087142 1.7823854756150694 390
1671699101015 1.7666122691134243 413
1671699114951 1.7722022375491446 436
1671699129334 1.7744906838138665 459
1671699143583 1.7837377642698626 482
1671699157697 1.7789808047084312 505
1671699171617 1.7763828143499765 528
1671699185732 1.7728305408370675 551
1671699199778 1.7672523998068714 574
1671699213627 1.771142497267871 597
1671699227487 1.7668755197485528 620
1671699241356 1.7705387445942309 643
1671699255284 1.7826532498005263 666
1671699269012 1.76746693738579 689
1671699283015 1.7751809072777405 712
1671699297157 1.765690838416061 735
1671699311000 1.7703302321458876 758
1671699324989 1.7702410263996098 781
1671699338749 1.7673734932095453 804
1671699352617 1.7690983901981612 827
1671699366662 1.7685300083505526 850
1671699380713 1.7710080134813795 873
1671699394578 1.76533516327947 896
1671699408698 1.7641114634315518 919
1671699422698 1.7703220833986772 942
1671699436845 1.7650546814312378 965
1671699451266 1.7703712476599245 988
1671699465216 1.7689001903631962 1011
1671699479252 1.763363261458471 1034
1671699493127 1.7647488940903586 1057
1671699507043 1.7701995118798324 1080
1671699520887 1.7736274759042472 1103
1671699534695 1.7629851725925147 1126
1671699548537 1.766655821018759 1149
1671699562489 1.7684571046560311 1172
1671699576431 1.7655448646487768 1195
1671699590483 1.7671121992508898 1218
1671699604534 1.7606061358670628 1241
1671699618656 1.7712563927325973 1264
1671699632732 1.7611528168207564 1287
1671699646815 1.7644300962131867 1310
1671699660646 1.767590713457062 1333
1671699674846 1.7737851386557633 1356
1671699688749 1.7658223393124874 1379
1671699702702 1.7640403418876913 1402
1671699716685 1.766270714735953 1425
1671699730627 1.7719392696283194 1448
1671699744751 1.7739951202005773 1471
1671699758798 1.7607885908362466 1494
1671699772652 1.7681270298727352 1517
1671699786910 1.7648803404968834 1540
1671699801187 1.7704816704381343 1563
1671699815219 1.7665070400990874 1586
1671699829281 1.7661206507823684 1609
1671699843281 1.759784638916277 1632
1671699857221 1.7610091191606962 1655
1671699871243 1.7607336320230005 1678
1671699885289 1.7585431880876343 1701
1671699899285 1.7579226018936163 1724
1671699913356 1.7578730468154804 1747
1671699927263 1.761758444799327 1770
1671699941270 1.7635858601055978 1793
1671699955609 1.7634987338701014 1816
1671699969732 1.7585689497923356 1839
1671699984072 1.758620505168597 1862
1671699998080 1.755450568466213 1885
1671700012157 1.7580587530713796 1908
1671700026137 1.7650497141202603 1931
1671700040484 1.763091859480955 1954
1671700054402 1.7723373348861013 1977
1671700068615 1.7729970691049606 2000
1671700082531 1.765030158310977 2023
1671700096523 1.7606300579040444 2046
1671700110480 1.7566670530014292 2069
1671700124601 1.7666506999038378 2092
1671700138926 1.7705118376947429 2115
1671700152939 1.7672005050455273 2138
1671700167031 1.7559086787669442 2161
1671700180861 1.7606799550934207 2184
1671700194679 1.7663543248456277 2207
1671700208745 1.7988349018789336 2230
1671700222886 1.7710077811899216 2253
1671700236946 1.7772115932866686 2276
1671700250858 1.7578757661271125 2299
1671700264969 1.761267546891759 2322
1671700279071 1.7617010401527822 2345
1671700293383 1.7605774942293124 2368
1671700307679 1.7524542316095564 2391
1671700321870 1.7547482776567311 2414
1671700335950 1.7619819261989698 2437
1671700349990 1.7565317796490938 2460
1671700364180 1.7651402125104314 2483
1671700378208 1.7531544661877978 2506
1671700392397 1.7569828150520501 2529
1671700406282 1.7510613971100562 2552
1671700420316 1.7501909200259202 2575
1671700434418 1.7547625980301218 2598
1671700448680 1.7602976446924772 2621
1671700462941 1.7621714036194684 2644
1671700477521 1.752522765042073 2667
1671700492075 1.7517672446073593 2690
1671700506175 1.7629875790617877 2713
1671700520493 1.7545364435812305 2736
1671700534587 1.7519237059261419 2759
1671700548673 1.7583143704611217 2782
1671700562842 1.7480752412270313 2805
1671700576757 1.7486609416097358 2828
1671700590800 1.7561931785900216 2851
1671700604639 1.749427691076852 2874
1671700618894 1.7937810104482648 2897
1671700632964 1.763154523731653 2920
1671700647080 1.754567387298415 2943
1671700661297 1.7500987524026133 2966
1671700675335 1.7516492068865934 2989
1671700689363 1.7484264888225969 3012
1671700703482 1.7457654872261126 3035
1671700717613 1.782219330107148 3058
1671700731655 1.7543534625017618 3081
1671700745665 1.7549087412967368 3104
1671700759745 1.7509883093930843 3127
1671700773845 1.745163577251237 3150
1671700787926 1.7434481747825559 3173
1671700802079 1.7469048455219658 3196
1671700816224 1.7682786011382783 3219
1671700830172 1.749145495369401 3242
1671700844218 1.7435161966356785 3265
1671700858221 1.7531551382758526 3288
1671700872275 1.7480628067832389 3311
1671700886226 1.7704555053475397 3334
1671700900224 1.752459516662135 3357
1671700914294 1.7469650697846826 3380
1671700928370 1.7472126585518926 3403
1671700942312 1.750877288332074 3426
1671700956050 1.7487144891046877 3449
