1671698878695 1.8141224597596461 49
1671698907643 1.1735976239252293 99
1671698936729 1.9530644113316682 149
1671698966284 1.6802823407043272 199
1671698995059 1.9710783060882109 249
1671699031626 1.9146040340725612 299
1671699060823 1.3809628503310827 349
1671699090357 1.871842808169859 399
1671699119443 1.2444395972150026 449
1671699149073 1.1187514036410573 499
1671699178244 1.6156255814799407 549
1671699214776 2.418579790186745 599
1671699243753 2.035893304581575 649
1671699272636 1.6005313551766367 699
1671699301723 1.8346434292738731 749
1671699330732 1.596538810355506 799
1671699359540 1.5363423955124464 849
1671699396091 1.4666923109233587 899
1671699425376 2.1340664900053277 949
1671699455143 1.2588040954822912 999
1671699484140 1.5344805306776834 1049
1671699513092 2.1101372820076856 1099
1671699541682 0.7382382810011556 1149
1671699578202 0.8245594663601082 1199
1671699607463 1.9350202250866744 1249
1671699636789 1.8287246101262549 1299
1671699665863 2.0604421644855035 1349
1671699695110 2.543281560841773 1399
1671699731515 1.7883558166033404 1449
1671699760859 1.2746941232143523 1499
1671699790078 2.3353953925767033 1549
1671699819579 1.424410859823445 1599
1671699848779 1.4788854365253385 1649
1671699877875 1.8636699422064142 1699
1671699914550 1.0740028537117148 1749
1671699943671 1.7767316073781325 1799
1671699973348 1.861078370673816 1849
1671700002691 1.686145893813173 1899
1671700031918 2.2184288620917485 1949
1671700061337 1.5422501100673953 1999
1671700098006 2.3261553782481563 2049
1671700127380 1.8335546347412763 2099
1671700156719 1.8412302070876714 2149
1671700185747 1.7045796771298019 2199
1671700214888 1.6578543992675399 2249
1671700243845 1.4639341646083257 2299
1671700280880 2.596196783962349 2349
1671700310583 2.0753659253092303 2399
1671700340130 1.353821050269008 2449
1671700369417 1.660692041621056 2499
1671700398769 1.589970857361163 2549
1671700435342 2.2134377766165905 2599
1671700465293 1.578791611631452 2649
1671700495329 1.502903625757979 2699
1671700524852 2.202354004280241 2749
1671700554189 1.1311173393909415 2799
1671700583385 1.4158681165985614 2849
1671700620137 1.4169205556826974 2899
1671700649490 1.6054878308999174 2949
1671700678784 1.648609575094675 2999
1671700708146 1.741899748618002 3049
1671700737443 2.2897674238192507 3099
1671700766794 1.201882140888115 3149
1671700803586 2.0284147494244613 3199
1671700832801 1.9034439659275175 3249
1671700862171 1.3443930579954835 3299
1671700891179 2.0319573478854025 3349
1671700920357 1.537638102371333 3399
1671700949293 0.9892522617641113 3449
