1671698863073 0.6961528658866882 22
1671698876909 0.9646892547607422 45
1671698890847 0.950564980506897 68
1671698904673 0.9392655491828918 91
1671698918512 0.9519773721694946 114
1671698932651 0.9491525292396545 137
1671698946742 0.9717513918876648 160
1671698961071 0.9830508232116699 183
1671698974936 0.9971751570701599 206
1671698988773 0.9618644118309021 229
1671699002871 0.950564980506897 252
1671699016745 0.9872881174087524 275
1671699030756 0.950564980506897 298
1671699044644 0.9731638431549072 321
1671699058733 0.9731638431549072 344
1671699072908 0.9378530979156494 367
1671699087142 0.9632768630981445 390
1671699101015 0.9830508232116699 413
1671699114951 0.9618644118309021 436
1671699129334 0.950564980506897 459
1671699143583 0.9844632744789124 482
1671699157697 0.9519773721694946 505
1671699171617 0.9519773721694946 528
1671699185732 0.9519773721694946 551
1671699199778 0.950564980506897 574
1671699213627 0.9745762944221497 597
1671699227487 0.9731638431549072 620
1671699241356 0.9491525292396545 643
1671699255284 0.9618644118309021 666
1671699269012 0.950564980506897 689
1671699283015 0.9533898234367371 712
1671699297157 0.9971751570701599 735
1671699311000 0.9858757257461548 758
1671699324989 0.9745762944221497 781
1671699338749 0.9632768630981445 804
1671699352617 0.9392655491828918 827
1671699366662 0.9632768630981445 850
1671699380713 0.9293785095214844 873
1671699394578 0.9844632744789124 896
1671699408698 0.9632768630981445 919
1671699422698 0.9519773721694946 942
1671699436845 0.950564980506897 965
1671699451266 0.9774011373519897 988
1671699465216 0.9519773721694946 1011
1671699479252 0.9632768630981445 1034
1671699493127 0.9632768630981445 1057
1671699507043 0.9759886860847473 1080
1671699520887 0.9632768630981445 1103
1671699534695 0.9844632744789124 1126
1671699548537 0.9632768630981445 1149
1671699562489 0.9307909607887268 1172
1671699576431 0.9491525292396545 1195
1671699590483 0.9632768630981445 1218
1671699604534 0.9618644118309021 1241
1671699618656 0.9519773721694946 1264
1671699632732 0.9491525292396545 1287
1671699646815 0.9844632744789124 1310
1671699660646 0.9830508232116699 1333
1671699674846 0.9392655491828918 1356
1671699688749 0.9519773721694946 1379
1671699702702 0.9392655491828918 1402
1671699716685 0.9634337425231934 1425
1671699730627 0.9830508232116699 1448
1671699744751 0.9533898234367371 1471
1671699758798 0.9533898234367371 1494
1671699772652 0.9717513918876648 1517
1671699786910 0.9745762944221497 1540
1671699801187 0.9807909727096558 1563
1671699815219 0.9519773721694946 1586
1671699829281 0.9618644118309021 1609
1671699843281 0.9519773721694946 1632
1671699857221 0.9830508232116699 1655
1671699871243 0.9478970170021057 1678
1671699885289 0.9731638431549072 1701
1671699899285 0.94679856300354 1724
1671699913356 0.9872881174087524 1747
1671699927263 0.9269388318061829 1770
1671699941270 0.9844632744789124 1793
1671699955609 0.9830508232116699 1816
1671699969732 0.9842615723609924 1839
1671699984072 0.9729621410369873 1862
1671699998080 0.9618644118309021 1885
1671700012157 0.9632768630981445 1908
1671700026137 0.9971751570701599 1931
1671700040484 0.9620212912559509 1954
1671700054402 0.9349834322929382 1977
1671700068615 0.9717513918876648 2000
1671700082531 0.9392655491828918 2023
1671700096523 0.9806967973709106 2046
1671700110480 0.9392655491828918 2069
1671700124601 0.9482109546661377 2092
1671700138926 0.9291768074035645 2115
1671700152939 0.910640299320221 2138
1671700167031 0.9588378071784973 2161
1671700180861 0.9620212912559509 2184
1671700194679 0.9858757257461548 2207
1671700208745 0.9467984437942505 2230
1671700222886 0.9279661178588867 2253
1671700236946 0.9608371257781982 2276
1671700250858 0.9489508271217346 2299
1671700264969 0.9511299729347229 2322
1671700279071 0.9836158752441406 2345
1671700293383 0.9495157599449158 2368
1671700307679 0.9616627097129822 2391
1671700321870 0.9708098769187927 2414
1671700335950 0.9591964483261108 2437
1671700349990 0.955071210861206 2460
1671700364180 0.9583490490913391 2483
1671700378208 0.973320722579956 2506
1671700392397 0.9709039926528931 2529
1671700406282 0.9257062673568726 2552
1671700420316 0.9830060005187988 2575
1671700434418 0.9830060005187988 2598
1671700448680 0.9394224286079407 2621
1671700462941 0.9918886423110962 2644
1671700477521 0.98284912109375 2667
1671700492075 0.9564837217330933 2690
1671700506175 0.93744957447052 2713
1671700520493 0.9352973103523254 2736
1671700534587 0.9957627058029175 2759
1671700548673 0.9564837217330933 2782
1671700562842 0.9394224286079407 2805
1671700576757 0.9663708209991455 2828
1671700590800 0.9663707613945007 2851
1671700604639 0.9709039926528931 2874
1671700618894 0.9195722341537476 2897
1671700632964 0.9731638431549072 2920
1671700647080 0.9525195360183716 2943
1671700661297 0.959039568901062 2966
1671700675335 0.9475383758544922 2989
1671700689363 0.9805892109870911 3012
1671700703482 0.9367097616195679 3035
1671700717613 0.9460451602935791 3058
1671700731655 0.9558380246162415 3081
1671700745665 0.9729621410369873 3104
1671700759745 0.9791767597198486 3127
1671700773845 0.957990288734436 3150
1671700787926 0.9683701395988464 3173
1671700802079 0.9558380246162415 3196
1671700816224 0.9328576922416687 3219
1671700830172 0.9497175216674805 3242
1671700844218 0.9565778970718384 3265
1671700858221 0.9482109546661377 3288
1671700872275 0.9692897200584412 3311
1671700886226 0.9586359858512878 3334
1671700900224 0.9693974256515503 3357
1671700914294 0.9692897200584412 3380
1671700928370 0.9609941244125366 3403
1671700942312 0.9380365610122681 3426
1671700956050 0.9376513957977295 3449
