1672115778593 22.0 22
1672115792303 21.0 45
1672115806227 22.0 68
1672115820188 19.75 91
1672115834617 19.75 114
1672115848555 19.75 137
1672115863167 17.0 160
1672115877488 22.0 183
1672115891796 19.75 206
1672115905999 22.0 229
1672115920081 19.75 252
1672115933900 22.0 275
1672115947983 22.0 298
1672115962321 19.75 321
1672115976242 22.0 344
1672115990569 19.75 367
1672116004646 19.75 390
1672116018620 22.0 413
1672116032719 22.0 436
1672116047280 22.0 459
1672116061382 22.0 482
1672116075574 19.75 505
1672116089657 22.0 528
1672116103760 22.0 551
1672116117803 22.0 574
1672116131952 22.0 597
1672116146157 19.75 620
1672116160100 20.0 643
1672116174372 19.75 666
1672116188605 21.75 689
1672116202683 22.0 712
1672116217007 20.0 735
1672116231265 19.75 758
1672116245340 22.0 781
1672116259423 22.0 804
1672116273300 19.75 827
1672116287419 22.0 850
1672116301640 22.0 873
1672116316012 22.0 896
1672116330384 19.75 919
1672116344449 22.0 942
1672116358557 21.75 965
1672116372772 22.0 988
1672116386896 19.75 1011
1672116400903 22.0 1034
1672116414895 21.75 1057
1672116428890 21.75 1080
1672116442970 22.0 1103
1672116457081 22.0 1126
1672116471034 22.0 1149
1672116485242 22.0 1172
1672116499441 19.25 1195
1672116513522 22.0 1218
1672116527523 19.5 1241
1672116542142 22.0 1264
1672116556619 21.75 1287
1672116570905 21.75 1310
1672116584915 22.0 1333
1672116598837 22.0 1356
1672116612994 20.0 1379
1672116627131 22.0 1402
1672116641206 22.0 1425
1672116655224 22.0 1448
1672116669252 21.75 1471
1672116683358 19.75 1494
1672116697710 22.0 1517
1672116712260 22.0 1540
1672116726262 21.75 1563
1672116740521 20.75 1586
1672116754653 22.0 1609
1672116768770 19.75 1632
1672116782956 21.75 1655
1672116797072 22.0 1678
1672116811128 21.5 1701
1672116825343 22.0 1724
1672116839373 19.75 1747
1672116853561 22.0 1770
1672116867589 19.75 1793
1672116881775 21.5 1816
1672116895879 21.75 1839
1672116909889 21.75 1862
1672116924298 21.5 1885
1672116938299 21.25 1908
1672116952242 22.0 1931
1672116966354 21.5 1954
1672116980248 21.25 1977
1672116994180 22.0 2000
1672117008089 21.75 2023
1672117022257 21.25 2046
1672117036207 21.0 2069
1672117050545 22.0 2092
1672117064629 22.0 2115
1672117078703 21.5 2138
1672117093012 22.0 2161
1672117106983 21.25 2184
1672117121055 21.75 2207
1672117134926 19.25 2230
1672117148969 21.75 2253
1672117162952 22.0 2276
1672117177086 21.75 2299
1672117191259 21.5 2322
1672117205268 22.0 2345
1672117219626 19.25 2368
1672117233480 22.0 2391
1672117247624 21.25 2414
1672117261871 19.25 2437
1672117276044 21.5 2460
1672117289973 21.75 2483
1672117304096 21.25 2506
1672117318210 19.0 2529
1672117332265 22.0 2552
1672117346485 21.5 2575
1672117360598 21.25 2598
1672117375119 21.5 2621
1672117389081 21.75 2644
1672117403003 21.0 2667
1672117417237 21.75 2690
1672117431399 21.75 2713
1672117445713 21.5 2736
1672117459682 21.0 2759
1672117473652 21.0 2782
1672117487729 21.5 2805
1672117501786 21.25 2828
1672117515801 21.25 2851
1672117530195 21.25 2874
1672117544344 21.25 2897
1672117558313 19.5 2920
1672117572530 21.25 2943
1672117586749 19.5 2966
1672117600724 21.25 2989
1672117614814 21.25 3012
1672117629122 21.5 3035
1672117643418 19.25 3058
1672117657959 21.75 3081
1672117672009 19.75 3104
1672117686269 21.75 3127
1672117700621 20.5 3150
1672117714889 21.25 3173
1672117728937 21.5 3196
1672117743053 21.0 3219
1672117757338 21.75 3242
1672117771430 19.25 3265
1672117785668 21.5 3288
1672117800019 21.0 3311
1672117814070 21.0 3334
1672117828075 21.0 3357
1672117842154 21.25 3380
1672117856269 21.5 3403
1672117870325 21.0 3426
1672117884557 21.0 3449
