1672115778593 0 22
1672115781525 1 22
1672115792303 1 45
1672115795387 2 45
1672115797250 2 49
1672115806227 2 68
1672115809430 3 68
1672115820188 3 91
1672115823348 4 91
1672115826386 4 99
1672115834617 4 114
1672115837735 5 114
1672115848555 5 137
1672115851686 6 137
1672115856055 6 149
1672115863167 6 160
1672115866328 7 160
1672115877488 7 183
1672115880747 8 183
1672115885965 8 199
1672115891796 8 206
1672115895003 9 206
1672115905999 9 229
1672115909170 10 229
1672115915564 10 249
1672115920081 10 252
1672115923307 11 252
1672115933900 11 275
1672115937035 12 275
1672115947983 12 298
1672115951269 13 298
1672115952217 13 299
1672115962321 13 321
1672115965483 14 321
1672115976242 14 344
1672115979522 15 344
1672115981540 15 349
1672115990569 15 367
1672115993732 16 367
1672116004646 16 390
1672116007857 17 390
1672116011051 17 399
1672116018620 17 413
1672116021775 18 413
1672116032719 18 436
1672116035942 19 436
1672116040534 19 449
1672116047280 19 459
1672116050429 20 459
1672116061382 20 482
1672116064538 21 482
1672116069998 21 499
1672116075574 21 505
1672116078718 22 505
1672116089657 22 528
1672116092828 23 528
1672116099501 23 549
1672116103760 23 551
1672116106855 24 551
1672116117803 24 574
1672116121029 25 574
1672116131952 25 597
1672116135145 26 597
1672116136353 26 599
1672116146157 26 620
1672116149317 27 620
1672116160100 27 643
1672116163213 28 643
1672116165635 28 649
1672116174372 28 666
1672116177543 29 666
1672116188605 29 689
1672116191713 30 689
1672116195254 30 699
1672116202683 30 712
1672116205936 31 712
1672116217007 31 735
1672116220255 32 735
1672116225019 32 749
1672116231265 32 758
1672116234479 33 758
1672116245340 33 781
1672116248476 34 781
1672116254250 34 799
1672116259423 34 804
1672116262575 35 804
1672116273300 35 827
1672116276399 36 827
1672116283455 36 849
1672116287419 36 850
1672116290647 37 850
1672116301640 37 873
1672116304891 38 873
1672116316012 38 896
1672116319223 39 896
1672116320725 39 899
1672116330384 39 919
1672116333508 40 919
1672116344449 40 942
1672116347572 41 942
1672116350248 41 949
1672116358557 41 965
1672116361649 42 965
1672116372772 42 988
1672116375927 43 988
1672116379867 43 999
1672116386896 43 1011
1672116390099 44 1011
1672116400903 44 1034
1672116404009 45 1034
1672116408942 45 1049
1672116414895 45 1057
1672116418021 46 1057
1672116428890 46 1080
1672116432142 47 1080
1672116438202 47 1099
1672116442970 47 1103
1672116446113 48 1103
1672116457081 48 1126
1672116460247 49 1126
1672116467242 49 1149
1672116471034 49 1149
1672116474200 50 1149
1672116485242 50 1172
1672116488489 51 1172
1672116499441 51 1195
1672116502580 52 1195
1672116504406 52 1199
1672116513522 52 1218
1672116516652 53 1218
1672116527523 53 1241
1672116530820 54 1241
1672116533918 54 1249
1672116542142 54 1264
1672116545335 55 1264
1672116556619 55 1287
1672116559878 56 1287
1672116563968 56 1299
1672116570905 56 1310
1672116573942 57 1310
1672116584915 57 1333
1672116588032 58 1333
1672116593249 58 1349
1672116598837 58 1356
1672116602020 59 1356
1672116612994 59 1379
1672116616196 60 1379
1672116622522 60 1399
1672116627131 60 1402
1672116630205 61 1402
1672116641206 61 1425
1672116644358 62 1425
1672116655224 62 1448
1672116658420 63 1448
1672116659413 63 1449
1672116669252 63 1471
1672116672572 64 1471
1672116683358 64 1494
1672116686490 65 1494
1672116688603 65 1499
1672116697710 65 1517
1672116701170 66 1517
1672116712260 66 1540
1672116715409 67 1540
1672116718662 67 1549
1672116726262 67 1563
1672116729414 68 1563
1672116740521 68 1586
1672116743692 69 1586
1672116748073 69 1599
1672116754653 69 1609
1672116757883 70 1609
1672116768770 70 1632
1672116771925 71 1632
1672116777409 71 1649
1672116782956 71 1655
1672116786198 72 1655
1672116797072 72 1678
1672116800306 73 1678
1672116806941 73 1699
1672116811128 73 1701
1672116814319 74 1701
1672116825343 74 1724
1672116828483 75 1724
1672116839373 75 1747
1672116842587 76 1747
1672116843848 76 1749
1672116853561 76 1770
1672116856684 77 1770
1672116867589 77 1793
1672116870677 78 1793
1672116873082 78 1799
1672116881775 78 1816
1672116884907 79 1816
1672116895879 79 1839
1672116899051 80 1839
1672116902558 80 1849
1672116909889 80 1862
1672116913066 81 1862
1672116924298 81 1885
1672116927505 82 1885
1672116932161 82 1899
1672116938299 82 1908
1672116941451 83 1908
1672116952242 83 1931
1672116955380 84 1931
1672116961181 84 1949
1672116966354 84 1954
1672116969509 85 1954
1672116980248 85 1977
1672116983325 86 1977
1672116990283 86 1999
1672116994180 86 2000
1672116997243 87 2000
1672117008089 87 2023
1672117011274 88 2023
1672117022257 88 2046
1672117025371 89 2046
1672117026864 89 2049
1672117036207 89 2069
1672117039416 90 2069
1672117050545 90 2092
1672117053667 91 2092
1672117056338 91 2099
1672117064629 91 2115
1672117067816 92 2115
1672117078703 92 2138
1672117081909 93 2138
1672117085723 93 2149
1672117093012 93 2161
1672117096150 94 2161
1672117106983 94 2184
1672117110127 95 2184
1672117115015 95 2199
1672117121055 95 2207
1672117124118 96 2207
1672117134926 96 2230
1672117138095 97 2230
1672117144125 97 2249
1672117148969 97 2253
1672117152057 98 2253
1672117162952 98 2276
1672117166114 99 2276
1672117173117 99 2299
1672117177086 99 2299
1672117180270 100 2299
1672117191259 100 2322
1672117194304 101 2322
1672117205268 101 2345
1672117208398 102 2345
1672117210329 102 2349
1672117219626 102 2368
1672117222767 103 2368
1672117233480 103 2391
1672117236662 104 2391
1672117239572 104 2399
1672117247624 104 2414
1672117250818 105 2414
1672117261871 105 2437
1672117265007 106 2437
1672117269061 106 2449
1672117276044 106 2460
1672117279124 107 2460
1672117289973 107 2483
1672117293111 108 2483
1672117298312 108 2499
1672117304096 108 2506
1672117307266 109 2506
1672117318210 109 2529
1672117321414 110 2529
1672117327799 110 2549
1672117332265 110 2552
1672117335518 111 2552
1672117346485 111 2575
1672117349594 112 2575
1672117360598 112 2598
1672117363762 113 2598
1672117364774 113 2599
1672117375119 113 2621
1672117378246 114 2621
1672117389081 114 2644
1672117392270 115 2644
1672117394363 115 2649
1672117403003 115 2667
1672117406321 116 2667
1672117417237 116 2690
1672117420403 117 2690
1672117423720 117 2699
1672117431399 117 2713
1672117434579 118 2713
1672117445713 118 2736
1672117448842 119 2736
1672117453198 119 2749
1672117459682 119 2759
1672117462806 120 2759
1672117473652 120 2782
1672117476893 121 2782
1672117482382 121 2799
1672117487729 121 2805
1672117490917 122 2805
1672117501786 122 2828
1672117504905 123 2828
1672117511538 123 2849
1672117515801 123 2851
1672117519107 124 2851
1672117530195 124 2874
1672117533298 125 2874
1672117544344 125 2897
1672117547513 126 2897
1672117548759 126 2899
1672117558313 126 2920
1672117561542 127 2920
1672117572530 127 2943
1672117575613 128 2943
1672117578002 128 2949
1672117586749 128 2966
1672117589906 129 2966
1672117600724 129 2989
1672117603853 130 2989
1672117607310 130 2999
1672117614814 130 3012
1672117618007 131 3012
1672117629122 131 3035
1672117632285 132 3035
1672117636952 132 3049
1672117643418 132 3058
1672117646677 133 3058
1672117657959 133 3081
1672117661072 134 3081
1672117666841 134 3099
1672117672009 134 3104
1672117675265 135 3104
1672117686269 135 3127
1672117689565 136 3127
1672117696560 136 3149
1672117700621 136 3150
1672117703778 137 3150
1672117714889 137 3173
1672117718067 138 3173
1672117728937 138 3196
1672117732118 139 3196
1672117733655 139 3199
1672117743053 139 3219
1672117746193 140 3219
1672117757338 140 3242
1672117760475 141 3242
1672117763142 141 3249
1672117771430 141 3265
1672117774648 142 3265
1672117785668 142 3288
1672117788830 143 3288
1672117792658 143 3299
1672117800019 143 3311
1672117803116 144 3311
1672117814070 144 3334
1672117817307 145 3334
1672117822229 145 3349
1672117828075 145 3357
1672117831222 146 3357
1672117842154 146 3380
1672117845375 147 3380
1672117851389 147 3399
1672117856269 147 3403
1672117859404 148 3403
1672117870325 148 3426
1672117873411 149 3426
1672117880412 149 3449
1672117884557 149 3449
1672117887548 150 3449
