1672115778593 0.0 22
1672115792303 1.0 45
1672115806227 0.0 68
1672115820188 2.25 91
1672115834617 2.25 114
1672115848555 2.25 137
1672115863167 5.0 160
1672115877488 0.0 183
1672115891796 2.25 206
1672115905999 0.0 229
1672115920081 2.25 252
1672115933900 0.0 275
1672115947983 0.0 298
1672115962321 2.25 321
1672115976242 0.0 344
1672115990569 2.25 367
1672116004646 2.25 390
1672116018620 0.0 413
1672116032719 0.0 436
1672116047280 0.0 459
1672116061382 0.0 482
1672116075574 2.25 505
1672116089657 0.0 528
1672116103760 0.0 551
1672116117803 0.0 574
1672116131952 0.0 597
1672116146157 2.25 620
1672116160100 2.0 643
1672116174372 2.25 666
1672116188605 0.25 689
1672116202683 0.0 712
1672116217007 2.0 735
1672116231265 2.25 758
1672116245340 0.0 781
1672116259423 0.0 804
1672116273300 2.25 827
1672116287419 0.0 850
1672116301640 0.0 873
1672116316012 0.0 896
1672116330384 2.25 919
1672116344449 0.0 942
1672116358557 0.25 965
1672116372772 0.0 988
1672116386896 2.25 1011
1672116400903 0.0 1034
1672116414895 0.25 1057
1672116428890 0.25 1080
1672116442970 0.0 1103
1672116457081 0.0 1126
1672116471034 0.0 1149
1672116485242 0.0 1172
1672116499441 2.75 1195
1672116513522 0.0 1218
1672116527523 2.5 1241
1672116542142 0.0 1264
1672116556619 0.25 1287
1672116570905 0.25 1310
1672116584915 0.0 1333
1672116598837 0.0 1356
1672116612994 2.0 1379
1672116627131 0.0 1402
1672116641206 0.0 1425
1672116655224 0.0 1448
1672116669252 0.25 1471
1672116683358 2.25 1494
1672116697710 0.0 1517
1672116712260 0.0 1540
1672116726262 0.25 1563
1672116740521 1.25 1586
1672116754653 0.0 1609
1672116768770 2.25 1632
1672116782956 0.25 1655
1672116797072 0.0 1678
1672116811128 0.5 1701
1672116825343 0.0 1724
1672116839373 2.25 1747
1672116853561 0.0 1770
1672116867589 2.25 1793
1672116881775 0.5 1816
1672116895879 0.25 1839
1672116909889 0.25 1862
1672116924298 0.5 1885
1672116938299 0.75 1908
1672116952242 0.0 1931
1672116966354 0.5 1954
1672116980248 0.75 1977
1672116994180 0.0 2000
1672117008089 0.25 2023
1672117022257 0.75 2046
1672117036207 1.0 2069
1672117050545 0.0 2092
1672117064629 0.0 2115
1672117078703 0.5 2138
1672117093012 0.0 2161
1672117106983 0.75 2184
1672117121055 0.25 2207
1672117134926 2.75 2230
1672117148969 0.25 2253
1672117162952 0.0 2276
1672117177086 0.25 2299
1672117191259 0.5 2322
1672117205268 0.0 2345
1672117219626 2.75 2368
1672117233480 0.0 2391
1672117247624 0.75 2414
1672117261871 2.75 2437
1672117276044 0.5 2460
1672117289973 0.25 2483
1672117304096 0.75 2506
1672117318210 3.0 2529
1672117332265 0.0 2552
1672117346485 0.5 2575
1672117360598 0.75 2598
1672117375119 0.5 2621
1672117389081 0.25 2644
1672117403003 1.0 2667
1672117417237 0.25 2690
1672117431399 0.25 2713
1672117445713 0.5 2736
1672117459682 1.0 2759
1672117473652 1.0 2782
1672117487729 0.5 2805
1672117501786 0.75 2828
1672117515801 0.75 2851
1672117530195 0.75 2874
1672117544344 0.75 2897
1672117558313 2.5 2920
1672117572530 0.75 2943
1672117586749 2.5 2966
1672117600724 0.75 2989
1672117614814 0.75 3012
1672117629122 0.5 3035
1672117643418 2.5 3058
1672117657959 0.25 3081
1672117672009 2.0 3104
1672117686269 0.25 3127
1672117700621 1.5 3150
1672117714889 0.75 3173
1672117728937 0.5 3196
1672117743053 1.0 3219
1672117757338 0.25 3242
1672117771430 2.75 3265
1672117785668 0.5 3288
1672117800019 1.0 3311
1672117814070 1.0 3334
1672117828075 1.0 3357
1672117842154 0.75 3380
1672117856269 0.5 3403
1672117870325 1.0 3426
1672117884557 1.0 3449
