1672115797250 0.5297619104385376 49
1672115826386 0.2839285731315613 99
1672115856055 0.5984848737716675 149
1672115885965 0.5068181753158569 199
1672115915564 0.5982142686843872 249
1672115952217 0.5861111283302307 299
1672115981540 0.3142856955528259 349
1672116011051 0.4732142984867096 399
1672116040534 0.3693181872367859 449
1672116069998 0.236111119389534 499
1672116099501 0.335317462682724 549
1672116136353 0.3333333432674408 599
1672116165635 0.3499999940395355 649
1672116195254 0.4720238149166107 699
1672116225019 0.35476189851760864 749
1672116254250 0.236111119389534 799
1672116283455 0.3901515305042267 849
1672116320725 0.5277777910232544 899
1672116350248 0.5208333134651184 949
1672116379867 0.5119949579238892 999
1672116408942 0.3444444537162781 1049
1672116438202 0.4080086648464203 1099
1672116467242 0.5 1149
1672116504406 0.4431818127632141 1199
1672116533918 0.5 1249
1672116563968 0.1944444477558136 1299
1672116593249 0.3125 1349
1672116622522 0.2589285671710968 1399
1672116659413 0.4577922224998474 1449
1672116688603 0.25 1499
1672116718662 0.485714316368103 1549
1672116748073 0.4625000059604645 1599
1672116777409 0.2291666716337204 1649
1672116806941 0.5128968358039856 1699
1672116843848 0.4374999701976776 1749
1672116873082 0.5111111402511597 1799
1672116902558 0.5333333015441895 1849
1672116932161 0.3263888955116272 1899
1672116961181 0.3214285671710968 1949
1672116990283 0.444444477558136 1999
1672117026864 0.4958333373069763 2049
1672117056338 0.4333333373069763 2099
1672117085723 0.590530276298523 2149
1672117115015 0.4476190507411957 2199
1672117144125 0.4804292917251587 2249
1672117173117 0.0 2299
1672117210329 0.4333333373069763 2349
1672117239572 0.4811508059501648 2399
1672117269061 0.4444444477558136 2449
1672117298312 0.48658010363578796 2499
1672117327799 0.5297619104385376 2549
1672117364774 0.5290404558181763 2599
1672117394363 0.4583333730697632 2649
1672117423720 0.4488636255264282 2699
1672117453198 0.5464285612106323 2749
1672117482382 0.6163420081138611 2799
1672117511538 0.36666667461395264 2849
1672117548759 0.5984848737716675 2899
1672117578002 0.5333333611488342 2949
1672117607310 0.4786255359649658 2999
1672117636952 0.1458333283662796 3049
1672117666841 0.5357142686843872 3099
1672117696560 0.5333333611488342 3149
1672117733655 0.3650793731212616 3199
1672117763142 0.2874999940395355 3249
1672117792658 0.586309552192688 3299
1672117822229 0.375 3349
1672117851389 0.5555555820465088 3399
1672117880412 0.25 3449
