1672115797250 0.4124999940395355 49
1672115826386 0.25 99
1672115856055 0.49166667461395264 149
1672115885965 0.3928571343421936 199
1672115915564 0.5166667103767395 249
1672115952217 0.5041666626930237 299
1672115981540 0.23749999701976776 349
1672116011051 0.3958333432674408 399
1672116040534 0.3303571343421936 449
1672116069998 0.1755952388048172 499
1672116099501 0.293154776096344 549
1672116136353 0.25 599
1672116165635 0.3500000238418579 649
1672116195254 0.42500001192092896 699
1672116225019 0.21666666865348816 749
1672116254250 0.2083333432674408 799
1672116283455 0.40833333134651184 849
1672116320725 0.3916666805744171 899
1672116350248 0.4208333492279053 949
1672116379867 0.49166667461395264 999
1672116408942 0.2529762089252472 1049
1672116438202 0.3511904776096344 1099
1672116467242 0.5 1149
1672116504406 0.3500000238418579 1199
1672116533918 0.3958333432674408 1249
1672116563968 0.1458333432674408 1299
1672116593249 0.24047619104385376 1349
1672116622522 0.23749999701976776 1399
1672116659413 0.42797619104385376 1449
1672116688603 0.21666666865348816 1499
1672116718662 0.44999998807907104 1549
1672116748073 0.5249999761581421 1599
1672116777409 0.1785714328289032 1649
1672116806941 0.3839285671710968 1699
1672116843848 0.3571428656578064 1749
1672116873082 0.40833333134651184 1799
1672116902558 0.4416666626930237 1849
1672116932161 0.23571428656578064 1899
1672116961181 0.2666666805744171 1949
1672116990283 0.3541666865348816 1999
1672117026864 0.4208333492279053 2049
1672117056338 0.32083332538604736 2099
1672117085723 0.46547621488571167 2149
1672117115015 0.3166666626930237 2199
1672117144125 0.5178571343421936 2249
1672117173117 0.0 2299
1672117210329 0.3750000298023224 2349
1672117239572 0.41160714626312256 2399
1672117269061 0.4333333373069763 2449
1672117298312 0.3720238208770752 2499
1672117327799 0.45000001788139343 2549
1672117364774 0.4285714626312256 2599
1672117394363 0.3583333492279053 2649
1672117423720 0.34047621488571167 2699
1672117453198 0.46666666865348816 2749
1672117482382 0.5083333253860474 2799
1672117511538 0.2750000059604645 2849
1672117548759 0.675000011920929 2899
1672117578002 0.48750001192092896 2949
1672117607310 0.4000000059604645 2999
1672117636952 0.08571428805589676 3049
1672117666841 0.42500001192092896 3099
1672117696560 0.46666666865348816 3149
1672117733655 0.3500000238418579 3199
1672117763142 0.2708333432674408 3249
1672117792658 0.4732142686843872 3299
1672117822229 0.3083333373069763 3349
1672117851389 0.4333333373069763 3399
1672117880412 0.25 3449
