1672115781525 0.38603711128234863 22
1672115795387 0.39009955525398254 45
1672115809430 0.383925199508667 68
1672115823348 0.3873957395553589 91
1672115837735 0.3868441879749298 114
1672115851686 0.39222487807273865 137
1672115866328 0.3900322914123535 160
1672115880747 0.3878127336502075 183
1672115895003 0.37986281514167786 206
1672115909170 0.3957492709159851 229
1672115923307 0.3911353647708893 252
1672115937035 0.39471349120140076 275
1672115951269 0.38385793566703796 298
1672115965483 0.386494517326355 321
1672115979522 0.3864271938800812 344
1672115993732 0.3926553726196289 367
1672116007857 0.39631420373916626 390
1672116021775 0.3909604251384735 413
1672116035942 0.38504165410995483 436
1672116050429 0.3827818036079407 459
1672116064538 0.3872343599796295 482
1672116078718 0.38785311579704285 505
1672116092828 0.3880952298641205 528
1672116106855 0.392924427986145 551
1672116121029 0.3906106948852539 574
1672116135145 0.3846246898174286 597
1672116149317 0.3862389028072357 620
1672116163213 0.3860102593898773 643
1672116177543 0.39348939061164856 666
1672116191713 0.38548561930656433 689
1672116205936 0.3997444212436676 712
1672116220255 0.37964755296707153 735
1672116234479 0.39225178956985474 758
1672116248476 0.38571426272392273 781
1672116262575 0.3784503936767578 804
1672116276399 0.39651602506637573 827
1672116290647 0.3822034001350403 850
1672116304891 0.38946732878685 873
1672116319223 0.3909066319465637 896
1672116333508 0.37892115116119385 919
1672116347572 0.3867231607437134 942
1672116361649 0.38069677352905273 965
1672116375927 0.3998385965824127 988
1672116390099 0.38368311524391174 1011
1672116404009 0.3799838423728943 1034
1672116418021 0.38108691573143005 1057
1672116432142 0.39835888147354126 1080
1672116446113 0.38044121861457825 1103
1672116460247 0.3878127336502075 1126
1672116474200 0.3866828382015228 1149
1672116488489 0.39626041054725647 1172
1672116502580 0.38315844535827637 1195
1672116516652 0.38627925515174866 1218
1672116530820 0.3939332664012909 1241
1672116545335 0.3895883858203888 1264
1672116559878 0.39826470613479614 1287
1672116573942 0.40227335691452026 1310
1672116588032 0.39576268196105957 1333
1672116602020 0.3963007628917694 1356
1672116616196 0.3893059194087982 1379
1672116630205 0.39926013350486755 1402
1672116644358 0.3833736777305603 1425
1672116658420 0.39451172947883606 1448
1672116672572 0.39269572496414185 1471
1672116686490 0.4073849618434906 1494
1672116701170 0.39564159512519836 1517
1672116715409 0.3916868567466736 1540
1672116729414 0.39739036560058594 1563
1672116743692 0.4035647213459015 1586
1672116757883 0.3942561149597168 1609
1672116771925 0.40080708265304565 1632
1672116786198 0.3999461829662323 1655
1672116800306 0.3998654782772064 1678
1672116814319 0.4008205533027649 1701
1672116828483 0.4046408534049988 1724
1672116842587 0.4068334400653839 1747
1672116856684 0.39815714955329895 1770
1672116870677 0.4011164903640747 1793
1672116884907 0.39891043305397034 1816
1672116899051 0.4055555462837219 1839
1672116913066 0.4029459059238434 1862
1672116927505 0.38726121187210083 1885
1672116941451 0.39783427119255066 1908
1672116955380 0.40801718831062317 1931
1672116969509 0.39444443583488464 1954
1672116983325 0.39496904611587524 1977
1672116997243 0.4009954035282135 2000
1672117011274 0.38758406043052673 2023
1672117025371 0.4012913703918457 2046
1672117039416 0.39995962381362915 2069
1672117053667 0.4107478857040405 2092
1672117067816 0.39117568731307983 2115
1672117081909 0.40048423409461975 2138
1672117096150 0.3979284465312958 2161
1672117110127 0.39718860387802124 2184
1672117124118 0.4138956069946289 2207
1672117138095 0.39631423354148865 2230
1672117152057 0.3928571939468384 2253
1672117166114 0.3986010253429413 2276
1672117180270 0.3964083790779114 2299
1672117194304 0.39847996830940247 2322
1672117208398 0.39811670780181885 2345
1672117222767 0.3771052062511444 2368
1672117236662 0.3919289708137512 2391
1672117250818 0.3920769691467285 2414
1672117265007 0.41517356038093567 2437
1672117279124 0.40244823694229126 2460
1672117293111 0.396004855632782 2483
1672117307266 0.4202582538127899 2506
1672117321414 0.3902340531349182 2529
1672117335518 0.4012240767478943 2552
1672117349594 0.3996771574020386 2575
1672117363762 0.4111514389514923 2598
1672117378246 0.4041835069656372 2621
1672117392270 0.4129001498222351 2644
1672117406321 0.40080708265304565 2667
1672117420403 0.40714284777641296 2690
1672117434579 0.4050443768501282 2713
1672117448842 0.42041969299316406 2736
1672117462806 0.39880281686782837 2759
1672117476893 0.42493942379951477 2782
1672117490917 0.4008205831050873 2805
1672117504905 0.40139898657798767 2828
1672117519107 0.39149850606918335 2851
1672117533298 0.4125235676765442 2874
1672117547513 0.40250203013420105 2897
1672117561542 0.4102367162704468 2920
1672117575613 0.3909066319465637 2943
1672117589906 0.3978073298931122 2966
1672117603853 0.3963545858860016 2989
1672117618007 0.402017742395401 3012
1672117632285 0.39611247181892395 3035
1672117646677 0.3967312276363373 3058
1672117661072 0.4136400520801544 3081
1672117675265 0.4201103150844574 3104
1672117689565 0.41014260053634644 3127
1672117703778 0.39917945861816406 3150
1672117718067 0.4052327573299408 3173
1672117732118 0.4158864915370941 3196
1672117746193 0.39147159457206726 3219
1672117760475 0.4065778851509094 3242
1672117774648 0.41203925013542175 3265
1672117788830 0.39835888147354126 3288
1672117803116 0.41618239879608154 3311
1672117817307 0.42344629764556885 3334
1672117831222 0.40999460220336914 3357
1672117845375 0.4183212220668793 3380
1672117859404 0.39870861172676086 3403
1672117873411 0.41697606444358826 3426
1672117887548 0.4076809585094452 3449
