1672115781525 0.5268361568450928 22
1672115795387 0.5197740197181702 45
1672115809430 0.5197740197181702 68
1672115823348 0.5197740197181702 91
1672115837735 0.5211864113807678 114
1672115851686 0.5211864113807678 137
1672115866328 0.5197740197181702 160
1672115880747 0.5197740197181702 183
1672115895003 0.5197740197181702 206
1672115909170 0.5197740197181702 229
1672115923307 0.5197740197181702 252
1672115937035 0.5183615684509277 275
1672115951269 0.5197740197181702 298
1672115965483 0.5211864113807678 321
1672115979522 0.5197740197181702 344
1672115993732 0.5197740197181702 367
1672116007857 0.5197740197181702 390
1672116021775 0.5197740197181702 413
1672116035942 0.5197740197181702 436
1672116050429 0.5197740197181702 459
1672116064538 0.5211864113807678 482
1672116078718 0.5211864113807678 505
1672116092828 0.5197740197181702 528
1672116106855 0.5211864113807678 551
1672116121029 0.5211864113807678 574
1672116135145 0.5211864113807678 597
1672116149317 0.5197740197181702 620
1672116163213 0.5225988626480103 643
1672116177543 0.5225988626480103 666
1672116191713 0.5211864113807678 689
1672116205936 0.5211864113807678 712
1672116220255 0.5225988626480103 735
1672116234479 0.5225988626480103 758
1672116248476 0.5225988626480103 781
1672116262575 0.5211864113807678 804
1672116276399 0.5211864113807678 827
1672116290647 0.5240113139152527 850
1672116304891 0.5225988626480103 873
1672116319223 0.5240113139152527 896
1672116333508 0.5211864113807678 919
1672116347572 0.5225988626480103 942
1672116361649 0.5225988626480103 965
1672116375927 0.5240113139152527 988
1672116390099 0.5240113139152527 1011
1672116404009 0.5240113139152527 1034
1672116418021 0.5240113139152527 1057
1672116432142 0.5240113139152527 1080
1672116446113 0.5225988626480103 1103
1672116460247 0.5225988626480103 1126
1672116474200 0.5254237055778503 1149
1672116488489 0.5268361568450928 1172
1672116502580 0.5310734510421753 1195
1672116516652 0.5282486081123352 1218
1672116530820 0.5268361568450928 1241
1672116545335 0.5282486081123352 1264
1672116559878 0.5268361568450928 1287
1672116573942 0.5324859023094177 1310
1672116588032 0.5310734510421753 1333
1672116602020 0.5338982939720154 1356
1672116616196 0.5282486081123352 1379
1672116630205 0.5353107452392578 1402
1672116644358 0.5338982939720154 1425
1672116658420 0.5324859023094177 1448
1672116672572 0.5367231369018555 1471
1672116686490 0.5367231369018555 1494
1672116701170 0.5367231369018555 1517
1672116715409 0.5367231369018555 1540
1672116729414 0.5367231369018555 1563
1672116743692 0.5324859023094177 1586
1672116757883 0.5367231369018555 1609
1672116771925 0.5310734510421753 1632
1672116786198 0.5353107452392578 1655
1672116800306 0.5338982939720154 1678
1672116814319 0.5381355881690979 1701
1672116828483 0.5367231369018555 1724
1672116842587 0.5367231369018555 1747
1672116856684 0.5367231369018555 1770
1672116870677 0.5395480394363403 1793
1672116884907 0.540960431098938 1816
1672116899051 0.540960431098938 1839
1672116913066 0.5423728823661804 1862
1672116927505 0.5381355881690979 1885
1672116941451 0.5353107452392578 1908
1672116955380 0.5423728823661804 1931
1672116969509 0.540960431098938 1954
1672116983325 0.540960431098938 1977
1672116997243 0.5451977252960205 2000
1672117011274 0.5353107452392578 2023
1672117025371 0.5395480394363403 2046
1672117039416 0.5437853336334229 2069
1672117053667 0.5437853336334229 2092
1672117067816 0.5423728823661804 2115
1672117081909 0.540960431098938 2138
1672117096150 0.540960431098938 2161
1672117110127 0.5367231369018555 2184
1672117124118 0.5423728823661804 2207
1672117138095 0.5423728823661804 2230
1672117152057 0.5437853336334229 2253
1672117166114 0.540960431098938 2276
1672117180270 0.5423728823661804 2299
1672117194304 0.5437853336334229 2322
1672117208398 0.5480226278305054 2345
1672117222767 0.5437853336334229 2368
1672117236662 0.5480226278305054 2391
1672117250818 0.540960431098938 2414
1672117265007 0.5395480394363403 2437
1672117279124 0.5423728823661804 2460
1672117293111 0.549435019493103 2483
1672117307266 0.5451977252960205 2506
1672117321414 0.540960431098938 2529
1672117335518 0.549435019493103 2552
1672117349594 0.5423728823661804 2575
1672117363762 0.5466101765632629 2598
1672117378246 0.5451977252960205 2621
1672117392270 0.5508474707603455 2644
1672117406321 0.5480226278305054 2667
1672117420403 0.5480226278305054 2690
1672117434579 0.5522598624229431 2713
1672117448842 0.5466101765632629 2736
1672117462806 0.5466101765632629 2759
1672117476893 0.5480226278305054 2782
1672117490917 0.5508474707603455 2805
1672117504905 0.549435019493103 2828
1672117519107 0.5480226278305054 2851
1672117533298 0.5451977252960205 2874
1672117547513 0.5480226278305054 2897
1672117561542 0.5451977252960205 2920
1672117575613 0.5451977252960205 2943
1672117589906 0.549435019493103 2966
1672117603853 0.549435019493103 2989
1672117618007 0.5480226278305054 3012
1672117632285 0.5522598624229431 3035
1672117646677 0.549435019493103 3058
1672117661072 0.549435019493103 3081
1672117675265 0.5466101765632629 3104
1672117689565 0.5536723136901855 3127
1672117703778 0.5480226278305054 3150
1672117718067 0.5480226278305054 3173
1672117732118 0.5466101765632629 3196
1672117746193 0.5480226278305054 3219
1672117760475 0.5536723136901855 3242
1672117774648 0.5466101765632629 3265
1672117788830 0.549435019493103 3288
1672117803116 0.555084764957428 3311
1672117817307 0.5522598624229431 3334
1672117831222 0.555084764957428 3357
1672117845375 0.5536723136901855 3380
1672117859404 0.5480226278305054 3403
1672117873411 0.5508474707603455 3426
1672117887548 0.5508474707603455 3449
