1672115781525 0.4287720024585724 22
1672115795387 0.4598698914051056 45
1672115809430 0.45716530084609985 68
1672115823348 0.45989230275154114 91
1672115837735 0.4562925398349762 114
1672115851686 0.4676283001899719 137
1672115866328 0.45238572359085083 160
1672115880747 0.46440720558166504 183
1672115895003 0.45847541093826294 206
1672115909170 0.4652196168899536 229
1672115923307 0.47099971771240234 252
1672115937035 0.4707733988761902 275
1672115951269 0.4570600986480713 298
1672115965483 0.4641968607902527 321
1672115979522 0.4642408490180969 344
1672115993732 0.46299636363983154 367
1672116007857 0.46374115347862244 390
1672116021775 0.4679522216320038 413
1672116035942 0.454477995634079 436
1672116050429 0.46236664056777954 459
1672116064538 0.46413490176200867 482
1672116078718 0.4650821089744568 505
1672116092828 0.45492544770240784 528
1672116106855 0.45981156826019287 551
1672116121029 0.45739686489105225 574
1672116135145 0.4616639018058777 597
1672116149317 0.4571917653083801 620
1672116163213 0.45762547850608826 643
1672116177543 0.4656328558921814 666
1672116191713 0.45681074261665344 689
1672116205936 0.46656355261802673 712
1672116220255 0.45853981375694275 735
1672116234479 0.4611172378063202 758
1672116248476 0.4626959562301636 781
1672116262575 0.45387163758277893 804
1672116276399 0.4653378129005432 827
1672116290647 0.4548470973968506 850
1672116304891 0.45421120524406433 873
1672116319223 0.4612322151660919 896
1672116333508 0.4565228521823883 919
1672116347572 0.4528656303882599 942
1672116361649 0.45211532711982727 965
1672116375927 0.4640863835811615 988
1672116390099 0.4551059603691101 1011
1672116404009 0.4540574252605438 1034
1672116418021 0.4503326714038849 1057
1672116432142 0.47018733620643616 1080
1672116446113 0.4531179666519165 1103
1672116460247 0.4575110077857971 1126
1672116474200 0.45855453610420227 1149
1672116488489 0.4692428410053253 1172
1672116502580 0.45957136154174805 1195
1672116516652 0.4506182372570038 1218
1672116530820 0.4680485129356384 1241
1672116545335 0.4651719331741333 1264
1672116559878 0.4708118736743927 1287
1672116573942 0.47432398796081543 1310
1672116588032 0.47149670124053955 1333
1672116602020 0.46206334233283997 1356
1672116616196 0.45753607153892517 1379
1672116630205 0.4598466753959656 1402
1672116644358 0.44869890809059143 1425
1672116658420 0.46901053190231323 1448
1672116672572 0.46424293518066406 1471
1672116686490 0.4763237535953522 1494
1672116701170 0.47818049788475037 1517
1672116715409 0.4657992720603943 1540
1672116729414 0.46792832016944885 1563
1672116743692 0.46663734316825867 1586
1672116757883 0.4653150141239166 1609
1672116771925 0.46220725774765015 1632
1672116786198 0.47531208395957947 1655
1672116800306 0.46712321043014526 1678
1672116814319 0.47936710715293884 1701
1672116828483 0.46933212876319885 1724
1672116842587 0.4803886115550995 1747
1672116856684 0.4568665027618408 1770
1672116870677 0.4689977467060089 1793
1672116884907 0.4719206392765045 1816
1672116899051 0.4734846353530884 1839
1672116913066 0.47283533215522766 1862
1672116927505 0.46436968445777893 1885
1672116941451 0.46045929193496704 1908
1672116955380 0.4801514148712158 1931
1672116969509 0.4685739576816559 1954
1672116983325 0.46005240082740784 1977
1672116997243 0.46762049198150635 2000
1672117011274 0.4576748311519623 2023
1672117025371 0.47030115127563477 2046
1672117039416 0.4601499140262604 2069
1672117053667 0.4677049517631531 2092
1672117067816 0.45635369420051575 2115
1672117081909 0.45540520548820496 2138
1672117096150 0.466723769903183 2161
1672117110127 0.4726840555667877 2184
1672117124118 0.48475924134254456 2207
1672117138095 0.4700067341327667 2230
1672117152057 0.45166558027267456 2253
1672117166114 0.46917927265167236 2276
1672117180270 0.4540453553199768 2299
1672117194304 0.4623335897922516 2322
1672117208398 0.4709239602088928 2345
1672117222767 0.4457354247570038 2368
1672117236662 0.46745017170906067 2391
1672117250818 0.45823532342910767 2414
1672117265007 0.47746390104293823 2437
1672117279124 0.466237872838974 2460
1672117293111 0.4709561765193939 2483
1672117307266 0.4829995036125183 2506
1672117321414 0.4626511335372925 2529
1672117335518 0.46322381496429443 2552
1672117349594 0.4688538908958435 2575
1672117363762 0.4721822738647461 2598
1672117378246 0.4599224925041199 2621
1672117392270 0.4850967228412628 2644
1672117406321 0.48124590516090393 2667
1672117420403 0.4648813009262085 2690
1672117434579 0.4635910987854004 2713
1672117448842 0.47911152243614197 2736
1672117462806 0.4785388112068176 2759
1672117476893 0.4779534637928009 2782
1672117490917 0.47497856616973877 2805
1672117504905 0.4670603275299072 2828
1672117519107 0.4635440707206726 2851
1672117533298 0.4742025136947632 2874
1672117547513 0.4591447114944458 2897
1672117561542 0.4714599549770355 2920
1672117575613 0.45951446890830994 2943
1672117589906 0.465799480676651 2966
1672117603853 0.4593498110771179 2989
1672117618007 0.4679167568683624 3012
1672117632285 0.4596932530403137 3035
1672117646677 0.4624195992946625 3058
1672117661072 0.4762459099292755 3081
1672117675265 0.4762299954891205 3104
1672117689565 0.4765385389328003 3127
1672117703778 0.46315333247184753 3150
1672117718067 0.4702391028404236 3173
1672117732118 0.4711729884147644 3196
1672117746193 0.4517550766468048 3219
1672117760475 0.4683208465576172 3242
1672117774648 0.47485265135765076 3265
1672117788830 0.46914470195770264 3288
1672117803116 0.48200979828834534 3311
1672117817307 0.48249971866607666 3334
1672117831222 0.4842488467693329 3357
1672117845375 0.48254212737083435 3380
1672117859404 0.4704519212245941 3403
1672117873411 0.4756980538368225 3426
1672117887548 0.46868154406547546 3449
