1672115781525 2.7010088303005775 22
1672115795387 2.6422267858553887 45
1672115809430 2.640130872789436 68
1672115823348 2.6351938930430743 91
1672115837735 2.6450746011921202 114
1672115851686 2.6379762726401665 137
1672115866328 2.6413055494802475 160
1672115880747 2.6467175757272665 183
1672115895003 2.6496583927443282 206
1672115909170 2.6348471574455616 229
1672115923307 2.6355770170670496 252
1672115937035 2.653150063356522 275
1672115951269 2.6389024109730754 298
1672115965483 2.632806458292431 321
1672115979522 2.637167158129959 344
1672115993732 2.6343062209355645 367
1672116007857 2.638421769024669 390
1672116021775 2.6417731220208203 413
1672116035942 2.6348557953168945 436
1672116050429 2.635900136532063 459
1672116064538 2.6375052038404534 482
1672116078718 2.634356072218852 505
1672116092828 2.6390170106808983 528
1672116106855 2.633556562111716 551
1672116121029 2.6331443098514242 574
1672116135145 2.6352628056095564 597
1672116149317 2.634235060125786 620
1672116163213 2.6339002494340233 643
1672116177543 2.636355865759802 666
1672116191713 2.6364081386741374 689
1672116205936 2.634847771994281 712
1672116220255 2.6370521430283547 735
1672116234479 2.6291782605367127 758
1672116248476 2.6333960544401505 781
1672116262575 2.6314496292376854 804
1672116276399 2.631343075109126 827
1672116290647 2.633489573880561 850
1672116304891 2.6341595049566378 873
1672116319223 2.6322911232422688 896
1672116333508 2.6355791029574056 919
1672116347572 2.6345087494662702 942
1672116361649 2.6304025650576026 965
1672116375927 2.6296829297657873 988
1672116390099 2.628994294527494 1011
1672116404009 2.62871365163344 1034
1672116418021 2.6334465161128113 1057
1672116432142 2.6366659062733993 1080
1672116446113 2.626918356955989 1103
1672116460247 2.6262742707804443 1126
1672116474200 2.6323402092433716 1149
1672116488489 2.6263359628450287 1172
1672116502580 2.6255276038549975 1195
1672116516652 2.627604589157827 1218
1672116530820 2.626628863868853 1241
1672116545335 2.6345373234201133 1264
1672116559878 2.6192991192673385 1287
1672116573942 2.627735002185416 1310
1672116588032 2.623852845680865 1333
1672116602020 2.625508911744314 1356
1672116616196 2.631988959436312 1379
1672116630205 2.6277518513346965 1402
1672116644358 2.6291485211333905 1425
1672116658420 2.6302839424238065 1448
1672116672572 2.624165322215766 1471
1672116686490 2.620398383718024 1494
1672116701170 2.6240880918886687 1517
1672116715409 2.628892658595911 1540
1672116729414 2.6221272148622052 1563
1672116743692 2.621591926437597 1586
1672116757883 2.6310469125406737 1609
1672116771925 2.6230560365910365 1632
1672116786198 2.6197118690724097 1655
1672116800306 2.6183779107335448 1678
1672116814319 2.618598129555515 1701
1672116828483 2.6182747939269206 1724
1672116842587 2.6180352425402558 1747
1672116856684 2.6275702830314094 1770
1672116870677 2.616543410665718 1793
1672116884907 2.622159928045355 1816
1672116899051 2.621508431168452 1839
1672116913066 2.6215405314688516 1862
1672116927505 2.6167091325790945 1885
1672116941451 2.614905834412413 1908
1672116955380 2.6199838092562024 1931
1672116969509 2.619687221231099 1954
1672116983325 2.615203887273064 1977
1672116997243 2.6192387759493427 2000
1672117011274 2.62374629946342 2023
1672117025371 2.6141104933551813 2046
1672117039416 2.6172855194260194 2069
1672117053667 2.6131462448100553 2092
1672117067816 2.615473128646094 2115
1672117081909 2.6196563684284695 2138
1672117096150 2.6250719721977678 2161
1672117110127 2.6141301293626036 2184
1672117124118 2.623699134047978 2207
1672117138095 2.615435812133536 2230
1672117152057 2.6181880379485922 2253
1672117166114 2.6185888608366095 2276
1672117180270 2.617434037099064 2299
1672117194304 2.617013830340322 2322
1672117208398 2.6153281702412325 2345
1672117222767 2.6111358240135787 2368
1672117236662 2.6203714722640927 2391
1672117250818 2.62342936401 2414
1672117265007 2.6206174365092045 2437
1672117279124 2.611942642444765 2460
1672117293111 2.61076827001882 2483
1672117307266 2.61650156424841 2506
1672117321414 2.614566159231894 2529
1672117335518 2.6262336149082652 2552
1672117349594 2.6137971821986907 2575
1672117363762 2.608497426910916 2598
1672117378246 2.6077801355558323 2621
1672117392270 2.6145746667295637 2644
1672117406321 2.609412958233812 2667
1672117420403 2.612132735834679 2690
1672117434579 2.6118355996310525 2713
1672117448842 2.611879569398134 2736
1672117462806 2.6085433711417885 2759
1672117476893 2.6121013324486464 2782
1672117490917 2.6049468361306882 2805
1672117504905 2.608584023203237 2828
1672117519107 2.6090758221617687 2851
1672117533298 2.6077981475783907 2874
1672117547513 2.6085984674757574 2897
1672117561542 2.603726150014396 2920
1672117575613 2.609221969064721 2943
1672117589906 2.6042928479012324 2966
1672117603853 2.6033573281359805 2989
1672117618007 2.6035194409408295 3012
1672117632285 2.6054456036619564 3035
1672117646677 2.598986427810132 3058
1672117661072 2.609412560769121 3081
1672117675265 2.6053278403181874 3104
1672117689565 2.605957939099399 3127
1672117703778 2.6039534651432787 3150
1672117718067 2.6031846982311566 3173
1672117732118 2.605207686316494 3196
1672117746193 2.6022986152719456 3219
1672117760475 2.59979500072325 3242
1672117774648 2.609836624428154 3265
1672117788830 2.604771659009561 3288
1672117803116 2.598286734458314 3311
1672117817307 2.5984312367690894 3334
1672117831222 2.597249208886275 3357
1672117845375 2.606948154512862 3380
1672117859404 2.6045157137303168 3403
1672117873411 2.5972504700636376 3426
1672117887548 2.59666712798464 3449
