1672115781525 0.5722222328186035 22
1672115795387 0.6564971804618835 45
1672115809430 0.6735405325889587 68
1672115823348 0.6423326134681702 91
1672115837735 0.6312617659568787 114
1672115851686 0.6803874373435974 137
1672115866328 0.6719935536384583 160
1672115880747 0.6734462976455688 183
1672115895003 0.6758003830909729 206
1672115909170 0.659604549407959 229
1672115923307 0.6807910203933716 252
1672115937035 0.69105464220047 275
1672115951269 0.6473634839057922 298
1672115965483 0.6731638312339783 321
1672115979522 0.6776835918426514 344
1672115993732 0.6527307033538818 367
1672116007857 0.6712806224822998 390
1672116021775 0.684934139251709 413
1672116035942 0.6652408242225647 436
1672116050429 0.6717514395713806 459
1672116064538 0.6484934091567993 482
1672116078718 0.6777777671813965 505
1672116092828 0.6455743908882141 528
1672116106855 0.6507533192634583 551
1672116121029 0.6582459211349487 574
1672116135145 0.6689668893814087 597
1672116149317 0.6603578925132751 620
1672116163213 0.6519773602485657 643
1672116177543 0.6619585752487183 666
1672116191713 0.652824878692627 689
1672116205936 0.6631826758384705 712
1672116220255 0.6492466926574707 735
1672116234479 0.6911353468894958 758
1672116248476 0.692749559879303 781
1672116262575 0.6560263633728027 804
1672116276399 0.6496233940124512 827
1672116290647 0.6403013467788696 850
1672116304891 0.6250470876693726 873
1672116319223 0.6850282549858093 896
1672116333508 0.6549906134605408 919
1672116347572 0.6415254473686218 942
1672116361649 0.6510223746299744 965
1672116375927 0.6747645735740662 988
1672116390099 0.6338982582092285 1011
1672116404009 0.6694780588150024 1034
1672116418021 0.6647565364837646 1057
1672116432142 0.6660075783729553 1080
1672116446113 0.6621468663215637 1103
1672116460247 0.633239209651947 1126
1672116474200 0.6561205387115479 1149
1672116488489 0.6455743908882141 1172
1672116502580 0.6497175693511963 1195
1672116516652 0.6250470876693726 1218
1672116530820 0.680979311466217 1241
1672116545335 0.6651601195335388 1264
1672116559878 0.6572504639625549 1287
1672116573942 0.6669491529464722 1310
1672116588032 0.6760829091072083 1333
1672116602020 0.65451979637146 1356
1672116616196 0.6537665128707886 1379
1672116630205 0.6494350433349609 1402
1672116644358 0.6505111455917358 1425
1672116658420 0.6694915294647217 1448
1672116672572 0.6560263633728027 1471
1672116686490 0.6622411012649536 1494
1672116701170 0.6766477823257446 1517
1672116715409 0.6484396457672119 1540
1672116729414 0.6819208860397339 1563
1672116743692 0.6578155159950256 1586
1672116757883 0.6626176834106445 1609
1672116771925 0.6674872636795044 1632
1672116786198 0.695103645324707 1655
1672116800306 0.6361581683158875 1678
1672116814319 0.7123890519142151 1701
1672116828483 0.6660075187683105 1724
1672116842587 0.7017890810966492 1747
1672116856684 0.6445385813713074 1770
1672116870677 0.6677024364471436 1793
1672116884907 0.6717514395713806 1816
1672116899051 0.6779661178588867 1839
1672116913066 0.6628060340881348 1862
1672116927505 0.6590395569801331 1885
1672116941451 0.6561205387115479 1908
1672116955380 0.6888620257377625 1931
1672116969509 0.6445386409759521 1954
1672116983325 0.6352165937423706 1977
1672116997243 0.6557438969612122 2000
1672117011274 0.6351224184036255 2023
1672117025371 0.6543314456939697 2046
1672117039416 0.6338041424751282 2069
1672117053667 0.6424670815467834 2092
1672117067816 0.6256120800971985 2115
1672117081909 0.6097928881645203 2138
1672117096150 0.625988781452179 2161
1672117110127 0.6668550372123718 2184
1672117124118 0.6925612688064575 2207
1672117138095 0.6502825021743774 2230
1672117152057 0.621374785900116 2253
1672117166114 0.6769707202911377 2276
1672117180270 0.634274959564209 2299
1672117194304 0.6642587780952454 2322
1672117208398 0.6815442442893982 2345
1672117222767 0.6218186616897583 2368
1672117236662 0.6670433282852173 2391
1672117250818 0.6397363543510437 2414
1672117265007 0.6514124274253845 2437
1672117279124 0.6438795328140259 2460
1672117293111 0.6631826758384705 2483
1672117307266 0.6967985033988953 2506
1672117321414 0.672504723072052 2529
1672117335518 0.6470809578895569 2552
1672117349594 0.6619585752487183 2575
1672117363762 0.6588512063026428 2598
1672117378246 0.6366289854049683 2621
1672117392270 0.6784368753433228 2644
1672117406321 0.6915926933288574 2667
1672117420403 0.6415254473686218 2690
1672117434579 0.6292843818664551 2713
1672117448842 0.6548022031784058 2736
1672117462806 0.6870997548103333 2759
1672117476893 0.6756657958030701 2782
1672117490917 0.6767420172691345 2805
1672117504905 0.6655367612838745 2828
1672117519107 0.658084511756897 2851
1672117533298 0.6520715355873108 2874
1672117547513 0.6108286380767822 2897
1672117561542 0.6818267703056335 2920
1672117575613 0.6224105954170227 2943
1672117589906 0.6247645616531372 2966
1672117603853 0.6384180784225464 2989
1672117618007 0.6458568572998047 3012
1672117632285 0.6155367493629456 3035
1672117646677 0.6274011731147766 3058
1672117661072 0.663814902305603 3081
1672117675265 0.6505650281906128 3104
1672117689565 0.6640301942825317 3127
1672117703778 0.6243879795074463 3150
1672117718067 0.6680656671524048 3173
1672117732118 0.6587570309638977 3196
1672117746193 0.626634418964386 3219
1672117760475 0.6524213552474976 3242
1672117774648 0.6760829091072083 3265
1672117788830 0.6480225920677185 3288
1672117803116 0.6550847291946411 3311
1672117817307 0.6615819334983826 3334
1672117831222 0.670339047908783 3357
1672117845375 0.6828087568283081 3380
1672117859404 0.6516008377075195 3403
1672117873411 0.6354048848152161 3426
1672117887548 0.661299467086792 3449
