1672115797250 2.7602231614030446 49
1672115826386 2.6063287746390356 99
1672115856055 2.4857719675693333 149
1672115885965 2.702925906942184 199
1672115915564 2.85316220383545 249
1672115952217 2.4553679002916944 299
1672115981540 2.706828903210794 349
1672116011051 2.7367511658069166 399
1672116040534 2.8398460034944555 449
1672116069998 2.52033835385986 499
1672116099501 2.6017682954557833 549
1672116136353 2.6199520453536658 599
1672116165635 2.8326543580590684 649
1672116195254 2.588561820127553 699
1672116225019 2.5358018923058676 749
1672116254250 2.712512376399491 799
1672116283455 2.489334258380906 849
1672116320725 2.7126267022779307 899
1672116350248 2.509781576736171 949
1672116379867 2.5062601052644915 999
1672116408942 2.358903618999612 1049
1672116438202 2.6160294851794177 1099
1672116467242 2.4439956312650595 1149
1672116504406 2.619777059412633 1199
1672116533918 2.7141296946325415 1249
1672116563968 2.893875273069089 1299
1672116593249 2.411542835015915 1349
1672116622522 2.70141641074846 1399
1672116659413 2.522858831950621 1449
1672116688603 2.630157344220838 1499
1672116718662 2.8498896642841274 1549
1672116748073 2.7668227825510776 1599
1672116777409 2.580281745899964 1649
1672116806941 2.6789530133249233 1699
1672116843848 2.4413011555749096 1749
1672116873082 2.269088461746943 1799
1672116902558 2.701953906417655 1849
1672116932161 2.7465431000445943 1899
1672116961181 2.8057174586417775 1949
1672116990283 2.7144782001405203 1999
1672117026864 2.5337207424527435 2049
1672117056338 2.654068362781512 2099
1672117085723 2.4299710640898495 2149
1672117115015 2.669760324387756 2199
1672117144125 2.606227773157479 2249
1672117173117 2.532318106950611 2299
1672117210329 2.7097151323385402 2349
1672117239572 2.4812267009192426 2399
1672117269061 2.688221154894596 2449
1672117298312 2.525527658796972 2499
1672117327799 2.4863009872051687 2549
1672117364774 2.2776338414311925 2599
1672117394363 2.3940184397346895 2649
1672117423720 2.479537360440828 2699
1672117453198 2.788429615498424 2749
1672117482382 2.627658884805654 2799
1672117511538 2.7041245243025953 2849
1672117548759 2.757488481726597 2899
1672117578002 2.7051711163855208 2949
1672117607310 2.6543970789996147 2999
1672117636952 2.7349622715907236 3049
1672117666841 2.7120464767818575 3099
1672117696560 2.5445743787763853 3149
1672117733655 2.7496377905719487 3199
1672117763142 2.879570291426991 3249
1672117792658 2.60379254990752 3299
1672117822229 2.657957996153872 3349
1672117851389 2.7672772407285007 3399
1672117880412 2.2127642150534674 3449
