1672115797250 0.75 49
1672115826386 0.3583333492279053 99
1672115856055 0.9166666865348816 149
1672115885965 0.75 199
1672115915564 0.7916666865348816 249
1672115952217 0.8125 299
1672115981540 0.5416666865348816 349
1672116011051 0.6458333134651184 399
1672116040534 0.4375 449
1672116069998 0.4375 499
1672116099501 0.5625 549
1672116136353 0.5 599
1672116165635 0.3916666805744171 649
1672116195254 0.5416666865348816 699
1672116225019 1.0 749
1672116254250 0.2916666865348816 799
1672116283455 0.375 849
1672116320725 0.875 899
1672116350248 0.8541666865348816 949
1672116379867 0.5833333134651184 999
1672116408942 0.5416666865348816 1049
1672116438202 0.5 1099
1672116467242 0.5 1149
1672116504406 0.6041666865348816 1199
1672116533918 0.75 1249
1672116563968 0.2916666865348816 1299
1672116593249 0.4583333432674408 1349
1672116622522 0.3125 1399
1672116659413 0.5458333492279053 1449
1672116688603 0.3333333432674408 1499
1672116718662 0.6666666865348816 1549
1672116748073 0.42500001192092896 1599
1672116777409 0.44999998807907104 1649
1672116806941 0.8333333134651184 1699
1672116843848 0.6875 1749
1672116873082 0.6875000596046448 1799
1672116902558 0.7916666865348816 1849
1672116932161 0.625 1899
1672116961181 0.5416666865348816 1949
1672116990283 0.6666666865348816 1999
1672117026864 0.7291666865348816 2049
1672117056338 0.8333333134651184 2099
1672117085723 0.8125 2149
1672117115015 0.9375 2199
1672117144125 0.625 2249
1672117173117 0.0 2299
1672117210329 0.5416666865348816 2349
1672117239572 0.762499988079071 2399
1672117269061 0.4583333432674408 2449
1672117298312 0.8125 2499
1672117327799 0.6666666865348816 2549
1672117364774 0.7291666865348816 2599
1672117394363 0.6875 2649
1672117423720 0.6875 2699
1672117453198 0.75 2749
1672117482382 0.9166666865348816 2799
1672117511538 0.6875 2849
1672117548759 0.6666666865348816 2899
1672117578002 0.7916666865348816 2949
1672117607310 0.7333333492279053 2999
1672117636952 0.5 3049
1672117666841 0.7500000596046448 3099
1672117696560 0.699999988079071 3149
1672117733655 0.44999998807907104 3199
1672117763142 0.3125 3249
1672117792658 0.9166666865348816 3299
1672117822229 0.5416666865348816 3349
1672117851389 0.7916666865348816 3399
1672117880412 0.25 3449
