1672115797250 0.59375 49
1672115826386 0.40625 99
1672115856055 0.5625 149
1672115885965 0.6875 199
1672115915564 0.625 249
1672115952217 0.59375 299
1672115981540 0.5 349
1672116011051 0.53125 399
1672116040534 0.53125 449
1672116069998 0.3125 499
1672116099501 0.40625 549
1672116136353 0.53125 599
1672116165635 0.53125 649
1672116195254 0.46875 699
1672116225019 0.4375 749
1672116254250 0.46875 799
1672116283455 0.46875 849
1672116320725 0.59375 899
1672116350248 0.5625 949
1672116379867 0.65625 999
1672116408942 0.4375 1049
1672116438202 0.46875 1099
1672116467242 0.75 1149
1672116504406 0.5 1199
1672116533918 0.59375 1249
1672116563968 0.46875 1299
1672116593249 0.34375 1349
1672116622522 0.46875 1399
1672116659413 0.46875 1449
1672116688603 0.40625 1499
1672116718662 0.71875 1549
1672116748073 0.5625 1599
1672116777409 0.40625 1649
1672116806941 0.53125 1699
1672116843848 0.46875 1749
1672116873082 0.46875 1799
1672116902558 0.5625 1849
1672116932161 0.5 1899
1672116961181 0.5 1949
1672116990283 0.53125 1999
1672117026864 0.59375 2049
1672117056338 0.5625 2099
1672117085723 0.59375 2149
1672117115015 0.5 2199
1672117144125 0.4375 2249
1672117173117 0.0 2299
1672117210329 0.59375 2349
1672117239572 0.4375 2399
1672117269061 0.5 2449
1672117298312 0.5 2499
1672117327799 0.53125 2549
1672117364774 0.46875 2599
1672117394363 0.59375 2649
1672117423720 0.46875 2699
1672117453198 0.625 2749
1672117482382 0.59375 2799
1672117511538 0.46875 2849
1672117548759 0.625 2899
1672117578002 0.59375 2949
1672117607310 0.5 2999
1672117636952 0.46875 3049
1672117666841 0.5625 3099
1672117696560 0.5625 3149
1672117733655 0.53125 3199
1672117763142 0.5625 3249
1672117792658 0.59375 3299
1672117822229 0.46875 3349
1672117851389 0.5625 3399
1672117880412 0.5 3449
