1672132892991 0 22
1672132895916 1 22
1672132906861 1 45
1672132910011 2 45
1672132911819 2 49
1672132920789 2 68
1672132923983 3 68
1672132934806 3 91
1672132937995 4 91
1672132940956 4 99
1672132948811 4 114
1672132952037 5 114
1672132963009 5 137
1672132966184 6 137
1672132970525 6 149
1672132977122 6 160
1672132980306 7 160
1672132991251 7 183
1672132994487 8 183
1672132999710 8 199
1672133005197 8 206
1672133008359 9 206
1672133019136 9 229
1672133022329 10 229
1672133028670 10 249
1672133033221 10 252
1672133036379 11 252
1672133047061 11 275
1672133050222 12 275
1672133060962 12 298
1672133064284 13 298
1672133065206 13 299
1672133075023 13 321
1672133078085 14 321
1672133088831 14 344
1672133091869 15 344
1672133093974 15 349
1672133102702 15 367
1672133105852 16 367
1672133116606 16 390
1672133119797 17 390
1672133123027 17 399
1672133130787 17 413
1672133134005 18 413
1672133144845 18 436
1672133147996 19 436
1672133152520 19 449
1672133159090 19 459
1672133162282 20 459
1672133173200 20 482
1672133176377 21 482
1672133181898 21 499
1672133187102 21 505
