1672132895916 0.3216034770011902 22
1672132910011 0.33891579508781433 45
1672132923983 0.3693973422050476 68
1672132937995 0.31619584560394287 91
1672132952037 0.3325800597667694 114
1672132966184 0.33723434805870056 137
1672132980306 0.3730696737766266 160
1672132994487 0.3711864650249481 183
1672133008359 0.37664783000946045 206
1672133022329 0.3926553726196289 229
1672133036379 0.36666667461395264 252
1672133050222 0.3625370264053345 275
1672133064284 0.35065916180610657 298
1672133078085 0.31030401587486267 321
1672133091869 0.3490583896636963 344
1672133105852 0.3557438850402832 367
1672133119797 0.3298224210739136 390
1672133134005 0.36798492074012756 413
1672133147996 0.3429916799068451 436
1672133162282 0.3779660761356354 459
1672133176377 0.34510359168052673 482
