1672132895916 0.5367231369018555 22
1672132910011 0.5621469020843506 45
1672132923983 0.5762711763381958 68
1672132937995 0.5593220591545105 91
1672132952037 0.5720338821411133 114
1672132966184 0.5338982939720154 137
1672132980306 0.5847457647323608 160
1672132994487 0.5889830589294434 183
1672133008359 0.5564971566200256 206
1672133022329 0.5861582159996033 229
1672133036379 0.5155367255210876 252
1672133050222 0.5805084705352783 275
1672133064284 0.5776836276054382 298
1672133078085 0.5112994313240051 321
1672133091869 0.5847457647323608 344
1672133105852 0.5734463334083557 367
1672133119797 0.5437853336334229 390
1672133134005 0.5720338821411133 413
1672133147996 0.5875706076622009 436
1672133162282 0.5677965879440308 459
1672133176377 0.5875706076622009 482
