1672132895916 0.3254685401916504 22
1672132910011 0.307214617729187 45
1672132923983 0.310068815946579 68
1672132937995 0.3143574595451355 91
1672132952037 0.2926105260848999 114
1672132966184 0.3221088945865631 137
1672132980306 0.29832303524017334 160
1672132994487 0.31217828392982483 183
1672133008359 0.34287506341934204 206
1672133022329 0.3250829577445984 229
1672133036379 0.3633933961391449 252
1672133050222 0.32267510890960693 275
1672133064284 0.31173887848854065 298
1672133078085 0.32256951928138733 321
1672133091869 0.32196009159088135 344
1672133105852 0.31377699971199036 367
1672133119797 0.302168607711792 390
1672133134005 0.32802438735961914 413
1672133147996 0.2961560785770416 436
1672133162282 0.3185454308986664 459
1672133176377 0.30212414264678955 482
