1672053656318 0.0 216
1672053729219 0.0 433
1672053802886 0.0 650
1672053876151 0.0 867
1672053950170 0.0 1084
1672054023781 0.0 1301
1672054097687 0.0 1518
1672054171292 0.0 1735
1672054245210 0.0 1952
1672054318796 0.0 2169
1672054392455 2.5 2386
1672054466689 24.5 2603
1672054540191 4.5 2820
1672054614053 0.0 3037
1672054687908 2.25 3254
1672054762043 0.75 3471
1672054835517 3.75 3688
1672054909569 18.25 3905
1672054983356 24.0 4122
1672055057770 21.5 4339
1672055131545 26.0 4556
1672055205362 26.0 4773
1672055279021 23.25 4990
1672055353231 29.25 5207
1672055427312 18.0 5424
1672055501291 28.75 5641
1672055575368 26.25 5858
1672055648592 18.5 6075
1672055723077 8.5 6292
1672055796653 25.5 6509
1672055870393 13.75 6726
1672055944093 24.25 6943
1672056017818 3.5 7160
1672056092067 18.25 7377
1672056165573 23.25 7594
1672056239407 25.75 7811
1672056313225 3.5 8028
1672056387354 19.75 8245
1672056461549 18.25 8462
1672056535741 21.5 8679
1672056609682 25.5 8896
1672056683328 21.75 9113
1672056757102 20.25 9330
1672056831175 24.0 9547
1672056905604 25.5 9764
1672056979224 25.0 9981
1672057053388 23.0 10198
1672057127208 21.0 10415
1672057200983 23.5 10632
1672057274754 21.5 10849
1672057348939 20.25 11066
1672057423025 23.75 11283
1672057497799 22.25 11500
1672057572231 24.0 11717
1672057645458 25.75 11934
1672057719815 25.5 12151
1672057793480 23.5 12368
1672057867460 22.5 12585
1672057941147 23.25 12802
1672058015301 16.0 13019
1672058089292 23.5 13236
1672058162345 24.25 13453
1672058235515 25.75 13670
1672058308167 24.25 13887
1672058380400 23.75 14104
1672058452887 25.75 14321
1672058525759 23.75 14538
1672058598441 21.25 14755
1672058671284 23.25 14972
1672058743577 27.0 15189
1672058815839 26.25 15406
1672058888156 21.0 15623
1672058960888 23.75 15840
1672059033659 23.75 16057
1672059106412 23.5 16274
1672059179110 23.25 16491
1672059252035 25.25 16708
1672059324283 24.0 16925
1672059396663 22.5 17142
1672059469214 23.0 17359
1672059541868 23.75 17576
1672059614728 23.25 17793
1672059687109 23.75 18010
1672059760021 25.0 18227
1672059832390 22.0 18444
1672059904884 23.75 18661
1672059977620 23.0 18878
1672060050016 25.0 19095
1672060122744 23.5 19312
1672060195014 23.5 19529
1672060319447 23.75 19746
1672060392616 25.25 19963
1672060465388 23.5 20180
1672060538535 23.75 20397
1672060611260 24.25 20614
1672060683617 23.0 20831
1672060756294 23.75 21048
1672060828938 23.75 21265
1672060901511 23.0 21482
1672060974314 23.5 21699
1672061046643 23.5 21916
1672061119258 24.0 22133
1672061191404 22.75 22350
1672061264210 23.75 22567
1672061336534 23.75 22784
1672061409136 23.0 23001
1672061481922 23.75 23218
1672061554151 23.75 23435
1672061626841 23.5 23652
1672061699544 23.5 23869
1672061771980 23.5 24086
1672061844777 23.75 24303
1672061917423 24.0 24520
1672061989804 21.25 24737
1672062062839 21.5 24954
1672062135405 22.5 25171
1672062207876 23.5 25388
1672062280619 19.0 25605
1672062352817 23.0 25822
1672062425614 22.5 26039
1672062497968 23.5 26256
1672062570530 23.75 26473
1672062642915 25.25 26690
1672062715173 24.25 26907
1672062787909 23.75 27124
1672062860256 23.75 27341
1672062932891 23.75 27558
1672063005339 23.75 27775
1672063079130 23.75 27992
1672063151780 22.25 28209
1672063224512 23.75 28426
1672063297163 24.25 28643
1672063369708 23.75 28860
1672063442446 24.25 29077
1672063515043 23.75 29294
1672063587808 24.0 29511
1672063660388 23.25 29728
1672063732793 24.5 29945
1672063805416 23.0 30162
1672063877975 24.0 30379
1672063950889 22.0 30596
1672064023733 25.25 30813
1672064096264 24.0 31030
1672064168663 23.5 31247
1672064241363 23.75 31464
1672064314259 23.75 31681
1672064387097 23.5 31898
1672064459939 24.0 32115
1672064532443 23.75 32332
1672064605449 23.75 32549
