1672053656318 217.0 216
1672053729219 217.0 433
1672053802886 217.0 650
1672053876151 217.0 867
1672053950170 217.0 1084
1672054023781 217.0 1301
1672054097687 217.0 1518
1672054171292 217.0 1735
1672054245210 217.0 1952
1672054318796 217.0 2169
1672054392455 214.5 2386
1672054466689 192.5 2603
1672054540191 212.5 2820
1672054614053 217.0 3037
1672054687908 214.75 3254
1672054762043 216.25 3471
1672054835517 213.25 3688
1672054909569 198.75 3905
1672054983356 193.0 4122
1672055057770 195.5 4339
1672055131545 191.0 4556
1672055205362 191.0 4773
1672055279021 193.75 4990
1672055353231 187.75 5207
1672055427312 199.0 5424
1672055501291 188.25 5641
1672055575368 190.75 5858
1672055648592 198.5 6075
1672055723077 208.5 6292
1672055796653 191.5 6509
1672055870393 203.25 6726
1672055944093 192.75 6943
1672056017818 213.5 7160
1672056092067 198.75 7377
1672056165573 193.75 7594
1672056239407 191.25 7811
1672056313225 213.5 8028
1672056387354 197.25 8245
1672056461549 198.75 8462
1672056535741 195.5 8679
1672056609682 191.5 8896
1672056683328 195.25 9113
1672056757102 196.75 9330
1672056831175 193.0 9547
1672056905604 191.5 9764
1672056979224 192.0 9981
1672057053388 194.0 10198
1672057127208 196.0 10415
1672057200983 193.5 10632
1672057274754 195.5 10849
1672057348939 196.75 11066
1672057423025 193.25 11283
1672057497799 194.75 11500
1672057572231 193.0 11717
1672057645458 191.25 11934
1672057719815 191.5 12151
1672057793480 193.5 12368
1672057867460 194.5 12585
1672057941147 193.75 12802
1672058015301 201.0 13019
1672058089292 193.5 13236
1672058162345 192.75 13453
1672058235515 191.25 13670
1672058308167 192.75 13887
1672058380400 193.25 14104
1672058452887 191.25 14321
1672058525759 193.25 14538
1672058598441 195.75 14755
1672058671284 193.75 14972
1672058743577 190.0 15189
1672058815839 190.75 15406
1672058888156 196.0 15623
1672058960888 193.25 15840
1672059033659 193.25 16057
1672059106412 193.5 16274
1672059179110 193.75 16491
1672059252035 191.75 16708
1672059324283 193.0 16925
1672059396663 194.5 17142
1672059469214 194.0 17359
1672059541868 193.25 17576
1672059614728 193.75 17793
1672059687109 193.25 18010
1672059760021 192.0 18227
1672059832390 195.0 18444
1672059904884 193.25 18661
1672059977620 194.0 18878
1672060050016 192.0 19095
1672060122744 193.5 19312
1672060195014 193.5 19529
1672060319447 193.25 19746
1672060392616 191.75 19963
1672060465388 193.5 20180
1672060538535 193.25 20397
1672060611260 192.75 20614
1672060683617 194.0 20831
1672060756294 193.25 21048
1672060828938 193.25 21265
1672060901511 194.0 21482
1672060974314 193.5 21699
1672061046643 193.5 21916
1672061119258 193.0 22133
1672061191404 194.25 22350
1672061264210 193.25 22567
1672061336534 193.25 22784
1672061409136 194.0 23001
1672061481922 193.25 23218
1672061554151 193.25 23435
1672061626841 193.5 23652
1672061699544 193.5 23869
1672061771980 193.5 24086
1672061844777 193.25 24303
1672061917423 193.0 24520
1672061989804 195.75 24737
1672062062839 195.5 24954
1672062135405 194.5 25171
1672062207876 193.5 25388
1672062280619 198.0 25605
1672062352817 194.0 25822
1672062425614 194.5 26039
1672062497968 193.5 26256
1672062570530 193.25 26473
1672062642915 191.75 26690
1672062715173 192.75 26907
1672062787909 193.25 27124
1672062860256 193.25 27341
1672062932891 193.25 27558
1672063005339 193.25 27775
1672063079130 193.25 27992
1672063151780 194.75 28209
1672063224512 193.25 28426
1672063297163 192.75 28643
1672063369708 193.25 28860
1672063442446 192.75 29077
1672063515043 193.25 29294
1672063587808 193.0 29511
1672063660388 193.75 29728
1672063732793 192.5 29945
1672063805416 194.0 30162
1672063877975 193.0 30379
1672063950889 195.0 30596
1672064023733 191.75 30813
1672064096264 193.0 31030
1672064168663 193.5 31247
1672064241363 193.25 31464
1672064314259 193.25 31681
1672064387097 193.5 31898
1672064459939 193.0 32115
1672064532443 193.25 32332
1672064605449 193.25 32549
