1672053600570 0 49
1672053615026 0 99
1672053629810 0 149
1672053644586 0 199
1672053656318 0 216
1672053659418 1 216
1672053669651 1 249
1672053684122 1 299
1672053698462 1 349
1672053712817 1 399
1672053729219 1 433
1672053732494 2 433
1672053738027 2 449
1672053752423 2 499
1672053766815 2 549
1672053781542 2 599
1672053796112 2 649
1672053802886 2 650
1672053806183 3 650
1672053821055 3 699
1672053835478 3 749
1672053849904 3 799
1672053864482 3 849
1672053876151 3 867
1672053879481 4 867
1672053889516 4 899
1672053904158 4 949
1672053918782 4 999
1672053933404 4 1049
1672053950170 4 1084
1672053953510 5 1084
1672053958583 5 1099
1672053973012 5 1149
1672053987597 5 1199
1672054002080 5 1249
1672054016483 5 1299
1672054023781 5 1301
1672054027161 6 1301
1672054041908 6 1349
1672054056700 6 1399
1672054071093 6 1449
1672054085567 6 1499
1672054097687 6 1518
1672054101020 7 1518
1672054110743 7 1549
1672054125193 7 1599
1672054139836 7 1649
1672054154424 7 1699
1672054171292 7 1735
1672054174701 8 1735
1672054179512 8 1749
1672054194268 8 1799
1672054208672 8 1849
1672054223074 8 1899
1672054237628 8 1949
1672054245210 8 1952
1672054248617 9 1952
1672054262946 9 1999
1672054277494 9 2049
1672054291889 9 2099
1672054306277 9 2149
1672054318796 9 2169
1672054322042 10 2169
1672054331627 10 2199
1672054346092 10 2249
1672054360538 10 2299
1672054375051 10 2349
1672054392455 10 2386
1672054395834 11 2386
1672054400364 11 2399
1672054414917 11 2449
1672054429626 11 2499
1672054444148 11 2549
1672054458840 11 2599
1672054466689 11 2603
1672054469976 12 2603
1672054484069 12 2649
1672054498549 12 2699
1672054513028 12 2749
1672054527661 12 2799
1672054540191 12 2820
1672054543540 13 2820
1672054552722 13 2849
1672054567365 13 2899
1672054581989 13 2949
1672054596602 13 2999
1672054614053 13 3037
1672054617351 14 3037
1672054621600 14 3049
1672054636207 14 3099
1672054650650 14 3149
1672054665078 14 3199
1672054679888 14 3249
1672054687908 14 3254
1672054691226 15 3254
1672054705198 15 3299
1672054719698 15 3349
1672054734351 15 3399
1672054748846 15 3449
1672054762043 15 3471
1672054765327 16 3471
1672054774170 16 3499
1672054788626 16 3549
1672054803083 16 3599
1672054817701 16 3649
1672054835517 16 3688
1672054838891 17 3688
1672054842831 17 3699
1672054857308 17 3749
1672054871989 17 3799
1672054886653 17 3849
1672054901135 17 3899
1672054909569 17 3905
1672054912838 18 3905
1672054926336 18 3949
1672054940792 18 3999
1672054955398 18 4049
1672054969826 18 4099
1672054983356 18 4122
1672054986688 19 4122
1672054995433 19 4149
1672055010167 19 4199
1672055024887 19 4249
1672055039474 19 4299
1672055057770 19 4339
1672055061101 20 4339
1672055064739 20 4349
1672055079254 20 4399
1672055093847 20 4449
1672055108313 20 4499
1672055122903 20 4549
1672055131545 20 4556
1672055134898 21 4556
1672055148220 21 4599
1672055162824 21 4649
1672055177270 21 4699
1672055191715 21 4749
1672055205362 21 4773
1672055208713 22 4773
1672055216992 22 4799
1672055231559 22 4849
1672055245953 22 4899
1672055260510 22 4949
1672055279021 22 4990
1672055282409 23 4990
1672055285753 23 4999
1672055300329 23 5049
1672055314885 23 5099
1672055329579 23 5149
1672055344116 23 5199
1672055353231 23 5207
1672055356574 24 5207
1672055369518 24 5249
1672055384205 24 5299
1672055398723 24 5349
1672055413428 24 5399
1672055427312 24 5424
1672055430698 25 5424
1672055438912 25 5449
1672055453361 25 5499
1672055467968 25 5549
1672055482489 25 5599
1672055501291 25 5641
1672055504621 26 5641
1672055507733 26 5649
1672055522321 26 5699
1672055536954 26 5749
1672055551557 26 5799
1672055565990 26 5849
1672055575368 26 5858
1672055578706 27 5858
1672055591322 27 5899
1672055605761 27 5949
1672055620203 27 5999
1672055634649 27 6049
1672055648592 27 6075
1672055651914 28 6075
1672055659652 28 6099
1672055674314 28 6149
1672055689030 28 6199
1672055703938 28 6249
1672055723077 28 6292
1672055726398 29 6292
1672055729191 29 6299
1672055743638 29 6349
1672055758090 29 6399
1672055772587 29 6449
1672055787042 29 6499
1672055796653 29 6509
1672055800008 30 6509
1672055812480 30 6549
1672055827052 30 6599
1672055841473 30 6649
1672055855896 30 6699
1672055870393 30 6726
1672055873739 31 6726
1672055881169 31 6749
1672055895630 31 6799
1672055910085 31 6849
1672055924700 31 6899
1672055944093 31 6943
1672055947461 32 6943
1672055949987 32 6949
1672055964411 32 6999
1672055978846 32 7049
1672055993437 32 7099
1672056007874 32 7149
1672056017818 32 7160
1672056021152 33 7160
1672056033267 33 7199
1672056047819 33 7249
1672056062307 33 7299
1672056077280 33 7349
1672056092067 33 7377
1672056095438 34 7377
1672056102601 34 7399
1672056117045 34 7449
1672056131464 34 7499
1672056146050 34 7549
1672056165573 34 7594
1672056169004 35 7594
1672056171289 35 7599
1672056185695 35 7649
1672056200106 35 7699
1672056214531 35 7749
1672056229453 35 7799
1672056239407 35 7811
1672056242818 36 7811
1672056254563 36 7849
1672056269007 36 7899
1672056283624 36 7949
1672056298075 36 7999
1672056313225 36 8028
1672056316519 37 8028
1672056323367 37 8049
1672056338081 37 8099
1672056352766 37 8149
1672056367484 37 8199
1672056387354 37 8245
1672056390677 38 8245
1672056392640 38 8249
1672056407197 38 8299
1672056421770 38 8349
1672056436333 38 8399
1672056451052 38 8449
1672056461549 38 8462
1672056464971 39 8462
1672056476406 39 8499
1672056491088 39 8549
1672056505678 39 8599
1672056520286 39 8649
1672056535741 39 8679
1672056539036 40 8679
1672056545579 40 8699
1672056560128 40 8749
1672056574789 40 8799
1672056589214 40 8849
1672056609682 40 8896
1672056613042 41 8896
1672056614652 41 8899
1672056629052 41 8949
1672056643524 41 8999
1672056658294 41 9049
1672056672742 41 9099
1672056683328 41 9113
1672056686654 42 9113
1672056697821 42 9149
1672056712398 42 9199
1672056726819 42 9249
1672056741293 42 9299
1672056757102 42 9330
1672056760404 43 9330
1672056766692 43 9349
1672056781618 43 9399
1672056796093 43 9449
1672056810562 43 9499
1672056831175 43 9547
1672056834524 44 9547
1672056835893 44 9549
1672056850367 44 9599
1672056865020 44 9649
1672056879683 44 9699
1672056894339 44 9749
1672056905604 44 9764
1672056908889 45 9764
1672056919864 45 9799
1672056934342 45 9849
1672056948810 45 9899
1672056963274 45 9949
1672056979224 45 9981
1672056982590 46 9981
1672056988731 46 9999
1672057003326 46 10049
1672057017759 46 10099
1672057032374 46 10149
1672057053388 46 10198
1672057056738 47 10198
1672057057823 47 10199
1672057072272 47 10249
1672057086745 47 10299
1672057101266 47 10349
1672057115712 47 10399
1672057127208 47 10415
1672057130483 48 10415
1672057141385 48 10449
1672057155812 48 10499
1672057170226 48 10549
1672057184801 48 10599
1672057200983 48 10632
1672057204342 49 10632
1672057210028 49 10649
1672057224476 49 10699
1672057238918 49 10749
1672057253517 49 10799
1672057267802 49 10849
1672057274754 49 10849
1672057278088 50 10849
1672057293528 50 10899
1672057308027 50 10949
1672057322752 50 10999
1672057337292 50 11049
1672057348939 50 11066
1672057352293 51 11066
1672057362667 51 11099
1672057377309 51 11149
1672057391802 51 11199
1672057406291 51 11249
1672057423025 51 11283
1672057426406 52 11283
1672057431818 52 11299
1672057447127 52 11349
1672057461639 52 11399
1672057476323 52 11449
1672057490812 52 11499
1672057497799 52 11500
1672057501124 53 11500
1672057516281 53 11549
1672057530925 53 11599
1672057545398 53 11649
1672057560178 53 11699
1672057572231 53 11717
1672057575572 54 11717
1672057585622 54 11749
1672057600004 54 11799
1672057614374 54 11849
1672057628763 54 11899
1672057645458 54 11934
1672057648778 55 11934
1672057653917 55 11949
1672057668587 55 11999
1672057683215 55 12049
1672057697889 55 12099
1672057712527 55 12149
1672057719815 55 12151
1672057723088 56 12151
1672057737798 56 12199
1672057752303 56 12249
1672057766798 56 12299
1672057781305 56 12349
1672057793480 56 12368
1672057796799 57 12368
1672057806532 57 12399
1672057821285 57 12449
1672057835858 57 12499
1672057850461 57 12549
1672057867460 57 12585
1672057870777 58 12585
1672057875639 58 12599
1672057890096 58 12649
1672057904543 58 12699
1672057919001 58 12749
1672057933607 58 12799
1672057941147 58 12802
1672057944636 59 12802
1672057959180 59 12849
1672057973666 59 12899
1672057988279 59 12949
1672058002900 59 12999
1672058015301 59 13019
1672058018677 60 13019
1672058028160 60 13049
1672058042643 60 13099
1672058057111 60 13149
1672058071579 60 13199
1672058089292 60 13236
1672058092577 61 13236
1672058097214 61 13249
1672058111528 61 13299
1672058125835 61 13349
1672058140314 61 13399
1672058154598 61 13449
1672058162345 61 13453
1672058165562 62 13453
1672058179487 62 13499
1672058193968 62 13549
1672058208558 62 13599
1672058223006 62 13649
1672058235515 62 13670
1672058238775 63 13670
1672058247777 63 13699
1672058262181 63 13749
1672058276586 63 13799
1672058290860 63 13849
1672058308167 63 13887
1672058311377 64 13887
1672058315478 64 13899
1672058329712 64 13949
1672058344024 64 13999
1672058358252 64 14049
1672058372611 64 14099
1672058380400 64 14104
1672058383564 65 14104
1672058397270 65 14149
1672058411505 65 14199
1672058425927 65 14249
1672058440331 65 14299
1672058452887 65 14321
1672058456178 66 14321
1672058464999 66 14349
1672058479346 66 14399
1672058493806 66 14449
1672058508122 66 14499
1672058525759 66 14538
1672058529048 67 14538
1672058532851 67 14549
1672058547184 67 14599
1672058561543 67 14649
1672058576060 67 14699
1672058590434 67 14749
1672058598441 67 14755
1672058601683 68 14755
1672058615064 68 14799
1672058629428 68 14849
1672058643664 68 14899
1672058657900 68 14949
1672058671284 68 14972
1672058674479 69 14972
1672058683008 69 14999
1672058697219 69 15049
1672058711589 69 15099
1672058725973 69 15149
1672058743577 69 15189
1672058746848 70 15189
1672058750395 70 15199
1672058764778 70 15249
1672058779030 70 15299
1672058793236 70 15349
1672058807461 70 15399
1672058815839 70 15406
1672058819081 71 15406
1672058832320 71 15449
1672058846548 71 15499
1672058860780 71 15549
1672058874998 71 15599
1672058888156 71 15623
1672058891443 72 15623
1672058899571 72 15649
1672058913970 72 15699
1672058928246 72 15749
1672058942625 72 15799
1672058960888 72 15840
1672058964208 73 15840
1672058967656 73 15849
1672058981982 73 15899
1672058996303 73 15949
1672059010630 73 15999
1672059024979 73 16049
1672059033659 73 16057
1672059036923 74 16057
1672059049728 74 16099
1672059064106 74 16149
1672059078486 74 16199
1672059092733 74 16249
1672059106412 74 16274
1672059109626 75 16274
1672059117512 75 16299
1672059132037 75 16349
1672059146403 75 16399
1672059160750 75 16449
1672059179110 75 16491
1672059182458 76 16491
1672059185603 76 16499
1672059200027 76 16549
1672059214311 76 16599
1672059228737 76 16649
1672059243184 76 16699
1672059252035 76 16708
1672059255246 77 16708
1672059267674 77 16749
1672059281884 77 16799
1672059296112 77 16849
1672059310347 77 16899
1672059324283 77 16925
1672059327485 78 16925
1672059335050 78 16949
1672059349448 78 16999
1672059363869 78 17049
1672059378136 78 17099
1672059396663 78 17142
1672059399838 79 17142
1672059402600 79 17149
1672059416874 79 17199
1672059431100 79 17249
1672059445341 79 17299
1672059459783 79 17349
1672059469214 79 17359
1672059472497 80 17359
1672059484930 80 17399
1672059499293 80 17449
1672059513538 80 17499
1672059527774 80 17549
1672059541868 80 17576
1672059545120 81 17576
1672059552462 81 17599
1672059566731 81 17649
1672059581139 81 17699
1672059595705 81 17749
1672059614728 81 17793
1672059617999 82 17793
1672059620469 82 17799
1672059634725 82 17849
1672059648961 82 17899
1672059663197 82 17949
1672059677409 82 17999
1672059687109 82 18010
1672059690314 83 18010
1672059702168 83 18049
1672059716667 83 18099
1672059731293 83 18149
1672059745527 83 18199
1672059760021 83 18227
1672059763264 84 18227
1672059770259 84 18249
1672059784559 84 18299
1672059798812 84 18349
1672059813057 84 18399
1672059832390 84 18444
1672059835595 85 18444
1672059837762 85 18449
1672059852317 85 18499
1672059866705 85 18549
1672059880989 85 18599
1672059895220 85 18649
1672059904884 85 18661
1672059908131 86 18661
1672059919741 86 18699
1672059934042 86 18749
1672059948314 86 18799
1672059962844 86 18849
1672059977620 86 18878
1672059980748 87 18878
1672059987587 87 18899
1672060002002 87 18949
1672060016272 87 18999
1672060030546 87 19049
1672060050016 87 19095
1672060053242 88 19095
1672060055078 88 19099
1672060069472 88 19149
1672060083741 88 19199
1672060098146 88 19249
1672060112535 88 19299
1672060122744 88 19312
1672060125951 89 19312
1672060137190 89 19349
1672060151554 89 19399
1672060165794 89 19449
1672060180034 89 19499
1672060195014 89 19529
1672060198225 90 19529
1672060204634 90 19549
1672060219037 90 19599
1672060233244 90 19649
1672060299652 90 19699
1672060319447 90 19746
1672060322650 91 19746
1672060324510 91 19749
1672060338965 91 19799
1672060353249 91 19849
1672060367533 91 19899
1672060381800 91 19949
1672060392616 91 19963
1672060395871 92 19963
1672060407013 92 19999
1672060421310 92 20049
1672060435610 92 20099
1672060449927 92 20149
1672060465388 92 20180
1672060468682 93 20180
1672060474879 93 20199
1672060489229 93 20249
1672060503791 93 20299
1672060518129 93 20349
1672060538535 93 20397
1672060541782 94 20397
1672060543101 94 20399
1672060557378 94 20449
1672060571796 94 20499
1672060586053 94 20549
1672060600451 94 20599
1672060611260 94 20614
1672060614545 95 20614
1672060625294 95 20649
1672060639536 95 20699
1672060653782 95 20749
1672060668178 95 20799
1672060683617 95 20831
1672060686942 96 20831
1672060692802 96 20849
1672060707176 96 20899
1672060721573 96 20949
1672060735831 96 20999
1672060756294 96 21048
1672060759534 97 21048
1672060760610 97 21049
1672060774848 97 21099
1672060789257 97 21149
1672060803491 97 21199
1672060817716 97 21249
1672060828938 97 21265
1672060832162 98 21265
1672060842707 98 21299
1672060857012 98 21349
1672060871331 98 21399
1672060885597 98 21449
1672060901511 98 21482
1672060904745 99 21482
1672060910456 99 21499
1672060924849 99 21549
1672060939090 99 21599
1672060953337 99 21649
1672060967562 99 21699
1672060974314 99 21699
1672060977615 100 21699
1672060992747 100 21749
1672061007011 100 21799
1672061021251 100 21849
1672061035511 100 21899
1672061046643 100 21916
1672061049893 101 21916
1672061060188 101 21949
1672061074436 101 21999
1672061088977 101 22049
1672061103378 101 22099
1672061119258 101 22133
1672061122518 102 22133
1672061127829 102 22149
1672061142057 102 22199
1672061156276 102 22249
1672061170486 102 22299
1672061184692 102 22349
1672061191404 102 22350
1672061194694 103 22350
1672061209373 103 22399
1672061223918 103 22449
1672061238184 103 22499
1672061252466 103 22549
1672061264210 103 22567
1672061267567 104 22567
1672061277430 104 22599
1672061291694 104 22649
1672061305934 104 22699
1672061320167 104 22749
1672061336534 104 22784
1672061339786 105 22784
1672061344763 105 22799
1672061359136 105 22849
1672061373507 105 22899
1672061387728 105 22949
1672061401977 105 22999
1672061409136 105 23001
1672061412287 106 23001
1672061426813 106 23049
1672061441135 106 23099
1672061455604 106 23149
1672061469993 106 23199
1672061481922 106 23218
1672061485108 107 23218
1672061494819 107 23249
1672061509079 107 23299
1672061523348 107 23349
1672061537597 107 23399
1672061554151 107 23435
1672061557349 108 23435
1672061562084 108 23449
1672061576298 108 23499
1672061590545 108 23549
1672061605038 108 23599
1672061619274 108 23649
1672061626841 108 23652
1672061630103 109 23652
1672061644420 109 23699
1672061658722 109 23749
1672061673145 109 23799
1672061687445 109 23849
1672061699544 109 23869
1672061702748 110 23869
1672061712024 110 23899
1672061726276 110 23949
1672061740778 110 23999
1672061754993 110 24049
1672061771980 110 24086
1672061775239 111 24086
1672061779805 111 24099
1672061794145 111 24149
1672061808452 111 24199
1672061822755 111 24249
1672061837061 111 24299
1672061844777 111 24303
1672061848032 112 24303
1672061861880 112 24349
1672061876128 112 24399
1672061890665 112 24449
1672061905049 112 24499
1672061917423 112 24520
1672061920749 113 24520
1672061929914 113 24549
1672061944159 113 24599
1672061958420 113 24649
1672061972653 113 24699
1672061989804 113 24737
1672061993057 114 24737
1672061997207 114 24749
1672062011806 114 24799
1672062026283 114 24849
1672062040587 114 24899
1672062054898 114 24949
1672062062839 114 24954
1672062066046 115 24954
1672062079773 115 24999
1672062094065 115 25049
1672062108334 115 25099
1672062122595 115 25149
1672062135405 115 25171
1672062138668 116 25171
1672062147373 116 25199
1672062161649 116 25249
1672062175945 116 25299
1672062190215 116 25349
1672062207876 116 25388
1672062211135 117 25388
1672062214992 117 25399
1672062229257 117 25449
1672062243547 117 25499
1672062257956 117 25549
1672062272347 117 25599
1672062280619 117 25605
1672062283896 118 25605
1672062297193 118 25649
1672062311458 118 25699
1672062325708 118 25749
1672062339975 118 25799
1672062352817 118 25822
1672062356066 119 25822
1672062364535 119 25849
1672062379057 119 25899
1672062393424 119 25949
1672062407664 119 25999
1672062425614 119 26039
1672062428850 120 26039
1672062432461 120 26049
1672062446700 120 26099
1672062460916 120 26149
1672062475118 120 26199
1672062489616 120 26249
1672062497968 120 26256
1672062501171 121 26256
1672062514177 121 26299
1672062528592 121 26349
1672062542924 121 26399
1672062557326 121 26449
1672062570530 121 26473
1672062573814 122 26473
1672062581903 122 26499
1672062596100 122 26549
1672062610339 122 26599
1672062624844 122 26649
1672062642915 122 26690
1672062646133 123 26690
1672062649428 123 26699
1672062663661 123 26749
1672062678013 123 26799
1672062692225 123 26849
1672062706553 123 26899
1672062715173 123 26907
1672062718358 124 26907
1672062731045 124 26949
1672062745565 124 26999
1672062759823 124 27049
1672062774106 124 27099
1672062787909 124 27124
1672062791072 125 27124
1672062798923 125 27149
1672062813214 125 27199
1672062827506 125 27249
1672062841822 125 27299
1672062860256 125 27341
1672062863513 126 27341
1672062866525 126 27349
1672062880900 126 27399
1672062895277 126 27449
1672062909526 126 27499
1672062923771 126 27549
1672062932891 126 27558
1672062936128 127 27558
1672062948561 127 27599
1672062962828 127 27649
1672062977115 127 27699
1672062991498 127 27749
1672063005339 127 27775
1672063008605 128 27775
1672063016236 128 27799
1672063030733 128 27849
1672063045020 128 27899
1672063059462 128 27949
1672063079130 128 27992
1672063082434 129 27992
1672063085179 129 27999
1672063099431 129 28049
1672063113668 129 28099
1672063128228 129 28149
1672063142677 129 28199
1672063151780 129 28209
1672063155094 130 28209
1672063167267 130 28249
1672063181562 130 28299
1672063195962 130 28349
1672063210236 130 28399
1672063224512 130 28426
1672063227783 131 28426
1672063235204 131 28449
1672063249615 131 28499
1672063263878 131 28549
1672063278267 131 28599
1672063297163 131 28643
1672063300357 132 28643
1672063302787 132 28649
1672063317156 132 28699
1672063331590 132 28749
1672063345890 132 28799
1672063360186 132 28849
1672063369708 132 28860
1672063372988 133 28860
1672063384959 133 28899
1672063399351 133 28949
1672063413593 133 28999
1672063427981 133 29049
1672063442446 133 29077
1672063445704 134 29077
1672063452789 134 29099
1672063467173 134 29149
1672063481403 134 29199
1672063495806 134 29249
1672063515043 134 29294
1672063518218 135 29294
1672063520483 135 29299
1672063534770 135 29349
1672063549202 135 29399
1672063563645 135 29449
1672063577944 135 29499
1672063587808 135 29511
1672063591039 136 29511
1672063602581 136 29549
1672063616988 136 29599
1672063631368 136 29649
1672063645608 136 29699
1672063660388 136 29728
1672063663650 137 29728
1672063670482 137 29749
1672063684711 137 29799
1672063699065 137 29849
1672063713322 137 29899
1672063732793 137 29945
1672063736048 138 29945
1672063737918 138 29949
1672063752324 138 29999
1672063766744 138 30049
1672063780993 138 30099
1672063795386 138 30149
1672063805416 138 30162
1672063808632 139 30162
1672063819978 139 30199
1672063834243 139 30249
1672063848629 139 30299
1672063863020 139 30349
1672063877975 139 30379
1672063881209 140 30379
1672063887784 140 30399
1672063902126 140 30449
1672063916599 140 30499
1672063930945 140 30549
1672063950889 140 30596
1672063954093 141 30596
1672063955661 141 30599
1672063970151 141 30649
1672063984522 141 30699
1672063999007 141 30749
1672064013371 141 30799
1672064023733 141 30813
1672064026969 142 30813
1672064037983 142 30849
1672064052519 142 30899
1672064066730 142 30949
1672064081118 142 30999
1672064096264 142 31030
1672064099453 143 31030
1672064105592 143 31049
1672064119829 143 31099
1672064134240 143 31149
1672064148460 143 31199
1672064168663 143 31247
1672064171910 144 31247
1672064173228 144 31249
1672064187603 144 31299
1672064202047 144 31349
1672064216296 144 31399
1672064230533 144 31449
1672064241363 144 31464
1672064244552 145 31464
1672064255458 145 31499
1672064269822 145 31549
1672064284183 145 31599
1672064298517 145 31649
1672064314259 145 31681
1672064317564 146 31681
1672064323506 146 31699
1672064337795 146 31749
1672064352228 146 31799
1672064366500 146 31849
1672064387097 146 31898
1672064390305 147 31898
1672064391357 147 31899
1672064405693 147 31949
1672064420001 147 31999
1672064434300 147 32049
1672064448729 147 32099
1672064459939 147 32115
1672064463231 148 32115
1672064473598 148 32149
1672064488116 148 32199
1672064502369 148 32249
1672064516602 148 32299
1672064532443 148 32332
1672064535747 149 32332
1672064541359 149 32349
1672064555603 149 32399
1672064569993 149 32449
1672064584379 149 32499
1672064598667 149 32549
1672064605449 149 32549
1672064608479 150 32549
