1672053600570 0.7083333730697632 49
1672053615026 0.9166666865348816 99
1672053629810 0.75 149
1672053644586 0.75 199
1672053669651 0.8333333134651184 249
1672053684122 0.75 299
1672053698462 0.875 349
1672053712817 0.6875 399
1672053738027 0.5625 449
1672053752423 0.9166666865348816 499
1672053766815 0.7916666865348816 549
1672053781542 0.75 599
1672053796112 0.7916666865348816 649
1672053821055 0.625 699
1672053835478 0.8125 749
1672053849904 0.6666666865348816 799
1672053864482 0.2916666865348816 849
1672053889516 0.8333333730697632 899
1672053904158 0.6499999761581421 949
1672053918782 0.6666666865348816 999
1672053933404 0.949999988079071 1049
1672053958583 0.8541666865348816 1099
1672053973012 0.6666666865348816 1149
1672053987597 0.6875 1199
1672054002080 0.6875 1249
1672054016483 0.75 1299
1672054041908 0.9375 1349
1672054056700 0.6041666865348816 1399
1672054071093 1.0 1449
1672054085567 0.6666666865348816 1499
1672054110743 0.9166666865348816 1549
1672054125193 0.9166666865348816 1599
1672054139836 0.7916666865348816 1649
1672054154424 0.4000000059604645 1699
1672054179512 0.5249999761581421 1749
1672054194268 0.8333333730697632 1799
1672054208672 1.0 1849
1672054223074 0.9375 1899
1672054237628 0.9583333134651184 1949
1672054262946 0.875 1999
1672054277494 0.8541666865348816 2049
1672054291889 0.6166666746139526 2099
1672054306277 1.0 2149
1672054331627 0.7333333492279053 2199
1672054346092 0.8333333730697632 2249
1672054360538 0.625 2299
1672054375051 0.9375 2349
1672054400364 1.0 2399
1672054414917 0.9375 2449
1672054429626 0.949999988079071 2499
1672054444148 0.8333333730697632 2549
1672054458840 0.75 2599
1672054484069 0.5 2649
1672054498549 0.75 2699
1672054513028 0.8125 2749
1672054527661 0.75 2799
1672054552722 0.8333333730697632 2849
1672054567365 0.5 2899
1672054581989 0.75 2949
1672054596602 0.9166666865348816 2999
1672054621600 0.8541666865348816 3049
1672054636207 0.6875 3099
1672054650650 0.875 3149
1672054665078 0.75 3199
1672054679888 0.6666666865348816 3249
1672054705198 0.625 3299
1672054719698 0.9166666865348816 3349
1672054734351 0.699999988079071 3399
1672054748846 0.375 3449
1672054774170 0.9375 3499
1672054788626 1.0 3549
1672054803083 0.9375 3599
1672054817701 0.9166666865348816 3649
1672054842831 0.25 3699
1672054857308 0.6708333492279053 3749
1672054871989 1.0 3799
1672054886653 0.6666666865348816 3849
1672054901135 0.8333333730697632 3899
1672054926336 0.875 3949
1672054940792 0.8999999761581421 3999
1672054955398 0.75 4049
1672054969826 0.6875 4099
1672054995433 0.9166666865348816 4149
1672055010167 0.9375 4199
1672055024887 1.0 4249
1672055039474 1.0 4299
1672055064739 1.0 4349
1672055079254 0.9166666865348816 4399
1672055093847 0.75 4449
1672055108313 1.0 4499
1672055122903 0.7916666865348816 4549
1672055148220 0.9166666865348816 4599
1672055162824 1.0 4649
1672055177270 0.9166666865348816 4699
1672055191715 0.75 4749
1672055216992 0.75 4799
1672055231559 0.574999988079071 4849
1672055245953 1.0 4899
1672055260510 0.6000000238418579 4949
1672055285753 0.7708333134651184 4999
1672055300329 0.75 5049
1672055314885 0.6666666865348816 5099
1672055329579 0.8333333730697632 5149
1672055344116 0.7916666865348816 5199
1672055369518 1.0 5249
1672055384205 0.7916666865348816 5299
1672055398723 0.9166666865348816 5349
1672055413428 0.6499999761581421 5399
1672055438912 0.6666666865348816 5449
1672055453361 0.7916666865348816 5499
1672055467968 1.0 5549
1672055482489 0.6666666865348816 5599
1672055507733 0.5208333730697632 5649
1672055522321 0.875 5699
1672055536954 1.0 5749
1672055551557 0.8541666865348816 5799
1672055565990 0.8333333134651184 5849
1672055591322 0.875 5899
1672055605761 1.0 5949
1672055620203 0.875 5999
1672055634649 0.6666666865348816 6049
1672055659652 0.375 6099
1672055674314 0.6666666865348816 6149
1672055689030 0.5 6199
1672055703938 1.0 6249
1672055729191 0.75 6299
1672055743638 0.625 6349
1672055758090 0.7291666865348816 6399
1672055772587 0.625 6449
1672055787042 0.9375 6499
1672055812480 0.875 6549
1672055827052 0.875 6599
1672055841473 0.5833333134651184 6649
1672055855896 0.75 6699
1672055881169 0.949999988079071 6749
1672055895630 0.625 6799
1672055910085 0.875 6849
1672055924700 0.887499988079071 6899
1672055949987 0.875 6949
1672055964411 0.5416666865348816 6999
1672055978846 0.6666666865348816 7049
1672055993437 0.5 7099
1672056007874 1.0 7149
1672056033267 0.9166666865348816 7199
1672056047819 0.949999988079071 7249
1672056062307 0.625 7299
1672056077280 0.9166666865348816 7349
1672056102601 1.0 7399
1672056117045 0.8666666746139526 7449
1672056131464 0.4166666865348816 7499
1672056146050 0.75 7549
1672056171289 0.6666666865348816 7599
1672056185695 0.9166666865348816 7649
1672056200106 0.875 7699
1672056214531 0.4166666865348816 7749
1672056229453 0.6666666865348816 7799
1672056254563 0.625 7849
1672056269007 0.75 7899
1672056283624 0.75 7949
1672056298075 1.0 7999
1672056323367 1.0 8049
1672056338081 0.6875 8099
1672056352766 0.7708333730697632 8149
1672056367484 0.8333333134651184 8199
1672056392640 0.5833333134651184 8249
1672056407197 0.9375 8299
1672056421770 0.9166666865348816 8349
1672056436333 0.5833333730697632 8399
1672056451052 0.625 8449
1672056476406 0.875 8499
1672056491088 0.6666666865348816 8549
1672056505678 1.0 8599
1672056520286 1.0 8649
1672056545579 1.0 8699
1672056560128 0.25 8749
1672056574789 0.8125 8799
1672056589214 1.0 8849
1672056614652 0.8333333134651184 8899
1672056629052 0.5833333730697632 8949
1672056643524 0.375 8999
1672056658294 0.9375 9049
1672056672742 0.9375 9099
1672056697821 0.9375 9149
1672056712398 0.8999999761581421 9199
1672056726819 0.9166666865348816 9249
1672056741293 0.75 9299
1672056766692 0.699999988079071 9349
1672056781618 1.0 9399
1672056796093 0.7083333730697632 9449
1672056810562 0.8541666865348816 9499
1672056835893 1.0 9549
1672056850367 0.875 9599
1672056865020 1.0 9649
1672056879683 0.75 9699
1672056894339 0.75 9749
1672056919864 0.5 9799
1672056934342 0.875 9849
1672056948810 0.887499988079071 9899
1672056963274 0.9166666865348816 9949
1672056988731 0.9166666865348816 9999
1672057003326 0.625 10049
1672057017759 1.0 10099
1672057032374 0.875 10149
1672057057823 1.0 10199
1672057072272 0.6875 10249
1672057086745 0.6875 10299
1672057101266 0.6666666865348816 10349
1672057115712 0.4166666865348816 10399
1672057141385 0.8541666865348816 10449
1672057155812 0.875 10499
1672057170226 0.625 10549
1672057184801 0.5416666865348816 10599
1672057210028 0.875 10649
1672057224476 1.0 10699
1672057238918 0.875 10749
1672057253517 0.75 10799
1672057267802 0.5 10849
1672057293528 0.75 10899
1672057308027 0.7916666865348816 10949
1672057322752 0.4166666865348816 10999
1672057337292 0.75 11049
1672057362667 0.75 11099
1672057377309 0.9375 11149
1672057391802 1.0 11199
1672057406291 0.9375 11249
1672057431818 0.8999999761581421 11299
1672057447127 0.4166666865348816 11349
1672057461639 1.0 11399
1672057476323 1.0 11449
1672057490812 0.9166666865348816 11499
1672057516281 0.6666666865348816 11549
1672057530925 0.75 11599
1672057545398 0.6041666865348816 11649
1672057560178 0.9166666865348816 11699
1672057585622 0.7291666865348816 11749
1672057600004 0.5 11799
1672057614374 0.75 11849
1672057628763 0.7916666865348816 11899
1672057653917 0.8999999761581421 11949
1672057668587 0.5416666865348816 11999
1672057683215 0.8166667222976685 12049
1672057697889 0.9166666865348816 12099
1672057712527 0.5625 12149
1672057737798 0.9375 12199
1672057752303 0.75 12249
1672057766798 0.6875 12299
1672057781305 0.5 12349
1672057806532 0.875 12399
1672057821285 1.0 12449
1672057835858 0.9166666865348816 12499
1672057850461 0.5625 12549
1672057875639 0.625 12599
1672057890096 0.6666666865348816 12649
1672057904543 1.0 12699
1672057919001 0.9375 12749
1672057933607 1.0 12799
1672057959180 1.0 12849
1672057973666 0.75 12899
1672057988279 0.6875 12949
1672058002900 0.375 12999
1672058028160 0.9166666865348816 13049
1672058042643 0.8166666626930237 13099
1672058057111 0.7083333730697632 13149
1672058071579 0.9166666865348816 13199
1672058097214 0.9166666865348816 13249
1672058111528 0.75 13299
1672058125835 0.7083333134651184 13349
1672058140314 0.7916666865348816 13399
1672058154598 0.2916666865348816 13449
1672058179487 0.875 13499
1672058193968 0.8999999761581421 13549
1672058208558 0.9375 13599
1672058223006 0.9166666865348816 13649
1672058247777 0.9166666865348816 13699
1672058262181 0.9375 13749
1672058276586 0.5666666626930237 13799
1672058290860 0.9166666865348816 13849
1672058315478 0.7916666865348816 13899
1672058329712 0.5625 13949
1672058344024 0.7916666865348816 13999
1672058358252 0.875 14049
1672058372611 0.75 14099
1672058397270 0.75 14149
1672058411505 0.75 14199
1672058425927 0.4833333492279053 14249
1672058440331 0.5416666865348816 14299
1672058464999 0.4583333432674408 14349
1672058479346 1.0 14399
1672058493806 0.75 14449
1672058508122 0.875 14499
1672058532851 0.5625 14549
1672058547184 0.75 14599
1672058561543 1.0 14649
1672058576060 0.75 14699
1672058590434 0.824999988079071 14749
1672058615064 0.7916666865348816 14799
1672058629428 0.8333333730697632 14849
1672058643664 0.6666666865348816 14899
1672058657900 0.9166666865348816 14949
1672058683008 0.625 14999
1672058697219 0.875 15049
1672058711589 0.4375 15099
1672058725973 0.699999988079071 15149
1672058750395 0.75 15199
1672058764778 0.6666666865348816 15249
1672058779030 0.5666667222976685 15299
1672058793236 0.824999988079071 15349
1672058807461 0.9375 15399
1672058832320 0.5833333730697632 15449
1672058846548 0.7500000596046448 15499
1672058860780 0.9583333134651184 15549
1672058874998 0.9583333134651184 15599
1672058899571 0.7291666865348816 15649
1672058913970 0.949999988079071 15699
1672058928246 0.9375 15749
1672058942625 0.8041666746139526 15799
1672058967656 0.6666666865348816 15849
1672058981982 0.75 15899
1672058996303 0.75 15949
1672059010630 0.75 15999
1672059024979 0.6666666865348816 16049
1672059049728 0.699999988079071 16099
1672059064106 0.5 16149
1672059078486 0.9166666865348816 16199
1672059092733 0.6666666865348816 16249
1672059117512 0.5833333134651184 16299
1672059132037 0.625 16349
1672059146403 0.8666666746139526 16399
1672059160750 0.75 16449
1672059185603 0.6666666865348816 16499
1672059200027 0.625 16549
1672059214311 0.8166667222976685 16599
1672059228737 1.0 16649
1672059243184 0.3125 16699
1672059267674 0.75 16749
1672059281884 0.75 16799
1672059296112 0.875 16849
1672059310347 1.0 16899
1672059335050 0.8125 16949
1672059349448 1.0 16999
1672059363869 0.9166666865348816 17049
1672059378136 0.7916666865348816 17099
1672059402600 0.9375 17149
1672059416874 0.6666666865348816 17199
1672059431100 0.6666666865348816 17249
1672059445341 0.4375 17299
1672059459783 0.6666666865348816 17349
1672059484930 0.875 17399
1672059499293 0.9375 17449
1672059513538 0.7708333730697632 17499
1672059527774 0.75 17549
1672059552462 0.9166666865348816 17599
1672059566731 0.75 17649
1672059581139 0.8333333134651184 17699
1672059595705 0.8333333730697632 17749
1672059620469 0.9375 17799
1672059634725 0.949999988079071 17849
1672059648961 1.0 17899
1672059663197 0.5833333134651184 17949
1672059677409 0.574999988079071 17999
1672059702168 0.625 18049
1672059716667 0.75 18099
1672059731293 0.9166666865348816 18149
1672059745527 1.0 18199
1672059770259 1.0 18249
1672059784559 0.6875 18299
1672059798812 0.5 18349
1672059813057 0.6875 18399
1672059837762 0.6666666865348816 18449
1672059852317 0.875 18499
1672059866705 1.0 18549
1672059880989 0.75 18599
1672059895220 1.0 18649
1672059919741 0.7291666865348816 18699
1672059934042 1.0 18749
1672059948314 0.8999999761581421 18799
1672059962844 0.8666666746139526 18849
1672059987587 0.875 18899
1672060002002 0.5333333015441895 18949
1672060016272 0.8374999761581421 18999
1672060030546 0.4000000059604645 19049
1672060055078 0.75 19099
1672060069472 0.7916666865348816 19149
1672060083741 0.6666666865348816 19199
1672060098146 0.9583333134651184 19249
1672060112535 0.4583333432674408 19299
1672060137190 0.875 19349
1672060151554 1.0 19399
1672060165794 1.0 19449
1672060180034 0.8333333730697632 19499
1672060204634 0.8666666746139526 19549
1672060219037 0.9375 19599
1672060233244 0.699999988079071 19649
1672060299652 0.9166666865348816 19699
1672060324510 0.699999988079071 19749
1672060338965 0.7916666865348816 19799
1672060353249 0.625 19849
1672060367533 0.949999988079071 19899
1672060381800 1.0 19949
1672060407013 0.7916666865348816 19999
1672060421310 0.7916666865348816 20049
1672060435610 1.0 20099
1672060449927 0.9375 20149
1672060474879 0.9375 20199
1672060489229 0.7250000238418579 20249
1672060503791 0.875 20299
1672060518129 0.875 20349
1672060543101 0.8333333730697632 20399
1672060557378 0.875 20449
1672060571796 0.5625 20499
1672060586053 0.75 20549
1672060600451 0.75 20599
1672060625294 0.7916666865348816 20649
1672060639536 0.7083333730697632 20699
1672060653782 0.625 20749
1672060668178 0.5416666865348816 20799
1672060692802 0.5833333730697632 20849
1672060707176 0.5416666865348816 20899
1672060721573 0.75 20949
1672060735831 0.875 20999
1672060760610 0.875 21049
1672060774848 0.7916666865348816 21099
1672060789257 0.7916666865348816 21149
1672060803491 0.875 21199
1672060817716 0.6041666865348816 21249
1672060842707 0.8333333730697632 21299
1672060857012 0.75 21349
1672060871331 0.3750000298023224 21399
1672060885597 0.5416666865348816 21449
1672060910456 0.875 21499
1672060924849 0.75 21549
1672060939090 0.8333333730697632 21599
1672060953337 1.0 21649
1672060967562 0.0 21699
1672060992747 1.0 21749
1672061007011 0.9375 21799
1672061021251 0.8125 21849
1672061035511 0.8333333730697632 21899
1672061060188 0.6166666746139526 21949
1672061074436 0.75 21999
1672061088977 0.6666666865348816 22049
1672061103378 0.9166666865348816 22099
1672061127829 0.7916666865348816 22149
1672061142057 0.75 22199
1672061156276 0.75 22249
1672061170486 0.875 22299
1672061184692 0.625 22349
1672061209373 0.6458333730697632 22399
1672061223918 0.9166666865348816 22449
1672061238184 0.699999988079071 22499
1672061252466 0.75 22549
1672061277430 0.9166666865348816 22599
1672061291694 1.0 22649
1672061305934 0.5416666865348816 22699
1672061320167 0.75 22749
1672061344763 0.7976190447807312 22799
1672061359136 0.7916666865348816 22849
1672061373507 0.5416666865348816 22899
1672061387728 0.9166666865348816 22949
1672061401977 0.7083333730697632 22999
1672061426813 1.0 23049
1672061441135 0.7916666865348816 23099
1672061455604 0.9166666865348816 23149
1672061469993 0.699999988079071 23199
1672061494819 0.6875 23249
1672061509079 0.1666666716337204 23299
1672061523348 0.875 23349
1672061537597 0.75 23399
1672061562084 0.75 23449
1672061576298 0.6875 23499
1672061590545 0.5416666865348816 23549
1672061605038 0.625 23599
1672061619274 0.8125 23649
1672061644420 0.9375 23699
1672061658722 0.9166666865348816 23749
1672061673145 0.824999988079071 23799
1672061687445 0.8666666746139526 23849
1672061712024 1.0 23899
1672061726276 1.0 23949
1672061740778 1.0 23999
1672061754993 0.7749999761581421 24049
1672061779805 0.9375 24099
1672061794145 0.8333333730697632 24149
1672061808452 0.8333333134651184 24199
1672061822755 1.0 24249
1672061837061 0.875 24299
1672061861880 0.75 24349
1672061876128 0.875 24399
1672061890665 1.0 24449
1672061905049 0.5 24499
1672061929914 1.0 24549
1672061944159 0.6875 24599
1672061958420 0.875 24649
1672061972653 0.9642857313156128 24699
1672061997207 0.7916666865348816 24749
1672062011806 0.5 24799
1672062026283 0.6166666746139526 24849
1672062040587 0.6499999761581421 24899
1672062054898 1.0 24949
1672062079773 1.0 24999
1672062094065 0.75 25049
1672062108334 0.9375 25099
1672062122595 0.6666666865348816 25149
1672062147373 0.6499999761581421 25199
1672062161649 0.5625 25249
1672062175945 0.875 25299
1672062190215 0.9375 25349
1672062214992 1.0 25399
1672062229257 0.762499988079071 25449
1672062243547 0.7083333134651184 25499
1672062257956 0.6666666865348816 25549
1672062272347 0.6875 25599
1672062297193 1.0 25649
1672062311458 0.9166666865348816 25699
1672062325708 0.875 25749
1672062339975 0.75 25799
1672062364535 0.75 25849
1672062379057 0.7749999761581421 25899
1672062393424 0.75 25949
1672062407664 0.875 25999
1672062432461 0.9375 26049
1672062446700 0.5833333730697632 26099
1672062460916 0.625 26149
1672062475118 0.5 26199
1672062489616 0.6666666865348816 26249
1672062514177 0.5416666865348816 26299
1672062528592 0.8541666865348816 26349
1672062542924 0.8333333730697632 26399
1672062557326 0.875 26449
1672062581903 0.6666666865348816 26499
1672062596100 0.875 26549
1672062610339 0.5625 26599
1672062624844 0.8125 26649
1672062649428 0.8333333730697632 26699
1672062663661 0.8333333134651184 26749
1672062678013 0.625 26799
1672062692225 1.0 26849
1672062706553 0.9375 26899
1672062731045 0.8666666746139526 26949
1672062745565 0.44999998807907104 26999
1672062759823 0.8333333134651184 27049
1672062774106 0.75 27099
1672062798923 0.949999988079071 27149
1672062813214 0.6875 27199
1672062827506 0.5 27249
1672062841822 0.75 27299
1672062866525 1.0 27349
1672062880900 1.0 27399
1672062895277 0.949999988079071 27449
1672062909526 1.0 27499
1672062923771 0.8666666746139526 27549
1672062948561 0.49166667461395264 27599
1672062962828 1.0 27649
1672062977115 1.0 27699
1672062991498 1.0 27749
1672063016236 0.8125 27799
1672063030733 0.875 27849
1672063045020 0.7916666865348816 27899
1672063059462 0.75 27949
1672063085179 0.75 27999
1672063099431 0.949999988079071 28049
1672063113668 1.0 28099
1672063128228 0.9375 28149
1672063142677 0.7916666865348816 28199
1672063167267 0.6875 28249
1672063181562 0.75 28299
1672063195962 0.8125 28349
1672063210236 0.9166666865348816 28399
1672063235204 0.8666666746139526 28449
1672063249615 1.0 28499
1672063263878 0.5 28549
1672063278267 0.887499988079071 28599
1672063302787 1.0 28649
1672063317156 1.0 28699
1672063331590 0.699999988079071 28749
1672063345890 0.5 28799
1672063360186 0.7083333134651184 28849
1672063384959 0.75 28899
1672063399351 0.8125 28949
1672063413593 0.6666666865348816 28999
1672063427981 0.7916666865348816 29049
1672063452789 0.5 29099
1672063467173 0.75 29149
1672063481403 0.875 29199
1672063495806 0.8666666746139526 29249
1672063520483 1.0 29299
1672063534770 0.625 29349
1672063549202 0.8333333730697632 29399
1672063563645 0.824999988079071 29449
1672063577944 0.5 29499
1672063602581 0.75 29549
1672063616988 0.9375 29599
1672063631368 0.7916666865348816 29649
1672063645608 0.75 29699
1672063670482 0.875 29749
1672063684711 0.75 29799
1672063699065 1.0 29849
1672063713322 0.5625 29899
1672063737918 0.75 29949
1672063752324 0.9375 29999
1672063766744 1.0 30049
1672063780993 0.875 30099
1672063795386 0.7875000238418579 30149
1672063819978 0.7916666865348816 30199
1672063834243 0.625 30249
1672063848629 0.875 30299
1672063863020 0.875 30349
1672063887784 1.0 30399
1672063902126 0.7083333134651184 30449
1672063916599 0.875 30499
1672063930945 0.875 30549
1672063955661 0.5 30599
1672063970151 0.9166666865348816 30649
1672063984522 0.75 30699
1672063999007 0.8166666626930237 30749
1672064013371 0.75 30799
1672064037983 0.5 30849
1672064052519 0.4833333492279053 30899
1672064066730 0.875 30949
1672064081118 1.0 30999
1672064105592 1.0 31049
1672064119829 1.0 31099
1672064134240 0.5833333730697632 31149
1672064148460 0.6041666865348816 31199
1672064173228 0.875 31249
1672064187603 0.9166666865348816 31299
1672064202047 0.75 31349
1672064216296 0.7916666865348816 31399
1672064230533 0.75 31449
1672064255458 0.625 31499
1672064269822 0.75 31549
1672064284183 1.0 31599
1672064298517 0.9166666865348816 31649
1672064323506 1.0 31699
1672064337795 0.6666666865348816 31749
1672064352228 0.375 31799
1672064366500 0.7083333730697632 31849
1672064391357 0.9375 31899
1672064405693 0.375 31949
1672064420001 1.0 31999
1672064434300 0.625 32049
1672064448729 0.8333333134651184 32099
1672064473598 0.7833333611488342 32149
1672064488116 1.0 32199
1672064502369 0.875 32249
1672064516602 0.8374999761581421 32299
1672064541359 1.0 32349
1672064555603 0.6666666865348816 32399
1672064569993 0.5416666865348816 32449
1672064584379 0.7083333730697632 32499
1672064598667 0.25 32549
