1672053659418 0.6257324814796448 216
1672053732494 0.6452069282531738 433
1672053806183 0.6468252539634705 650
1672053879481 0.6530316472053528 867
1672053953510 0.6551064252853394 1084
1672054027161 0.6425631046295166 1301
1672054101020 0.6382830739021301 1518
1672054174701 0.6341867446899414 1735
1672054248617 0.6427481770515442 1952
1672054322042 0.6503316164016724 2169
1672054395834 0.6431722640991211 2386
1672054469976 0.6540432572364807 2603
1672054543540 0.6436612606048584 2820
1672054617351 0.6478546857833862 3037
1672054691226 0.6521400213241577 3254
1672054765327 0.6509857177734375 3471
1672054838891 0.6471840143203735 3688
1672054912838 0.6482554078102112 3905
1672054986688 0.6574736833572388 4122
1672055061101 0.657170295715332 4339
1672055134898 0.6588938236236572 4556
1672055208713 0.6588125824928284 4773
1672055282409 0.6544914841651917 4990
1672055356574 0.6604356169700623 5207
1672055430698 0.6576115489006042 5424
1672055504621 0.6585467457771301 5641
1672055578706 0.6565802097320557 5858
1672055651914 0.6602792143821716 6075
1672055726398 0.6715280413627625 6292
1672055800008 0.6644591689109802 6509
1672055873739 0.6703012585639954 6726
1672055947461 0.6620752811431885 6943
1672056021152 0.6683741807937622 7160
1672056095438 0.6641005277633667 7377
1672056169004 0.6621003150939941 7594
1672056242818 0.6673594117164612 7811
1672056316519 0.6685966849327087 8028
1672056390677 0.6685235500335693 8245
1672056464971 0.6652923822402954 8462
1672056539036 0.666735053062439 8679
1672056613042 0.6645209789276123 8896
1672056686654 0.6555314064025879 9113
1672056760404 0.6704973578453064 9330
1672056834524 0.6731222867965698 9547
1672056908889 0.6660124063491821 9764
1672056982590 0.67826247215271 9981
1672057056738 0.6721627712249756 10198
1672057130483 0.6716857552528381 10415
1672057204342 0.6646875143051147 10632
1672057278088 0.6758165955543518 10849
1672057352293 0.6733072400093079 11066
1672057426406 0.6653128266334534 11283
1672057501124 0.6745138168334961 11500
1672057575572 0.6634142994880676 11717
1672057648778 0.6715161800384521 11934
1672057723088 0.6687027812004089 12151
1672057796799 0.6727025508880615 12368
1672057870777 0.6881895661354065 12585
1672057944636 0.6740381121635437 12802
1672058018677 0.6684823036193848 13019
1672058092577 0.6848758459091187 13236
1672058165562 0.6750837564468384 13453
1672058238775 0.6842090487480164 13670
1672058311377 0.6729723811149597 13887
1672058383564 0.6816527843475342 14104
1672058456178 0.6743927597999573 14321
1672058529048 0.6830028891563416 14538
1672058601683 0.6717122793197632 14755
1672058674479 0.6795225739479065 14972
1672058746848 0.6721928715705872 15189
1672058819081 0.6765026450157166 15406
1672058891443 0.6807217001914978 15623
1672058964208 0.6832727193832397 15840
1672059036923 0.668020486831665 16057
1672059109626 0.6692298650741577 16274
1672059182458 0.6731090545654297 16491
1672059255246 0.6731094121932983 16708
1672059327485 0.6825847029685974 16925
1672059399838 0.6724006533622742 17142
1672059472497 0.6769714951515198 17359
1672059545120 0.6745949387550354 17576
1672059617999 0.6725658178329468 17793
1672059690314 0.6821611523628235 18010
1672059763264 0.6875637173652649 18227
1672059835595 0.6823618412017822 18444
1672059908131 0.6684891581535339 18661
1672059980748 0.6847807168960571 18878
1672060053242 0.6807891726493835 19095
1672060125951 0.6816100478172302 19312
1672060198225 0.6743867993354797 19529
1672060322650 0.6995062828063965 19746
1672060395871 0.6770516037940979 19963
1672060468682 0.6912026405334473 20180
1672060541782 0.6819979548454285 20397
1672060614545 0.6763068437576294 20614
1672060686942 0.6697641611099243 20831
1672060759534 0.6934264898300171 21048
1672060832162 0.6691318154335022 21265
1672060904745 0.6872995495796204 21482
1672060977615 0.6731386780738831 21699
1672061049893 0.6898390650749207 21916
1672061122518 0.6859370470046997 22133
1672061194694 0.6776938438415527 22350
1672061267567 0.6829328536987305 22567
1672061339786 0.6859834790229797 22784
1672061412287 0.6782099604606628 23001
1672061485108 0.6904531121253967 23218
1672061557349 0.6806632280349731 23435
1672061630103 0.6870949864387512 23652
1672061702748 0.7023959159851074 23869
1672061775239 0.6891010999679565 24086
1672061848032 0.6783202886581421 24303
1672061920749 0.6871566772460938 24520
1672061993057 0.6836903691291809 24737
1672062066046 0.683398425579071 24954
1672062138668 0.6785323619842529 25171
1672062211135 0.6799226999282837 25388
1672062283896 0.6859287023544312 25605
1672062356066 0.6830377578735352 25822
1672062428850 0.6869456768035889 26039
1672062501171 0.6825560927391052 26256
1672062573814 0.6872922778129578 26473
1672062646133 0.6872166395187378 26690
1672062718358 0.6915829181671143 26907
1672062791072 0.6940553784370422 27124
1672062863513 0.6778435111045837 27341
1672062936128 0.6808263063430786 27558
1672063008605 0.6895376443862915 27775
1672063082434 0.6880183219909668 27992
1672063155094 0.6758734583854675 28209
1672063227783 0.6844156384468079 28426
1672063300357 0.6912566423416138 28643
1672063372988 0.6845953464508057 28860
1672063445704 0.6842289566993713 29077
1672063518218 0.6875277757644653 29294
1672063591039 0.6893072128295898 29511
1672063663650 0.6896846890449524 29728
1672063736048 0.6954043507575989 29945
1672063808632 0.6963436603546143 30162
1672063881209 0.6778780817985535 30379
1672063954093 0.6884922385215759 30596
1672064026969 0.683695912361145 30813
1672064099453 0.6781455874443054 31030
1672064171910 0.6818548440933228 31247
1672064244552 0.6958180069923401 31464
1672064317564 0.6905484199523926 31681
1672064390305 0.6864488124847412 31898
1672064463231 0.6746773719787598 32115
1672064535747 0.6834045052528381 32332
1672064608479 0.6841476559638977 32549
