1672053659418 0.7659043073654175 216
1672053732494 0.7921966314315796 433
1672053806183 0.7913569808006287 650
1672053879481 0.7909441590309143 867
1672053953510 0.7980540990829468 1084
1672054027161 0.7830058336257935 1301
1672054101020 0.7776493430137634 1518
1672054174701 0.7737957835197449 1735
1672054248617 0.7882440090179443 1952
1672054322042 0.7924857139587402 2169
1672054395834 0.7838425636291504 2386
1672054469976 0.7958768010139465 2603
1672054543540 0.7778007984161377 2820
1672054617351 0.7893257141113281 3037
1672054691226 0.7869530320167542 3254
1672054765327 0.7906633615493774 3471
1672054838891 0.7823232412338257 3688
1672054912838 0.782572329044342 3905
1672054986688 0.788254976272583 4122
1672055061101 0.7925572395324707 4339
1672055134898 0.7893834710121155 4556
1672055208713 0.8030058145523071 4773
1672055282409 0.7761519551277161 4990
1672055356574 0.7922255992889404 5207
1672055430698 0.7868676781654358 5424
1672055504621 0.7864740490913391 5641
1672055578706 0.7888137102127075 5858
1672055651914 0.7811809182167053 6075
1672055726398 0.7985329627990723 6292
1672055800008 0.7877071499824524 6509
1672055873739 0.7938151359558105 6726
1672055947461 0.7769694924354553 6943
1672056021152 0.7950674891471863 7160
1672056095438 0.7907212376594543 7377
1672056169004 0.7906745076179504 7594
1672056242818 0.7865704298019409 7811
1672056316519 0.7884779572486877 8028
1672056390677 0.7920039892196655 8245
1672056464971 0.7796312570571899 8462
1672056539036 0.7878090739250183 8679
1672056613042 0.7801528573036194 8896
1672056686654 0.7709716558456421 9113
1672056760404 0.7879577279090881 9330
1672056834524 0.789009153842926 9547
1672056908889 0.7849698066711426 9764
1672056982590 0.7982892990112305 9981
1672057056738 0.7888440489768982 10198
1672057130483 0.7796614766120911 10415
1672057204342 0.7789788842201233 10632
1672057278088 0.793523371219635 10849
1672057352293 0.7844894528388977 11066
1672057426406 0.7798266410827637 11283
1672057501124 0.7874374985694885 11500
1672057575572 0.7706896066665649 11717
1672057648778 0.7870838046073914 11934
1672057723088 0.7829287648200989 12151
1672057796799 0.7804239392280579 12368
1672057870777 0.7979247570037842 12585
1672057944636 0.7866860032081604 12802
1672058018677 0.7801157236099243 13019
1672058092577 0.8019846677780151 13236
1672058165562 0.79171222448349 13453
1672058238775 0.7965015769004822 13670
1672058311377 0.7836939692497253 13887
1672058383564 0.7924938797950745 14104
1672058456178 0.7843160033226013 14321
1672058529048 0.7909331321716309 14538
1672058601683 0.782283365726471 14755
1672058674479 0.7928792238235474 14972
1672058746848 0.7797303795814514 15189
1672058819081 0.7924938797950745 15406
1672058891443 0.7825434803962708 15623
1672058964208 0.7934243083000183 15840
1672059036923 0.7771759629249573 16057
1672059109626 0.7783787846565247 16274
1672059182458 0.7784655690193176 16491
1672059255246 0.7824567556381226 16708
1672059327485 0.7900290489196777 16925
1672059399838 0.7771373391151428 17142
1672059472497 0.7761244773864746 17359
1672059545120 0.7805973887443542 17576
1672059617999 0.7806551456451416 17793
1672059690314 0.7906773090362549 18010
1672059763264 0.7912689447402954 18227
1672059835595 0.7864355444908142 18444
1672059908131 0.779210090637207 18661
1672059980748 0.7872227430343628 18878
1672060053242 0.7934545874595642 19095
1672060125951 0.788139283657074 19312
1672060198225 0.7720755338668823 19529
1672060322650 0.8070686459541321 19746
1672060395871 0.7818112969398499 19963
1672060468682 0.7934186458587646 20180
1672060541782 0.7891138195991516 20397
1672060614545 0.7851996421813965 20614
1672060686942 0.7747811675071716 20831
1672060759534 0.7932757139205933 21048
1672060832162 0.7700578570365906 21265
1672060904745 0.7885357141494751 21482
1672060977615 0.7708836197853088 21699
1672061049893 0.7949959635734558 21916
1672061122518 0.7901349067687988 22133
1672061194694 0.7868002653121948 22350
1672061267567 0.7901293635368347 22567
1672061339786 0.7941977977752686 22784
1672061412287 0.7856565117835999 23001
1672061485108 0.7960777878761292 23218
1672061557349 0.7787284255027771 23435
1672061630103 0.7864837050437927 23652
1672061702748 0.8051638603210449 23869
1672061775239 0.7916819453239441 24086
1672061848032 0.7807790040969849 24303
1672061920749 0.7884668707847595 24520
1672061993057 0.7885715365409851 24737
1672062066046 0.7851582765579224 24954
1672062138668 0.7836416363716125 25171
1672062211135 0.7808354496955872 25388
1672062283896 0.7908629179000854 25605
1672062356066 0.7891812324523926 25822
1672062428850 0.7924085855484009 26039
1672062501171 0.7824140191078186 26256
1672062573814 0.7833608388900757 26473
1672062646133 0.7898074388504028 26690
1672062718358 0.7949120402336121 26907
1672062791072 0.7955299615859985 27124
1672062863513 0.7819157242774963 27341
1672062936128 0.7860501408576965 27558
1672063008605 0.7991027235984802 27775
1672063082434 0.7853757739067078 27992
1672063155094 0.7748556137084961 28209
1672063227783 0.7850867509841919 28426
1672063300357 0.7943545579910278 28643
1672063372988 0.7870603203773499 28860
1672063445704 0.7872447967529297 29077
1672063518218 0.7894302606582642 29294
1672063591039 0.7880897521972656 29511
1672063663650 0.7874732613563538 29728
1672063736048 0.7943105101585388 29945
1672063808632 0.8007941842079163 30162
1672063881209 0.7766667604446411 30379
1672063954093 0.7902312278747559 30596
1672064026969 0.7841619253158569 30813
1672064099453 0.7773438692092896 31030
1672064171910 0.7815415859222412 31247
1672064244552 0.7943710684776306 31464
1672064317564 0.79119473695755 31681
1672064390305 0.785180389881134 31898
1672064463231 0.7730705142021179 32115
1672064535747 0.780038595199585 32332
1672064608479 0.7835508584976196 32549
