1672053600570 1.6833112917475985 49
1672053615026 1.676267222281271 99
1672053629810 1.4278235025823995 149
1672053644586 1.2564472924023733 199
1672053669651 1.4133001794283342 249
1672053684122 1.2731938388321011 299
1672053698462 2.029683369733013 349
1672053712817 1.5011561405868583 399
1672053738027 1.5088125354482997 449
1672053752423 1.5370644548593304 499
1672053766815 1.4735521490541719 549
1672053781542 1.4612062298696356 599
1672053796112 1.6805686683198504 649
1672053821055 1.4666111372008486 699
1672053835478 1.5406737883763943 749
1672053849904 1.7974843104346114 799
1672053864482 1.4119327143095415 849
1672053889516 1.7868694303645416 899
1672053904158 1.7567729844959317 949
1672053918782 1.4018467956717051 999
1672053933404 1.8771067342365988 1049
1672053958583 1.791615984311407 1099
1672053973012 1.1353726654835832 1149
1672053987597 1.7563365728085092 1199
1672054002080 1.5271808014572774 1249
1672054016483 1.2305967811417073 1299
1672054041908 1.1866415290302235 1349
1672054056700 1.9114237280252744 1399
1672054071093 2.045059361197741 1449
1672054085567 1.7418880142949806 1499
1672054110743 1.441317891911749 1549
1672054125193 1.9825697799579878 1599
1672054139836 1.6967708168294329 1649
1672054154424 1.5430948071903243 1699
1672054179512 1.8280185543044116 1749
1672054194268 1.8414300392264065 1799
1672054208672 1.0844230452951933 1849
1672054223074 2.0444227915338917 1899
1672054237628 1.6663769329932452 1949
1672054262946 1.6624034100487342 1999
1672054277494 1.312285430327183 2049
1672054291889 1.4170018169315866 2099
1672054306277 1.6031368223656033 2149
1672054331627 1.5179234667337125 2199
1672054346092 2.005360182191419 2249
1672054360538 1.5737096572091591 2299
1672054375051 1.5622488714947813 2349
1672054400364 1.9336857826702172 2399
1672054414917 1.8786843772577788 2449
1672054429626 1.6135911073022187 2499
1672054444148 1.2982487638350924 2549
1672054458840 1.5867329650078925 2599
1672054484069 1.2170972383473213 2649
1672054498549 1.370408451939968 2699
1672054513028 1.3475501102420668 2749
1672054527661 1.839331368856409 2799
1672054552722 1.6964721873191446 2849
1672054567365 1.8296014252961492 2899
1672054581989 1.389673443041663 2949
1672054596602 2.0480677195123316 2999
1672054621600 2.0224302385525457 3049
1672054636207 1.6611718481949738 3099
1672054650650 1.4868061156135524 3149
1672054665078 1.744290221070374 3199
1672054679888 1.2705405295518741 3249
1672054705198 1.350351644067238 3299
1672054719698 2.0277470185129367 3349
1672054734351 1.3882266804109191 3399
1672054748846 1.440266706636327 3449
1672054774170 1.314374683417162 3499
1672054788626 1.5387958695311692 3549
1672054803083 1.7845078660126528 3599
1672054817701 1.4608364034713481 3649
1672054842831 1.1720113799771303 3699
1672054857308 1.8516124905146203 3749
1672054871989 1.6677015023819095 3799
1672054886653 1.293513060308796 3849
1672054901135 1.702044282394597 3899
1672054926336 1.8752644512855916 3949
1672054940792 1.4430659728174646 3999
1672054955398 1.6884129380808532 4049
1672054969826 1.8641199551105196 4099
1672054995433 1.6486073840187654 4149
1672055010167 1.6459517620171424 4199
1672055024887 1.8297009491880525 4249
1672055039474 1.7494976465603687 4299
1672055064739 1.4716581465437488 4349
1672055079254 1.557766362258823 4399
1672055093847 1.9178075900215366 4449
1672055108313 1.5803661461956016 4499
1672055122903 1.9537791051595956 4549
1672055148220 1.316230053869995 4599
1672055162824 1.6671964107816808 4649
1672055177270 2.0548960545410533 4699
1672055191715 1.301474629443091 4749
1672055216992 1.4540922786817259 4799
1672055231559 1.5020625624436845 4849
1672055245953 1.8263895838267141 4899
1672055260510 2.0951160185212085 4949
1672055285753 1.6212078140802735 4999
1672055300329 1.2474283287773393 5049
1672055314885 1.5262031097122235 5099
1672055329579 1.7929080057511886 5149
1672055344116 1.8154752147009423 5199
1672055369518 1.4479998374900969 5249
1672055384205 1.5201185137522584 5299
1672055398723 2.0108056835320536 5349
1672055413428 1.6340859281133373 5399
1672055438912 1.550224487232478 5449
1672055453361 1.3283581768894037 5499
1672055467968 1.1778804819733542 5549
1672055482489 1.8535998137143446 5599
1672055507733 1.5538436230835833 5649
1672055522321 1.3944927948503834 5699
1672055536954 1.5609589419801528 5749
1672055551557 1.5772494280698859 5799
1672055565990 1.5499835337870944 5849
1672055591322 1.596069136192779 5899
1672055605761 1.2178418522599386 5949
1672055620203 2.0215062341026986 5999
1672055634649 1.696659520928097 6049
1672055659652 1.5235916356723813 6099
1672055674314 1.7320957569753053 6149
1672055689030 1.2242285854079593 6199
1672055703938 1.3579640507111979 6249
1672055729191 1.871802283412785 6299
1672055743638 1.5402204609346195 6349
1672055758090 2.0381182479470903 6399
1672055772587 1.5733567780067839 6449
1672055787042 1.7920621974281552 6499
1672055812480 1.8505276357847062 6549
1672055827052 1.342027747116434 6599
1672055841473 1.3599752070352737 6649
1672055855896 1.8478893872856283 6699
1672055881169 1.487922581607392 6749
1672055895630 1.7362542628164008 6799
1672055910085 1.5353027678358928 6849
1672055924700 1.7351993969769612 6899
1672055949987 1.4433709166465012 6949
1672055964411 1.525389672332334 6999
1672055978846 2.0326260661475635 7049
1672055993437 1.2022419950643835 7099
1672056007874 1.1199139207035886 7149
1672056033267 1.4299163127840198 7199
1672056047819 1.7871457670811106 7249
1672056062307 1.47896968785515 7299
1672056077280 1.5422326664664983 7349
1672056102601 1.6780484817218246 7399
1672056117045 2.0881778780479405 7449
1672056131464 1.6069459393447993 7499
1672056146050 1.4339686988544225 7549
1672056171289 1.6632799111742467 7599
1672056185695 1.373893058669277 7649
1672056200106 1.8222895239831103 7699
1672056214531 1.5481963939199166 7749
1672056229453 1.696355423547436 7799
1672056254563 1.448444788213715 7849
1672056269007 1.7362821074283243 7899
1672056283624 1.3646333044136718 7949
1672056298075 1.4986940280004029 7999
1672056323367 1.3630324944360548 8049
1672056338081 1.1589462454806387 8099
1672056352766 1.8851262306092444 8149
1672056367484 1.3821972243342429 8199
1672056392640 1.63155217999083 8249
1672056407197 1.5285223291679915 8299
1672056421770 1.3688573093153709 8349
1672056436333 1.8283526350581911 8399
1672056451052 1.719506498291127 8449
1672056476406 1.092680647169972 8499
1672056491088 1.3648078975219458 8549
1672056505678 1.3450939330197598 8599
1672056520286 1.7156421506687742 8649
1672056545579 1.4854247269851695 8699
1672056560128 1.123664574259878 8749
1672056574789 1.6292680952938843 8799
1672056589214 1.2466450755513354 8849
1672056614652 1.6196784718308317 8899
1672056629052 1.7989313275289902 8949
1672056643524 1.592367601216294 8999
1672056658294 1.8145016954165882 9049
1672056672742 1.650210218587543 9099
1672056697821 1.6503957892643668 9149
1672056712398 1.5770065465972731 9199
1672056726819 1.6231268610780263 9249
1672056741293 1.1899431656425365 9299
1672056766692 1.7387206399660293 9349
1672056781618 1.528963355042141 9399
1672056796093 1.3958490990148755 9449
1672056810562 1.422337066459049 9499
1672056835893 1.5748462560506866 9549
1672056850367 1.7779475488273901 9599
1672056865020 1.9128355189718143 9649
1672056879683 1.1742497843749282 9699
1672056894339 1.1901561290749174 9749
1672056919864 1.4642328101435729 9799
1672056934342 1.6155443562782141 9849
1672056948810 1.5347814295046813 9899
1672056963274 1.3212554078754954 9949
1672056988731 1.5488749090964573 9999
1672057003326 1.813214875069515 10049
1672057017759 1.4462448935647618 10099
1672057032374 1.6114350561565711 10149
1672057057823 1.522119389234324 10199
1672057072272 1.7350867518794013 10249
1672057086745 1.461432135474471 10299
1672057101266 1.4679803775698002 10349
1672057115712 1.403186546664079 10399
1672057141385 1.8553058818920973 10449
1672057155812 1.5297774871971745 10499
1672057170226 1.5045658914296072 10549
1672057184801 1.7035812652362552 10599
1672057210028 1.2119542515707176 10649
1672057224476 1.5144299606181546 10699
1672057238918 1.8694282524531245 10749
1672057253517 1.8867669999236167 10799
1672057267802 2.1436928730597833 10849
1672057293528 1.6188358908525757 10899
1672057308027 1.5807734285148676 10949
1672057322752 1.4377239989783819 10999
1672057337292 1.6581021135052618 11049
1672057362667 1.8136272919352434 11099
1672057377309 1.3774118292902808 11149
1672057391802 1.6758141088001932 11199
1672057406291 1.8478262547826125 11249
1672057431818 1.749423151101849 11299
1672057447127 1.6578880201626187 11349
1672057461639 1.698355203969595 11399
1672057476323 1.485803735416623 11449
1672057490812 1.4722875617664268 11499
1672057516281 1.5080969509150166 11549
1672057530925 1.3704925386694895 11599
1672057545398 1.19564311365207 11649
1672057560178 1.7461320063862549 11699
1672057585622 1.1849194710998667 11749
1672057600004 1.1747303767695465 11799
1672057614374 1.452888823704498 11849
1672057628763 1.5608571326148974 11899
1672057653917 2.148674658620677 11949
1672057668587 1.5828424689276888 11999
1672057683215 1.7515861196961795 12049
1672057697889 1.8744448935269684 12099
1672057712527 1.8549308920759386 12149
1672057737798 1.7001211229891835 12199
1672057752303 1.6594027070971828 12249
1672057766798 1.6561738066020728 12299
1672057781305 1.8950845438160182 12349
1672057806532 1.6350922418324167 12399
1672057821285 1.2367976265240492 12449
1672057835858 1.4263367023994746 12499
1672057850461 1.1490991275150448 12549
1672057875639 1.3159384948126565 12599
1672057890096 1.561269162939663 12649
1672057904543 1.370141175701089 12699
1672057919001 1.8618653951026392 12749
1672057933607 1.6308455469020362 12799
1672057959180 1.2254474161697417 12849
1672057973666 1.5921165693969521 12899
1672057988279 1.5850446624232046 12949
1672058002900 1.4611317623580342 12999
1672058028160 1.5924455393654529 13049
1672058042643 1.9378132110651913 13099
1672058057111 2.0326061139175566 13149
1672058071579 1.259153051573317 13199
1672058097214 1.2593268544248017 13249
1672058111528 1.3932192198450513 13299
1672058125835 1.4032590537741125 13349
1672058140314 1.6384868402515962 13399
1672058154598 1.521250028740068 13449
1672058179487 2.0473649167128283 13499
1672058193968 1.401828012513445 13549
1672058208558 1.4910271920806626 13599
1672058223006 1.5885909301709313 13649
1672058247777 1.509917751481583 13699
1672058262181 1.4889370285429597 13749
1672058276586 1.451849520803976 13799
1672058290860 1.9382937943245822 13849
1672058315478 1.0863807919297321 13899
1672058329712 1.3002074953270029 13949
1672058344024 1.841302790820947 13999
1672058358252 1.621304699723658 14049
1672058372611 1.4622556861258502 14099
1672058397270 1.3455410625861657 14149
1672058411505 1.2821079390895973 14199
1672058425927 1.8447280084547453 14249
1672058440331 1.5531573060243578 14299
1672058464999 1.52790693387544 14349
1672058479346 1.568810805586422 14399
1672058493806 1.473758809903809 14449
1672058508122 1.4481471522986902 14499
1672058532851 1.813000469297986 14549
1672058547184 1.9553180797916296 14599
1672058561543 1.8439547230456557 14649
1672058576060 1.5355602489525886 14699
1672058590434 1.3093044165625662 14749
1672058615064 1.6726770933398103 14799
1672058629428 1.8171996949452933 14849
1672058643664 1.7028685301432027 14899
1672058657900 1.1834354892610388 14949
1672058683008 1.712686649057463 14999
1672058697219 1.304708269602274 15049
1672058711589 1.3111572899451827 15099
1672058725973 1.5103315426079191 15149
1672058750395 2.026005451690662 15199
1672058764778 1.5194530683030298 15249
1672058779030 1.5118789650700093 15299
1672058793236 1.9095690805654306 15349
1672058807461 1.6870900340505894 15399
1672058832320 1.884895537098079 15449
1672058846548 1.493604815915559 15499
1672058860780 1.3570163258398082 15549
1672058874998 1.6240399349745571 15599
1672058899571 2.1488448227226042 15649
1672058913970 1.8099994933936563 15699
1672058928246 1.5085811050540194 15749
1672058942625 1.67437591293231 15799
1672058967656 1.0401267437173625 15849
1672058981982 1.5613773922988488 15899
1672058996303 1.3914197706762077 15949
1672059010630 1.5694230587185096 15999
1672059024979 1.5766054059332508 16049
1672059049728 1.8602388920470898 16099
1672059064106 1.2115566422413808 16149
1672059078486 1.356923000005244 16199
1672059092733 1.434026574534373 16249
1672059117512 1.42895021111834 16299
1672059132037 1.5939440305435773 16349
1672059146403 1.6617522476262403 16399
1672059160750 2.0807518124730544 16449
1672059185603 1.6279216142191255 16499
1672059200027 1.319836684621534 16549
1672059214311 1.6808129018493958 16599
1672059228737 1.2620470436039872 16649
1672059243184 1.8534941118310284 16699
1672059267674 1.6176066449774371 16749
1672059281884 1.2413612276857502 16799
1672059296112 1.4849921324762434 16849
1672059310347 1.5288815474238635 16899
1672059335050 1.1423965998622099 16949
1672059349448 1.496057790113613 16999
1672059363869 2.020878290077808 17049
1672059378136 1.3712505729920035 17099
1672059402600 1.5895190304878315 17149
1672059416874 1.5857705066963779 17199
1672059431100 1.2591500783493657 17249
1672059445341 1.477136066430334 17299
1672059459783 1.8357667196603789 17349
1672059484930 1.474174139864333 17399
1672059499293 1.872430805941094 17449
1672059513538 1.394896212380834 17499
1672059527774 1.3732859239701587 17549
1672059552462 1.5697901556884482 17599
1672059566731 1.481658428771038 17649
1672059581139 1.3234619557387353 17699
1672059595705 1.850062337441944 17749
1672059620469 1.6079914365884262 17799
1672059634725 1.588783651884021 17849
1672059648961 1.5158346230239386 17899
1672059663197 1.404326810506304 17949
1672059677409 1.4043141110229678 17999
1672059702168 1.4450440319728601 18049
1672059716667 1.2563334209985366 18099
1672059731293 1.8198123495926235 18149
1672059745527 1.8573652930170792 18199
1672059770259 1.5169411662851786 18249
1672059784559 1.884860533456727 18299
1672059798812 1.2601272018316299 18349
1672059813057 1.614980882459473 18399
1672059837762 1.844688059283243 18449
1672059852317 1.3571936159785891 18499
1672059866705 1.106209089078194 18549
1672059880989 1.9133519391327698 18599
1672059895220 1.8507318691778352 18649
1672059919741 1.8527669825849054 18699
1672059934042 1.1869983725871622 18749
1672059948314 1.330949961678209 18799
1672059962844 2.010957158182594 18849
1672059987587 1.557225794056142 18899
1672060002002 1.3662360379626146 18949
1672060016272 2.0115426305662956 18999
1672060030546 1.8434767496427162 19049
1672060055078 1.3530096218637464 19099
1672060069472 1.803248496381924 19149
1672060083741 1.4117051713088742 19199
1672060098146 2.1318623113729087 19249
1672060112535 1.6206659527925373 19299
1672060137190 1.8440015671094998 19349
1672060151554 1.5760210778613042 19399
1672060165794 0.9015159105215937 19449
1672060180034 1.3581761013563294 19499
1672060204634 1.9406295314869335 19549
1672060219037 1.3379014249194452 19599
1672060233244 1.4460474895543127 19649
1672060299652 1.5267571133560178 19699
1672060324510 1.9950025033407472 19749
1672060338965 1.583639177225507 19799
1672060353249 1.5327300321023258 19849
1672060367533 1.5176561192876603 19899
1672060381800 1.3425307200863423 19949
1672060407013 1.4182941262871538 19999
1672060421310 1.5771738286064405 20049
1672060435610 1.3545075465285046 20099
1672060449927 1.4551377452198249 20149
1672060474879 1.525053087194053 20199
1672060489229 1.7113062038272102 20249
1672060503791 1.5484205381173672 20299
1672060518129 1.117052494454795 20349
1672060543101 1.2891505186795627 20399
1672060557378 1.4807015364100709 20449
1672060571796 1.7047354258280885 20499
1672060586053 1.5382297488250996 20549
1672060600451 1.816278507432591 20599
1672060625294 1.8107890991172249 20649
1672060639536 1.8905074261517614 20699
1672060653782 1.325360428849765 20749
1672060668178 1.590333483959377 20799
1672060692802 1.6016804372415308 20849
1672060707176 1.5403387707333929 20899
1672060721573 1.7119186061673608 20949
1672060735831 1.759834574981595 20999
1672060760610 1.6894828846435117 21049
1672060774848 1.6630408724251304 21099
1672060789257 1.4779197838216895 21149
1672060803491 1.7024131515274175 21199
1672060817716 1.358756059973411 21249
1672060842707 1.6088292699642623 21299
1672060857012 1.2150430120505293 21349
1672060871331 1.7096200753907311 21399
1672060885597 1.7624484879220117 21449
1672060910456 1.56600854661377 21499
1672060924849 1.3519223561935558 21549
1672060939090 1.662274453286217 21599
1672060953337 1.178562676037496 21649
1672060967562 0.42417548385679277 21699
1672060992747 1.3439051154744535 21749
1672061007011 1.4818118255607469 21799
1672061021251 1.469464622509309 21849
1672061035511 1.6592360572692484 21899
1672061060188 1.6845543228851483 21949
1672061074436 1.4272433896931065 21999
1672061088977 1.5984967999714783 22049
1672061103378 1.5157868153245206 22099
1672061127829 1.371440074864279 22149
1672061142057 1.249562484376272 22199
1672061156276 0.8979451560729864 22249
1672061170486 1.6319226920979353 22299
1672061184692 1.6438027803902877 22349
1672061209373 1.9768941237186521 22399
1672061223918 1.4472903973922877 22449
1672061238184 1.1076601167067506 22499
1672061252466 1.3444555296501763 22549
1672061277430 1.794187138864546 22599
1672061291694 1.4931689972619437 22649
1672061305934 1.4805943910619952 22699
1672061320167 1.5526059034942046 22749
1672061344763 1.2754419796666703 22799
1672061359136 1.6315147016811689 22849
1672061373507 1.2273101590915911 22899
1672061387728 1.4837534392904714 22949
1672061401977 1.3252201036678435 22999
1672061426813 1.6825786775969584 23049
1672061441135 1.5818105412311787 23099
1672061455604 1.4873670737119657 23149
1672061469993 1.304073742460576 23199
1672061494819 1.6648780138292754 23249
1672061509079 1.792350747348883 23299
1672061523348 1.5272382157651165 23349
1672061537597 1.4829733091808461 23399
1672061562084 1.230725392640061 23449
1672061576298 1.3315827985884359 23499
1672061590545 1.9476013977710618 23549
1672061605038 1.5992327770543673 23599
1672061619274 1.506372459917357 23649
1672061644420 1.6108675190680584 23699
1672061658722 1.730985003343708 23749
1672061673145 1.6926580628904477 23799
1672061687445 1.424170456372602 23849
1672061712024 1.2294008150535523 23899
1672061726276 1.582863220065707 23949
1672061740778 1.6624863858853356 23999
1672061754993 1.5745711105878577 24049
1672061779805 2.062986511825752 24099
1672061794145 1.5393347490554903 24149
1672061808452 1.4687533920734117 24199
1672061822755 0.9525782788500126 24249
1672061837061 1.0974132301785968 24299
1672061861880 1.309878148065799 24349
1672061876128 1.4507840791183837 24399
1672061890665 1.2374325500014933 24449
1672061905049 1.5699315855056155 24499
1672061929914 1.733739083084912 24549
1672061944159 1.256578243008685 24599
1672061958420 1.612372039718485 24649
1672061972653 1.4273734815351042 24699
1672061997207 1.379816608123566 24749
1672062011806 1.3113862287361815 24799
1672062026283 1.7452140408671668 24849
1672062040587 1.9089634625823069 24899
1672062054898 1.5491989253199194 24949
1672062079773 1.545070567856565 24999
1672062094065 1.2830487415478136 25049
1672062108334 1.793458513950135 25099
1672062122595 1.6555888273981225 25149
1672062147373 1.8309286097908701 25199
1672062161649 1.2973528910971615 25249
1672062175945 1.2580549752799015 25299
1672062190215 1.5317330553141766 25349
1672062214992 1.56313190984713 25399
1672062229257 1.706473941445114 25449
1672062243547 1.2671259832093993 25499
1672062257956 1.5592905262393313 25549
1672062272347 1.5511320020168666 25599
1672062297193 1.3135981025501824 25649
1672062311458 1.0874520534358945 25699
1672062325708 1.703540711162358 25749
1672062339975 1.3242076224421084 25799
1672062364535 1.3542485060240073 25849
1672062379057 1.4751865087013758 25899
1672062393424 1.8851485036416624 25949
1672062407664 1.2371469268595479 25999
1672062432461 1.3686862290657735 26049
1672062446700 1.4416333203403244 26099
1672062460916 1.3540436891719085 26149
1672062475118 1.2847998215864278 26199
1672062489616 1.4890547941818277 26249
1672062514177 1.7833048718173756 26299
1672062528592 1.6219481476987587 26349
1672062542924 1.760118174059804 26399
1672062557326 1.3528394552403413 26449
1672062581903 1.4439737234402767 26499
1672062596100 1.0714685442910608 26549
1672062610339 1.6969173789234466 26599
1672062624844 1.5503268620687078 26649
1672062649428 1.6814233944800643 26699
1672062663661 1.346063127692437 26749
1672062678013 1.5647068139564138 26799
1672062692225 1.5774336793755046 26849
1672062706553 1.6303126055560997 26899
1672062731045 1.6180088350268589 26949
1672062745565 1.6114174546218623 26999
1672062759823 1.7471956424737067 27049
1672062774106 1.5150908156045912 27099
1672062798923 1.6125257438525038 27149
1672062813214 1.4503481812248995 27199
1672062827506 1.1032546750858854 27249
1672062841822 1.870861489744224 27299
1672062866525 1.5756020819094254 27349
1672062880900 1.3403628626204092 27399
1672062895277 1.7663418072879085 27449
1672062909526 1.4730064877440145 27499
1672062923771 1.5677046397049117 27549
1672062948561 1.4271071444950958 27599
1672062962828 1.0423220574444905 27649
1672062977115 1.4622151124685359 27699
1672062991498 1.8428065303264995 27749
1672063016236 1.5857944528216916 27799
1672063030733 1.3169526862987484 27849
1672063045020 1.9925812906757772 27899
1672063059462 1.346082864545218 27949
1672063085179 1.2006226011744587 27999
1672063099431 1.551397145345218 28049
1672063113668 1.6656606608820037 28099
1672063128228 1.6800774268998617 28149
1672063142677 1.587490075700261 28199
1672063167267 1.3768673166497123 28249
1672063181562 1.3671980408124664 28299
1672063195962 1.2249078400647375 28349
1672063210236 1.3833867748402233 28399
1672063235204 1.4415582908668656 28449
1672063249615 1.1485544465445436 28499
1672063263878 1.3599064348306606 28549
1672063278267 1.2663543281564764 28599
1672063302787 2.1053912297361883 28649
1672063317156 1.6227134470942741 28699
1672063331590 1.5682945237188726 28749
1672063345890 1.2374573709259848 28799
1672063360186 1.4654613670088978 28849
1672063384959 1.3766441426476206 28899
1672063399351 1.3493841281466918 28949
1672063413593 1.3278455978217651 28999
1672063427981 1.5891421952578413 29049
1672063452789 1.2360348118447593 29099
1672063467173 1.5380000974141077 29149
1672063481403 1.6365083862078977 29199
1672063495806 1.472001772562088 29249
1672063520483 1.17870020640841 29299
1672063534770 1.5034993563975918 29349
1672063549202 1.1195749369910177 29399
1672063563645 1.323982339514015 29449
1672063577944 1.242551994850058 29499
1672063602581 1.717198610372773 29549
1672063616988 1.405610393253375 29599
1672063631368 1.9948591609818858 29649
1672063645608 1.703001028240807 29699
1672063670482 1.5197889954727768 29749
1672063684711 1.7675209685094795 29799
1672063699065 1.3968418962565585 29849
1672063713322 1.6109147905795949 29899
1672063737918 1.1960996871050107 29949
1672063752324 1.2707721927450462 29999
1672063766744 1.0256076364893334 30049
1672063780993 1.5310624006154683 30099
1672063795386 1.8044644604334152 30149
1672063819978 2.2988540031499367 30199
1672063834243 1.4861463059556854 30249
1672063848629 1.4657654262401425 30299
1672063863020 1.6174676296940111 30349
1672063887784 1.570935167218387 30399
1672063902126 1.0033318443134842 30449
1672063916599 1.695212647865746 30499
1672063930945 1.7389502485230781 30549
1672063955661 1.0848969842666731 30599
1672063970151 1.6995617933363945 30649
1672063984522 1.737416817435607 30699
1672063999007 1.8472404379490792 30749
1672064013371 1.3373809254696059 30799
1672064037983 1.3859209625984987 30849
1672064052519 1.6625196145805592 30899
1672064066730 1.3931150367640877 30949
1672064081118 1.3346445598374943 30999
1672064105592 1.3380886533409935 31049
1672064119829 1.61485680913424 31099
1672064134240 1.4832385311550234 31149
1672064148460 1.7002021898294115 31199
1672064173228 0.8683782177602699 31249
1672064187603 1.4770398587379148 31299
1672064202047 1.248841283145904 31349
1672064216296 1.7651173872026145 31399
1672064230533 1.3820596465925505 31449
1672064255458 1.4335907159046029 31499
1672064269822 1.8897262408593156 31549
1672064284183 1.7841277011258163 31599
1672064298517 1.1785375085815928 31649
1672064323506 1.3148962113434282 31699
1672064337795 1.6097983950938461 31749
1672064352228 1.0651980966305161 31799
1672064366500 2.0997282546280562 31849
1672064391357 1.5070353252314228 31899
1672064405693 1.6273365912743556 31949
1672064420001 1.225753947171843 31999
1672064434300 1.6231940952548438 32049
1672064448729 1.92349994231676 32099
1672064473598 1.8770605301763927 32149
1672064488116 1.6248390860955473 32199
1672064502369 1.390117062929983 32249
1672064516602 1.151255695356131 32299
1672064541359 1.246123229520434 32349
1672064555603 1.737404945460359 32399
1672064569993 1.6311718754609346 32449
1672064584379 1.4968579574034537 32499
1672064598667 1.139715678502406 32549
