1672053600570 0.6666666865348816 49
1672053615026 0.4583333432674408 99
1672053629810 0.512499988079071 149
1672053644586 0.6875 199
1672053669651 0.7083333134651184 249
1672053684122 0.5416666865348816 299
1672053698462 0.7500000596046448 349
1672053712817 0.5666667222976685 399
1672053738027 0.6499999761581421 449
1672053752423 0.7291666865348816 499
1672053766815 0.5083333253860474 549
1672053781542 0.4375 599
1672053796112 0.5416666865348816 649
1672053821055 0.5625 699
1672053835478 0.7249999642372131 749
1672053849904 0.5625 799
1672053864482 0.375 849
1672053889516 0.5833333730697632 899
1672053904158 0.5874999761581421 949
1672053918782 0.5416666865348816 999
1672053933404 0.625 1049
1672053958583 0.6458333134651184 1099
1672053973012 0.625 1149
1672053987597 0.6875 1199
1672054002080 0.5625 1249
1672054016483 0.625 1299
1672054041908 0.9375 1349
1672054056700 0.8541666865348816 1399
1672054071093 0.5249999761581421 1449
1672054085567 0.6458333134651184 1499
1672054110743 0.6875000596046448 1549
1672054125193 0.550000011920929 1599
1672054139836 0.7291666865348816 1649
1672054154424 0.3125 1699
1672054179512 0.5446428656578064 1749
1672054194268 0.5833333730697632 1799
1672054208672 0.7333333492279053 1849
1672054223074 0.6946429014205933 1899
1672054237628 0.7916666865348816 1949
1672054262946 0.6666666865348816 1999
1672054277494 0.6875 2049
1672054291889 0.6666666865348816 2099
1672054306277 0.612500011920929 2149
1672054331627 0.7291666865348816 2199
1672054346092 0.5583333373069763 2249
1672054360538 0.4375 2299
1672054375051 0.6083333492279053 2349
1672054400364 0.5375000238418579 2399
1672054414917 0.875 2449
1672054429626 0.7916666865348816 2499
1672054444148 0.6041666865348816 2549
1672054458840 0.38333332538604736 2599
1672054484069 0.4166666865348816 2649
1672054498549 0.4333333373069763 2699
1672054513028 0.6041666269302368 2749
1672054527661 0.6000000238418579 2799
1672054552722 0.574999988079071 2849
1672054567365 0.2708333432674408 2899
1672054581989 0.5166666507720947 2949
1672054596602 0.6875 2999
1672054621600 0.6541666984558105 3049
1672054636207 0.5208333730697632 3099
1672054650650 0.5249999761581421 3149
1672054665078 0.5874999761581421 3199
1672054679888 0.6666666865348816 3249
1672054705198 0.625 3299
1672054719698 0.5583333373069763 3349
1672054734351 0.5 3399
1672054748846 0.4166666865348816 3449
1672054774170 0.8541666865348816 3499
1672054788626 0.9166666865348816 3549
1672054803083 0.5874999761581421 3599
1672054817701 0.875 3649
1672054842831 0.1666666716337204 3699
1672054857308 0.6708333492279053 3749
1672054871989 0.8125 3799
1672054886653 0.45000001788139343 3849
1672054901135 0.6250000596046448 3899
1672054926336 0.5416666865348816 3949
1672054940792 0.7166666984558105 3999
1672054955398 0.5625 4049
1672054969826 0.4583333432674408 4099
1672054995433 0.4583333432674408 4149
1672055010167 0.625 4199
1672055024887 0.625 4249
1672055039474 0.6904761791229248 4299
1672055064739 0.5833333730697632 4349
1672055079254 1.0 4399
1672055093847 0.4541666507720947 4449
1672055108313 0.6000000238418579 4499
1672055122903 0.4583333432674408 4549
1672055148220 0.6000000238418579 4599
1672055162824 0.699999988079071 4649
1672055177270 0.6041666865348816 4699
1672055191715 0.375 4749
1672055216992 0.5 4799
1672055231559 0.6166666746139526 4849
1672055245953 0.5333333611488342 4899
1672055260510 0.6875 4949
1672055285753 0.6458333134651184 4999
1672055300329 0.4375 5049
1672055314885 0.4375 5099
1672055329579 0.7916666865348816 5149
1672055344116 0.5285714268684387 5199
1672055369518 0.625 5249
1672055384205 0.8333333730697632 5299
1672055398723 0.7083333134651184 5349
1672055413428 0.5625 5399
1672055438912 0.3916666805744171 5449
1672055453361 0.8333333134651184 5499
1672055467968 0.8166666626930237 5549
1672055482489 0.4958333373069763 5599
1672055507733 0.5 5649
1672055522321 0.625 5699
1672055536954 0.5166666507720947 5749
1672055551557 0.8166667222976685 5799
1672055565990 0.6666666865348816 5849
1672055591322 0.6916667222976685 5899
1672055605761 0.75 5949
1672055620203 0.75 5999
1672055634649 0.4375 6049
1672055659652 0.28333333134651184 6099
1672055674314 0.4375 6149
1672055689030 0.2916666865348816 6199
1672055703938 0.6499999761581421 6249
1672055729191 0.7875000238418579 6299
1672055743638 0.5 6349
1672055758090 0.5333333015441895 6399
1672055772587 0.3125 6449
1672055787042 0.75 6499
1672055812480 0.9166666865348816 6549
1672055827052 0.7916666865348816 6599
1672055841473 0.5249999761581421 6649
1672055855896 0.5375000238418579 6699
1672055881169 0.8166666626930237 6749
1672055895630 0.5874999761581421 6799
1672055910085 0.5625 6849
1672055924700 0.8999999761581421 6899
1672055949987 0.75 6949
1672055964411 0.3791666626930237 6999
1672055978846 0.6666666865348816 7049
1672055993437 0.5 7099
1672056007874 0.8125 7149
1672056033267 0.6666666865348816 7199
1672056047819 0.6000000238418579 7249
1672056062307 0.625 7299
1672056077280 0.7875000238418579 7349
1672056102601 0.625 7399
1672056117045 0.5999999642372131 7449
1672056131464 0.2750000059604645 7499
1672056146050 0.5833333134651184 7549
1672056171289 0.5833333730697632 7599
1672056185695 0.75 7649
1672056200106 0.612500011920929 7699
1672056214531 0.22499999403953552 7749
1672056229453 0.4749999940395355 7799
1672056254563 0.3333333432674408 7849
1672056269007 0.8374999761581421 7899
1672056283624 0.4625000059604645 7949
1672056298075 0.6000000238418579 7999
1672056323367 0.699999988079071 8049
1672056338081 0.5416666865348816 8099
1672056352766 0.7541667222976685 8149
1672056367484 0.875 8199
1672056392640 0.4583333432674408 8249
1672056407197 0.6666666269302368 8299
1672056421770 0.7916666865348816 8349
1672056436333 0.3958333432674408 8399
1672056451052 0.46190476417541504 8449
1672056476406 0.5833333730697632 8499
1672056491088 0.5666666626930237 8549
1672056505678 0.574999988079071 8599
1672056520286 0.7249999642372131 8649
1672056545579 0.7250000238418579 8699
1672056560128 0.10000000149011612 8749
1672056574789 0.5 8799
1672056589214 0.875 8849
1672056614652 0.6916666626930237 8899
1672056629052 0.4375 8949
1672056643524 0.2666666805744171 8999
1672056658294 0.7333333492279053 9049
1672056672742 0.625 9099
1672056697821 0.9166666865348816 9149
1672056712398 0.875 9199
1672056726819 0.7541667222976685 9249
1672056741293 0.38749998807907104 9299
1672056766692 0.7833333015441895 9349
1672056781618 0.6875 9399
1672056796093 0.8541666865348816 9449
1672056810562 0.9375 9499
1672056835893 0.7916666865348816 9549
1672056850367 0.625 9599
1672056865020 0.574999988079071 9649
1672056879683 0.5416666865348816 9699
1672056894339 0.5416666865348816 9749
1672056919864 0.4166666865348816 9799
1672056934342 0.7833333015441895 9849
1672056948810 0.887499988079071 9899
1672056963274 0.6875 9949
1672056988731 0.6666666865348816 9999
1672057003326 0.625 10049
1672057017759 0.9166666865348816 10099
1672057032374 0.6458333730697632 10149
1672057057823 0.7708333730697632 10199
1672057072272 0.6666666865348816 10249
1672057086745 0.4833333492279053 10299
1672057101266 0.6041666865348816 10349
1672057115712 0.4166666865348816 10399
1672057141385 0.8541666865348816 10449
1672057155812 0.824999988079071 10499
1672057170226 0.5 10549
1672057184801 0.5625 10599
1672057210028 0.7291666865348816 10649
1672057224476 0.6619048118591309 10699
1672057238918 0.5666666626930237 10749
1672057253517 0.625 10799
1672057267802 0.5 10849
1672057293528 0.4583333730697632 10899
1672057308027 0.7749999761581421 10949
1672057322752 0.3333333134651184 10999
1672057337292 0.6708332896232605 11049
1672057362667 0.625 11099
1672057377309 0.42500001192092896 11149
1672057391802 0.6499999761581421 11199
1672057406291 0.6708332896232605 11249
1672057431818 0.6041666865348816 11299
1672057447127 0.5416666865348816 11349
1672057461639 0.5833333730697632 11399
1672057476323 0.6625000238418579 11449
1672057490812 0.7291666865348816 11499
1672057516281 0.699999988079071 11549
1672057530925 0.6666666865348816 11599
1672057545398 0.4791666865348816 11649
1672057560178 0.7916666865348816 11699
1672057585622 0.7083333134651184 11749
1672057600004 0.4166666865348816 11799
1672057614374 0.6875 11849
1672057628763 0.6083333492279053 11899
1672057653917 0.5625 11949
1672057668587 0.6000000238418579 11999
1672057683215 0.6916667222976685 12049
1672057697889 0.7291666865348816 12099
1672057712527 0.6666666865348816 12149
1672057737798 0.6208333373069763 12199
1672057752303 0.5541666746139526 12249
1672057766798 0.6499999761581421 12299
1672057781305 0.3333333432674408 12349
1672057806532 0.7678571343421936 12399
1672057821285 0.8333333730697632 12449
1672057835858 0.5833333730697632 12499
1672057850461 0.5 12549
1672057875639 0.6875 12599
1672057890096 0.6666666865348816 12649
1672057904543 0.75 12699
1672057919001 0.7916666865348816 12749
1672057933607 0.75 12799
1672057959180 0.8500000238418579 12849
1672057973666 0.6499999761581421 12899
1672057988279 0.5 12949
1672058002900 0.25 12999
1672058028160 0.7916666865348816 13049
1672058042643 0.699999988079071 13099
1672058057111 0.6666666865348816 13149
1672058071579 0.8125 13199
1672058097214 0.7916666865348816 13249
1672058111528 0.4124999940395355 13299
1672058125835 0.5625 13349
1672058140314 0.4541666507720947 13399
1672058154598 0.25 13449
1672058179487 0.7678571343421936 13499
1672058193968 0.6875 13549
1672058208558 0.8125 13599
1672058223006 0.6916667222976685 13649
1672058247777 0.6250000596046448 13699
1672058262181 0.5874999761581421 13749
1672058276586 0.6666666865348816 13799
1672058290860 0.7250000238418579 13849
1672058315478 0.9166666865348816 13899
1672058329712 0.4833333492279053 13949
1672058344024 0.6041666865348816 13999
1672058358252 0.625 14049
1672058372611 0.4124999940395355 14099
1672058397270 0.5041667222976685 14149
1672058411505 0.6000000238418579 14199
1672058425927 0.4208333492279053 14249
1672058440331 0.625 14299
1672058464999 0.625 14349
1672058479346 0.8374999761581421 14399
1672058493806 0.6499999761581421 14449
1672058508122 0.6875 14499
1672058532851 0.36250001192092896 14549
1672058547184 0.9375 14599
1672058561543 0.512499988079071 14649
1672058576060 0.6666666865348816 14699
1672058590434 1.0 14749
1672058615064 0.75 14799
1672058629428 0.6250000596046448 14849
1672058643664 0.5416666865348816 14899
1672058657900 0.5625 14949
1672058683008 0.5 14999
1672058697219 0.6666666865348816 15049
1672058711589 0.5625 15099
1672058725973 0.699999988079071 15149
1672058750395 0.3916666507720947 15199
1672058764778 0.42500001192092896 15249
1672058779030 0.4375 15299
1672058793236 0.6166666746139526 15349
1672058807461 0.44583335518836975 15399
1672058832320 0.3958333432674408 15449
1672058846548 0.7708333730697632 15499
1672058860780 0.875 15549
1672058874998 0.762499988079071 15599
1672058899571 0.5 15649
1672058913970 0.7833333611488342 15699
1672058928246 0.7416666746139526 15749
1672058942625 0.7916666865348816 15799
1672058967656 0.5 15849
1672058981982 0.6000000238418579 15899
1672058996303 0.4333333373069763 15949
1672059010630 0.4124999940395355 15999
1672059024979 0.5714285373687744 16049
1672059049728 0.625 16099
1672059064106 0.4166666865348816 16149
1672059078486 0.75 16199
1672059092733 0.40833333134651184 16249
1672059117512 0.375 16299
1672059132037 0.3333333432674408 16349
1672059146403 0.75 16399
1672059160750 0.5392857193946838 16449
1672059185603 0.6666666865348816 16499
1672059200027 0.5 16549
1672059214311 0.8374999761581421 16599
1672059228737 0.7083333730697632 16649
1672059243184 0.25 16699
1672059267674 0.512499988079071 16749
1672059281884 0.5 16799
1672059296112 0.8500000238418579 16849
1672059310347 0.7333333492279053 16899
1672059335050 0.949999988079071 16949
1672059349448 0.4583333730697632 16999
1672059363869 0.5375000238418579 17049
1672059378136 0.7916666865348816 17099
1672059402600 0.7541667222976685 17149
1672059416874 0.3499999940395355 17199
1672059431100 0.6875 17249
1672059445341 0.5208333730697632 17299
1672059459783 0.5416666865348816 17349
1672059484930 0.5208333730697632 17399
1672059499293 0.7208333015441895 17449
1672059513538 0.6916666626930237 17499
1672059527774 0.6666666865348816 17549
1672059552462 1.0 17599
1672059566731 0.6583333611488342 17649
1672059581139 0.9166666865348816 17699
1672059595705 0.8125 17749
1672059620469 0.6583333015441895 17799
1672059634725 0.8374999761581421 17849
1672059648961 0.8125 17899
1672059663197 0.4583333432674408 17949
1672059677409 0.5 17999
1672059702168 0.5833333134651184 18049
1672059716667 0.9375 18099
1672059731293 0.8125 18149
1672059745527 0.8041666746139526 18199
1672059770259 0.5833333134651184 18249
1672059784559 0.7708333134651184 18299
1672059798812 0.5 18349
1672059813057 0.4375 18399
1672059837762 0.4791666865348816 18449
1672059852317 0.8333333730697632 18499
1672059866705 0.6666666865348816 18549
1672059880989 0.5833333730697632 18599
1672059895220 0.637499988079071 18649
1672059919741 0.5666666626930237 18699
1672059934042 0.7083333134651184 18749
1672059948314 0.8333333730697632 18799
1672059962844 0.8041666746139526 18849
1672059987587 1.0 18899
1672060002002 0.574999988079071 18949
1672060016272 0.9017857313156128 18999
1672060030546 0.3928571343421936 19049
1672060055078 0.4583333730697632 19099
1672060069472 0.6875 19149
1672060083741 0.512499988079071 19199
1672060098146 0.8999999761581421 19249
1672060112535 0.3958333432674408 19299
1672060137190 0.7875000238418579 19349
1672060151554 0.7875000238418579 19399
1672060165794 0.949999988079071 19449
1672060180034 0.7333333492279053 19499
1672060204634 0.6166666746139526 19549
1672060219037 0.887499988079071 19599
1672060233244 0.625 19649
1672060299652 0.5625 19699
1672060324510 0.6499999761581421 19749
1672060338965 0.8541666865348816 19799
1672060353249 0.699999988079071 19849
1672060367533 0.6291666626930237 19899
1672060381800 0.7083333134651184 19949
1672060407013 0.8166666626930237 19999
1672060421310 0.7708333730697632 20049
1672060435610 0.875 20099
1672060449927 0.40000003576278687 20149
1672060474879 0.6499999761581421 20199
1672060489229 0.5833333730697632 20249
1672060503791 0.8333333134651184 20299
1672060518129 0.875 20349
1672060543101 0.8541666865348816 20399
1672060557378 0.6875 20449
1672060571796 0.4791666865348816 20499
1672060586053 0.4833333194255829 20549
1672060600451 0.5 20599
1672060625294 0.6666666865348816 20649
1672060639536 0.5458333492279053 20699
1672060653782 0.4166666865348816 20749
1672060668178 0.5625 20799
1672060692802 0.49166667461395264 20849
1672060707176 0.5416666865348816 20899
1672060721573 0.7291666865348816 20949
1672060735831 0.7458333373069763 20999
1672060760610 0.8541666865348816 21049
1672060774848 0.8374999761581421 21099
1672060789257 0.7124999761581421 21149
1672060803491 0.6666666865348816 21199
1672060817716 0.6875 21249
1672060842707 0.7749999761581421 21299
1672060857012 0.550000011920929 21349
1672060871331 0.4166666865348816 21399
1672060885597 0.4791666865348816 21449
1672060910456 0.5625 21499
1672060924849 0.5249999761581421 21549
1672060939090 0.5416666865348816 21599
1672060953337 0.8374999761581421 21649
1672060967562 0.0 21699
1672060992747 0.6499999761581421 21749
1672061007011 0.6041666865348816 21799
1672061021251 0.9166666865348816 21849
1672061035511 0.6416666507720947 21899
1672061060188 0.6666666865348816 21949
1672061074436 0.4333333373069763 21999
1672061088977 0.6041666865348816 22049
1672061103378 0.7291666865348816 22099
1672061127829 0.7083333730697632 22149
1672061142057 0.5 22199
1672061156276 0.625 22249
1672061170486 0.5 22299
1672061184692 0.375 22349
1672061209373 0.7708333134651184 22399
1672061223918 0.8125 22449
1672061238184 0.42499998211860657 22499
1672061252466 0.699999988079071 22549
1672061277430 0.6666666865348816 22599
1672061291694 0.6666666865348816 22649
1672061305934 0.6666666865348816 22699
1672061320167 0.42500001192092896 22749
1672061344763 0.875 22799
1672061359136 0.4833333492279053 22849
1672061373507 0.4583333432674408 22899
1672061387728 0.5833333730697632 22949
1672061401977 0.7708333134651184 22999
1672061426813 0.7416666746139526 23049
1672061441135 0.6000000238418579 23099
1672061455604 0.5833333730697632 23149
1672061469993 0.6875 23199
1672061494819 0.637499988079071 23249
1672061509079 0.125 23299
1672061523348 0.6666666865348816 23349
1672061537597 0.5833333730697632 23399
1672061562084 0.4583333432674408 23449
1672061576298 0.8333333134651184 23499
1672061590545 0.5416666865348816 23549
1672061605038 0.4791666865348816 23599
1672061619274 0.6666666865348816 23649
1672061644420 0.8500000238418579 23699
1672061658722 0.7083333730697632 23749
1672061673145 0.5333333611488342 23799
1672061687445 0.8666666746139526 23849
1672061712024 0.887499988079071 23899
1672061726276 0.75 23949
1672061740778 0.8125 23999
1672061754993 0.949999988079071 24049
1672061779805 0.6875 24099
1672061794145 1.0 24149
1672061808452 0.5416666865348816 24199
1672061822755 0.8333333730697632 24249
1672061837061 0.5833333730697632 24299
1672061861880 0.6041666865348816 24349
1672061876128 0.8333333730697632 24399
1672061890665 0.6666666865348816 24449
1672061905049 0.75 24499
1672061929914 0.5 24549
1672061944159 0.625 24599
1672061958420 0.5 24649
1672061972653 0.5684523582458496 24699
1672061997207 0.6666666865348816 24749
1672062011806 0.375 24799
1672062026283 0.5333333611488342 24849
1672062040587 0.625 24899
1672062054898 0.75 24949
1672062079773 0.6208333373069763 24999
1672062094065 0.6875 25049
1672062108334 0.7303571701049805 25099
1672062122595 0.3125 25149
1672062147373 0.4791666865348816 25199
1672062161649 0.625 25249
1672062175945 0.7083333730697632 25299
1672062190215 0.7749999761581421 25349
1672062214992 0.6666666865348816 25399
1672062229257 0.7124999761581421 25449
1672062243547 0.875 25499
1672062257956 0.5833333134651184 25549
1672062272347 0.75 25599
1672062297193 0.9375 25649
1672062311458 0.8333333134651184 25699
1672062325708 0.5833333730697632 25749
1672062339975 0.4166666865348816 25799
1672062364535 0.5833333730697632 25849
1672062379057 0.7916666865348816 25899
1672062393424 0.4583333432674408 25949
1672062407664 0.8125 25999
1672062432461 0.75 26049
1672062446700 0.4166666865348816 26099
1672062460916 0.5 26149
1672062475118 0.4375 26199
1672062489616 0.48750001192092896 26249
1672062514177 0.625 26299
1672062528592 0.9166666865348816 26349
1672062542924 0.5083333253860474 26399
1672062557326 0.6499999761581421 26449
1672062581903 0.4375 26499
1672062596100 0.7916666865348816 26549
1672062610339 0.5625 26599
1672062624844 0.5208333730697632 26649
1672062649428 0.6458333730697632 26699
1672062663661 0.875 26749
1672062678013 0.574999988079071 26799
1672062692225 0.7124999761581421 26849
1672062706553 0.6708332896232605 26899
1672062731045 0.6666666865348816 26949
1672062745565 0.4000000059604645 26999
1672062759823 0.4375 27049
1672062774106 0.75 27099
1672062798923 0.8999999761581421 27149
1672062813214 0.625 27199
1672062827506 0.4375 27249
1672062841822 0.4791666865348816 27299
1672062866525 0.824999988079071 27349
1672062880900 0.7749999761581421 27399
1672062895277 0.675000011920929 27449
1672062909526 0.7916666865348816 27499
1672062923771 0.7250000238418579 27549
1672062948561 0.5833333730697632 27599
1672062962828 0.6041666865348816 27649
1672062977115 0.6083333492279053 27699
1672062991498 0.3333333432674408 27749
1672063016236 0.6791666746139526 27799
1672063030733 0.5416666865348816 27849
1672063045020 0.75 27899
1672063059462 0.4333333373069763 27949
1672063085179 0.5833333730697632 27999
1672063099431 0.6904762387275696 28049
1672063113668 0.7083333134651184 28099
1672063128228 1.0 28149
1672063142677 0.6666666865348816 28199
1672063167267 0.5625 28249
1672063181562 0.5 28299
1672063195962 0.7916666865348816 28349
1672063210236 0.7749999761581421 28399
1672063235204 0.8666666746139526 28449
1672063249615 0.7708333730697632 28499
1672063263878 0.5416666865348816 28549
1672063278267 0.699999988079071 28599
1672063302787 0.8999999761581421 28649
1672063317156 0.7416666746139526 28699
1672063331590 0.5166666507720947 28749
1672063345890 0.3125 28799
1672063360186 0.6875 28849
1672063384959 0.6875 28899
1672063399351 0.8333333730697632 28949
1672063413593 0.625 28999
1672063427981 0.9375 29049
1672063452789 0.25 29099
1672063467173 0.4749999940395355 29149
1672063481403 0.5625 29199
1672063495806 0.699999988079071 29249
1672063520483 0.6041666269302368 29299
1672063534770 0.574999988079071 29349
1672063549202 0.8333333730697632 29399
1672063563645 0.699999988079071 29449
1672063577944 0.5 29499
1672063602581 0.7250000238418579 29549
1672063616988 0.7291666865348816 29599
1672063631368 0.8374999761581421 29649
1672063645608 0.5874999761581421 29699
1672063670482 0.6625000238418579 29749
1672063684711 0.3125 29799
1672063699065 0.8333333134651184 29849
1672063713322 0.6041666865348816 29899
1672063737918 0.7083333134651184 29949
1672063752324 0.7083333730697632 29999
1672063766744 0.887499988079071 30049
1672063780993 0.887499988079071 30099
1672063795386 0.7416666746139526 30149
1672063819978 0.4791666865348816 30199
1672063834243 0.5833333134651184 30249
1672063848629 0.8333333730697632 30299
1672063863020 0.5416666865348816 30349
1672063887784 0.6250000596046448 30399
1672063902126 0.875 30449
1672063916599 0.625 30499
1672063930945 0.8541666865348816 30549
1672063955661 0.25 30599
1672063970151 0.6083333492279053 30649
1672063984522 0.6041666865348816 30699
1672063999007 0.875 30749
1672064013371 0.75 30799
1672064037983 0.6041666865348816 30849
1672064052519 0.625 30899
1672064066730 0.7749999761581421 30949
1672064081118 0.6499999761581421 30999
1672064105592 0.7083333730697632 31049
1672064119829 0.9166666865348816 31099
1672064134240 0.36250001192092896 31149
1672064148460 0.4124999940395355 31199
1672064173228 1.0 31249
1672064187603 0.7083333730697632 31299
1672064202047 0.40833333134651184 31349
1672064216296 0.5833333730697632 31399
1672064230533 0.375 31449
1672064255458 0.4583333432674408 31499
1672064269822 0.6083332896232605 31549
1672064284183 0.6166666746139526 31599
1672064298517 0.8333333730697632 31649
1672064323506 1.0 31699
1672064337795 0.5416666865348816 31749
1672064352228 0.5 31799
1672064366500 0.6458333134651184 31849
1672064391357 0.6291666626930237 31899
1672064405693 0.3750000298023224 31949
1672064420001 0.8541666865348816 31999
1672064434300 0.5416666865348816 32049
1672064448729 0.8452380895614624 32099
1672064473598 0.6875 32149
1672064488116 0.6833333373069763 32199
1672064502369 0.7291666865348816 32249
1672064516602 1.0 32299
1672064541359 0.5208333730697632 32349
1672064555603 0.5 32399
1672064569993 0.5833333730697632 32449
1672064584379 0.625 32499
1672064598667 0.25 32549
