1672053659418 1.6755083634168195 216
1672053732494 1.6418378678340684 433
1672053806183 1.639479742539031 650
1672053879481 1.6389236350697445 867
1672053953510 1.6319671598939387 1084
1672054027161 1.6286412991181398 1301
1672054101020 1.6224212779207743 1518
1672054174701 1.6198251664394936 1735
1672054248617 1.6126567382695167 1952
1672054322042 1.6041889170099204 2169
1672054395834 1.6023368368066155 2386
1672054469976 1.6072673603174858 2603
1672054543540 1.5975656697735605 2820
1672054617351 1.6009490401862432 3037
1672054691226 1.5956072704217787 3254
1672054765327 1.5903389428405785 3471
1672054838891 1.5899171579292066 3688
1672054912838 1.5863478967526266 3905
1672054986688 1.5819749079598255 4122
1672055061101 1.5805937444553058 4339
1672055134898 1.5813716652189866 4556
1672055208713 1.5779502534877525 4773
1672055282409 1.5826836990819764 4990
1672055356574 1.5757654656977864 5207
1672055430698 1.5796213601583167 5424
1672055504621 1.5720209499207203 5641
1672055578706 1.5747484554860889 5858
1672055651914 1.5753532373258758 6075
1672055726398 1.5717945814950902 6292
1672055800008 1.5687025487814759 6509
1672055873739 1.5721104229101255 6726
1672055947461 1.5686827600708235 6943
1672056021152 1.5692582604180358 7160
1672056095438 1.5700969818170545 7377
1672056169004 1.565991321404122 7594
1672056242818 1.5618919603509975 7811
1672056316519 1.5662703482849183 8028
1672056390677 1.564468005976293 8245
1672056464971 1.558982316932934 8462
1672056539036 1.563944742401951 8679
1672056613042 1.5606734326477583 8896
1672056686654 1.5588681142881233 9113
1672056760404 1.5572423986327109 9330
1672056834524 1.559335233316878 9547
1672056908889 1.5610934617574839 9764
1672056982590 1.5535072357037216 9981
1672057056738 1.5571443216859013 10198
1672057130483 1.5568063849808598 10415
1672057204342 1.5542741811057097 10632
1672057278088 1.550577336585575 10849
1672057352293 1.549493368983171 11066
1672057426406 1.5546852195401124 11283
1672057501124 1.548432508397881 11500
1672057575572 1.5497327891734252 11717
1672057648778 1.5466361334354346 11934
1672057723088 1.5510919515197588 12151
1672057796799 1.5506558210795347 12368
1672057870777 1.5468893004787172 12585
1672057944636 1.5443100472829747 12802
1672058018677 1.545535455016741 13019
1672058092577 1.5418293791391946 13236
1672058165562 1.5469395368226562 13453
1672058238775 1.5405257851321557 13670
1672058311377 1.5454790306099218 13887
1672058383564 1.5453189974126789 14104
1672058456178 1.5408340167454182 14321
1672058529048 1.5397225912562267 14538
1672058601683 1.5360823164705204 14755
1672058674479 1.538510175495798 14972
1672058746848 1.537867130486631 15189
1672058819081 1.5404982199505657 15406
1672058891443 1.5379638580916566 15623
1672058964208 1.5381232336218937 15840
1672059036923 1.536700829039748 16057
1672059109626 1.5365599196556017 16274
1672059182458 1.5338516247233542 16491
1672059255246 1.5340738200650212 16708
1672059327485 1.5316348122474093 16925
1672059399838 1.5328870159822223 17142
1672059472497 1.5357997312164824 17359
1672059545120 1.5338852094383715 17576
1672059617999 1.5356469369282744 17793
1672059690314 1.5337758727160933 18010
1672059763264 1.5291369361439813 18227
1672059835595 1.5303400452354001 18444
1672059908131 1.5342241633320288 18661
1672059980748 1.5300284703506022 18878
1672060053242 1.5328599331249677 19095
1672060125951 1.5282419854252796 19312
1672060198225 1.529796504500741 19529
1672060322650 1.5278197052813696 19746
1672060395871 1.528969573922116 19963
1672060468682 1.53056568682317 20180
1672060541782 1.5286153126624398 20397
1672060614545 1.5307473852085318 20614
1672060686942 1.5291051089097938 20831
1672060759534 1.5240257646405184 21048
1672060832162 1.5302601634798805 21265
1672060904745 1.5241896797047525 21482
1672060977615 1.5251434492042695 21699
1672061049893 1.5254974267524848 21916
1672061122518 1.5228542477853593 22133
1672061194694 1.5230505564140786 22350
1672061267567 1.5248069071079908 22567
1672061339786 1.5254856648479183 22784
1672061412287 1.5242263247060215 23001
1672061485108 1.5251147154918965 23218
1672061557349 1.5222956297452326 23435
1672061630103 1.522283273595427 23652
1672061702748 1.5217662431364438 23869
1672061775239 1.5237914398599592 24086
1672061848032 1.52197133533118 24303
1672061920749 1.523419160342284 24520
1672061993057 1.520099798760409 24737
1672062066046 1.5181489752630883 24954
1672062138668 1.5205501949314417 25171
1672062211135 1.5208038390138034 25388
1672062283896 1.5225615374984778 25605
1672062356066 1.5200037604290404 25822
1672062428850 1.5169756185951242 26039
1672062501171 1.51954399928696 26256
1672062573814 1.5149432613638225 26473
1672062646133 1.5159848683415988 26690
1672062718358 1.516751752337409 26907
1672062791072 1.5146996792440857 27124
1672062863513 1.513122921683444 27341
1672062936128 1.5149950419831058 27558
1672063008605 1.5158082519160927 27775
1672063082434 1.5133293532215506 27992
1672063155094 1.5176467068436044 28209
1672063227783 1.5153886621151116 28426
1672063300357 1.512956389956861 28643
1672063372988 1.5134842866789153 28860
1672063445704 1.5093567054034687 29077
1672063518218 1.5111496884415978 29294
1672063591039 1.5139031148820015 29511
1672063663650 1.5163170437487636 29728
1672063736048 1.513075857614933 29945
1672063808632 1.5119037805525624 30162
1672063881209 1.51114303434427 30379
1672063954093 1.5123226430491543 30596
1672064026969 1.5073646608309892 30813
1672064099453 1.5107069646819828 31030
1672064171910 1.5097713683576983 31247
1672064244552 1.510567368401586 31464
1672064317564 1.5120435581401406 31681
1672064390305 1.5130738000473396 31898
1672064463231 1.508953181931216 32115
1672064535747 1.506083883728915 32332
1672064608479 1.5094245209616601 32549
