1672053659418 0.5737146139144897 216
1672053732494 0.5914602875709534 433
1672053806183 0.5905147194862366 650
1672053879481 0.6034227609634399 867
1672053953510 0.6031901240348816 1084
1672054027161 0.5898595452308655 1301
1672054101020 0.5847756266593933 1518
1672054174701 0.5814793705940247 1735
1672054248617 0.594027042388916 1952
1672054322042 0.598270058631897 2169
1672054395834 0.5900962948799133 2386
1672054469976 0.6026396155357361 2603
1672054543540 0.5964106917381287 2820
1672054617351 0.5964863300323486 3037
1672054691226 0.6017395853996277 3254
1672054765327 0.6004018187522888 3471
1672054838891 0.5990021824836731 3688
1672054912838 0.5986512303352356 3905
1672054986688 0.6091576814651489 4122
1672055061101 0.6089375019073486 4339
1672055134898 0.6107349395751953 4556
1672055208713 0.6075254678726196 4773
1672055282409 0.6108505725860596 4990
1672055356574 0.6135122776031494 5207
1672055430698 0.6109537482261658 5424
1672055504621 0.6143283843994141 5641
1672055578706 0.6116047501564026 5858
1672055651914 0.6190847158432007 6075
1672055726398 0.6231034398078918 6292
1672055800008 0.6202008724212646 6509
1672055873739 0.6295223832130432 6726
1672055947461 0.622251570224762 6943
1672056021152 0.6265138387680054 7160
1672056095438 0.6201858520507812 7377
1672056169004 0.61812824010849 7594
1672056242818 0.627858579158783 7811
1672056316519 0.6303330659866333 8028
1672056390677 0.62640780210495 8245
1672056464971 0.6268771290779114 8462
1672056539036 0.6300317049026489 8679
1672056613042 0.6256895065307617 8896
1672056686654 0.6176217198371887 9113
1672056760404 0.6288852095603943 9330
1672056834524 0.6358780264854431 9547
1672056908889 0.6255215406417847 9764
1672056982590 0.6408092379570007 9981
1672057056738 0.6356565356254578 10198
1672057130483 0.637467622756958 10415
1672057204342 0.6290022134780884 10632
1672057278088 0.6358630061149597 10849
1672057352293 0.6363707184791565 11066
1672057426406 0.627173125743866 11283
1672057501124 0.6432948112487793 11500
1672057575572 0.6267601847648621 11717
1672057648778 0.6341632604598999 11934
1672057723088 0.628413200378418 12151
1672057796799 0.6372693777084351 12368
1672057870777 0.6524979472160339 12585
1672057944636 0.63590008020401 12802
1672058018677 0.6332066655158997 13019
1672058092577 0.648011326789856 13236
1672058165562 0.6373575329780579 13453
1672058238775 0.6486032009124756 13670
1672058311377 0.637127697467804 13887
1672058383564 0.6490173935890198 14104
1672058456178 0.6394206881523132 14321
1672058529048 0.6486732959747314 14538
1672058601683 0.6357142329216003 14755
1672058674479 0.6441784501075745 14972
1672058746848 0.6419225931167603 15189
1672058819081 0.6405587196350098 15406
1672058891443 0.6545856595039368 15623
1672058964208 0.6462882161140442 15840
1672059036923 0.6360307931900024 16057
1672059109626 0.636003315448761 16274
1672059182458 0.6410927772521973 16491
1672059255246 0.639333963394165 16708
1672059327485 0.6501679420471191 16925
1672059399838 0.6428681015968323 17142
1672059472497 0.6479589343070984 17359
1672059545120 0.6432865858078003 17576
1672059617999 0.638951301574707 17793
1672059690314 0.6480264663696289 18010
1672059763264 0.6554940938949585 18227
1672059835595 0.6463913917541504 18444
1672059908131 0.6375406980514526 18661
1672059980748 0.6547895073890686 18878
1672060053242 0.6416845917701721 19095
1672060125951 0.6452917456626892 19312
1672060198225 0.6419818997383118 19529
1672060322650 0.6696420311927795 19746
1672060395871 0.6456317901611328 19963
1672060468682 0.6619020700454712 20180
1672060541782 0.6500385999679565 20397
1672060614545 0.640733540058136 20614
1672060686942 0.6351582407951355 20831
1672060759534 0.6656633615493774 21048
1672060832162 0.6371621489524841 21265
1672060904745 0.6599753499031067 21482
1672060977615 0.6399697065353394 21699
1672061049893 0.6637380123138428 21916
1672061122518 0.6545085310935974 22133
1672061194694 0.644427478313446 22350
1672061267567 0.6523259878158569 22567
1672061339786 0.6525805592536926 22784
1672061412287 0.6468510627746582 23001
1672061485108 0.6561188697814941 23218
1672061557349 0.6520423889160156 23435
1672061630103 0.6601898074150085 23652
1672061702748 0.6689402461051941 23869
1672061775239 0.6582314968109131 24086
1672061848032 0.6435177326202393 24303
1672061920749 0.6596147418022156 24520
1672061993057 0.6514561176300049 24737
1672062066046 0.6518222093582153 24954
1672062138668 0.64554363489151 25171
1672062211135 0.6471043229103088 25388
1672062283896 0.6572145223617554 25605
1672062356066 0.6510761976242065 25822
1672062428850 0.6531020402908325 26039
1672062501171 0.6540021896362305 26256
1672062573814 0.6622130274772644 26473
1672062646133 0.6553041934967041 26690
1672062718358 0.6653069257736206 26907
1672062791072 0.6632342338562012 27124
1672062863513 0.6448211669921875 27341
1672062936128 0.6519694328308105 27558
1672063008605 0.6537750363349915 27775
1672063082434 0.6599518060684204 27992
1672063155094 0.6457845568656921 28209
1672063227783 0.6546476483345032 28426
1672063300357 0.6605726480484009 28643
1672063372988 0.6539210081100464 28860
1672063445704 0.6528654098510742 29077
1672063518218 0.658001720905304 29294
1672063591039 0.6675089001655579 29511
1672063663650 0.6621016263961792 29728
1672063736048 0.6686512231826782 29945
1672063808632 0.6696380972862244 30162
1672063881209 0.6504114866256714 30379
1672063954093 0.6592513918876648 30596
1672064026969 0.6542527079582214 30813
1672064099453 0.6487089991569519 31030
1672064171910 0.6521828174591064 31247
1672064244552 0.667279064655304 31464
1672064317564 0.6605436205863953 31681
1672064390305 0.6584241390228271 31898
1672064463231 0.6445362567901611 32115
1672064535747 0.6577566266059875 32332
1672064608479 0.656079113483429 32549
