1672053600570 0.78125 49
1672053615026 0.75 99
1672053629810 0.875 149
1672053644586 0.875 199
1672053669651 0.8125 249
1672053684122 0.875 299
1672053698462 0.8125 349
1672053712817 0.75 399
1672053738027 0.875 449
1672053752423 0.84375 499
1672053766815 0.71875 549
1672053781542 0.71875 599
1672053796112 0.78125 649
1672053821055 0.75 699
1672053835478 0.75 749
1672053849904 0.65625 799
1672053864482 0.71875 849
1672053889516 0.75 899
1672053904158 0.78125 949
1672053918782 0.84375 999
1672053933404 0.75 1049
1672053958583 0.71875 1099
1672053973012 0.875 1149
1672053987597 0.90625 1199
1672054002080 0.8125 1249
1672054016483 0.90625 1299
1672054041908 0.9375 1349
1672054056700 0.78125 1399
1672054071093 0.75 1449
1672054085567 0.8125 1499
1672054110743 0.84375 1549
1672054125193 0.71875 1599
1672054139836 0.84375 1649
1672054154424 0.6875 1699
1672054179512 0.71875 1749
1672054194268 0.78125 1799
1672054208672 0.875 1849
1672054223074 0.75 1899
1672054237628 0.875 1949
1672054262946 0.8125 1999
1672054277494 0.8125 2049
1672054291889 0.84375 2099
1672054306277 0.8125 2149
1672054331627 0.75 2199
1672054346092 0.6875 2249
1672054360538 0.78125 2299
1672054375051 0.78125 2349
1672054400364 0.71875 2399
1672054414917 0.90625 2449
1672054429626 0.84375 2499
1672054444148 0.78125 2549
1672054458840 0.65625 2599
1672054484069 0.90625 2649
1672054498549 0.78125 2699
1672054513028 0.78125 2749
1672054527661 0.75 2799
1672054552722 0.75 2849
1672054567365 0.65625 2899
1672054581989 0.8125 2949
1672054596602 0.84375 2999
1672054621600 0.75 3049
1672054636207 0.8125 3099
1672054650650 0.75 3149
1672054665078 0.78125 3199
1672054679888 0.8125 3249
1672054705198 0.75 3299
1672054719698 0.71875 3349
1672054734351 0.8125 3399
1672054748846 0.71875 3449
1672054774170 0.90625 3499
1672054788626 0.96875 3549
1672054803083 0.71875 3599
1672054817701 0.875 3649
1672054842831 0.78125 3699
1672054857308 0.6875 3749
1672054871989 0.90625 3799
1672054886653 0.78125 3849
1672054901135 0.8125 3899
1672054926336 0.6875 3949
1672054940792 0.78125 3999
1672054955398 0.8125 4049
1672054969826 0.8125 4099
1672054995433 0.71875 4149
1672055010167 0.78125 4199
1672055024887 0.78125 4249
1672055039474 0.78125 4299
1672055064739 0.84375 4349
1672055079254 0.96875 4399
1672055093847 0.75 4449
1672055108313 0.78125 4499
1672055122903 0.6875 4549
1672055148220 0.78125 4599
1672055162824 0.875 4649
1672055177270 0.78125 4699
1672055191715 0.8125 4749
1672055216992 0.8125 4799
1672055231559 0.75 4849
1672055245953 0.75 4899
1672055260510 0.75 4949
1672055285753 0.75 4999
1672055300329 0.8125 5049
1672055314885 0.75 5099
1672055329579 0.875 5149
1672055344116 0.65625 5199
1672055369518 0.8125 5249
1672055384205 0.875 5299
1672055398723 0.8125 5349
1672055413428 0.71875 5399
1672055438912 0.65625 5449
1672055453361 0.84375 5499
1672055467968 0.90625 5549
1672055482489 0.59375 5599
1672055507733 0.8125 5649
1672055522321 0.84375 5699
1672055536954 0.71875 5749
1672055551557 0.84375 5799
1672055565990 0.8125 5849
1672055591322 0.8125 5899
1672055605761 0.90625 5949
1672055620203 0.78125 5999
1672055634649 0.75 6049
1672055659652 0.6875 6099
1672055674314 0.6875 6149
1672055689030 0.75 6199
1672055703938 0.84375 6249
1672055729191 0.78125 6299
1672055743638 0.75 6349
1672055758090 0.65625 6399
1672055772587 0.71875 6449
1672055787042 0.8125 6499
1672055812480 0.9375 6549
1672055827052 0.90625 6599
1672055841473 0.75 6649
1672055855896 0.71875 6699
1672055881169 0.875 6749
1672055895630 0.78125 6799
1672055910085 0.8125 6849
1672055924700 0.875 6899
1672055949987 0.875 6949
1672055964411 0.75 6999
1672055978846 0.75 7049
1672055993437 0.875 7099
1672056007874 0.90625 7149
1672056033267 0.8125 7199
1672056047819 0.78125 7249
1672056062307 0.875 7299
1672056077280 0.84375 7349
1672056102601 0.8125 7399
1672056117045 0.6875 7449
1672056131464 0.75 7499
1672056146050 0.84375 7549
1672056171289 0.71875 7599
1672056185695 0.90625 7649
1672056200106 0.71875 7699
1672056214531 0.71875 7749
1672056229453 0.6875 7799
1672056254563 0.75 7849
1672056269007 0.78125 7899
1672056283624 0.875 7949
1672056298075 0.75 7999
1672056323367 0.84375 8049
1672056338081 0.84375 8099
1672056352766 0.78125 8149
1672056367484 0.875 8199
1672056392640 0.75 8249
1672056407197 0.78125 8299
1672056421770 0.90625 8349
1672056436333 0.6875 8399
1672056451052 0.78125 8449
1672056476406 0.84375 8499
1672056491088 0.78125 8549
1672056505678 0.84375 8599
1672056520286 0.875 8649
1672056545579 0.8125 8699
1672056560128 0.84375 8749
1672056574789 0.71875 8799
1672056589214 0.9375 8849
1672056614652 0.8125 8899
1672056629052 0.78125 8949
1672056643524 0.75 8999
1672056658294 0.84375 9049
1672056672742 0.78125 9099
1672056697821 0.9375 9149
1672056712398 0.875 9199
1672056726819 0.84375 9249
1672056741293 0.75 9299
1672056766692 0.8125 9349
1672056781618 0.875 9399
1672056796093 0.84375 9449
1672056810562 0.90625 9499
1672056835893 0.90625 9549
1672056850367 0.875 9599
1672056865020 0.75 9649
1672056879683 0.875 9699
1672056894339 0.875 9749
1672056919864 0.75 9799
1672056934342 0.875 9849
1672056948810 0.875 9899
1672056963274 0.84375 9949
1672056988731 0.8125 9999
1672057003326 0.75 10049
1672057017759 0.9375 10099
1672057032374 0.78125 10149
1672057057823 0.90625 10199
1672057072272 0.75 10249
1672057086745 0.78125 10299
1672057101266 0.8125 10349
1672057115712 0.8125 10399
1672057141385 0.875 10449
1672057155812 0.90625 10499
1672057170226 0.75 10549
1672057184801 0.75 10599
1672057210028 0.875 10649
1672057224476 0.8125 10699
1672057238918 0.75 10749
1672057253517 0.75 10799
1672057267802 0.625 10849
1672057293528 0.78125 10899
1672057308027 0.8125 10949
1672057322752 0.71875 10999
1672057337292 0.71875 11049
1672057362667 0.84375 11099
1672057377309 0.65625 11149
1672057391802 0.8125 11199
1672057406291 0.8125 11249
1672057431818 0.78125 11299
1672057447127 0.75 11349
1672057461639 0.8125 11399
1672057476323 0.8125 11449
1672057490812 0.875 11499
1672057516281 0.8125 11549
1672057530925 0.90625 11599
1672057545398 0.8125 11649
1672057560178 0.875 11699
1672057585622 0.8125 11749
1672057600004 0.875 11799
1672057614374 0.90625 11849
1672057628763 0.75 11899
1672057653917 0.6875 11949
1672057668587 0.78125 11999
1672057683215 0.75 12049
1672057697889 0.875 12099
1672057712527 0.78125 12149
1672057737798 0.78125 12199
1672057752303 0.84375 12249
1672057766798 0.71875 12299
1672057781305 0.65625 12349
1672057806532 0.84375 12399
1672057821285 0.9375 12449
1672057835858 0.78125 12499
1672057850461 0.78125 12549
1672057875639 0.84375 12599
1672057890096 0.84375 12649
1672057904543 0.90625 12699
1672057919001 0.875 12749
1672057933607 0.90625 12799
1672057959180 0.90625 12849
1672057973666 0.84375 12899
1672057988279 0.84375 12949
1672058002900 0.75 12999
1672058028160 0.875 13049
1672058042643 0.78125 13099
1672058057111 0.75 13149
1672058071579 0.90625 13199
1672058097214 0.90625 13249
1672058111528 0.75 13299
1672058125835 0.78125 13349
1672058140314 0.65625 13399
1672058154598 0.65625 13449
1672058179487 0.84375 13499
1672058193968 0.8125 13549
1672058208558 0.875 13599
1672058223006 0.78125 13649
1672058247777 0.84375 13699
1672058262181 0.78125 13749
1672058276586 0.84375 13799
1672058290860 0.78125 13849
1672058315478 0.90625 13899
1672058329712 0.78125 13949
1672058344024 0.6875 13999
1672058358252 0.78125 14049
1672058372611 0.78125 14099
1672058397270 0.875 14149
1672058411505 0.875 14199
1672058425927 0.625 14249
1672058440331 0.75 14299
1672058464999 0.71875 14349
1672058479346 0.90625 14399
1672058493806 0.875 14449
1672058508122 0.84375 14499
1672058532851 0.6875 14549
1672058547184 0.875 14599
1672058561543 0.6875 14649
1672058576060 0.84375 14699
1672058590434 0.90625 14749
1672058615064 0.8125 14799
1672058629428 0.78125 14849
1672058643664 0.71875 14899
1672058657900 0.78125 14949
1672058683008 0.875 14999
1672058697219 0.84375 15049
1672058711589 0.71875 15099
1672058725973 0.90625 15149
1672058750395 0.65625 15199
1672058764778 0.65625 15249
1672058779030 0.6875 15299
1672058793236 0.8125 15349
1672058807461 0.71875 15399
1672058832320 0.71875 15449
1672058846548 0.8125 15499
1672058860780 0.9375 15549
1672058874998 0.875 15599
1672058899571 0.6875 15649
1672058913970 0.84375 15699
1672058928246 0.8125 15749
1672058942625 0.84375 15799
1672058967656 0.875 15849
1672058981982 0.78125 15899
1672058996303 0.8125 15949
1672059010630 0.75 15999
1672059024979 0.75 16049
1672059049728 0.875 16099
1672059064106 0.90625 16149
1672059078486 0.875 16199
1672059092733 0.78125 16249
1672059117512 0.75 16299
1672059132037 0.78125 16349
1672059146403 0.84375 16399
1672059160750 0.75 16449
1672059185603 0.8125 16499
1672059200027 0.875 16549
1672059214311 0.8125 16599
1672059228737 0.875 16649
1672059243184 0.65625 16699
1672059267674 0.84375 16749
1672059281884 0.90625 16799
1672059296112 0.875 16849
1672059310347 0.875 16899
1672059335050 0.90625 16949
1672059349448 0.8125 16999
1672059363869 0.6875 17049
1672059378136 0.84375 17099
1672059402600 0.84375 17149
1672059416874 0.78125 17199
1672059431100 0.875 17249
1672059445341 0.78125 17299
1672059459783 0.8125 17349
1672059484930 0.75 17399
1672059499293 0.84375 17449
1672059513538 0.75 17499
1672059527774 0.9375 17549
1672059552462 0.96875 17599
1672059566731 0.78125 17649
1672059581139 0.90625 17699
1672059595705 0.8125 17749
1672059620469 0.84375 17799
1672059634725 0.875 17849
1672059648961 0.90625 17899
1672059663197 0.78125 17949
1672059677409 0.84375 17999
1672059702168 0.8125 18049
1672059716667 0.84375 18099
1672059731293 0.84375 18149
1672059745527 0.875 18199
1672059770259 0.8125 18249
1672059784559 0.78125 18299
1672059798812 0.84375 18349
1672059813057 0.8125 18399
1672059837762 0.75 18449
1672059852317 0.875 18499
1672059866705 0.875 18549
1672059880989 0.71875 18599
1672059895220 0.8125 18649
1672059919741 0.71875 18699
1672059934042 0.84375 18749
1672059948314 0.875 18799
1672059962844 0.84375 18849
1672059987587 0.96875 18899
1672060002002 0.84375 18949
1672060016272 0.84375 18999
1672060030546 0.625 19049
1672060055078 0.8125 19099
1672060069472 0.8125 19149
1672060083741 0.75 19199
1672060098146 0.90625 19249
1672060112535 0.75 19299
1672060137190 0.8125 19349
1672060151554 0.875 19399
1672060165794 0.96875 19449
1672060180034 0.8125 19499
1672060204634 0.71875 19549
1672060219037 0.90625 19599
1672060233244 0.84375 19649
1672060299652 0.78125 19699
1672060324510 0.78125 19749
1672060338965 0.84375 19799
1672060353249 0.84375 19849
1672060367533 0.78125 19899
1672060381800 0.90625 19949
1672060407013 0.84375 19999
1672060421310 0.78125 20049
1672060435610 0.9375 20099
1672060449927 0.71875 20149
1672060474879 0.78125 20199
1672060489229 0.75 20249
1672060503791 0.90625 20299
1672060518129 0.9375 20349
1672060543101 0.875 20399
1672060557378 0.8125 20449
1672060571796 0.6875 20499
1672060586053 0.84375 20549
1672060600451 0.78125 20599
1672060625294 0.78125 20649
1672060639536 0.65625 20699
1672060653782 0.71875 20749
1672060668178 0.75 20799
1672060692802 0.75 20849
1672060707176 0.75 20899
1672060721573 0.78125 20949
1672060735831 0.8125 20999
1672060760610 0.90625 21049
1672060774848 0.8125 21099
1672060789257 0.78125 21149
1672060803491 0.8125 21199
1672060817716 0.875 21249
1672060842707 0.8125 21299
1672060857012 0.84375 21349
1672060871331 0.65625 21399
1672060885597 0.75 21449
1672060910456 0.71875 21499
1672060924849 0.84375 21549
1672060939090 0.71875 21599
1672060953337 0.90625 21649
1672060967562 1.0 21699
1672060992747 0.84375 21749
1672061007011 0.8125 21799
1672061021251 0.90625 21849
1672061035511 0.75 21899
1672061060188 0.84375 21949
1672061074436 0.8125 21999
1672061088977 0.78125 22049
1672061103378 0.875 22099
1672061127829 0.84375 22149
1672061142057 0.875 22199
1672061156276 0.90625 22249
1672061170486 0.78125 22299
1672061184692 0.71875 22349
1672061209373 0.75 22399
1672061223918 0.90625 22449
1672061238184 0.75 22499
1672061252466 0.8125 22549
1672061277430 0.78125 22599
1672061291694 0.90625 22649
1672061305934 0.84375 22699
1672061320167 0.78125 22749
1672061344763 0.875 22799
1672061359136 0.71875 22849
1672061373507 0.75 22899
1672061387728 0.78125 22949
1672061401977 0.8125 22999
1672061426813 0.90625 23049
1672061441135 0.78125 23099
1672061455604 0.8125 23149
1672061469993 0.90625 23199
1672061494819 0.84375 23249
1672061509079 0.59375 23299
1672061523348 0.84375 23349
1672061537597 0.90625 23399
1672061562084 0.78125 23449
1672061576298 0.84375 23499
1672061590545 0.65625 23549
1672061605038 0.71875 23599
1672061619274 0.8125 23649
1672061644420 0.875 23699
1672061658722 0.84375 23749
1672061673145 0.71875 23799
1672061687445 0.875 23849
1672061712024 0.9375 23899
1672061726276 0.875 23949
1672061740778 0.90625 23999
1672061754993 0.875 24049
1672061779805 0.8125 24099
1672061794145 0.90625 24149
1672061808452 0.78125 24199
1672061822755 0.9375 24249
1672061837061 0.84375 24299
1672061861880 0.875 24349
1672061876128 0.875 24399
1672061890665 0.84375 24449
1672061905049 0.78125 24499
1672061929914 0.78125 24549
1672061944159 0.9375 24599
1672061958420 0.8125 24649
1672061972653 0.78125 24699
1672061997207 0.8125 24749
1672062011806 0.90625 24799
1672062026283 0.8125 24849
1672062040587 0.75 24899
1672062054898 0.875 24949
1672062079773 0.8125 24999
1672062094065 0.96875 25049
1672062108334 0.78125 25099
1672062122595 0.6875 25149
1672062147373 0.625 25199
1672062161649 0.875 25249
1672062175945 0.875 25299
1672062190215 0.84375 25349
1672062214992 0.84375 25399
1672062229257 0.75 25449
1672062243547 0.84375 25499
1672062257956 0.875 25549
1672062272347 0.9375 25599
1672062297193 0.96875 25649
1672062311458 0.90625 25699
1672062325708 0.84375 25749
1672062339975 0.75 25799
1672062364535 0.8125 25849
1672062379057 0.78125 25899
1672062393424 0.71875 25949
1672062407664 0.90625 25999
1672062432461 0.875 26049
1672062446700 0.78125 26099
1672062460916 0.84375 26149
1672062475118 0.78125 26199
1672062489616 0.78125 26249
1672062514177 0.75 26299
1672062528592 0.90625 26349
1672062542924 0.6875 26399
1672062557326 0.84375 26449
1672062581903 0.78125 26499
1672062596100 0.90625 26549
1672062610339 0.8125 26599
1672062624844 0.75 26649
1672062649428 0.78125 26699
1672062663661 0.90625 26749
1672062678013 0.8125 26799
1672062692225 0.875 26849
1672062706553 0.8125 26899
1672062731045 0.75 26949
1672062745565 0.84375 26999
1672062759823 0.71875 27049
1672062774106 0.90625 27099
1672062798923 0.90625 27149
1672062813214 0.875 27199
1672062827506 0.84375 27249
1672062841822 0.6875 27299
1672062866525 0.9375 27349
1672062880900 0.90625 27399
1672062895277 0.8125 27449
1672062909526 0.90625 27499
1672062923771 0.78125 27549
1672062948561 0.8125 27599
1672062962828 0.875 27649
1672062977115 0.8125 27699
1672062991498 0.6875 27749
1672063016236 0.78125 27799
1672063030733 0.8125 27849
1672063045020 0.84375 27899
1672063059462 0.75 27949
1672063085179 0.9375 27999
1672063099431 0.75 28049
1672063113668 0.875 28099
1672063128228 0.96875 28149
1672063142677 0.84375 28199
1672063167267 0.8125 28249
1672063181562 0.84375 28299
1672063195962 0.875 28349
1672063210236 0.875 28399
1672063235204 0.875 28449
1672063249615 0.90625 28499
1672063263878 0.8125 28549
1672063278267 0.8125 28599
1672063302787 0.9375 28649
1672063317156 0.90625 28699
1672063331590 0.75 28749
1672063345890 0.78125 28799
1672063360186 0.8125 28849
1672063384959 0.84375 28899
1672063399351 0.875 28949
1672063413593 0.84375 28999
1672063427981 0.875 29049
1672063452789 0.84375 29099
1672063467173 0.8125 29149
1672063481403 0.75 29199
1672063495806 0.8125 29249
1672063520483 0.84375 29299
1672063534770 0.78125 29349
1672063549202 0.875 29399
1672063563645 0.84375 29449
1672063577944 0.8125 29499
1672063602581 0.78125 29549
1672063616988 0.84375 29599
1672063631368 0.8125 29649
1672063645608 0.875 29699
1672063670482 0.8125 29749
1672063684711 0.75 29799
1672063699065 0.9375 29849
1672063713322 0.78125 29899
1672063737918 0.84375 29949
1672063752324 0.78125 29999
1672063766744 0.9375 30049
1672063780993 0.875 30099
1672063795386 0.75 30149
1672063819978 0.625 30199
1672063834243 0.78125 30249
1672063848629 0.90625 30299
1672063863020 0.78125 30349
1672063887784 0.875 30399
1672063902126 0.875 30449
1672063916599 0.71875 30499
1672063930945 0.875 30549
1672063955661 0.78125 30599
1672063970151 0.75 30649
1672063984522 0.9375 30699
1672063999007 0.84375 30749
1672064013371 0.8125 30799
1672064037983 0.78125 30849
1672064052519 0.75 30899
1672064066730 0.84375 30949
1672064081118 0.84375 30999
1672064105592 0.90625 31049
1672064119829 0.96875 31099
1672064134240 0.71875 31149
1672064148460 0.65625 31199
1672064173228 0.96875 31249
1672064187603 0.84375 31299
1672064202047 0.8125 31349
1672064216296 0.75 31399
1672064230533 0.75 31449
1672064255458 0.78125 31499
1672064269822 0.71875 31549
1672064284183 0.8125 31599
1672064298517 0.90625 31649
1672064323506 1.0 31699
1672064337795 0.75 31749
1672064352228 0.875 31799
1672064366500 0.78125 31849
1672064391357 0.8125 31899
1672064405693 0.71875 31949
1672064420001 0.9375 31999
1672064434300 0.8125 32049
1672064448729 0.8125 32099
1672064473598 0.75 32149
1672064488116 0.8125 32199
1672064502369 0.875 32249
1672064516602 0.90625 32299
1672064541359 0.84375 32349
1672064555603 0.8125 32399
1672064569993 0.78125 32449
1672064584379 0.78125 32499
1672064598667 0.875 32549
