1672053659418 0.7692196369171143 216
1672053732494 0.7807803750038147 433
1672053806183 0.7807803750038147 650
1672053879481 0.7807803750038147 867
1672053953510 0.7807803750038147 1084
1672054027161 0.7807803750038147 1301
1672054101020 0.7807803750038147 1518
1672054174701 0.7807803750038147 1735
1672054248617 0.7807803750038147 1952
1672054322042 0.7812138795852661 2169
1672054395834 0.7813583612442017 2386
1672054469976 0.7830924987792969 2603
1672054543540 0.7819364070892334 2820
1672054617351 0.7843930721282959 3037
1672054691226 0.7842485308647156 3254
1672054765327 0.7858381271362305 3471
1672054838891 0.7872832417488098 3688
1672054912838 0.788294792175293 3905
1672054986688 0.7904624342918396 4122
1672055061101 0.7920520305633545 4339
1672055134898 0.7946531772613525 4556
1672055208713 0.7891618609428406 4773
1672055282409 0.7955202460289001 4990
1672055356574 0.7939306497573853 5207
1672055430698 0.7960982918739319 5424
1672055504621 0.7962427735328674 5641
1672055578706 0.7946531772613525 5858
1672055651914 0.8007225394248962 6075
1672055726398 0.7997109889984131 6292
1672055800008 0.7998554706573486 6509
1672055873739 0.8017340898513794 6726
1672055947461 0.8041907548904419 6943
1672056021152 0.801300585269928 7160
1672056095438 0.8023121356964111 7377
1672056169004 0.7991329431533813 7594
1672056242818 0.8076589703559875 7811
1672056316519 0.8057803511619568 8028
1672056390677 0.8033236861228943 8245
1672056464971 0.8073699474334717 8462
1672056539036 0.8050578236579895 8679
1672056613042 0.8037572503089905 8896
1672056686654 0.809393048286438 9113
1672056760404 0.8089595437049866 9330
1672056834524 0.8070809245109558 9547
1672056908889 0.8056358098983765 9764
1672056982590 0.8067919015884399 9981
1672057056738 0.810693621635437 10198
1672057130483 0.8135837912559509 10415
1672057204342 0.8078034520149231 10632
1672057278088 0.811994194984436 10849
1672057352293 0.8114162087440491 11066
1672057426406 0.8102601170539856 11283
1672057501124 0.8140173554420471 11500
1672057575572 0.8132947683334351 11717
1672057648778 0.8131502866744995 11934
1672057723088 0.8118497133255005 12151
1672057796799 0.8147398829460144 12368
1672057870777 0.8154624104499817 12585
1672057944636 0.8132947683334351 12802
1672058018677 0.8140173554420471 13019
1672058092577 0.8164739608764648 13236
1672058165562 0.8102601170539856 13453
1672058238775 0.8173410296440125 13670
1672058311377 0.815606951713562 13887
1672058383564 0.8179190754890442 14104
1672058456178 0.814306378364563 14321
1672058529048 0.8160404562950134 14538
1672058601683 0.8177745938301086 14755
1672058674479 0.8171965479850769 14972
1672058746848 0.8166185021400452 15189
1672058819081 0.8158959746360779 15406
1672058891443 0.8200867176055908 15623
1672058964208 0.8176300525665283 15840
1672059036923 0.8176300525665283 16057
1672059109626 0.8179190754890442 16274
1672059182458 0.8157514333724976 16491
1672059255246 0.8193641901016235 16708
1672059327485 0.8184971213340759 16925
1672059399838 0.8200867176055908 17142
1672059472497 0.8192196488380432 17359
1672059545120 0.8195086717605591 17576
1672059617999 0.8193641901016235 17793
1672059690314 0.8189306259155273 18010
1672059763264 0.8196531534194946 18227
1672059835595 0.8219653367996216 18444
1672059908131 0.8158959746360779 18661
1672059980748 0.8221098184585571 18878
1672060053242 0.8147398829460144 19095
1672060125951 0.8206647634506226 19312
1672060198225 0.821098268032074 19529
1672060322650 0.8242774605751038 19746
1672060395871 0.8187861442565918 19963
1672060468682 0.8232659101486206 20180
1672060541782 0.8187861442565918 20397
1672060614545 0.8203757405281067 20614
1672060686942 0.8200867176055908 20831
1672060759534 0.8241329193115234 21048
1672060832162 0.8177745938301086 21265
1672060904745 0.8231213688850403 21482
1672060977615 0.8203757405281067 21699
1672061049893 0.8231213688850403 21916
1672061122518 0.824999988079071 22133
1672061194694 0.8203757405281067 22350
1672061267567 0.8218207955360413 22567
1672061339786 0.8219653367996216 22784
1672061412287 0.8222543597221375 23001
1672061485108 0.8213872909545898 23218
1672061557349 0.8231213688850403 23435
1672061630103 0.8232659101486206 23652
1672061702748 0.8274566531181335 23869
1672061775239 0.8221098184585571 24086
1672061848032 0.8228323459625244 24303
1672061920749 0.8235549330711365 24520
1672061993057 0.8264451026916504 24737
1672062066046 0.8234103918075562 24954
1672062138668 0.8215317726135254 25171
1672062211135 0.8226878643035889 25388
1672062283896 0.8247109651565552 25605
1672062356066 0.8206647634506226 25822
1672062428850 0.8270231485366821 26039
1672062501171 0.8238439559936523 26256
1672062573814 0.8261560797691345 26473
1672062646133 0.8252890110015869 26690
1672062718358 0.8258670568466187 26907
1672062791072 0.8257225155830383 27124
1672062863513 0.8239884376525879 27341
1672062936128 0.8263005614280701 27558
1672063008605 0.8255780339241028 27775
1672063082434 0.8265895843505859 27992
1672063155094 0.8252890110015869 28209
1672063227783 0.8244219422340393 28426
1672063300357 0.8263005614280701 28643
1672063372988 0.8244219422340393 28860
1672063445704 0.8257225155830383 29077
1672063518218 0.8276011347770691 29294
1672063591039 0.8270231485366821 29511
1672063663650 0.8263005614280701 29728
1672063736048 0.8264451026916504 29945
1672063808632 0.8267341256141663 30162
1672063881209 0.8261560797691345 30379
1672063954093 0.8273121118545532 30596
1672064026969 0.8247109651565552 30813
1672064099453 0.8251445293426514 31030
1672064171910 0.8271676301956177 31247
1672064244552 0.8284682035446167 31464
1672064317564 0.8277456760406494 31681
1672064390305 0.8261560797691345 31898
1672064463231 0.8254335522651672 32115
1672064535747 0.8276011347770691 32332
1672064608479 0.8280346989631653 32549
