1672053600570 0.6833333373069763 49
1672053615026 0.5833333730697632 99
1672053629810 0.60317462682724 149
1672053644586 0.7142857313156128 199
1672053669651 0.75 249
1672053684122 0.6166666746139526 299
1672053698462 0.7416666746139526 349
1672053712817 0.6166666746139526 399
1672053738027 0.5833333730697632 449
1672053752423 0.797619104385376 499
1672053766815 0.6138889193534851 549
1672053781542 0.5166666507720947 599
1672053796112 0.6166666746139526 649
1672053821055 0.5476190447807312 699
1672053835478 0.763888955116272 749
1672053849904 0.550000011920929 799
1672053864482 0.32499998807907104 849
1672053889516 0.6666666865348816 899
1672053904158 0.6111111640930176 949
1672053918782 0.5833333730697632 999
1672053933404 0.699999988079071 1049
1672053958583 0.7152777910232544 1099
1672053973012 0.6166666746139526 1149
1672053987597 0.6785714626312256 1199
1672054002080 0.6041666865348816 1249
1672054016483 0.6666666865348816 1299
1672054041908 0.9375 1349
1672054056700 0.6970238089561462 1399
1672054071093 0.6375000476837158 1449
1672054085567 0.6415584683418274 1499
1672054110743 0.7559524178504944 1549
1672054125193 0.6746032238006592 1599
1672054139836 0.7392857074737549 1649
1672054154424 0.3333333432674408 1699
1672054179512 0.4833333492279053 1749
1672054194268 0.6583333611488342 1799
1672054208672 0.8125 1849
1672054223074 0.7749999761581421 1899
1672054237628 0.8583333492279053 1949
1672054262946 0.7416666746139526 1999
1672054277494 0.7470238208770752 2049
1672054291889 0.6388888955116272 2099
1672054306277 0.7559523582458496 2149
1672054331627 0.6583333611488342 2199
1672054346092 0.6428571939468384 2249
1672054360538 0.511904776096344 2299
1672054375051 0.7083333730697632 2349
1672054400364 0.6904762387275696 2399
1672054414917 0.8809524178504944 2449
1672054429626 0.8388888835906982 2499
1672054444148 0.6333333849906921 2549
1672054458840 0.49642854928970337 2599
1672054484069 0.44999998807907104 2649
1672054498549 0.5178571343421936 2699
1672054513028 0.6625000238418579 2749
1672054527661 0.6597222089767456 2799
1672054552722 0.6578283309936523 2849
1672054567365 0.3392857313156128 2899
1672054581989 0.6097222566604614 2949
1672054596602 0.773809552192688 2999
1672054621600 0.7351190447807312 3049
1672054636207 0.5874999761581421 3099
1672054650650 0.6458333730697632 3149
1672054665078 0.6517857313156128 3199
1672054679888 0.625 3249
1672054705198 0.5892857313156128 3299
1672054719698 0.6761904954910278 3349
1672054734351 0.5568181872367859 3399
1672054748846 0.36666667461395264 3449
1672054774170 0.8785714507102966 3499
1672054788626 0.949999988079071 3549
1672054803083 0.7083333730697632 3599
1672054817701 0.8785714507102966 3649
1672054842831 0.20000000298023224 3699
1672054857308 0.6666666865348816 3749
1672054871989 0.8928571939468384 3799
1672054886653 0.5138888955116272 3849
1672054901135 0.7000000476837158 3899
1672054926336 0.6642857193946838 3949
1672054940792 0.7208333015441895 3999
1672054955398 0.6000000238418579 4049
1672054969826 0.5267857313156128 4099
1672054995433 0.5928571224212646 4149
1672055010167 0.735119104385376 4199
1672055024887 0.7500000596046448 4249
1672055039474 0.7939394116401672 4299
1672055064739 0.7249999642372131 4349
1672055079254 0.949999988079071 4399
1672055093847 0.5571428537368774 4449
1672055108313 0.7430556416511536 4499
1672055122903 0.5654761791229248 4549
1672055148220 0.6761904954910278 4599
1672055162824 0.7972222566604614 4649
1672055177270 0.7142857313156128 4699
1672055191715 0.5 4749
1672055216992 0.6000000238418579 4799
1672055231559 0.5928571224212646 4849
1672055245953 0.6857143044471741 4899
1672055260510 0.6388888955116272 4949
1672055285753 0.6875 4999
1672055300329 0.5392857193946838 5049
1672055314885 0.523809552192688 5099
1672055329579 0.7833333611488342 5149
1672055344116 0.625 5199
1672055369518 0.7666666507720947 5249
1672055384205 0.7416666746139526 5299
1672055398723 0.798701286315918 5349
1672055413428 0.5833333730697632 5399
1672055438912 0.48571428656578064 5449
1672055453361 0.7416666746139526 5499
1672055467968 0.887499988079071 5549
1672055482489 0.5 5599
1672055507733 0.49761903285980225 5649
1672055522321 0.6666666865348816 5699
1672055536954 0.6484127044677734 5749
1672055551557 0.8017857074737549 5799
1672055565990 0.7285714149475098 5849
1672055591322 0.762499988079071 5899
1672055605761 0.824999988079071 5949
1672055620203 0.773809552192688 5999
1672055634649 0.523809552192688 6049
1672055659652 0.3222222328186035 6099
1672055674314 0.5267857313156128 6149
1672055689030 0.36666667461395264 6199
1672055703938 0.7777778506278992 6249
1672055729191 0.7420635223388672 6299
1672055743638 0.5416666865348816 6349
1672055758090 0.5821428894996643 6399
1672055772587 0.40833333134651184 6449
1672055787042 0.826388955116272 6499
1672055812480 0.8666666746139526 6549
1672055827052 0.7833333611488342 6599
1672055841473 0.5375000238418579 6649
1672055855896 0.6071428656578064 6699
1672055881169 0.8597221970558167 6749
1672055895630 0.5952380895614624 6799
1672055910085 0.6416666507720947 6849
1672055924700 0.8865079879760742 6899
1672055949987 0.75 6949
1672055964411 0.4375 6999
1672055978846 0.6595238447189331 7049
1672055993437 0.5 7099
1672056007874 0.8500000238418579 7149
1672056033267 0.7714285850524902 7199
1672056047819 0.690079391002655 7249
1672056062307 0.625 7299
1672056077280 0.8392857313156128 7349
1672056102601 0.7416666746139526 7399
1672056117045 0.6791666746139526 7449
1672056131464 0.3303571343421936 7499
1672056146050 0.6439393758773804 7549
1672056171289 0.5976190567016602 7599
1672056185695 0.7833333611488342 7649
1672056200106 0.6726190447807312 7699
1672056214531 0.2916666865348816 7749
1672056229453 0.5357142686843872 7799
1672056254563 0.4333333373069763 7849
1672056269007 0.7250000238418579 7899
1672056283624 0.5684524178504944 7949
1672056298075 0.6666666269302368 7999
1672056323367 0.7972222566604614 8049
1672056338081 0.5809524059295654 8099
1672056352766 0.7416666746139526 8149
1672056367484 0.7916666865348816 8199
1672056392640 0.5083333253860474 8249
1672056407197 0.7142857313156128 8299
1672056421770 0.8166666626930237 8349
1672056436333 0.4642857313156128 8399
1672056451052 0.5305556058883667 8449
1672056476406 0.6833333373069763 8499
1672056491088 0.6041666865348816 8549
1672056505678 0.7222222685813904 8599
1672056520286 0.826388955116272 8649
1672056545579 0.8095238208770752 8699
1672056560128 0.1428571492433548 8749
1672056574789 0.5791667103767395 8799
1672056589214 0.9285714626312256 8849
1672056614652 0.737500011920929 8899
1672056629052 0.49761903285980225 8949
1672056643524 0.2857142686843872 8999
1672056658294 0.7767857313156128 9049
1672056672742 0.7147727608680725 9099
1672056697821 0.9142857193946838 9149
1672056712398 0.8660714626312256 9199
1672056726819 0.8184523582458496 9249
1672056741293 0.4888888895511627 9299
1672056766692 0.7166666984558105 9349
1672056781618 0.7976190447807312 9399
1672056796093 0.747619092464447 9449
1672056810562 0.8785714507102966 9499
1672056835893 0.8666666746139526 9549
1672056850367 0.7083333730697632 9599
1672056865020 0.7192460298538208 9649
1672056879683 0.6166666746139526 9699
1672056894339 0.6166666746139526 9749
1672056919864 0.44999998807907104 9799
1672056934342 0.7638888955116272 9849
1672056948810 0.8875000476837158 9899
1672056963274 0.7559524178504944 9949
1672056988731 0.7595238089561462 9999
1672057003326 0.5833333730697632 10049
1672057017759 0.949999988079071 10099
1672057032374 0.6666666865348816 10149
1672057057823 0.8642857074737549 10199
1672057072272 0.6642857193946838 10249
1672057086745 0.5416666865348816 10299
1672057101266 0.6142857074737549 10349
1672057115712 0.4166666865348816 10399
1672057141385 0.8452381491661072 10449
1672057155812 0.8472222089767456 10499
1672057170226 0.550000011920929 10549
1672057184801 0.5333333015441895 10599
1672057210028 0.7892857193946838 10649
1672057224476 0.7708333730697632 10699
1672057238918 0.6814394593238831 10749
1672057253517 0.6666666865348816 10799
1672057267802 0.5 10849
1672057293528 0.5666666626930237 10899
1672057308027 0.7208333611488342 10949
1672057322752 0.37012988328933716 10999
1672057337292 0.6458333730697632 11049
1672057362667 0.6666666865348816 11099
1672057377309 0.5595238208770752 11149
1672057391802 0.7708333730697632 11199
1672057406291 0.75 11249
1672057431818 0.7000000476837158 11299
1672057447127 0.4583333730697632 11349
1672057461639 0.7083333730697632 11399
1672057476323 0.773809552192688 11449
1672057490812 0.797619104385376 11499
1672057516281 0.6722222566604614 11549
1672057530925 0.699999988079071 11599
1672057545398 0.4809523820877075 11649
1672057560178 0.8439394235610962 11699
1672057585622 0.6809524297714233 11749
1672057600004 0.44999998807907104 11799
1672057614374 0.7142857313156128 11849
1672057628763 0.6541666984558105 11899
1672057653917 0.6666666865348816 11949
1672057668587 0.5359848737716675 11999
1672057683215 0.73333340883255 12049
1672057697889 0.797619104385376 12099
1672057712527 0.6071428656578064 12149
1672057737798 0.72817462682724 12199
1672057752303 0.6365079283714294 12249
1672057766798 0.6309524178504944 12299
1672057781305 0.3976190686225891 12349
1672057806532 0.7651515603065491 12399
1672057821285 0.8999999761581421 12449
1672057835858 0.6583333611488342 12499
1672057850461 0.5 12549
1672057875639 0.6309524178504944 12599
1672057890096 0.6666666865348816 12649
1672057904543 0.8333333730697632 12699
1672057919001 0.8517857193946838 12749
1672057933607 0.8333333730697632 12799
1672057959180 0.8928571343421936 12849
1672057973666 0.6875 12899
1672057988279 0.5392857193946838 12949
1672058002900 0.2916666865348816 12999
1672058028160 0.8333333730697632 13049
1672058042643 0.7192460894584656 13099
1672058057111 0.6642857193946838 13149
1672058071579 0.8309524059295654 13199
1672058097214 0.8333333730697632 13249
1672058111528 0.4928571581840515 13299
1672058125835 0.6059523820877075 13349
1672058140314 0.5690476298332214 13399
1672058154598 0.2678571343421936 13449
1672058179487 0.8068181872367859 13499
1672058193968 0.7267857193946838 13549
1672058208558 0.8452380895614624 13599
1672058223006 0.7803571224212646 13649
1672058247777 0.7333333492279053 13699
1672058262181 0.699999988079071 13749
1672058276586 0.6041666865348816 13799
1672058290860 0.776388943195343 13849
1672058315478 0.8333333730697632 13899
1672058329712 0.5166666507720947 13949
1672058344024 0.6636905074119568 13999
1672058358252 0.7053571343421936 14049
1672058372611 0.523809552192688 14099
1672058397270 0.6017857193946838 14149
1672058411505 0.6428571343421936 14199
1672058425927 0.4375 14249
1672058440331 0.5333333611488342 14299
1672058464999 0.5 14349
1672058479346 0.908730149269104 14399
1672058493806 0.6875 14449
1672058508122 0.7665584683418274 14499
1672058532851 0.3958333134651184 14549
1672058547184 0.797619104385376 14599
1672058561543 0.6666666865348816 14649
1672058576060 0.699999988079071 14699
1672058590434 0.8888888955116272 14749
1672058615064 0.7522727251052856 14799
1672058629428 0.699999988079071 14849
1672058643664 0.5833333730697632 14899
1672058657900 0.6821428537368774 14949
1672058683008 0.550000011920929 14999
1672058697219 0.7250000238418579 15049
1672058711589 0.4791666865348816 15099
1672058725973 0.7000000476837158 15149
1672058750395 0.4642857015132904 15199
1672058764778 0.476190447807312 15249
1672058779030 0.4583333730697632 15299
1672058793236 0.6916667222976685 15349
1672058807461 0.5625 15399
1672058832320 0.4333333373069763 15449
1672058846548 0.747619092464447 15499
1672058860780 0.8939394354820251 15549
1672058874998 0.8304473757743835 15599
1672058899571 0.5541666746139526 15649
1672058913970 0.8500000238418579 15699
1672058928246 0.8222222328186035 15749
1672058942625 0.7698413133621216 15799
1672058967656 0.5416666865348816 15849
1672058981982 0.6428571343421936 15899
1672058996303 0.5178571343421936 15949
1672059010630 0.4928571581840515 15999
1672059024979 0.5611110925674438 16049
1672059049728 0.638888955116272 16099
1672059064106 0.44999998807907104 16149
1672059078486 0.8095238208770752 16199
1672059092733 0.4900793731212616 16249
1672059117512 0.4523809552192688 16299
1672059132037 0.4166666865348816 16349
1672059146403 0.7817460298538208 16399
1672059160750 0.6196581125259399 16449
1672059185603 0.6499999761581421 16499
1672059200027 0.5416666865348816 16549
1672059214311 0.7892857193946838 16599
1672059228737 0.8035714626312256 16649
1672059243184 0.2750000059604645 16699
1672059267674 0.60317462682724 16749
1672059281884 0.574999988079071 16799
1672059296112 0.8095238208770752 16849
1672059310347 0.8125 16899
1672059335050 0.8531745672225952 16949
1672059349448 0.6166666746139526 16999
1672059363869 0.6095238327980042 17049
1672059378136 0.7595238089561462 17099
1672059402600 0.8309524059295654 17149
1672059416874 0.4583333730697632 17199
1672059431100 0.6642857193946838 17249
1672059445341 0.4541666507720947 17299
1672059459783 0.5522727370262146 17349
1672059484930 0.636904776096344 17399
1672059499293 0.7847222089767456 17449
1672059513538 0.7000000476837158 17499
1672059527774 0.699999988079071 17549
1672059552462 0.949999988079071 17599
1672059566731 0.6555556058883667 17649
1672059581139 0.824999988079071 17699
1672059595705 0.8071428537368774 17749
1672059620469 0.72817462682724 17799
1672059634725 0.8740079402923584 17849
1672059648961 0.8809524178504944 17899
1672059663197 0.5 17949
1672059677409 0.5222222208976746 17999
1672059702168 0.6000000238418579 18049
1672059716667 0.7785714268684387 18099
1672059731293 0.800000011920929 18149
1672059745527 0.8865079283714294 18199
1672059770259 0.7083333730697632 18249
1672059784559 0.7041667103767395 18299
1672059798812 0.5 18349
1672059813057 0.512499988079071 18399
1672059837762 0.5571428537368774 18449
1672059852317 0.7916666865348816 18499
1672059866705 0.75 18549
1672059880989 0.6535714268684387 18599
1672059895220 0.7388888597488403 18649
1672059919741 0.6345238089561462 18699
1672059934042 0.7916666865348816 18749
1672059948314 0.8374999761581421 18799
1672059962844 0.8309524059295654 18849
1672059987587 0.9166666865348816 18899
1672060002002 0.550000011920929 18949
1672060016272 0.8557692170143127 18999
1672060030546 0.3693181872367859 19049
1672060055078 0.5666666626930237 19099
1672060069472 0.7059524059295654 19149
1672060083741 0.5222222805023193 19199
1672060098146 0.9217171669006348 19249
1672060112535 0.41428571939468384 19299
1672060137190 0.7946428656578064 19349
1672060151554 0.8571428656578064 19399
1672060165794 0.9722222089767456 19449
1672060180034 0.7541666626930237 19499
1672060204634 0.6916666626930237 19549
1672060219037 0.9007936716079712 19599
1672060233244 0.638888955116272 19649
1672060299652 0.6416667103767395 19699
1672060324510 0.6722222566604614 19749
1672060338965 0.8017857074737549 19799
1672060353249 0.638888955116272 19849
1672060367533 0.7502706050872803 19899
1672060381800 0.810606062412262 19949
1672060407013 0.7708333730697632 19999
1672060421310 0.7420635223388672 20049
1672060435610 0.9166666865348816 20099
1672060449927 0.5416666865348816 20149
1672060474879 0.7559524178504944 20199
1672060489229 0.5595238208770752 20249
1672060503791 0.8500000238418579 20299
1672060518129 0.875 20349
1672060543101 0.8309524059295654 20399
1672060557378 0.75 20449
1672060571796 0.512499988079071 20499
1672060586053 0.5814393758773804 20549
1672060600451 0.5833333730697632 20599
1672060625294 0.6916666626930237 20649
1672060639536 0.6101190447807312 20699
1672060653782 0.49166667461395264 20749
1672060668178 0.5392857193946838 20799
1672060692802 0.5151515007019043 20849
1672060707176 0.5416666865348816 20899
1672060721573 0.7000000476837158 20949
1672060735831 0.7510822415351868 20999
1672060760610 0.8309524059295654 21049
1672060774848 0.7892857193946838 21099
1672060789257 0.7208333611488342 21149
1672060803491 0.75 21199
1672060817716 0.637499988079071 21249
1672060842707 0.7803571224212646 21299
1672060857012 0.615079402923584 21349
1672060871331 0.38333335518836975 21399
1672060885597 0.5 21449
1672060910456 0.672619104385376 21499
1672060924849 0.6041666865348816 21549
1672060939090 0.6428571939468384 21599
1672060953337 0.9017857313156128 21649
1672060967562 0.0 21699
1672060992747 0.7708333730697632 21749
1672061007011 0.6809523701667786 21799
1672061021251 0.8309524059295654 21849
1672061035511 0.6761904954910278 21899
1672061060188 0.6222222447395325 21949
1672061074436 0.5178571343421936 21999
1672061088977 0.6309524178504944 22049
1672061103378 0.797619104385376 22099
1672061127829 0.7416666746139526 22149
1672061142057 0.5833333730697632 22199
1672061156276 0.6666666865348816 22249
1672061170486 0.6189393997192383 22299
1672061184692 0.46666669845581055 22349
1672061209373 0.6796537041664124 22399
1672061223918 0.8309524059295654 22449
1672061238184 0.5095238089561462 22499
1672061252466 0.6888889074325562 22549
1672061277430 0.7500000596046448 22599
1672061291694 0.7833333611488342 22649
1672061305934 0.5833333730697632 22699
1672061320167 0.5 22749
1672061344763 0.7724359035491943 22799
1672061359136 0.5803571343421936 22849
1672061373507 0.44999998807907104 22899
1672061387728 0.7000000476837158 22949
1672061401977 0.6892857551574707 22999
1672061426813 0.8388888835906982 23049
1672061441135 0.6666666865348816 23099
1672061455604 0.7095237970352173 23149
1672061469993 0.6865079402923584 23199
1672061494819 0.6597222089767456 23249
1672061509079 0.1428571343421936 23299
1672061523348 0.7416666746139526 23349
1672061537597 0.6499999761581421 23399
1672061562084 0.5666666626930237 23449
1672061576298 0.7309524416923523 23499
1672061590545 0.5416666865348816 23549
1672061605038 0.5392857193946838 23599
1672061619274 0.7059524059295654 23649
1672061644420 0.8740079402923584 23699
1672061658722 0.7833333611488342 23749
1672061673145 0.6333333849906921 23799
1672061687445 0.8500000238418579 23849
1672061712024 0.9365079402923584 23899
1672061726276 0.8333333730697632 23949
1672061740778 0.8809524178504944 23999
1672061754993 0.838888943195343 24049
1672061779805 0.7708333730697632 24099
1672061794145 0.8999999761581421 24149
1672061808452 0.625 24199
1672061822755 0.8999999761581421 24249
1672061837061 0.6250000596046448 24299
1672061861880 0.6642857193946838 24349
1672061876128 0.8428571224212646 24399
1672061890665 0.7749999761581421 24449
1672061905049 0.5939394235610962 24499
1672061929914 0.6583333611488342 24549
1672061944159 0.6309524178504944 24599
1672061958420 0.6166666746139526 24649
1672061972653 0.6785714626312256 24699
1672061997207 0.7166666984558105 24749
1672062011806 0.4285714328289032 24799
1672062026283 0.5666667222976685 24849
1672062040587 0.6160714626312256 24899
1672062054898 0.8333333730697632 24949
1672062079773 0.7321428656578064 24999
1672062094065 0.7142857313156128 25049
1672062108334 0.7978896498680115 25099
1672062122595 0.40952378511428833 25149
1672062147373 0.5166666507720947 25199
1672062161649 0.5892857313156128 25249
1672062175945 0.7666667103767395 25299
1672062190215 0.8452381491661072 25349
1672062214992 0.7642857432365417 25399
1672062229257 0.7222222089767456 25449
1672062243547 0.7189394235610962 25499
1672062257956 0.574999988079071 25549
1672062272347 0.7142857313156128 25599
1672062297193 0.9642857313156128 25649
1672062311458 0.824999988079071 25699
1672062325708 0.6916666626930237 25749
1672062339975 0.5 25799
1672062364535 0.6416666507720947 25849
1672062379057 0.7589285969734192 25899
1672062393424 0.5392857193946838 25949
1672062407664 0.797619104385376 25999
1672062432461 0.8184524178504944 26049
1672062446700 0.4833333492279053 26099
1672062460916 0.5416666865348816 26149
1672062475118 0.4642857313156128 26199
1672062489616 0.49761903285980225 26249
1672062514177 0.5595238208770752 26299
1672062528592 0.8642857074737549 26349
1672062542924 0.625 26399
1672062557326 0.7291666865348816 26449
1672062581903 0.523809552192688 26499
1672062596100 0.824999988079071 26549
1672062610339 0.5625 26599
1672062624844 0.6041666865348816 26649
1672062649428 0.6666666865348816 26699
1672062663661 0.8106061220169067 26749
1672062678013 0.5555555820465088 26799
1672062692225 0.8184524178504944 26849
1672062706553 0.7410714626312256 26899
1672062731045 0.7532467842102051 26949
1672062745565 0.409722238779068 26999
1672062759823 0.5476190447807312 27049
1672062774106 0.75 27099
1672062798923 0.9097222089767456 27149
1672062813214 0.6309523582458496 27199
1672062827506 0.4642857313156128 27249
1672062841822 0.5809524059295654 27299
1672062866525 0.888888955116272 27349
1672062880900 0.8541666865348816 27399
1672062895277 0.7539682984352112 27449
1672062909526 0.8785714507102966 27499
1672062923771 0.7803571820259094 27549
1672062948561 0.5222222805023193 27599
1672062962828 0.7476190328598022 27649
1672062977115 0.7541666626930237 27699
1672062991498 0.49166667461395264 27749
1672063016236 0.7198413014411926 27799
1672063030733 0.6583333611488342 27849
1672063045020 0.7689394354820251 27899
1672063059462 0.5428571701049805 27949
1672063085179 0.6499999761581421 27999
1672063099431 0.781818151473999 28049
1672063113668 0.8035714626312256 28099
1672063128228 0.9642857313156128 28149
1672063142677 0.6916666626930237 28199
1672063167267 0.5642856955528259 28249
1672063181562 0.5833333730697632 28299
1672063195962 0.7892857193946838 28349
1672063210236 0.8041666746139526 28399
1672063235204 0.8500000238418579 28449
1672063249615 0.8392857313156128 28499
1672063263878 0.49166667461395264 28549
1672063278267 0.7392857074737549 28599
1672063302787 0.9375 28649
1672063317156 0.8388888835906982 28699
1672063331590 0.5875000357627869 28749
1672063345890 0.380952388048172 28799
1672063360186 0.6476190686225891 28849
1672063384959 0.7142857313156128 28899
1672063399351 0.7559524178504944 28949
1672063413593 0.6166666746139526 28999
1672063427981 0.8517857193946838 29049
1672063452789 0.3142857253551483 29099
1672063467173 0.5595238208770752 29149
1672063481403 0.6000000238418579 29199
1672063495806 0.7416666746139526 29249
1672063520483 0.7142857313156128 29299
1672063534770 0.5972222089767456 29349
1672063549202 0.8166666626930237 29399
1672063563645 0.7416666746139526 29449
1672063577944 0.46666666865348816 29499
1672063602581 0.6964285969734192 29549
1672063616988 0.7952381372451782 29599
1672063631368 0.7952380776405334 29649
1672063645608 0.6517857313156128 29699
1672063670482 0.7321428656578064 29749
1672063684711 0.4333333373069763 29799
1672063699065 0.875 29849
1672063713322 0.5714285373687744 29899
1672063737918 0.625 29949
1672063752324 0.735714316368103 29999
1672063766744 0.9365079402923584 30049
1672063780993 0.85317462682724 30099
1672063795386 0.7541666626930237 30149
1672063819978 0.5523809194564819 30199
1672063834243 0.6000000238418579 30249
1672063848629 0.8500000238418579 30299
1672063863020 0.639285683631897 30349
1672063887784 0.7666666507720947 30399
1672063902126 0.7083333730697632 30449
1672063916599 0.7083333730697632 30499
1672063930945 0.8517857193946838 30549
1672063955661 0.3333333432674408 30599
1672063970151 0.6791666746139526 30649
1672063984522 0.6642857193946838 30699
1672063999007 0.8160714507102966 30749
1672064013371 0.6845238208770752 30799
1672064037983 0.5059523582458496 30849
1672064052519 0.5375000238418579 30899
1672064066730 0.7708333730697632 30949
1672064081118 0.762499988079071 30999
1672064105592 0.8166666626930237 31049
1672064119829 0.949999988079071 31099
1672064134240 0.3976190686225891 31149
1672064148460 0.4791666865348816 31199
1672064173228 0.9166666865348816 31249
1672064187603 0.7666667103767395 31299
1672064202047 0.5138888955116272 31349
1672064216296 0.6527777910232544 31399
1672064230533 0.4809523820877075 31449
1672064255458 0.4583333432674408 31499
1672064269822 0.6684523820877075 31549
1672064284183 0.7365080118179321 31599
1672064298517 0.8666666746139526 31649
1672064323506 1.0 31699
1672064337795 0.5833333730697632 31749
1672064352228 0.4166666865348816 31799
1672064366500 0.6642857789993286 31849
1672064391357 0.747619092464447 31899
1672064405693 0.3678571283817291 31949
1672064420001 0.9142857193946838 31999
1672064434300 0.5772727131843567 32049
1672064448729 0.8351647853851318 32099
1672064473598 0.7222222089767456 32149
1672064488116 0.7867965698242188 32199
1672064502369 0.7892857193946838 32249
1672064516602 0.9017857313156128 32299
1672064541359 0.6726190447807312 32349
1672064555603 0.5142857432365417 32399
1672064569993 0.5333333611488342 32449
1672064584379 0.6166666746139526 32499
1672064598667 0.25 32549
