1672112136296 0.0 216
1672112209754 0.0 433
1672112284284 0.0 650
1672112358085 0.0 867
1672112432945 0.0 1084
1672112506606 0.0 1301
1672112580856 0.0 1518
1672112655520 0.0 1735
1672112729833 0.0 1952
1672112804388 6.0 2169
1672112878902 20.25 2386
1672112953294 28.5 2603
1672113028030 23.75 2820
1672113102793 4.25 3037
1672113177400 23.0 3254
1672113251925 4.0 3471
1672113326821 22.5 3688
1672113401506 21.75 3905
1672113476047 26.25 4122
1672113551066 23.5 4339
1672113625508 26.5 4556
1672113700609 28.0 4773
1672113775051 25.25 4990
1672113850114 34.0 5207
1672113925221 14.0 5424
1672113999325 30.75 5641
1672114074043 27.25 5858
1672114148076 23.0 6075
1672114223047 22.25 6292
1672114297767 26.25 6509
1672114372927 18.75 6726
1672114447096 25.25 6943
1672114522179 14.25 7160
1672114596593 20.75 7377
1672114671506 23.5 7594
1672114745884 27.0 7811
1672114820721 20.0 8028
1672114895190 22.0 8245
1672114970028 23.0 8462
1672115043327 23.25 8679
1672115116155 27.25 8896
1672115189201 24.0 9113
1672115262200 23.0 9330
1672115335321 24.0 9547
1672115408116 26.0 9764
1672115480842 24.25 9981
1672115554038 24.25 10198
1672115627037 21.5 10415
1672115699848 24.25 10632
1672115772885 22.5 10849
1672115845909 23.0 11066
1672115918983 24.25 11283
1672115992412 23.0 11500
1672116065858 24.25 11717
1672116138536 25.0 11934
1672116212143 25.0 12151
1672116285279 24.0 12368
1672116358722 24.25 12585
1672116431786 24.25 12802
1672116504664 22.5 13019
1672116577989 24.0 13236
1672116651267 23.5 13453
1672116724467 25.5 13670
1672116797328 25.5 13887
1672116870466 23.5 14104
1672116943911 25.0 14321
1672117017316 23.5 14538
1672117090451 22.25 14755
1672117163237 23.75 14972
1672117236519 26.5 15189
1672117309539 24.75 15406
1672117382357 22.5 15623
1672117455682 24.0 15840
1672117528820 23.75 16057
1672117601688 23.75 16274
1672117674740 23.5 16491
1672117747811 24.5 16708
1672117820885 23.75 16925
1672117893622 23.5 17142
1672117967210 23.75 17359
1672118040166 23.5 17576
1672118113312 23.5 17793
1672118186136 23.75 18010
1672118259475 25.25 18227
1672118332214 23.5 18444
1672118405624 25.5 18661
1672118478773 23.5 18878
1672118551969 24.25 19095
1672118625261 23.75 19312
1672118698070 23.5 19529
1672118771298 23.5 19746
1672118844274 24.0 19963
1672118917724 23.5 20180
1672118990683 24.0 20397
1672119063657 24.0 20614
1672119136630 23.25 20831
1672119209930 23.75 21048
1672119283139 24.0 21265
1672119356378 22.25 21482
1672119429622 23.75 21699
1672119503091 23.5 21916
1672119576133 23.75 22133
1672119649469 23.75 22350
1672119722676 23.75 22567
1672119795528 23.75 22784
1672119868897 23.5 23001
1672119941907 23.5 23218
1672120014878 23.75 23435
1672120087741 23.5 23652
1672120161102 23.5 23869
1672120234608 23.5 24086
1672120307517 23.5 24303
1672120381143 23.75 24520
1672120454610 21.0 24737
1672120528046 23.25 24954
1672120601076 23.5 25171
1672120674060 23.5 25388
1672120747178 13.0 25605
1672120820226 23.75 25822
1672120893595 23.0 26039
1672120966722 23.5 26256
1672121039873 23.75 26473
1672121112830 24.25 26690
1672121185957 24.25 26907
1672121259058 24.0 27124
1672121332200 23.75 27341
1672121405340 23.75 27558
1672121478288 23.75 27775
1672121551580 23.75 27992
1672121624622 19.0 28209
1672121697674 24.0 28426
1672121770347 24.25 28643
1672121843364 23.75 28860
1672121916225 24.0 29077
1672121989164 23.75 29294
1672122062314 24.75 29511
1672122135753 22.0 29728
1672122208924 24.5 29945
1672122282029 23.75 30162
1672122355084 24.0 30379
1672122428091 23.5 30596
1672122500939 24.75 30813
1672122574313 23.75 31030
1672122647594 23.75 31247
1672122720789 23.75 31464
1672122793862 23.75 31681
1672122866614 23.5 31898
1672122939572 24.0 32115
1672123012808 23.75 32332
1672123086202 23.5 32549
