1672112136296 217.0 216
1672112209754 217.0 433
1672112284284 215.5 650
1672112358085 215.5 867
1672112432945 217.0 1084
1672112506606 214.0 1301
1672112580856 203.5 1518
1672112655520 214.75 1735
1672112729833 210.5 1952
1672112804388 209.25 2169
1672112878902 182.75 2386
1672112953294 183.25 2603
1672113028030 191.0 2820
1672113102793 210.75 3037
1672113177400 192.25 3254
1672113251925 211.75 3471
1672113326821 190.5 3688
1672113401506 194.25 3905
1672113476047 189.75 4122
1672113551066 188.25 4339
1672113625508 188.25 4556
1672113700609 186.0 4773
1672113775051 188.75 4990
1672113850114 180.75 5207
1672113925221 198.25 5424
1672113999325 183.5 5641
1672114074043 187.25 5858
1672114148076 192.25 6075
1672114223047 191.75 6292
1672114297767 188.5 6509
1672114372927 195.5 6726
1672114447096 189.0 6943
1672114522179 200.75 7160
1672114596593 194.25 7377
1672114671506 190.0 7594
1672114745884 184.0 7811
1672114820721 193.0 8028
1672114895190 193.0 8245
1672114970028 188.25 8462
1672115043327 185.25 8679
1672115116155 183.0 8896
1672115189201 191.0 9113
1672115262200 191.0 9330
1672115335321 182.5 9547
1672115408116 187.5 9764
1672115480842 184.5 9981
1672115554038 188.0 10198
1672115627037 190.5 10415
1672115699848 185.5 10632
1672115772885 186.0 10849
1672115845909 174.25 11066
1672115918983 189.0 11283
1672115992412 186.75 11500
1672116065858 173.5 11717
1672116138536 187.0 11934
1672116212143 186.25 12151
1672116285279 186.75 12368
1672116358722 186.25 12585
1672116431786 177.75 12802
1672116504664 171.0 13019
1672116577989 183.25 13236
1672116651267 187.25 13453
1672116724467 185.25 13670
1672116797328 184.5 13887
1672116870466 182.0 14104
1672116943911 177.5 14321
1672117017316 187.0 14538
1672117090451 185.75 14755
1672117163237 180.5 14972
1672117236519 185.0 15189
1672117309539 186.5 15406
1672117382357 186.5 15623
1672117455682 182.5 15840
1672117528820 184.5 16057
1672117601688 176.25 16274
1672117674740 183.5 16491
1672117747811 184.0 16708
1672117820885 185.0 16925
1672117893622 184.5 17142
1672117967210 181.25 17359
1672118040166 186.0 17576
1672118113312 182.25 17793
1672118186136 186.75 18010
1672118259475 183.25 18227
1672118332214 179.75 18444
1672118405624 173.5 18661
1672118478773 177.0 18878
1672118551969 186.0 19095
1672118625261 182.5 19312
1672118698070 187.75 19529
1672118771298 183.25 19746
1672118844274 182.5 19963
1672118917724 182.0 20180
1672118990683 166.25 20397
1672119063657 175.5 20614
1672119136630 185.0 20831
1672119209930 187.5 21048
1672119283139 187.0 21265
1672119356378 188.0 21482
1672119429622 174.0 21699
1672119503091 181.5 21916
1672119576133 184.25 22133
1672119649469 179.5 22350
1672119722676 180.0 22567
1672119795528 181.25 22784
1672119868897 183.75 23001
1672119941907 187.75 23218
1672120014878 181.0 23435
1672120087741 184.25 23652
1672120161102 187.5 23869
1672120234608 180.5 24086
1672120307517 187.25 24303
1672120381143 182.25 24520
1672120454610 187.75 24737
1672120528046 174.0 24954
1672120601076 169.0 25171
1672120674060 178.75 25388
1672120747178 189.5 25605
1672120820226 176.0 25822
1672120893595 186.0 26039
1672120966722 180.75 26256
1672121039873 184.75 26473
1672121112830 186.0 26690
1672121185957 183.5 26907
1672121259058 184.5 27124
1672121332200 173.5 27341
1672121405340 172.75 27558
1672121478288 180.5 27775
1672121551580 187.75 27992
1672121624622 189.0 28209
1672121697674 172.0 28426
1672121770347 185.25 28643
1672121843364 182.25 28860
1672121916225 183.75 29077
1672121989164 177.0 29294
1672122062314 183.0 29511
1672122135753 182.75 29728
1672122208924 185.5 29945
1672122282029 173.25 30162
1672122355084 182.75 30379
1672122428091 185.5 30596
1672122500939 180.25 30813
1672122574313 182.5 31030
1672122647594 184.75 31247
1672122720789 183.0 31464
1672122793862 181.75 31681
1672122866614 182.0 31898
1672122939572 178.75 32115
1672123012808 186.25 32332
1672123086202 183.5 32549
