1672112080607 0 49
1672112095135 0 99
1672112109832 0 149
1672112124533 0 199
1672112136296 0 216
1672112139337 1 216
1672112149642 1 249
1672112164238 1 299
1672112178777 1 349
1672112193284 1 399
1672112209754 1 433
1672112213112 2 433
1672112218503 2 449
1672112233057 2 499
1672112247765 2 549
1672112262476 2 599
1672112277192 2 649
1672112284284 2 650
1672112287577 3 650
1672112302548 3 699
1672112317108 3 749
1672112331661 3 799
1672112346205 3 849
1672112358085 3 867
1672112361466 4 867
1672112371758 4 899
1672112386366 4 949
1672112400971 4 999
1672112415889 4 1049
1672112432945 4 1084
1672112436190 5 1084
1672112441278 5 1099
1672112455755 5 1149
1672112470290 5 1199
1672112484765 5 1249
1672112499226 5 1299
1672112506606 5 1301
1672112509769 6 1301
1672112524678 6 1349
1672112539442 6 1399
1672112554084 6 1449
1672112568705 6 1499
1672112580856 6 1518
1672112584234 7 1518
1672112594368 7 1549
1672112609010 7 1599
1672112623615 7 1649
1672112638435 7 1699
1672112655520 7 1735
1672112658865 8 1735
1672112663688 8 1749
1672112678263 8 1799
1672112692976 8 1849
1672112707558 8 1899
1672112722274 8 1949
1672112729833 8 1952
1672112733068 9 1952
1672112747577 9 1999
1672112762370 9 2049
1672112777193 9 2099
1672112791851 9 2149
1672112804388 9 2169
1672112807685 10 2169
1672112817139 10 2199
1672112831811 10 2249
1672112846730 10 2299
1672112861492 10 2349
1672112878902 10 2386
1672112882237 11 2386
1672112886946 11 2399
1672112901518 11 2449
1672112916409 11 2499
1672112931018 11 2549
1672112945582 11 2599
1672112953294 11 2603
1672112956682 12 2603
1672112970844 12 2649
1672112985769 12 2699
1672113000396 12 2749
1672113015058 12 2799
1672113028030 12 2820
1672113031352 13 2820
1672113040762 13 2849
1672113055441 13 2899
1672113070128 13 2949
1672113084854 13 2999
1672113102793 13 3037
1672113106098 14 3037
1672113110326 14 3049
1672113125009 14 3099
1672113139652 14 3149
1672113154573 14 3199
1672113169143 14 3249
1672113177400 14 3254
1672113180698 15 3254
1672113194585 15 3299
1672113209252 15 3349
1672113224103 15 3399
1672113238775 15 3449
1672113251925 15 3471
1672113255298 16 3471
1672113264285 16 3499
1672113279188 16 3549
1672113293900 16 3599
1672113308757 16 3649
1672113326821 16 3688
1672113330164 17 3688
1672113334094 17 3699
1672113348881 17 3749
1672113363506 17 3799
1672113378296 17 3849
1672113392900 17 3899
1672113401506 17 3905
1672113404763 18 3905
1672113418395 18 3949
1672113433203 18 3999
1672113448065 18 4049
1672113462695 18 4099
1672113476047 18 4122
1672113479334 19 4122
1672113487993 19 4149
1672113502835 19 4199
1672113517561 19 4249
1672113532426 19 4299
1672113551066 19 4339
1672113554417 20 4339
1672113558099 20 4349
1672113572910 20 4399
1672113587668 20 4449
1672113602314 20 4499
1672113616937 20 4549
1672113625508 20 4556
1672113628810 21 4556
1672113642268 21 4599
1672113657304 21 4649
1672113672141 21 4699
1672113686815 21 4749
1672113700609 21 4773
1672113703871 22 4773
1672113712374 22 4799
1672113727037 22 4849
1672113741705 22 4899
1672113756296 22 4949
1672113775051 22 4990
1672113778476 23 4990
1672113781993 23 4999
1672113796755 23 5049
1672113811607 23 5099
1672113826197 23 5149
1672113840767 23 5199
1672113850114 23 5207
1672113853388 24 5207
1672113866449 24 5249
1672113881308 24 5299
1672113895967 24 5349
1672113910830 24 5399
1672113925221 24 5424
1672113928573 25 5424
1672113936611 25 5449
1672113951219 25 5499
1672113965874 25 5549
1672113980506 25 5599
1672113999325 25 5641
1672114002623 26 5641
1672114005690 26 5649
1672114020303 26 5699
1672114035143 26 5749
1672114049939 26 5799
1672114064562 26 5849
1672114074043 26 5858
1672114077379 27 5858
1672114090097 27 5899
1672114104715 27 5949
1672114119350 27 5999
1672114133950 27 6049
1672114148076 27 6075
1672114151424 28 6075
1672114159221 28 6099
1672114173903 28 6149
1672114188901 28 6199
1672114203815 28 6249
1672114223047 28 6292
1672114226344 29 6292
1672114229290 29 6299
1672114243943 29 6349
1672114258593 29 6399
1672114273343 29 6449
1672114287998 29 6499
1672114297767 29 6509
1672114301141 30 6509
1672114313538 30 6549
1672114328273 30 6599
1672114343478 30 6649
1672114358304 30 6699
1672114372927 30 6726
1672114376153 31 6726
1672114383623 31 6749
1672114398232 31 6799
1672114412838 31 6849
1672114427451 31 6899
1672114447096 31 6943
1672114450485 32 6943
1672114453000 32 6949
1672114467611 32 6999
1672114482406 32 7049
1672114497207 32 7099
1672114511980 32 7149
1672114522179 32 7160
1672114525600 33 7160
1672114537830 33 7199
1672114552440 33 7249
1672114567106 33 7299
1672114581697 33 7349
1672114596593 33 7377
1672114599910 34 7377
1672114607075 34 7399
1672114621868 34 7449
1672114636866 34 7499
1672114651809 34 7549
1672114671506 34 7594
1672114674859 35 7594
1672114677067 35 7599
1672114691689 35 7649
1672114706333 35 7699
1672114720959 35 7749
1672114735585 35 7799
1672114745884 35 7811
1672114749115 36 7811
1672114760901 36 7849
1672114775659 36 7899
1672114790504 36 7949
1672114805254 36 7999
1672114820721 36 8028
1672114824158 37 8028
1672114830990 37 8049
1672114845637 37 8099
1672114860260 37 8149
1672114874858 37 8199
1672114895190 37 8245
1672114898584 38 8245
1672114900506 38 8249
1672114915315 38 8299
1672114930002 38 8349
1672114944981 38 8399
1672114959567 38 8449
1672114970028 38 8462
1672114973431 39 8462
1672114985182 39 8499
1672114999692 39 8549
1672115013998 39 8599
1672115028421 39 8649
1672115043327 39 8679
1672115046538 40 8679
1672115052908 40 8699
1672115067431 40 8749
1672115081899 40 8799
1672115096247 40 8849
1672115116155 40 8896
1672115119366 41 8896
1672115120930 41 8899
1672115135443 41 8949
1672115149848 41 8999
1672115164325 41 9049
1672115178841 41 9099
1672115189201 41 9113
1672115192454 42 9113
1672115203618 42 9149
1672115217987 42 9199
1672115232345 42 9249
1672115246723 42 9299
1672115262200 42 9330
1672115265483 43 9330
1672115271556 43 9349
1672115285915 43 9399
1672115300517 43 9449
1672115314975 43 9499
1672115335321 43 9547
1672115338516 44 9547
1672115339784 44 9549
1672115354079 44 9599
1672115368451 44 9649
1672115382769 44 9699
1672115397292 44 9749
1672115408116 44 9764
1672115411334 45 9764
1672115422161 45 9799
1672115436517 45 9849
1672115450859 45 9899
1672115465232 45 9949
1672115480842 45 9981
1672115484156 46 9981
1672115489965 46 9999
1672115504404 46 10049
1672115518923 46 10099
1672115533491 46 10149
1672115554038 46 10198
1672115557344 47 10198
1672115558284 47 10199
1672115572814 47 10249
1672115587166 47 10299
1672115601522 47 10349
1672115616092 47 10399
1672115627037 47 10415
1672115630228 48 10415
1672115640750 48 10449
1672115655128 48 10499
1672115669504 48 10549
1672115684015 48 10599
1672115699848 48 10632
1672115703158 49 10632
1672115708855 49 10649
1672115723218 49 10699
1672115737594 49 10749
1672115751956 49 10799
1672115766137 49 10849
1672115772885 49 10849
1672115776112 50 10849
1672115791312 50 10899
1672115805831 50 10949
1672115820191 50 10999
1672115834601 50 11049
1672115845909 50 11066
1672115849202 51 11066
1672115859325 51 11099
1672115873724 51 11149
1672115888247 51 11199
1672115902720 51 11249
1672115918983 51 11283
1672115922316 52 11283
1672115927744 52 11299
1672115942312 52 11349
1672115956687 52 11399
1672115971038 52 11449
1672115985727 52 11499
1672115992412 52 11500
1672115995718 53 11500
1672116010650 53 11549
1672116025205 53 11599
1672116039615 53 11649
1672116054147 53 11699
1672116065858 53 11717
1672116069338 54 11717
1672116079167 54 11749
1672116093495 54 11799
1672116107797 54 11849
1672116122088 54 11899
1672116138536 54 11934
1672116141863 55 11934
1672116146945 55 11949
1672116161396 55 11999
1672116175894 55 12049
1672116190474 55 12099
1672116205073 55 12149
1672116212143 55 12151
1672116215438 56 12151
1672116229837 56 12199
1672116244267 56 12249
1672116258796 56 12299
1672116273257 56 12349
1672116285279 56 12368
1672116288633 57 12368
1672116298274 57 12399
1672116312956 57 12449
1672116327405 57 12499
1672116341941 57 12549
1672116358722 57 12585
1672116362036 58 12585
1672116366784 58 12599
1672116381167 58 12649
1672116395522 58 12699
1672116410157 58 12749
1672116424438 58 12799
1672116431786 58 12802
1672116435059 59 12802
1672116449352 59 12849
1672116463729 59 12899
1672116478049 59 12949
1672116492428 59 12999
1672116504664 59 13019
1672116507990 60 13019
1672116517297 60 13049
1672116531860 60 13099
1672116546309 60 13149
1672116560868 60 13199
1672116577989 60 13236
1672116581223 61 13236
1672116585619 61 13249
1672116600119 61 13299
1672116614631 61 13349
1672116629094 61 13399
1672116643514 61 13449
1672116651267 61 13453
1672116654568 62 13453
1672116668635 62 13499
1672116683155 62 13549
1672116697686 62 13599
1672116712061 62 13649
1672116724467 62 13670
1672116727823 63 13670
1672116736872 63 13699
1672116751222 63 13749
1672116765600 63 13799
1672116779993 63 13849
1672116797328 63 13887
1672116800651 64 13887
1672116804761 64 13899
1672116819283 64 13949
1672116833943 64 13999
1672116848301 64 14049
1672116862689 64 14099
1672116870466 64 14104
1672116873776 65 14104
1672116887491 65 14149
1672116901935 65 14199
1672116916424 65 14249
1672116931161 65 14299
1672116943911 65 14321
1672116947140 66 14321
1672116956136 66 14349
1672116970882 66 14399
1672116985289 66 14449
1672116999702 66 14499
1672117017316 66 14538
1672117020607 67 14538
1672117024414 67 14549
1672117038795 67 14599
1672117053138 67 14649
1672117067756 67 14699
1672117082146 67 14749
1672117090451 67 14755
1672117093740 68 14755
1672117107036 68 14799
1672117121521 68 14849
1672117135866 68 14899
1672117150218 68 14949
1672117163237 68 14972
1672117166499 69 14972
1672117174985 69 14999
1672117189560 69 15049
1672117204088 69 15099
1672117218469 69 15149
1672117236519 69 15189
1672117239842 70 15189
1672117243416 70 15199
1672117257923 70 15249
1672117272294 70 15299
1672117286814 70 15349
1672117301193 70 15399
1672117309539 70 15406
1672117312824 71 15406
1672117325862 71 15449
1672117340333 71 15499
1672117354646 71 15549
1672117369089 71 15599
1672117382357 71 15623
1672117385595 72 15623
1672117393851 72 15649
1672117408274 72 15699
1672117422794 72 15749
1672117437208 72 15799
1672117455682 72 15840
1672117459017 73 15840
1672117462291 73 15849
1672117476661 73 15899
1672117491221 73 15949
1672117505612 73 15999
1672117520123 73 16049
1672117528820 73 16057
1672117532033 74 16057
1672117544738 74 16099
1672117559158 74 16149
1672117573670 74 16199
1672117588042 74 16249
1672117601688 74 16274
1672117605011 75 16274
1672117612845 75 16299
1672117627222 75 16349
1672117641594 75 16399
1672117656270 75 16449
1672117674740 75 16491
1672117678047 76 16491
1672117680993 76 16499
1672117695522 76 16549
1672117710098 76 16599
1672117724480 76 16649
1672117738852 76 16699
1672117747811 76 16708
1672117751118 77 16708
1672117763593 77 16749
1672117778204 77 16799
1672117792503 77 16849
1672117807080 77 16899
1672117820885 77 16925
1672117824296 78 16925
1672117831816 78 16949
1672117846283 78 16999
1672117860610 78 17049
1672117874970 78 17099
1672117893622 78 17142
1672117896981 79 17142
1672117899690 79 17149
1672117914259 79 17199
1672117928937 79 17249
1672117943342 79 17299
1672117957735 79 17349
1672117967210 79 17359
1672117970557 80 17359
1672117982747 80 17399
1672117997155 80 17449
1672118011532 80 17499
1672118025929 80 17549
1672118040166 80 17576
1672118043505 81 17576
1672118050870 81 17599
1672118065370 81 17649
1672118079828 81 17699
1672118094310 81 17749
1672118113312 81 17793
1672118116595 82 17793
1672118118997 82 17799
1672118133316 82 17849
1672118147679 82 17899
1672118162051 82 17949
1672118176417 82 17999
1672118186136 82 18010
1672118189388 83 18010
1672118201415 83 18049
1672118215983 83 18099
1672118230394 83 18149
1672118245004 83 18199
1672118259475 83 18227
1672118262738 84 18227
1672118269688 84 18249
1672118284061 84 18299
1672118298381 84 18349
1672118312711 84 18399
1672118332214 84 18444
1672118335530 85 18444
1672118337607 85 18449
1672118352250 85 18499
1672118366809 85 18549
1672118381347 85 18599
1672118395758 85 18649
1672118405624 85 18661
1672118408986 86 18661
1672118420619 86 18699
1672118434976 86 18749
1672118449345 86 18799
1672118463723 86 18849
1672118478773 86 18878
1672118482137 87 18878
1672118488793 87 18899
1672118503340 87 18949
1672118517803 87 18999
1672118532116 87 19049
1672118551969 87 19095
1672118555202 88 19095
1672118556975 88 19099
1672118571341 88 19149
1672118585719 88 19199
1672118600292 88 19249
1672118614652 88 19299
1672118625261 88 19312
1672118628479 89 19312
1672118639782 89 19349
1672118654286 89 19399
1672118668646 89 19449
1672118682979 89 19499
1672118698070 89 19529
1672118701369 90 19529
1672118707791 90 19549
1672118722128 90 19599
1672118736592 90 19649
1672118751067 90 19699
1672118771298 90 19746
1672118774605 91 19746
1672118776222 91 19749
1672118790597 91 19799
1672118804965 91 19849
1672118819360 91 19899
1672118833866 91 19949
1672118844274 91 19963
1672118847566 92 19963
1672118858748 92 19999
1672118873187 92 20049
1672118887620 92 20099
1672118902332 92 20149
1672118917724 92 20180
1672118920994 93 20180
1672118927131 93 20199
1672118941551 93 20249
1672118955960 93 20299
1672118970355 93 20349
1672118990683 93 20397
1672118993948 94 20397
1672118995161 94 20399
1672119009519 94 20449
1672119023816 94 20499
1672119038697 94 20549
1672119052984 94 20599
1672119063657 94 20614
1672119066935 95 20614
1672119077722 95 20649
1672119092130 95 20699
1672119106557 95 20749
1672119120943 95 20799
1672119136630 95 20831
1672119139903 96 20831
1672119145734 96 20849
1672119160435 96 20899
1672119175121 96 20949
1672119189533 96 20999
1672119209930 96 21048
1672119213184 97 21048
1672119214151 97 21049
1672119228530 97 21099
1672119242923 97 21149
1672119257421 97 21199
1672119271953 97 21249
1672119283139 97 21265
1672119286445 98 21265
1672119297066 98 21299
1672119311495 98 21349
1672119325924 98 21399
1672119340413 98 21449
1672119356378 98 21482
1672119359656 99 21482
1672119365222 99 21499
1672119379673 99 21549
1672119394142 99 21599
1672119408902 99 21649
1672119423144 99 21699
1672119429622 99 21699
1672119432881 100 21699
1672119447926 100 21749
1672119462438 100 21799
1672119476805 100 21849
1672119491197 100 21899
1672119503091 100 21916
1672119506344 101 21916
1672119516500 101 21949
1672119531006 101 21999
1672119545527 101 22049
1672119559891 101 22099
1672119576133 101 22133
1672119579604 102 22133
1672119584991 102 22149
1672119599382 102 22199
1672119613765 102 22249
1672119628127 102 22299
1672119642573 102 22349
1672119649469 102 22350
1672119652719 103 22350
1672119667535 103 22399
1672119682092 103 22449
1672119696467 103 22499
1672119710980 103 22549
1672119722676 103 22567
1672119725986 104 22567
1672119735822 104 22599
1672119750198 104 22649
1672119764598 104 22699
1672119778982 104 22749
1672119795528 104 22784
1672119798824 105 22784
1672119803852 105 22799
1672119818639 105 22849
1672119833086 105 22899
1672119847412 105 22949
1672119861710 105 22999
1672119868897 105 23001
1672119872226 106 23001
1672119886686 106 23049
1672119901069 106 23099
1672119915617 106 23149
1672119930018 106 23199
1672119941907 106 23218
1672119945189 107 23218
1672119954774 107 23249
1672119969119 107 23299
1672119983735 107 23349
1672119998056 107 23399
1672120014878 107 23435
1672120018220 108 23435
1672120022912 108 23449
1672120037283 108 23499
1672120051819 108 23549
1672120066155 108 23599
1672120080505 108 23649
1672120087741 108 23652
1672120091108 109 23652
1672120105488 109 23699
1672120120047 109 23749
1672120134468 109 23799
1672120148939 109 23849
1672120161102 109 23869
1672120164416 110 23869
1672120173671 110 23899
1672120188250 110 23949
1672120202803 110 23999
1672120217209 110 24049
1672120234608 110 24086
1672120237930 111 24086
1672120242347 111 24099
1672120256697 111 24149
1672120271148 111 24199
1672120285566 111 24249
1672120299951 111 24299
1672120307517 111 24303
1672120310834 112 24303
1672120324909 112 24349
1672120339380 112 24399
1672120354066 112 24449
1672120368656 112 24499
1672120381143 112 24520
1672120384498 113 24520
1672120393687 113 24549
1672120408252 113 24599
1672120422693 113 24649
1672120437146 113 24699
1672120454610 113 24737
1672120457884 114 24737
1672120462005 114 24749
1672120476626 114 24799
1672120491052 114 24849
1672120505746 114 24899
1672120520157 114 24949
1672120528046 114 24954
1672120531254 115 24954
1672120544874 115 24999
1672120559314 115 25049
1672120573718 115 25099
1672120588358 115 25149
1672120601076 115 25171
1672120604297 116 25171
1672120612973 116 25199
1672120627324 116 25249
1672120641901 116 25299
1672120656228 116 25349
1672120674060 116 25388
1672120677322 117 25388
1672120681159 117 25399
1672120695586 117 25449
1672120710177 117 25499
1672120724726 117 25549
1672120739105 117 25599
1672120747178 117 25605
1672120750472 118 25605
1672120763894 118 25649
1672120778272 118 25699
1672120792784 118 25749
1672120807238 118 25799
1672120820226 118 25822
1672120823464 119 25822
1672120831997 119 25849
1672120846562 119 25899
1672120861171 119 25949
1672120875674 119 25999
1672120893595 119 26039
1672120896907 120 26039
1672120900436 120 26049
1672120914949 120 26099
1672120929483 120 26149
1672120943874 120 26199
1672120958269 120 26249
1672120966722 120 26256
1672120970016 121 26256
1672120983181 121 26299
1672120997563 121 26349
1672121012075 121 26399
1672121026445 121 26449
1672121039873 121 26473
1672121043186 122 26473
1672121051562 122 26499
1672121065934 122 26549
1672121080296 122 26599
1672121094664 122 26649
1672121112830 122 26690
1672121116201 123 26690
1672121119435 123 26699
1672121133725 123 26749
1672121148302 123 26799
1672121162661 123 26849
1672121177124 123 26899
1672121185957 123 26907
1672121189223 124 26907
1672121202003 124 26949
1672121216385 124 26999
1672121230808 124 27049
1672121245296 124 27099
1672121259058 124 27124
1672121262324 125 27124
1672121270171 125 27149
1672121284652 125 27199
1672121299159 125 27249
1672121313680 125 27299
1672121332200 125 27341
1672121335478 126 27341
1672121338461 126 27349
1672121352814 126 27399
1672121367173 126 27449
1672121381721 126 27499
1672121396194 126 27549
1672121405340 126 27558
1672121408668 127 27558
1672121421150 127 27599
1672121435551 127 27649
1672121450066 127 27699
1672121464486 127 27749
1672121478288 127 27775
1672121481570 128 27775
1672121489128 128 27799
1672121503622 128 27849
1672121518050 128 27899
1672121532664 128 27949
1672121551580 128 27992
1672121554895 129 27992
1672121557597 129 27999
1672121572096 129 28049
1672121586548 129 28099
1672121601052 129 28149
1672121615415 129 28199
1672121624622 129 28209
1672121627953 130 28209
1672121640073 130 28249
1672121654521 130 28299
1672121669018 130 28349
1672121683465 130 28399
1672121697674 130 28426
1672121700969 131 28426
1672121708256 131 28449
1672121722569 131 28499
1672121736854 131 28549
1672121751301 131 28599
1672121770347 131 28643
1672121773641 132 28643
1672121776078 132 28649
1672121790695 132 28699
1672121805020 132 28749
1672121819384 132 28799
1672121833706 132 28849
1672121843364 132 28860
1672121846743 133 28860
1672121858770 133 28899
1672121873087 133 28949
1672121887456 133 28999
1672121901790 133 29049
1672121916225 133 29077
1672121919517 134 29077
1672121926438 134 29099
1672121940891 134 29149
1672121955354 134 29199
1672121969837 134 29249
1672121989164 134 29294
1672121992416 135 29294
1672121994524 135 29299
1672122008947 135 29349
1672122023507 135 29399
1672122037939 135 29449
1672122052321 135 29499
1672122062314 135 29511
1672122065669 136 29511
1672122077577 136 29549
1672122092048 136 29599
1672122106485 136 29649
1672122120936 136 29699
1672122135753 136 29728
1672122138941 137 29728
1672122145681 137 29749
1672122160122 137 29799
1672122174527 137 29849
1672122189223 137 29899
1672122208924 137 29945
1672122212175 138 29945
1672122214026 138 29949
1672122228545 138 29999
1672122242959 138 30049
1672122257346 138 30099
1672122271694 138 30149
1672122282029 138 30162
1672122285314 139 30162
1672122296741 139 30199
1672122311166 139 30249
1672122325713 139 30299
1672122340169 139 30349
1672122355084 139 30379
1672122358340 140 30379
1672122364791 140 30399
1672122379212 140 30449
1672122393590 140 30499
1672122407975 140 30549
1672122428091 140 30596
1672122431383 141 30596
1672122432871 141 30599
1672122447379 141 30649
1672122461733 141 30699
1672122476082 141 30749
1672122490569 141 30799
1672122500939 141 30813
1672122504326 142 30813
1672122515380 142 30849
1672122529810 142 30899
1672122544405 142 30949
1672122558929 142 30999
1672122574313 142 31030
1672122577615 143 31030
1672122583896 143 31049
1672122598386 143 31099
1672122612895 143 31149
1672122627291 143 31199
1672122647594 143 31247
1672122650961 144 31247
1672122652262 144 31249
1672122666622 144 31299
1672122681178 144 31349
1672122695741 144 31399
1672122710127 144 31449
1672122720789 144 31464
1672122724080 145 31464
1672122734913 145 31499
1672122749388 145 31549
1672122763868 145 31599
1672122778258 145 31649
1672122793862 145 31681
1672122797121 146 31681
1672122803054 146 31699
1672122817354 146 31749
1672122831802 146 31799
1672122846150 146 31849
1672122866614 146 31898
1672122869857 147 31898
1672122870817 147 31899
1672122885326 147 31949
1672122899829 147 31999
1672122914207 147 32049
1672122928582 147 32099
1672122939572 147 32115
1672122942921 148 32115
1672122953425 148 32149
1672122967979 148 32199
1672122982361 148 32249
1672122996917 148 32299
1672123012808 148 32332
1672123016153 149 32332
1672123021936 149 32349
1672123036462 149 32399
1672123050916 149 32449
1672123065329 149 32499
1672123079713 149 32549
1672123086202 149 32549
1672123089335 150 32549
