1672112136296 0.0 216
1672112209754 0.0 433
1672112284284 1.5 650
1672112358085 1.5 867
1672112432945 0.0 1084
1672112506606 3.0 1301
1672112580856 13.5 1518
1672112655520 2.25 1735
1672112729833 6.5 1952
1672112804388 1.75 2169
1672112878902 14.0 2386
1672112953294 5.25 2603
1672113028030 2.25 2820
1672113102793 2.0 3037
1672113177400 1.75 3254
1672113251925 1.25 3471
1672113326821 4.0 3688
1672113401506 1.0 3905
1672113476047 1.0 4122
1672113551066 5.25 4339
1672113625508 2.25 4556
1672113700609 3.0 4773
1672113775051 3.0 4990
1672113850114 2.25 5207
1672113925221 4.75 5424
1672113999325 2.75 5641
1672114074043 2.5 5858
1672114148076 1.75 6075
1672114223047 3.0 6292
1672114297767 2.25 6509
1672114372927 2.75 6726
1672114447096 2.75 6943
1672114522179 2.0 7160
1672114596593 2.0 7377
1672114671506 3.5 7594
1672114745884 6.0 7811
1672114820721 4.0 8028
1672114895190 2.0 8245
1672114970028 5.75 8462
1672115043327 8.5 8679
1672115116155 6.75 8896
1672115189201 2.0 9113
1672115262200 3.0 9330
1672115335321 10.5 9547
1672115408116 3.5 9764
1672115480842 8.25 9981
1672115554038 4.75 10198
1672115627037 5.0 10415
1672115699848 7.25 10632
1672115772885 8.5 10849
1672115845909 19.75 11066
1672115918983 3.75 11283
1672115992412 7.25 11500
1672116065858 19.25 11717
1672116138536 5.0 11934
1672116212143 5.75 12151
1672116285279 6.25 12368
1672116358722 6.5 12585
1672116431786 15.0 12802
1672116504664 23.5 13019
1672116577989 9.75 13236
1672116651267 6.25 13453
1672116724467 6.25 13670
1672116797328 7.0 13887
1672116870466 11.5 14104
1672116943911 14.5 14321
1672117017316 6.5 14538
1672117090451 9.0 14755
1672117163237 12.75 14972
1672117236519 5.5 15189
1672117309539 5.75 15406
1672117382357 8.0 15623
1672117455682 10.5 15840
1672117528820 8.75 16057
1672117601688 17.0 16274
1672117674740 10.0 16491
1672117747811 8.5 16708
1672117820885 8.25 16925
1672117893622 9.0 17142
1672117967210 12.0 17359
1672118040166 7.5 17576
1672118113312 11.25 17793
1672118186136 6.5 18010
1672118259475 8.5 18227
1672118332214 13.75 18444
1672118405624 18.0 18661
1672118478773 16.5 18878
1672118551969 6.75 19095
1672118625261 10.75 19312
1672118698070 5.75 19529
1672118771298 10.25 19746
1672118844274 10.5 19963
1672118917724 11.5 20180
1672118990683 26.75 20397
1672119063657 17.5 20614
1672119136630 8.75 20831
1672119209930 5.75 21048
1672119283139 6.0 21265
1672119356378 6.75 21482
1672119429622 19.25 21699
1672119503091 12.0 21916
1672119576133 9.0 22133
1672119649469 13.75 22350
1672119722676 13.25 22567
1672119795528 12.0 22784
1672119868897 9.75 23001
1672119941907 5.75 23218
1672120014878 12.25 23435
1672120087741 9.25 23652
1672120161102 6.0 23869
1672120234608 13.0 24086
1672120307517 6.25 24303
1672120381143 11.0 24520
1672120454610 8.25 24737
1672120528046 19.75 24954
1672120601076 24.5 25171
1672120674060 14.75 25388
1672120747178 14.5 25605
1672120820226 17.25 25822
1672120893595 8.0 26039
1672120966722 12.75 26256
1672121039873 8.5 26473
1672121112830 6.75 26690
1672121185957 9.25 26907
1672121259058 8.5 27124
1672121332200 19.75 27341
1672121405340 20.5 27558
1672121478288 12.75 27775
1672121551580 5.5 27992
1672121624622 9.0 28209
1672121697674 21.0 28426
1672121770347 7.5 28643
1672121843364 11.0 28860
1672121916225 9.25 29077
1672121989164 16.25 29294
1672122062314 9.25 29511
1672122135753 12.25 29728
1672122208924 7.0 29945
1672122282029 20.0 30162
1672122355084 10.25 30379
1672122428091 8.0 30596
1672122500939 12.0 30813
1672122574313 10.75 31030
1672122647594 8.5 31247
1672122720789 10.25 31464
1672122793862 11.5 31681
1672122866614 11.5 31898
1672122939572 14.25 32115
1672123012808 7.0 32332
1672123086202 10.0 32549
