1672112139337 0.7565208077430725 216
1672112213112 0.7777264714241028 433
1672112287577 0.7802395820617676 650
1672112361466 0.7759922742843628 867
1672112436190 0.7797303199768066 1084
1672112509769 0.772485613822937 1301
1672112584234 0.7639692425727844 1518
1672112658865 0.751618504524231 1735
1672112733068 0.7710955739021301 1952
1672112807685 0.7746821641921997 2169
1672112882237 0.7701816558837891 2386
1672112956682 0.7806744575500488 2603
1672113031352 0.7677815556526184 2820
1672113106098 0.7734875082969666 3037
1672113180698 0.7604212164878845 3254
1672113255298 0.7739197015762329 3471
1672113330164 0.7567053437232971 3688
1672113404763 0.7651734948158264 3905
1672113479334 0.7667135000228882 4122
1672113554417 0.7776631116867065 4339
1672113628810 0.7740848064422607 4556
1672113703871 0.7875145077705383 4773
1672113778476 0.7592155337333679 4990
1672113853388 0.7744606137275696 5207
1672113928573 0.7652684450149536 5424
1672114002623 0.7732949256896973 5641
1672114077379 0.7702863216400146 5858
1672114151424 0.7620561718940735 6075
1672114226344 0.7786486148834229 6292
1672114301141 0.7623893022537231 6509
1672114376153 0.77327561378479 6726
1672114450485 0.7515937685966492 6943
1672114525600 0.7719268798828125 7160
1672114599910 0.7716460824012756 7377
1672114674859 0.7717919945716858 7594
1672114749115 0.7584972381591797 7811
1672114824158 0.7634297013282776 8028
1672114898584 0.7655877470970154 8245
1672114973431 0.7490724921226501 8462
1672115046538 0.7649959325790405 8679
1672115119366 0.753197193145752 8896
1672115192454 0.7437655329704285 9113
1672115265483 0.7592871785163879 9330
1672115338516 0.7586622834205627 9547
1672115411334 0.75044184923172 9764
1672115484156 0.7692610025405884 9981
1672115557344 0.7579852342605591 10198
1672115630228 0.7477043867111206 10415
1672115703158 0.7460886836051941 10632
1672115776112 0.7654694318771362 10849
1672115849202 0.751637876033783 11066
1672115922316 0.7419102787971497 11283
1672115995718 0.7543738484382629 11500
1672116069338 0.747196614742279 11717
1672116141863 0.7493849396705627 11934
1672116215438 0.751483678817749 12151
1672116288633 0.7499807476997375 12368
1672116362036 0.7551404237747192 12585
1672116435059 0.7479962110519409 12802
1672116507990 0.7399120330810547 13019
1672116581223 0.7681503891944885 13236
1672116654568 0.7554501891136169 13453
1672116727823 0.7630608677864075 13670
1672116800651 0.7490696310997009 13887
1672116873776 0.7489099502563477 14104
1672116947140 0.7511175274848938 14321
1672117020607 0.7573686242103577 14538
1672117093740 0.7497400641441345 14755
1672117166499 0.7563763856887817 14972
1672117239842 0.7460694313049316 15189
1672117312824 0.7549216747283936 15406
1672117385595 0.7423507571220398 15623
1672117459017 0.7580870985984802 15840
1672117532033 0.7485632300376892 16057
1672117605011 0.7396312355995178 16274
1672117678047 0.7489362359046936 16491
1672117751118 0.7534971833229065 16708
1672117824296 0.7532549500465393 16925
1672117896981 0.7481942772865295 17142
1672117970557 0.7446215152740479 17359
1672118043505 0.749075174331665 17576
1672118116595 0.7399037480354309 17793
1672118189388 0.7607928514480591 18010
1672118262738 0.7526370286941528 18227
1672118335530 0.7592678666114807 18444
1672118408986 0.7437573671340942 18661
1672118482137 0.7540682554244995 18878
1672118555202 0.7609469294548035 19095
1672118628479 0.7473769187927246 19312
1672118701369 0.7390697002410889 19529
1672118774605 0.7724828124046326 19746
1672118847566 0.7476879954338074 19963
1672118920994 0.7575694918632507 20180
1672118993948 0.7511739730834961 20397
1672119066935 0.7506909370422363 20614
1672119139903 0.7435370683670044 20831
1672119213184 0.7547207474708557 21048
1672119286445 0.7293256521224976 21265
1672119359656 0.7523314952850342 21482
1672119432881 0.7407679557800293 21699
1672119506344 0.7582989931106567 21916
1672119579604 0.7549133896827698 22133
1672119652719 0.7530430555343628 22350
1672119725986 0.7482989430427551 22567
1672119798824 0.7582632303237915 22784
1672119872226 0.7503578662872314 23001
1672119945189 0.7591109871864319 23218
1672120018220 0.7471291422843933 23435
1672120091108 0.7454239726066589 23652
1672120164416 0.7694221138954163 23869
1672120237930 0.7520672678947449 24086
1672120310834 0.7388136982917786 24303
1672120384498 0.7573960423469543 24520
1672120457884 0.7471827864646912 24737
1672120531254 0.7528268694877625 24954
1672120604297 0.7512139081954956 25171
1672120677322 0.7497920989990234 25388
1672120750472 0.7540311217308044 25605
1672120823464 0.7508767247200012 25822
1672120896907 0.7584586143493652 26039
1672120970016 0.743242621421814 26256
1672121043186 0.7469722032546997 26473
1672121116201 0.7444316148757935 26690
1672121189223 0.7607886791229248 26907
1672121262324 0.7571676969528198 27124
1672121335478 0.7402862906455994 27341
1672121408668 0.7398843765258789 27558
1672121481570 0.7558465600013733 27775
1672121554895 0.753198504447937 27992
1672121627953 0.7389596104621887 28209
1672121700969 0.7518113255500793 28426
1672121773641 0.7515414953231812 28643
1672121846743 0.7506440877914429 28860
1672121919517 0.757764995098114 29077
1672121992416 0.7511643767356873 29294
1672122065669 0.7473354935646057 29511
1672122138941 0.7525407671928406 29728
1672122212175 0.7581310868263245 29945
1672122285314 0.7612565755844116 30162
1672122358340 0.7457419037818909 30379
1672122431383 0.7567245364189148 30596
1672122504326 0.74863201379776 30813
1672122577615 0.7393559217453003 31030
1672122650961 0.7443545460700989 31247
1672122724080 0.7574429512023926 31464
1672122797121 0.7536224722862244 31681
1672122869857 0.7472888231277466 31898
1672122942921 0.7378103733062744 32115
1672123016153 0.7393064498901367 32332
1672123089335 0.7498899102210999 32549
