1672112139337 0.5709785223007202 216
1672112213112 0.5859882235527039 433
1672112287577 0.5855821371078491 650
1672112361466 0.5976423621177673 867
1672112436190 0.5973712801933289 1084
1672112509769 0.585747241973877 1301
1672112584234 0.5797742605209351 1518
1672112658865 0.5751389265060425 1735
1672112733068 0.5883678197860718 1952
1672112807685 0.5939733386039734 2169
1672112882237 0.5893613696098328 2386
1672112956682 0.6039113402366638 2603
1672113031352 0.6016873121261597 2820
1672113106098 0.5994645953178406 3037
1672113180698 0.6008642911911011 3254
1672113255298 0.6089566946029663 3471
1672113330164 0.6023864150047302 3688
1672113404763 0.606509804725647 3905
1672113479334 0.620242178440094 4122
1672113554417 0.6207157373428345 4339
1672113628810 0.6245856881141663 4556
1672113703871 0.6246160268783569 4773
1672113778476 0.6201128959655762 4990
1672113853388 0.6254968047142029 5207
1672113928573 0.61661297082901 5424
1672114002623 0.6218895316123962 5641
1672114077379 0.6224690079689026 5858
1672114151424 0.6268730163574219 6075
1672114226344 0.6356179714202881 6292
1672114301141 0.6320066452026367 6509
1672114376153 0.6413666009902954 6726
1672114450485 0.6285081505775452 6943
1672114525600 0.6382507085800171 7160
1672114599910 0.6273093819618225 7377
1672114674859 0.6286897659301758 7594
1672114749115 0.6313266754150391 7811
1672114824158 0.6337710022926331 8028
1672114898584 0.6330580711364746 8245
1672114973431 0.6305821537971497 8462
1672115046538 0.6370616555213928 8679
1672115119366 0.6245031356811523 8896
1672115192454 0.6223754286766052 9113
1672115265483 0.6321635246276855 9330
1672115338516 0.6342045068740845 9547
1672115411334 0.6229671239852905 9764
1672115484156 0.6441563367843628 9981
1672115557344 0.6345801949501038 10198
1672115630228 0.6376878619194031 10415
1672115703158 0.6235962510108948 10632
1672115776112 0.634905219078064 10849
1672115849202 0.6372764110565186 11066
1672115922316 0.6260858178138733 11283
1672115995718 0.6408863663673401 11500
1672116069338 0.6278585195541382 11717
1672116141863 0.6278186440467834 11934
1672116215438 0.626508355140686 12151
1672116288633 0.6322019100189209 12368
1672116362036 0.6395912170410156 12585
1672116435059 0.6324180364608765 12802
1672116507990 0.6257472634315491 13019
1672116581223 0.6495471596717834 13236
1672116654568 0.6319653391838074 13453
1672116727823 0.6390187740325928 13670
1672116800651 0.6318510174751282 13887
1672116873776 0.6382741928100586 14104
1672116947140 0.6324897408485413 14321
1672117020607 0.6417754292488098 14538
1672117093740 0.6280979514122009 14755
1672117166499 0.6359207034111023 14972
1672117239842 0.6342017650604248 15189
1672117312824 0.6393861770629883 15406
1672117385595 0.6426588892936707 15623
1672117459017 0.6373974680900574 15840
1672117532033 0.628629207611084 16057
1672117605011 0.629757821559906 16274
1672117678047 0.6328075528144836 16491
1672117751118 0.6350399851799011 16708
1672117824296 0.6427443027496338 16925
1672117896981 0.6364409327507019 17142
1672117970557 0.6394894123077393 17359
1672118043505 0.6429438591003418 17576
1672118116595 0.6285081505775452 17793
1672118189388 0.6442527174949646 18010
1672118262738 0.6363281011581421 18227
1672118335530 0.6426149606704712 18444
1672118408986 0.63353431224823 18661
1672118482137 0.6482053399085999 18878
1672118555202 0.638100802898407 19095
1672118628479 0.6364134550094604 19312
1672118701369 0.6361216902732849 19529
1672118774605 0.6638810038566589 19746
1672118847566 0.6373080611228943 19963
1672118920994 0.6505367755889893 20180
1672118993948 0.640796959400177 20397
1672119066935 0.6304542422294617 20614
1672119139903 0.6335741281509399 20831
1672119213184 0.6501665115356445 21048
1672119286445 0.6323865056037903 21265
1672119359656 0.6541316509246826 21482
1672119432881 0.632502019405365 21699
1672119506344 0.6571318507194519 21916
1672119579604 0.6409192681312561 22133
1672119652719 0.635294497013092 22350
1672119725986 0.6426369547843933 22567
1672119798824 0.6452230215072632 22784
1672119872226 0.6446462869644165 23001
1672119945189 0.6478419899940491 23218
1672120018220 0.6388164758682251 23435
1672120091108 0.6542967557907104 23652
1672120164416 0.6568345427513123 23869
1672120237930 0.6464932560920715 24086
1672120310834 0.6285080313682556 24303
1672120384498 0.6566941738128662 24520
1672120457884 0.6406880617141724 24737
1672120531254 0.6445870399475098 24954
1672120604297 0.6365538239479065 25171
1672120677322 0.6433113217353821 25388
1672120750472 0.6468483209609985 25605
1672120823464 0.6408037543296814 25822
1672120896907 0.6477704048156738 26039
1672120970016 0.6398265361785889 26256
1672121043186 0.650999128818512 26473
1672121116201 0.63597571849823 26690
1672121189223 0.6585439443588257 26907
1672121262324 0.644486665725708 27124
1672121335478 0.6338054537773132 27341
1672121408668 0.6290048956871033 27558
1672121481570 0.6408270597457886 27775
1672121554895 0.6523025631904602 27992
1672121627953 0.6389596462249756 28209
1672121700969 0.6399779319763184 28426
1672121773641 0.6469447016716003 28643
1672121846743 0.6404142379760742 28860
1672121919517 0.650688111782074 29077
1672121992416 0.6432287096977234 29294
1672122065669 0.6456068754196167 29511
1672122138941 0.6485039591789246 29728
1672122212175 0.6493421196937561 29945
1672122285314 0.6578130722045898 30162
1672122358340 0.6356166005134583 30379
1672122431383 0.6490778923034668 30596
1672122504326 0.6409112215042114 30813
1672122577615 0.63578861951828 31030
1672122650961 0.6440792083740234 31247
1672122724080 0.6524950861930847 31464
1672122797121 0.6388769149780273 31681
1672122869857 0.6473245024681091 31898
1672122942921 0.6351996660232544 32115
1672123016153 0.6455986499786377 32332
1672123089335 0.6425970196723938 32549
