1672112080607 0.6666666865348816 49
1672112095135 0.4583333432674408 99
1672112109832 0.512499988079071 149
1672112124533 0.6875 199
1672112149642 0.7083333134651184 249
1672112164238 0.5416666865348816 299
1672112178777 0.7500000596046448 349
1672112193284 0.375 399
1672112218503 0.6499999761581421 449
1672112233057 0.7291666865348816 499
1672112247765 0.5083333253860474 549
1672112262476 0.4375 599
1672112277192 0.5416666865348816 649
1672112302548 0.5625 699
1672112317108 0.7249999642372131 749
1672112331661 0.5625 799
1672112346205 0.375 849
1672112371758 0.5833333730697632 899
1672112386366 0.574999988079071 949
1672112400971 0.5416666865348816 999
1672112415889 0.625 1049
1672112441278 0.6458333134651184 1099
1672112455755 0.625 1149
1672112470290 0.6875 1199
1672112484765 0.5625 1249
1672112499226 0.625 1299
1672112524678 0.9375 1349
1672112539442 0.8541666865348816 1399
1672112554084 0.5249999761581421 1449
1672112568705 0.6458333134651184 1499
1672112594368 0.6875000596046448 1549
1672112609010 0.550000011920929 1599
1672112623615 0.7291666865348816 1649
1672112638435 0.2708333432674408 1699
1672112663688 0.5446428656578064 1749
1672112678263 0.5833333730697632 1799
1672112692976 0.7083333730697632 1849
1672112707558 0.6946429014205933 1899
1672112722274 0.75 1949
1672112747577 0.6666666865348816 1999
1672112762370 0.6875 2049
1672112777193 0.6666666865348816 2099
1672112791851 0.612500011920929 2149
1672112817139 0.7708333730697632 2199
1672112831811 0.5583333373069763 2249
1672112846730 0.4375 2299
1672112861492 0.6083333492279053 2349
1672112886946 0.4749999940395355 2399
1672112901518 0.875 2449
1672112916409 0.7916666865348816 2499
1672112931018 0.6041666865348816 2549
1672112945582 0.38333332538604736 2599
1672112970844 0.4166666865348816 2649
1672112985769 0.4333333373069763 2699
1672113000396 0.6041666269302368 2749
1672113015058 0.6000000238418579 2799
1672113040762 0.574999988079071 2849
1672113055441 0.2708333432674408 2899
1672113070128 0.5166666507720947 2949
1672113084854 0.6875 2999
1672113110326 0.6291667222976685 3049
1672113125009 0.5208333730697632 3099
1672113139652 0.6083333492279053 3149
1672113154573 0.6499999761581421 3199
1672113169143 0.6666666865348816 3249
1672113194585 0.625 3299
1672113209252 0.5583333373069763 3349
1672113224103 0.4833333492279053 3399
1672113238775 0.375 3449
1672113264285 0.8541666865348816 3499
1672113279188 1.0 3549
1672113293900 0.5458333492279053 3599
1672113308757 0.8541666865348816 3649
1672113334094 0.1666666716337204 3699
1672113348881 0.6708333492279053 3749
1672113363506 0.8125 3799
1672113378296 0.36666667461395264 3849
1672113392900 0.6250000596046448 3899
1672113418395 0.4583333432674408 3949
1672113433203 0.7166666984558105 3999
1672113448065 0.5625 4049
1672113462695 0.4583333432674408 4099
1672113487993 0.49166667461395264 4149
1672113502835 0.5625 4199
1672113517561 0.6428571343421936 4249
1672113532426 0.6904761791229248 4299
1672113558099 0.7083333730697632 4349
1672113572910 1.0 4399
1672113587668 0.4541666507720947 4449
1672113602314 0.5583333373069763 4499
1672113616937 0.5208333134651184 4549
1672113642268 0.625 4599
1672113657304 0.699999988079071 4649
1672113672141 0.6458333730697632 4699
1672113686815 0.375 4749
1672113712374 0.5 4799
1672113727037 0.6166666746139526 4849
1672113741705 0.5333333611488342 4899
1672113756296 0.6875 4949
1672113781993 0.6458333134651184 4999
1672113796755 0.4791666865348816 5049
1672113811607 0.4791666865348816 5099
1672113826197 0.7916666865348816 5149
1672113840767 0.5035714507102966 5199
1672113866449 0.625 5249
1672113881308 0.8333333730697632 5299
1672113895967 0.6875 5349
1672113910830 0.5208333134651184 5399
1672113936611 0.3916666805744171 5449
1672113951219 0.875 5499
1672113965874 0.8166666626930237 5549
1672113980506 0.4958333373069763 5599
1672114005690 0.5 5649
1672114020303 0.625 5699
1672114035143 0.512499988079071 5749
1672114049939 0.8166667222976685 5799
1672114064562 0.6666666865348816 5849
1672114090097 0.8166667222976685 5899
1672114104715 0.75 5949
1672114119350 0.75 5999
1672114133950 0.4375 6049
1672114159221 0.2708333432674408 6099
1672114173903 0.4166666567325592 6149
1672114188901 0.2916666865348816 6199
1672114203815 0.637499988079071 6249
1672114229290 0.7875000238418579 6299
1672114243943 0.5625 6349
1672114258593 0.5333333015441895 6399
1672114273343 0.3958333432674408 6449
1672114287998 0.737500011920929 6499
1672114313538 0.9166666865348816 6549
1672114328273 0.875 6599
1672114343478 0.5249999761581421 6649
1672114358304 0.5375000238418579 6699
1672114383623 0.8166666626930237 6749
1672114398232 0.6499999761581421 6799
1672114412838 0.5625 6849
1672114427451 0.949999988079071 6899
1672114453000 0.75 6949
1672114467611 0.3791666626930237 6999
1672114482406 0.6666666865348816 7049
1672114497207 0.5 7099
1672114511980 0.8333333730697632 7149
1672114537830 0.6666666865348816 7199
1672114552440 0.6000000238418579 7249
1672114567106 0.625 7299
1672114581697 0.7875000238418579 7349
1672114607075 0.7083333730697632 7399
1672114621868 0.5875000357627869 7449
1672114636866 0.3166666626930237 7499
1672114651809 0.550000011920929 7549
1672114677067 0.5208333730697632 7599
1672114691689 0.75 7649
1672114706333 0.612500011920929 7699
1672114720959 0.22499999403953552 7749
1672114735585 0.4749999940395355 7799
1672114760901 0.3333333432674408 7849
1672114775659 0.8374999761581421 7899
1672114790504 0.4625000059604645 7949
1672114805254 0.6000000238418579 7999
1672114830990 0.762499988079071 8049
1672114845637 0.5416666865348816 8099
1672114860260 0.8374999761581421 8149
1672114874858 0.9166666865348816 8199
1672114900506 0.4583333432674408 8249
1672114915315 0.7083333134651184 8299
1672114930002 0.7916666865348816 8349
1672114944981 0.3958333432674408 8399
1672114959567 0.44999998807907104 8449
1672114985182 0.5833333730697632 8499
1672114999692 0.5666666626930237 8549
1672115013998 0.574999988079071 8599
1672115028421 0.7249999642372131 8649
1672115052908 0.75 8699
1672115067431 0.10000000149011612 8749
1672115081899 0.4791666865348816 8799
1672115096247 0.8541666865348816 8849
1672115120930 0.6916666626930237 8899
1672115135443 0.4375 8949
1672115149848 0.2666666805744171 8999
1672115164325 0.7333333492279053 9049
1672115178841 0.6041666865348816 9099
1672115203618 0.9166666865348816 9149
1672115217987 0.875 9199
1672115232345 0.7541667222976685 9249
1672115246723 0.38749998807907104 9299
1672115271556 0.824999988079071 9349
1672115285915 0.6875 9399
1672115300517 0.8333333730697632 9449
1672115314975 0.9375 9499
1672115339784 0.824999988079071 9549
1672115354079 0.625 9599
1672115368451 0.5874999761581421 9649
1672115382769 0.5833333730697632 9699
1672115397292 0.5416666865348816 9749
1672115422161 0.5416666865348816 9799
1672115436517 0.7833333015441895 9849
1672115450859 0.887499988079071 9899
1672115465232 0.6875 9949
1672115489965 0.7083333730697632 9999
1672115504404 0.625 10049
1672115518923 0.8999999761581421 10099
1672115533491 0.6666666865348816 10149
1672115558284 0.7708333730697632 10199
1672115572814 0.625 10249
1672115587166 0.4833333492279053 10299
1672115601522 0.6041666865348816 10349
1672115616092 0.4166666865348816 10399
1672115640750 0.7083333730697632 10449
1672115655128 0.824999988079071 10499
1672115669504 0.5 10549
1672115684015 0.5625 10599
1672115708855 0.8125 10649
1672115723218 0.6619048118591309 10699
1672115737594 0.5666666626930237 10749
1672115751956 0.625 10799
1672115766137 0.5 10849
1672115791312 0.4583333730697632 10899
1672115805831 0.6666666865348816 10949
1672115820191 0.4166666865348816 10999
1672115834601 0.6708332896232605 11049
1672115859325 0.625 11099
1672115873724 0.4625000059604645 11149
1672115888247 0.6499999761581421 11199
1672115902720 0.6708332896232605 11249
1672115927744 0.6041666865348816 11299
1672115942312 0.5416666865348816 11349
1672115956687 0.5833333730697632 11399
1672115971038 0.6208333969116211 11449
1672115985727 0.6041666865348816 11499
1672116010650 0.75 11549
1672116025205 0.6666666865348816 11599
1672116039615 0.4791666865348816 11649
1672116054147 0.6666666865348816 11699
1672116079167 0.5 11749
1672116093495 0.375 11799
1672116107797 0.6875 11849
1672116122088 0.6083333492279053 11899
1672116146945 0.5791666507720947 11949
1672116161396 0.6000000238418579 11999
1672116175894 0.6499999761581421 12049
1672116190474 0.7291666865348816 12099
1672116205073 0.6666666865348816 12149
1672116229837 0.6458333730697632 12199
1672116244267 0.5541666746139526 12249
1672116258796 0.6499999761581421 12299
1672116273257 0.3333333432674408 12349
1672116298274 0.7678571343421936 12399
1672116312956 0.8333333730697632 12449
1672116327405 0.625 12499
1672116341941 0.4583333432674408 12549
1672116366784 0.6875 12599
1672116381167 0.6666666865348816 12649
1672116395522 0.75 12699
1672116410157 0.7916666865348816 12749
1672116424438 0.7083333730697632 12799
1672116449352 0.9166666865348816 12849
1672116463729 0.6875 12899
1672116478049 0.5 12949
1672116492428 0.25 12999
1672116517297 0.7916666865348816 13049
1672116531860 0.699999988079071 13099
1672116546309 0.6666666865348816 13149
1672116560868 0.8125 13199
1672116585619 0.7916666865348816 13249
1672116600119 0.4124999940395355 13299
1672116614631 0.4375 13349
1672116629094 0.4541666507720947 13399
1672116643514 0.25 13449
1672116668635 0.7678571343421936 13499
1672116683155 0.7749999761581421 13549
1672116697686 0.8125 13599
1672116712061 0.6916667222976685 13649
1672116736872 0.5833333730697632 13699
1672116751222 0.5874999761581421 13749
1672116765600 0.6666666865348816 13799
1672116779993 0.762499988079071 13849
1672116804761 0.9166666865348816 13899
1672116819283 0.4833333492279053 13949
1672116833943 0.6666666269302368 13999
1672116848301 0.4416666626930237 14049
1672116862689 0.3708333373069763 14099
1672116887491 0.5041667222976685 14149
1672116901935 0.6000000238418579 14199
1672116916424 0.375 14249
1672116931161 0.625 14299
1672116956136 0.625 14349
1672116970882 0.8374999761581421 14399
1672116985289 0.6499999761581421 14449
1672116999702 0.6499999761581421 14499
1672117024414 0.36250001192092896 14549
1672117038795 0.9375 14599
1672117053138 0.512499988079071 14649
1672117067756 0.6499999761581421 14699
1672117082146 1.0 14749
1672117107036 0.7749999761581421 14799
1672117121521 0.7083333730697632 14849
1672117135866 0.5416666865348816 14899
1672117150218 0.6041666865348816 14949
1672117174985 0.5 14999
1672117189560 0.6666666865348816 15049
1672117204088 0.5625 15099
1672117218469 0.699999988079071 15149
1672117243416 0.3916666507720947 15199
1672117257923 0.4375 15249
1672117272294 0.4166666865348816 15299
1672117286814 0.6166666746139526 15349
1672117301193 0.5708333849906921 15399
1672117325862 0.3958333432674408 15449
1672117340333 0.7708333730697632 15499
1672117354646 0.75 15549
1672117369089 0.762499988079071 15599
1672117393851 0.5833333730697632 15649
1672117408274 0.7833333611488342 15699
1672117422794 0.7541666626930237 15749
1672117437208 0.7291666865348816 15799
1672117462291 0.5416666865348816 15849
1672117476661 0.5416666865348816 15899
1672117491221 0.4333333373069763 15949
1672117505612 0.4124999940395355 15999
1672117520123 0.5714285373687744 16049
1672117544738 0.625 16099
1672117559158 0.4166666865348816 16149
1672117573670 0.75 16199
1672117588042 0.40833333134651184 16249
1672117612845 0.4791666865348816 16299
1672117627222 0.3333333432674408 16349
1672117641594 0.75 16399
1672117656270 0.5809524059295654 16449
1672117680993 0.6666666865348816 16499
1672117695522 0.5 16549
1672117710098 0.8125 16599
1672117724480 0.7083333730697632 16649
1672117738852 0.2916666865348816 16699
1672117763593 0.512499988079071 16749
1672117778204 0.5 16799
1672117792503 0.7875000238418579 16849
1672117807080 0.7083333730697632 16899
1672117831816 0.949999988079071 16949
1672117846283 0.5416666865348816 16999
1672117860610 0.5375000238418579 17049
1672117874970 0.75 17099
1672117899690 0.7333333492279053 17149
1672117914259 0.3499999940395355 17199
1672117928937 0.6875 17249
1672117943342 0.4375 17299
1672117957735 0.5333333611488342 17349
1672117982747 0.5833333730697632 17399
1672117997155 0.7083333730697632 17449
1672118011532 0.7333333492279053 17499
1672118025929 0.6666666865348816 17549
1672118050870 1.0 17599
1672118065370 0.574999988079071 17649
1672118079828 0.9166666865348816 17699
1672118094310 0.8125 17749
1672118118997 0.824999988079071 17799
1672118133316 0.8374999761581421 17849
1672118147679 0.8125 17899
1672118162051 0.375 17949
1672118176417 0.5416666865348816 17999
1672118201415 0.5833333134651184 18049
1672118215983 0.6875 18099
1672118230394 0.8333333730697632 18149
1672118245004 0.8041666746139526 18199
1672118269688 0.5833333134651184 18249
1672118284061 0.7708333134651184 18299
1672118298381 0.5 18349
1672118312711 0.3958333432674408 18399
1672118337607 0.5416666865348816 18449
1672118352250 0.7500000596046448 18499
1672118366809 0.6666666865348816 18549
1672118381347 0.5625 18599
1672118395758 0.6875 18649
1672118420619 0.5666666626930237 18699
1672118434976 0.6416667103767395 18749
1672118449345 0.7500000596046448 18799
1672118463723 0.8041666746139526 18849
1672118488793 1.0 18899
1672118503340 0.574999988079071 18949
1672118517803 0.9017857313156128 18999
1672118532116 0.3928571343421936 19049
1672118556975 0.4583333730697632 19099
1672118571341 0.5625 19149
1672118585719 0.512499988079071 19199
1672118600292 0.8999999761581421 19249
1672118614652 0.3583333492279053 19299
1672118639782 0.7250000238418579 19349
1672118654286 0.6458333730697632 19399
1672118668646 0.949999988079071 19449
1672118682979 0.7333333492279053 19499
1672118707791 0.5416666865348816 19549
1672118722128 0.875 19599
1672118736592 0.625 19649
1672118751067 0.4791666865348816 19699
1672118776222 0.6499999761581421 19749
1672118790597 0.9375 19799
1672118804965 0.75 19849
1672118819360 0.7083333730697632 19899
1672118833866 0.699999988079071 19949
1672118858748 0.5874999761581421 19999
1672118873187 0.7708333730697632 20049
1672118887620 0.875 20099
1672118902332 0.40000003576278687 20149
1672118927131 0.6666666865348816 20199
1672118941551 0.5833333730697632 20249
1672118955960 0.8333333134651184 20299
1672118970355 0.875 20349
1672118995161 0.75 20399
1672119009519 0.6666666865348816 20449
1672119023816 0.4791666865348816 20499
1672119038697 0.4583333134651184 20549
1672119052984 0.5 20599
1672119077722 0.6666666865348816 20649
1672119092130 0.5458333492279053 20699
1672119106557 0.4166666865348816 20749
1672119120943 0.5416666865348816 20799
1672119145734 0.44999998807907104 20849
1672119160435 0.5416666865348816 20899
1672119175121 0.7291666865348816 20949
1672119189533 0.7458333373069763 20999
1672119214151 0.8541666865348816 21049
1672119228530 0.8125 21099
1672119242923 0.8125 21149
1672119257421 0.5833333730697632 21199
1672119271953 0.6666666865348816 21249
1672119297066 0.75 21299
1672119311495 0.550000011920929 21349
1672119325924 0.4166666865348816 21399
1672119340413 0.4791666865348816 21449
1672119365222 0.5166667103767395 21499
1672119379673 0.5249999761581421 21549
1672119394142 0.5416666865348816 21599
1672119408902 0.8125 21649
1672119423144 0.0 21699
1672119447926 0.6083333492279053 21749
1672119462438 0.6041666865348816 21799
1672119476805 0.875 21849
1672119491197 0.6000000238418579 21899
1672119516500 0.625 21949
1672119531006 0.4333333373069763 21999
1672119545527 0.6041666865348816 22049
1672119559891 0.7083333730697632 22099
1672119584991 0.6458333730697632 22149
1672119599382 0.5 22199
1672119613765 0.625 22249
1672119628127 0.4166666865348816 22299
1672119642573 0.4166666865348816 22349
1672119667535 0.7916666865348816 22399
1672119682092 0.8125 22449
1672119696467 0.5166667103767395 22499
1672119710980 0.875 22549
1672119735822 0.625 22599
1672119750198 0.6666666865348816 22649
1672119764598 0.5416666865348816 22699
1672119778982 0.46666669845581055 22749
1672119803852 0.75 22799
1672119818639 0.4833333492279053 22849
1672119833086 0.4583333432674408 22899
1672119847412 0.5166666507720947 22949
1672119861710 0.8333333134651184 22999
1672119886686 0.699999988079071 23049
1672119901069 0.6000000238418579 23099
1672119915617 0.5833333730697632 23149
1672119930018 0.6875 23199
1672119954774 0.637499988079071 23249
1672119969119 0.125 23299
1672119983735 0.625 23349
1672119998056 0.6666666865348816 23399
1672120022912 0.4583333432674408 23449
1672120037283 0.8333333134651184 23499
1672120051819 0.5416666865348816 23549
1672120066155 0.6041666865348816 23599
1672120080505 0.6666666865348816 23649
1672120105488 0.8374999761581421 23699
1672120120047 0.7416666746139526 23749
1672120134468 0.5333333015441895 23799
1672120148939 0.8541666865348816 23849
1672120173671 0.887499988079071 23899
1672120188250 0.7250000238418579 23949
1672120202803 0.7291666865348816 23999
1672120217209 0.949999988079071 24049
1672120242347 0.7749999761581421 24099
1672120256697 1.0 24149
1672120271148 0.5416666865348816 24199
1672120285566 0.5833333730697632 24249
1672120299951 0.6666666865348816 24299
1672120324909 0.6041666865348816 24349
1672120339380 0.9166666865348816 24399
1672120354066 0.4583333730697632 24449
1672120368656 0.75 24499
1672120393687 0.5 24549
1672120408252 0.5416666865348816 24599
1672120422693 0.4124999940395355 24649
1672120437146 0.6041666865348816 24699
1672120462005 0.5833333730697632 24749
1672120476626 0.3375000059604645 24799
1672120491052 0.5333333611488342 24849
1672120505746 0.625 24899
1672120520157 0.7749999761581421 24949
1672120544874 0.6208333373069763 24999
1672120559314 0.6875 25049
1672120573718 0.7303571701049805 25099
1672120588358 0.3125 25149
1672120612973 0.4791666865348816 25199
1672120627324 0.625 25249
1672120641901 0.5833333730697632 25299
1672120656228 0.7749999761581421 25349
1672120681159 0.6875000596046448 25399
1672120695586 0.7124999761581421 25449
1672120710177 0.8333333134651184 25499
1672120724726 0.5833333134651184 25549
1672120739105 0.625 25599
1672120763894 0.9375 25649
1672120778272 0.8333333134651184 25699
1672120792784 0.5416666865348816 25749
1672120807238 0.4166666865348816 25799
1672120831997 0.625 25849
1672120846562 0.7708333730697632 25899
1672120861171 0.5 25949
1672120875674 0.762499988079071 25999
1672120900436 0.7124999761581421 26049
1672120914949 0.4166666865348816 26099
1672120929483 0.5 26149
1672120943874 0.4000000059604645 26199
1672120958269 0.5 26249
1672120983181 0.625 26299
1672120997563 0.9166666865348816 26349
1672121012075 0.5875000357627869 26399
1672121026445 0.6499999761581421 26449
1672121051562 0.4375 26499
1672121065934 0.7916666865348816 26549
1672121080296 0.5625 26599
1672121094664 0.5208333730697632 26649
1672121119435 0.6666666865348816 26699
1672121133725 0.875 26749
1672121148302 0.574999988079071 26799
1672121162661 0.6875 26849
1672121177124 0.6708332896232605 26899
1672121202003 0.6666666865348816 26949
1672121216385 0.375 26999
1672121230808 0.4375 27049
1672121245296 0.75 27099
1672121270171 0.8999999761581421 27149
1672121284652 0.5833333730697632 27199
1672121299159 0.4375 27249
1672121313680 0.5208333134651184 27299
1672121338461 0.8125 27349
1672121352814 0.6000000238418579 27399
1672121367173 0.675000011920929 27449
1672121381721 0.7916666865348816 27499
1672121396194 0.6708332896232605 27549
1672121421150 0.5833333730697632 27599
1672121435551 0.5249999761581421 27649
1672121450066 0.6500000357627869 27699
1672121464486 0.3541666865348816 27749
1672121489128 0.7291666865348816 27799
1672121503622 0.5 27849
1672121518050 0.75 27899
1672121532664 0.4333333373069763 27949
1672121557597 0.6666666865348816 27999
1672121572096 0.6666666865348816 28049
1672121586548 0.7083333134651184 28099
1672121601052 1.0 28149
1672121615415 0.6666666865348816 28199
1672121640073 0.5625 28249
1672121654521 0.375 28299
1672121669018 0.7916666865348816 28349
1672121683465 0.7749999761581421 28399
1672121708256 0.8666666746139526 28449
1672121722569 0.7916666865348816 28499
1672121736854 0.5416666865348816 28549
1672121751301 0.625 28599
1672121776078 0.8999999761581421 28649
1672121790695 0.7416666746139526 28699
1672121805020 0.6000000238418579 28749
1672121819384 0.25 28799
1672121833706 0.6875 28849
1672121858770 0.6875 28899
1672121873087 0.8333333730697632 28949
1672121887456 0.75 28999
1672121901790 0.9375 29049
1672121926438 0.2291666716337204 29099
1672121940891 0.44999998807907104 29149
1672121955354 0.5416666865348816 29199
1672121969837 0.6041666865348816 29249
1672121994524 0.6458333134651184 29299
1672122008947 0.574999988079071 29349
1672122023507 0.9166666865348816 29399
1672122037939 0.699999988079071 29449
1672122052321 0.5416666865348816 29499
1672122077577 0.7250000238418579 29549
1672122092048 0.7291666865348816 29599
1672122106485 0.8374999761581421 29649
1672122120936 0.5874999761581421 29699
1672122145681 0.5208333134651184 29749
1672122160122 0.3125 29799
1672122174527 0.7708333134651184 29849
1672122189223 0.6041666865348816 29899
1672122214026 0.75 29949
1672122228545 0.46666669845581055 29999
1672122242959 0.887499988079071 30049
1672122257346 0.887499988079071 30099
1672122271694 0.7416666746139526 30149
1672122296741 0.4791666865348816 30199
1672122311166 0.3958333432674408 30249
1672122325713 0.8333333730697632 30299
1672122340169 0.625 30349
1672122364791 0.75 30399
1672122379212 0.875 30449
1672122393590 0.6666666865348816 30499
1672122407975 0.8125 30549
1672122432871 0.2916666865348816 30599
1672122447379 0.5249999761581421 30649
1672122461733 0.6041666865348816 30699
1672122476082 0.875 30749
1672122490569 0.9166666865348816 30799
1672122515380 0.6041666865348816 30849
1672122529810 0.5625 30899
1672122544405 0.7749999761581421 30949
1672122558929 0.6875 30999
1672122583896 0.7083333730697632 31049
1672122598386 0.9166666865348816 31099
1672122612895 0.375 31149
1672122627291 0.4124999940395355 31199
1672122652262 1.0 31249
1672122666622 0.7083333730697632 31299
1672122681178 0.3958333432674408 31349
1672122695741 0.5833333730697632 31399
1672122710127 0.2916666865348816 31449
1672122734913 0.4583333432674408 31499
1672122749388 0.5874999761581421 31549
1672122763868 0.6166666746139526 31599
1672122778258 0.8333333730697632 31649
1672122803054 1.0 31699
1672122817354 0.4791666865348816 31749
1672122831802 0.5 31799
1672122846150 0.6458333134651184 31849
1672122870817 0.7124999761581421 31899
1672122885326 0.3750000298023224 31949
1672122899829 0.8541666865348816 31999
1672122914207 0.5833333134651184 32049
1672122928582 0.8452380895614624 32099
1672122953425 0.6875 32149
1672122967979 0.6833333373069763 32199
1672122982361 0.8125 32249
1672122996917 1.0 32299
1672123021936 0.5833333730697632 32349
1672123036462 0.5 32399
1672123050916 0.5833333730697632 32449
1672123065329 0.7291666865348816 32499
1672123079713 0.25 32549
