1672112080607 0.6833333373069763 49
1672112095135 0.5833333730697632 99
1672112109832 0.60317462682724 149
1672112124533 0.6309524178504944 199
1672112149642 0.75 249
1672112164238 0.6166666746139526 299
1672112178777 0.7416666746139526 349
1672112193284 0.375 399
1672112218503 0.5833333730697632 449
1672112233057 0.797619104385376 499
1672112247765 0.6138889193534851 549
1672112262476 0.5166666507720947 599
1672112277192 0.6166666746139526 649
1672112302548 0.5476190447807312 699
1672112317108 0.763888955116272 749
1672112331661 0.550000011920929 799
1672112346205 0.32499998807907104 849
1672112371758 0.6666666865348816 899
1672112386366 0.5763888955116272 949
1672112400971 0.5833333730697632 999
1672112415889 0.699999988079071 1049
1672112441278 0.7152777910232544 1099
1672112455755 0.6166666746139526 1149
1672112470290 0.6785714626312256 1199
1672112484765 0.6041666865348816 1249
1672112499226 0.6666666865348816 1299
1672112524678 0.9375 1349
1672112539442 0.6970238089561462 1399
1672112554084 0.6375000476837158 1449
1672112568705 0.6415584683418274 1499
1672112594368 0.7559524178504944 1549
1672112609010 0.6746032238006592 1599
1672112623615 0.7392857074737549 1649
1672112638435 0.2666666805744171 1699
1672112663688 0.4833333492279053 1749
1672112678263 0.6583333611488342 1799
1672112692976 0.7678571343421936 1849
1672112707558 0.7749999761581421 1899
1672112722274 0.7833333015441895 1949
1672112747577 0.7059524059295654 1999
1672112762370 0.7470238208770752 2049
1672112777193 0.6388888955116272 2099
1672112791851 0.7559523582458496 2149
1672112817139 0.6916666626930237 2199
1672112831811 0.6428571939468384 2249
1672112846730 0.511904776096344 2299
1672112861492 0.7083333730697632 2349
1672112886946 0.5892857313156128 2399
1672112901518 0.8809524178504944 2449
1672112916409 0.8388888835906982 2499
1672112931018 0.6333333849906921 2549
1672112945582 0.49642854928970337 2599
1672112970844 0.44999998807907104 2649
1672112985769 0.5178571343421936 2699
1672113000396 0.6625000238418579 2749
1672113015058 0.6597222089767456 2799
1672113040762 0.6578283309936523 2849
1672113055441 0.3392857313156128 2899
1672113070128 0.6097222566604614 2949
1672113084854 0.773809552192688 2999
1672113110326 0.6934524178504944 3049
1672113125009 0.5874999761581421 3099
1672113139652 0.7124999761581421 3149
1672113154573 0.6875 3199
1672113169143 0.625 3249
1672113194585 0.5892857313156128 3299
1672113209252 0.6761904954910278 3349
1672113224103 0.5249999761581421 3399
1672113238775 0.2916666865348816 3449
1672113264285 0.8785714507102966 3499
1672113279188 0.8666666746139526 3549
1672113293900 0.6416666507720947 3599
1672113308757 0.8309524059295654 3649
1672113334094 0.20000000298023224 3699
1672113348881 0.6666666865348816 3749
1672113363506 0.8928571939468384 3799
1672113378296 0.3888888955116272 3849
1672113392900 0.7000000476837158 3899
1672113418395 0.5357142686843872 3949
1672113433203 0.7208333015441895 3999
1672113448065 0.6000000238418579 4049
1672113462695 0.5267857313156128 4099
1672113487993 0.615079402923584 4149
1672113502835 0.6208333373069763 4199
1672113517561 0.7651515603065491 4249
1672113532426 0.7939394116401672 4299
1672113558099 0.8166666626930237 4349
1672113572910 0.949999988079071 4399
1672113587668 0.5571428537368774 4449
1672113602314 0.6763889789581299 4499
1672113616937 0.6238095760345459 4549
1672113642268 0.7000000476837158 4599
1672113657304 0.769444465637207 4649
1672113672141 0.747619092464447 4699
1672113686815 0.5 4749
1672113712374 0.6000000238418579 4799
1672113727037 0.5928571224212646 4849
1672113741705 0.6857143044471741 4899
1672113756296 0.6388888955116272 4949
1672113781993 0.6875 4999
1672113796755 0.5809524059295654 5049
1672113811607 0.5476190447807312 5099
1672113826197 0.7833333611488342 5149
1672113840767 0.5833333730697632 5199
1672113866449 0.7666666507720947 5249
1672113881308 0.7416666746139526 5299
1672113895967 0.7510822415351868 5349
1672113910830 0.5166667103767395 5399
1672113936611 0.48571428656578064 5449
1672113951219 0.7833333611488342 5499
1672113965874 0.887499988079071 5549
1672113980506 0.5 5599
1672114005690 0.49761903285980225 5649
1672114020303 0.6666666865348816 5699
1672114035143 0.6305556297302246 5749
1672114049939 0.8017857074737549 5799
1672114064562 0.7285714149475098 5849
1672114090097 0.8041666746139526 5899
1672114104715 0.824999988079071 5949
1672114119350 0.773809552192688 5999
1672114133950 0.523809552192688 6049
1672114159221 0.2874999940395355 6099
1672114173903 0.4791666865348816 6149
1672114188901 0.36666667461395264 6199
1672114203815 0.7430555820465088 6249
1672114229290 0.7420635223388672 6299
1672114243943 0.5892857313156128 6349
1672114258593 0.5821428894996643 6399
1672114273343 0.4583333432674408 6449
1672114287998 0.7916666865348816 6499
1672114313538 0.8666666746139526 6549
1672114328273 0.8055555820465088 6599
1672114343478 0.5375000238418579 6649
1672114358304 0.6071428656578064 6699
1672114383623 0.8597221970558167 6749
1672114398232 0.6309523582458496 6799
1672114412838 0.6416666507720947 6849
1672114427451 0.908730149269104 6899
1672114453000 0.7083333730697632 6949
1672114467611 0.4375 6999
1672114482406 0.6595238447189331 7049
1672114497207 0.5 7099
1672114511980 0.875 7149
1672114537830 0.5833333730697632 7199
1672114552440 0.6553571224212646 7249
1672114567106 0.625 7299
1672114581697 0.7892857193946838 7349
1672114607075 0.7939394116401672 7399
1672114621868 0.6458333730697632 7449
1672114636866 0.3541666865348816 7499
1672114651809 0.49166667461395264 7549
1672114677067 0.5142857432365417 7599
1672114691689 0.7833333611488342 7649
1672114706333 0.6726190447807312 7699
1672114720959 0.2916666865348816 7749
1672114735585 0.5357142686843872 7799
1672114760901 0.4333333373069763 7849
1672114775659 0.7022727727890015 7899
1672114790504 0.5684524178504944 7949
1672114805254 0.6666666269302368 7999
1672114830990 0.8263888955116272 8049
1672114845637 0.5809524059295654 8099
1672114860260 0.7749999761581421 8149
1672114874858 0.824999988079071 8199
1672114900506 0.5083333253860474 8249
1672114915315 0.7559524178504944 8299
1672114930002 0.8166666626930237 8349
1672114944981 0.4642857313156128 8399
1672114959567 0.5040404200553894 8449
1672114985182 0.6833333373069763 8499
1672114999692 0.6041666865348816 8549
1672115013998 0.7222222685813904 8599
1672115028421 0.826388955116272 8649
1672115052908 0.8333333730697632 8699
1672115067431 0.1428571492433548 8749
1672115081899 0.5345238447189331 8799
1672115096247 0.8809524178504944 8849
1672115120930 0.737500011920929 8899
1672115135443 0.49761903285980225 8949
1672115149848 0.2857142686843872 8999
1672115164325 0.7410714626312256 9049
1672115178841 0.6701298952102661 9099
1672115203618 0.9142857193946838 9149
1672115217987 0.8660714626312256 9199
1672115232345 0.8184523582458496 9249
1672115246723 0.4888888895511627 9299
1672115271556 0.7416666746139526 9349
1672115285915 0.7976190447807312 9399
1672115300517 0.7000000476837158 9449
1672115314975 0.8785714507102966 9499
1672115339784 0.8055555820465088 9549
1672115354079 0.7083333730697632 9599
1672115368451 0.6517857313156128 9649
1672115382769 0.6499999761581421 9699
1672115397292 0.6166666746139526 9749
1672115422161 0.49166667461395264 9799
1672115436517 0.7638888955116272 9849
1672115450859 0.8875000476837158 9899
1672115465232 0.7559524178504944 9949
1672115489965 0.7833333611488342 9999
1672115504404 0.5833333730697632 10049
1672115518923 0.888888955116272 10099
1672115533491 0.6916666626930237 10149
1672115558284 0.8642857074737549 10199
1672115572814 0.5892857313156128 10249
1672115587166 0.5416666865348816 10299
1672115601522 0.6142857074737549 10349
1672115616092 0.4166666865348816 10399
1672115640750 0.7684524059295654 10449
1672115655128 0.8472222089767456 10499
1672115669504 0.550000011920929 10549
1672115684015 0.5333333015441895 10599
1672115708855 0.7559523582458496 10649
1672115723218 0.7708333730697632 10699
1672115737594 0.6814394593238831 10749
1672115751956 0.6666666865348816 10799
1672115766137 0.5 10849
1672115791312 0.5666666626930237 10899
1672115805831 0.6761904954910278 10949
1672115820191 0.4166666865348816 10999
1672115834601 0.6458333730697632 11049
1672115859325 0.6666666865348816 11099
1672115873724 0.5803571343421936 11149
1672115888247 0.7708333730697632 11199
1672115902720 0.75 11249
1672115927744 0.7000000476837158 11299
1672115942312 0.4583333730697632 11349
1672115956687 0.7083333730697632 11399
1672115971038 0.7071428298950195 11449
1672115985727 0.6309524178504944 11499
1672116010650 0.699999988079071 11549
1672116025205 0.699999988079071 11599
1672116039615 0.4809523820877075 11649
1672116054147 0.7606061100959778 11699
1672116079167 0.4583333730697632 11749
1672116093495 0.4166666865348816 11799
1672116107797 0.7142857313156128 11849
1672116122088 0.6541666984558105 11899
1672116146945 0.6583333611488342 11949
1672116161396 0.5359848737716675 11999
1672116175894 0.7095238566398621 12049
1672116190474 0.797619104385376 12099
1672116205073 0.6071428656578064 12149
1672116229837 0.7142857313156128 12199
1672116244267 0.6365079283714294 12249
1672116258796 0.6309524178504944 12299
1672116273257 0.3976190686225891 12349
1672116298274 0.7651515603065491 12399
1672116312956 0.8999999761581421 12449
1672116327405 0.6916666626930237 12499
1672116341941 0.4333333373069763 12549
1672116366784 0.6309524178504944 12599
1672116381167 0.6666666865348816 12649
1672116395522 0.8333333730697632 12699
1672116410157 0.8517857193946838 12749
1672116424438 0.7666667103767395 12799
1672116449352 0.949999988079071 12849
1672116463729 0.7142857313156128 12899
1672116478049 0.5392857193946838 12949
1672116492428 0.2916666865348816 12999
1672116517297 0.8333333730697632 13049
1672116531860 0.7192460894584656 13099
1672116546309 0.6642857193946838 13149
1672116560868 0.8309524059295654 13199
1672116585619 0.8333333730697632 13249
1672116600119 0.4928571581840515 13299
1672116614631 0.5059523582458496 13349
1672116629094 0.5690476298332214 13399
1672116643514 0.2678571343421936 13449
1672116668635 0.8068181872367859 13499
1672116683155 0.7916666865348816 13549
1672116697686 0.8452380895614624 13599
1672116712061 0.7803571224212646 13649
1672116736872 0.6666666865348816 13699
1672116751222 0.699999988079071 13749
1672116765600 0.6041666865348816 13799
1672116779993 0.8031746745109558 13849
1672116804761 0.8333333730697632 13899
1672116819283 0.4809523820877075 13949
1672116833943 0.6904762387275696 13999
1672116848301 0.5147727131843567 14049
1672116862689 0.4571428596973419 14099
1672116887491 0.6017857193946838 14149
1672116901935 0.6428571343421936 14199
1672116916424 0.380952388048172 14249
1672116931161 0.5333333611488342 14299
1672116956136 0.5 14349
1672116970882 0.908730149269104 14399
1672116985289 0.6875 14449
1672116999702 0.7397727370262146 14499
1672117024414 0.3958333134651184 14549
1672117038795 0.761904776096344 14599
1672117053138 0.6666666865348816 14649
1672117067756 0.6666666865348816 14699
1672117082146 0.8041666746139526 14749
1672117107036 0.7916666865348816 14799
1672117121521 0.75 14849
1672117135866 0.5833333730697632 14899
1672117150218 0.7059524059295654 14949
1672117174985 0.550000011920929 14999
1672117189560 0.7250000238418579 15049
1672117204088 0.4124999940395355 15099
1672117218469 0.7000000476837158 15149
1672117243416 0.4642857015132904 15199
1672117257923 0.4928571283817291 15249
1672117272294 0.4166666865348816 15299
1672117286814 0.6916667222976685 15349
1672117301193 0.6458333134651184 15399
1672117325862 0.4333333373069763 15449
1672117340333 0.747619092464447 15499
1672117354646 0.699999988079071 15549
1672117369089 0.8304473757743835 15599
1672117393851 0.512499988079071 15649
1672117408274 0.8500000238418579 15699
1672117422794 0.8041666746139526 15749
1672117437208 0.7430555820465088 15799
1672117462291 0.5833333730697632 15849
1672117476661 0.6166666746139526 15899
1672117491221 0.5178571343421936 15949
1672117505612 0.4928571581840515 15999
1672117520123 0.4861111044883728 16049
1672117544738 0.638888955116272 16099
1672117559158 0.44999998807907104 16149
1672117573670 0.6970238089561462 16199
1672117588042 0.4900793731212616 16249
1672117612845 0.4880952537059784 16299
1672117627222 0.4166666865348816 16349
1672117641594 0.7817460298538208 16399
1672117656270 0.6529914736747742 16449
1672117680993 0.6499999761581421 16499
1672117695522 0.5416666865348816 16549
1672117710098 0.7446428537368774 16599
1672117724480 0.8035714626312256 16649
1672117738852 0.2928571403026581 16699
1672117763593 0.60317462682724 16749
1672117778204 0.574999988079071 16799
1672117792503 0.773809552192688 16849
1672117807080 0.7178571224212646 16899
1672117831816 0.8531745672225952 16949
1672117846283 0.6666666865348816 16999
1672117860610 0.6095238327980042 17049
1672117874970 0.6499999761581421 17099
1672117899690 0.7833333611488342 17149
1672117914259 0.4583333730697632 17199
1672117928937 0.6642857193946838 17249
1672117943342 0.3541666865348816 17299
1672117957735 0.5249999761581421 17349
1672117982747 0.7202381491661072 17399
1672117997155 0.75 17449
1672118011532 0.7333333492279053 17499
1672118025929 0.699999988079071 17549
1672118050870 0.949999988079071 17599
1672118065370 0.5555555820465088 17649
1672118079828 0.824999988079071 17699
1672118094310 0.8071428537368774 17749
1672118118997 0.85317462682724 17799
1672118133316 0.8740079402923584 17849
1672118147679 0.8809524178504944 17899
1672118162051 0.4166666865348816 17949
1672118176417 0.512499988079071 17999
1672118201415 0.6000000238418579 18049
1672118215983 0.6785714626312256 18099
1672118230394 0.7892857193946838 18149
1672118245004 0.8865079283714294 18199
1672118269688 0.7083333730697632 18249
1672118284061 0.7041667103767395 18299
1672118298381 0.5 18349
1672118312711 0.4791666865348816 18399
1672118337607 0.5928571224212646 18449
1672118352250 0.7416666746139526 18499
1672118366809 0.75 18549
1672118381347 0.6059523820877075 18599
1672118395758 0.7666667103767395 18649
1672118420619 0.6345238089561462 18699
1672118434976 0.7595238089561462 18749
1672118449345 0.7749999761581421 18799
1672118463723 0.8309524059295654 18849
1672118488793 0.9166666865348816 18899
1672118503340 0.5222222805023193 18949
1672118517803 0.8557692170143127 18999
1672118532116 0.3693181872367859 19049
1672118556975 0.5666666626930237 19099
1672118571341 0.5809524059295654 19149
1672118585719 0.5222222805023193 19199
1672118600292 0.9217171669006348 19249
1672118614652 0.38749998807907104 19299
1672118639782 0.7678571343421936 19349
1672118654286 0.7559524178504944 19399
1672118668646 0.8055555820465088 19449
1672118682979 0.7541666626930237 19499
1672118707791 0.6047619581222534 19549
1672118722128 0.8660714626312256 19599
1672118736592 0.638888955116272 19649
1672118751067 0.5166667103767395 19699
1672118776222 0.6722222566604614 19749
1672118790597 0.7767857313156128 19799
1672118804965 0.5833333730697632 19849
1672118819360 0.6984848976135254 19899
1672118833866 0.7555555701255798 19949
1672118858748 0.6017857193946838 19999
1672118873187 0.7420635223388672 20049
1672118887620 0.8666666746139526 20099
1672118902332 0.5416666865348816 20149
1672118927131 0.7351190447807312 20199
1672118941551 0.5595238208770752 20249
1672118955960 0.8142857551574707 20299
1672118970355 0.875 20349
1672118995161 0.625 20399
1672119009519 0.699999988079071 20449
1672119023816 0.512499988079071 20499
1672119038697 0.560606062412262 20549
1672119052984 0.5833333730697632 20599
1672119077722 0.6916666626930237 20649
1672119092130 0.6101190447807312 20699
1672119106557 0.46785712242126465 20749
1672119120943 0.49166667461395264 20799
1672119145734 0.4913420081138611 20849
1672119160435 0.5416666865348816 20899
1672119175121 0.7000000476837158 20949
1672119189533 0.7510822415351868 20999
1672119214151 0.8309524059295654 21049
1672119228530 0.7446428537368774 21099
1672119242923 0.762499988079071 21149
1672119257421 0.6499999761581421 21199
1672119271953 0.5178571343421936 21249
1672119297066 0.7357142567634583 21299
1672119311495 0.615079402923584 21349
1672119325924 0.38333335518836975 21399
1672119340413 0.5 21449
1672119365222 0.5833333730697632 21499
1672119379673 0.6041666865348816 21549
1672119394142 0.6000000238418579 21599
1672119408902 0.8928571343421936 21649
1672119423144 0.0 21699
1672119447926 0.7291666865348816 21749
1672119462438 0.6809523701667786 21799
1672119476805 0.8392857313156128 21849
1672119491197 0.6095238327980042 21899
1672119516500 0.5472222566604614 21949
1672119531006 0.5178571343421936 21999
1672119545527 0.6309524178504944 22049
1672119559891 0.7000000476837158 22099
1672119584991 0.6809523701667786 22149
1672119599382 0.5833333730697632 22199
1672119613765 0.6666666865348816 22249
1672119628127 0.4939393997192383 22299
1672119642573 0.49166667461395264 22349
1672119667535 0.6915584802627563 22399
1672119682092 0.8309524059295654 22449
1672119696467 0.565079391002655 22499
1672119710980 0.800000011920929 22549
1672119735822 0.6833333373069763 22599
1672119750198 0.7833333611488342 22649
1672119764598 0.4928571283817291 22699
1672119778982 0.5333333015441895 22749
1672119803852 0.6057692170143127 22799
1672119818639 0.5803571343421936 22849
1672119833086 0.44999998807907104 22899
1672119847412 0.6250000596046448 22949
1672119861710 0.7250000238418579 22999
1672119886686 0.763888955116272 23049
1672119901069 0.6666666865348816 23099
1672119915617 0.7095237970352173 23149
1672119930018 0.6865079402923584 23199
1672119954774 0.6597222089767456 23249
1672119969119 0.1428571343421936 23299
1672119983735 0.7166666984558105 23349
1672119998056 0.699999988079071 23399
1672120022912 0.5666666626930237 23449
1672120037283 0.6809523701667786 23499
1672120051819 0.5416666865348816 23549
1672120066155 0.5809524059295654 23599
1672120080505 0.7059524059295654 23649
1672120105488 0.8392857313156128 23699
1672120120047 0.7777777910232544 23749
1672120134468 0.5916666984558105 23799
1672120148939 0.8166666626930237 23849
1672120173671 0.9365079402923584 23899
1672120188250 0.8095238208770752 23949
1672120202803 0.8309524059295654 23999
1672120217209 0.8041667342185974 24049
1672120242347 0.8184524178504944 24099
1672120256697 0.8999999761581421 24149
1672120271148 0.625 24199
1672120285566 0.6499999761581421 24249
1672120299951 0.6666666865348816 24299
1672120324909 0.6642857193946838 24349
1672120339380 0.8666666746139526 24399
1672120354066 0.5666666626930237 24449
1672120368656 0.5939394235610962 24499
1672120393687 0.6583333611488342 24549
1672120408252 0.5333333611488342 24599
1672120422693 0.5345238447189331 24649
1672120437146 0.6726190447807312 24699
1672120462005 0.6166666746139526 24749
1672120476626 0.4017857313156128 24799
1672120491052 0.5666667222976685 24849
1672120505746 0.511904776096344 24899
1672120520157 0.8541666865348816 24949
1672120544874 0.7321428656578064 24999
1672120559314 0.7142857313156128 25049
1672120573718 0.7978896498680115 25099
1672120588358 0.40952378511428833 25149
1672120612973 0.5166666507720947 25199
1672120627324 0.625 25249
1672120641901 0.550000011920929 25299
1672120656228 0.8452381491661072 25349
1672120681159 0.7892857193946838 25399
1672120695586 0.7222222089767456 25449
1672120710177 0.8272727727890015 25499
1672120724726 0.574999988079071 25549
1672120739105 0.5952380895614624 25599
1672120763894 0.9642857313156128 25649
1672120778272 0.824999988079071 25699
1672120792784 0.6583333611488342 25749
1672120807238 0.4749999940395355 25799
1672120831997 0.6666666865348816 25849
1672120846562 0.711309552192688 25899
1672120861171 0.5642857551574707 25949
1672120875674 0.7698413133621216 25999
1672120900436 0.7142857313156128 26049
1672120914949 0.4833333492279053 26099
1672120929483 0.5416666865348816 26149
1672120943874 0.4017857313156128 26199
1672120958269 0.5142857432365417 26249
1672120983181 0.5595238208770752 26299
1672120997563 0.8642857074737549 26349
1672121012075 0.685119092464447 26399
1672121026445 0.7291666865348816 26449
1672121051562 0.523809552192688 26499
1672121065934 0.824999988079071 26549
1672121080296 0.5625 26599
1672121094664 0.6041666865348816 26649
1672121119435 0.6916666626930237 26699
1672121133725 0.8106061220169067 26749
1672121148302 0.5555555820465088 26799
1672121162661 0.773809552192688 26849
1672121177124 0.7410714626312256 26899
1672121202003 0.7532467842102051 26949
1672121216385 0.3888888955116272 26999
1672121230808 0.5476190447807312 27049
1672121245296 0.75 27099
1672121270171 0.9097222089767456 27149
1672121284652 0.5642857551574707 27199
1672121299159 0.4642857313156128 27249
1672121313680 0.6059523820877075 27299
1672121338461 0.8041666746139526 27349
1672121352814 0.625 27399
1672121367173 0.7539682984352112 27449
1672121381721 0.8785714507102966 27499
1672121396194 0.637499988079071 27549
1672121421150 0.5222222805023193 27599
1672121435551 0.6458333730697632 27649
1672121450066 0.7874999642372131 27699
1672121464486 0.5166666507720947 27749
1672121489128 0.699999988079071 27799
1672121503622 0.6166666746139526 27849
1672121518050 0.7689394354820251 27899
1672121532664 0.5428571701049805 27949
1672121557597 0.699999988079071 27999
1672121572096 0.7429292798042297 28049
1672121586548 0.8035714626312256 28099
1672121601052 0.9642857313156128 28149
1672121615415 0.6916666626930237 28199
1672121640073 0.5642856955528259 28249
1672121654521 0.4166666865348816 28299
1672121669018 0.7892857193946838 28349
1672121683465 0.8041666746139526 28399
1672121708256 0.8500000238418579 28449
1672121722569 0.7833333611488342 28499
1672121736854 0.49166667461395264 28549
1672121751301 0.5615079402923584 28599
1672121776078 0.9147727489471436 28649
1672121790695 0.8388888835906982 28699
1672121805020 0.6375000476837158 28749
1672121819384 0.3095238208770752 28799
1672121833706 0.6476190686225891 28849
1672121858770 0.7142857313156128 28899
1672121873087 0.7559524178504944 28949
1672121887456 0.699999988079071 28999
1672121901790 0.8517857193946838 29049
1672121926438 0.2666666805744171 29099
1672121940891 0.5357142686843872 29149
1672121955354 0.5583333373069763 29199
1672121969837 0.5 29249
1672121994524 0.7559524178504944 29299
1672122008947 0.5972222089767456 29349
1672122023507 0.7749999761581421 29399
1672122037939 0.7416666746139526 29449
1672122052321 0.49166667461395264 29499
1672122077577 0.6964285969734192 29549
1672122092048 0.7952381372451782 29599
1672122106485 0.7952380776405334 29649
1672122120936 0.6517857313156128 29699
1672122145681 0.5642857551574707 29749
1672122160122 0.4333333373069763 29799
1672122174527 0.7291666865348816 29849
1672122189223 0.5714285373687744 29899
1672122214026 0.6666666865348816 29949
1672122228545 0.49761903285980225 29999
1672122242959 0.9365079402923584 30049
1672122257346 0.85317462682724 30099
1672122271694 0.7541666626930237 30149
1672122296741 0.5523809194564819 30199
1672122311166 0.4392857253551483 30249
1672122325713 0.8500000238418579 30299
1672122340169 0.6892856955528259 30349
1672122364791 0.824999988079071 30399
1672122379212 0.7083333730697632 30449
1672122393590 0.7416666746139526 30499
1672122407975 0.7410714626312256 30549
1672122432871 0.36666667461395264 30599
1672122447379 0.6458333730697632 30649
1672122461733 0.6642857193946838 30699
1672122476082 0.8160714507102966 30749
1672122490569 0.8095238208770752 30799
1672122515380 0.5059523582458496 30849
1672122529810 0.5166667103767395 30899
1672122544405 0.7041666507720947 30949
1672122558929 0.7892857193946838 30999
1672122583896 0.8166666626930237 31049
1672122598386 0.8666666746139526 31099
1672122612895 0.41428571939468384 31149
1672122627291 0.4791666865348816 31199
1672122652262 0.8333333730697632 31249
1672122666622 0.7666667103767395 31299
1672122681178 0.4791666865348816 31349
1672122695741 0.6527777910232544 31399
1672122710127 0.3333333432674408 31449
1672122734913 0.3916666805744171 31499
1672122749388 0.6238095760345459 31549
1672122763868 0.7365080118179321 31599
1672122778258 0.8666666746139526 31649
1672122803054 0.8666666746139526 31699
1672122817354 0.5476190447807312 31749
1672122831802 0.4166666865348816 31799
1672122846150 0.6642857789993286 31849
1672122870817 0.797619104385376 31899
1672122885326 0.3678571283817291 31949
1672122899829 0.9142857193946838 31999
1672122914207 0.6022727489471436 32049
1672122928582 0.8351647853851318 32099
1672122953425 0.7222222089767456 32149
1672122967979 0.7367965579032898 32199
1672122982361 0.8392857313156128 32249
1672122996917 0.9017857313156128 32299
1672123021936 0.7083333730697632 32349
1672123036462 0.5142857432365417 32399
1672123050916 0.5333333611488342 32449
1672123065329 0.6333333253860474 32499
1672123079713 0.25 32549
