1672112139337 0.7657514214515686 216
1672112213112 0.7757225632667542 433
1672112287577 0.7774566411972046 650
1672112361466 0.7764450907707214 867
1672112436190 0.7754335403442383 1084
1672112509769 0.7774566411972046 1301
1672112584234 0.7763005495071411 1518
1672112658865 0.7739884257316589 1735
1672112733068 0.7757225632667542 1952
1672112807685 0.7761560678482056 2169
1672112882237 0.7799133062362671 2386
1672112956682 0.7806358337402344 2603
1672113031352 0.7826589345932007 2820
1672113106098 0.7849711179733276 3037
1672113180698 0.7830924987792969 3254
1672113255298 0.7919074892997742 3471
1672113330164 0.7894508838653564 3688
1672113404763 0.795086681842804 3905
1672113479334 0.7962427735328674 4122
1672113554417 0.7988439202308655 4339
1672113628810 0.801300585269928 4556
1672113703871 0.8023121356964111 4773
1672113778476 0.7989884614944458 4990
1672113853388 0.8007225394248962 5207
1672113928573 0.7991329431533813 5424
1672114002623 0.8021676540374756 5641
1672114077379 0.7998554706573486 5858
1672114151424 0.8044797778129578 6075
1672114226344 0.8070809245109558 6292
1672114301141 0.8041907548904419 6509
1672114376153 0.8072254061698914 6726
1672114450485 0.8067919015884399 6943
1672114525600 0.8059248328208923 7160
1672114599910 0.8046242594718933 7377
1672114674859 0.8031792044639587 7594
1672114749115 0.8095375895500183 7811
1672114824158 0.8054913282394409 8028
1672114898584 0.8060693740844727 8245
1672114973431 0.8062138557434082 8462
1672115046538 0.8099710941314697 8679
1672115119366 0.8037572503089905 8896
1672115192454 0.81011563539505 9113
1672115265483 0.8092485666275024 9330
1672115338516 0.8059248328208923 9547
1672115411334 0.8043352365493774 9764
1672115484156 0.8066474199295044 9981
1672115557344 0.8070809245109558 10198
1672115630228 0.8127167820930481 10415
1672115703158 0.8033236861228943 10632
1672115776112 0.8088150024414062 10849
1672115849202 0.808092474937439 11066
1672115922316 0.8044797778129578 11283
1672115995718 0.808092474937439 11500
1672116069338 0.8105491399765015 11717
1672116141863 0.8050578236579895 11934
1672116215438 0.8073699474334717 12151
1672116288633 0.8086705207824707 12368
1672116362036 0.8092485666275024 12585
1672116435059 0.8076589703559875 12802
1672116507990 0.8086705207824707 13019
1672116581223 0.8104045987129211 13236
1672116654568 0.8056358098983765 13453
1672116727823 0.8095375895500183 13670
1672116800651 0.81011563539505 13887
1672116873776 0.8086705207824707 14104
1672116947140 0.8073699474334717 14321
1672117020607 0.8076589703559875 14538
1672117093740 0.8121387362480164 14755
1672117166499 0.8109826445579529 14972
1672117239842 0.8086705207824707 15189
1672117312824 0.8115606904029846 15406
1672117385595 0.8117052316665649 15623
1672117459017 0.8118497133255005 15840
1672117532033 0.8104045987129211 16057
1672117605011 0.81011563539505 16274
1672117678047 0.809393048286438 16491
1672117751118 0.8132947683334351 16708
1672117824296 0.8108381628990173 16925
1672117896981 0.8131502866744995 17142
1672117970557 0.8125722408294678 17359
1672118043505 0.8134393095970154 17576
1672118116595 0.81011563539505 17793
1672118189388 0.8135837912559509 18010
1672118262738 0.8079479932785034 18227
1672118335530 0.8186416029930115 18444
1672118408986 0.8099710941314697 18661
1672118482137 0.8151733875274658 18878
1672118555202 0.8079479932785034 19095
1672118628479 0.8134393095970154 19312
1672118701369 0.8137283325195312 19529
1672118774605 0.8166185021400452 19746
1672118847566 0.808092474937439 19963
1672118920994 0.8141618371009827 20180
1672118993948 0.8109826445579529 20397
1672119066935 0.8124277591705322 20614
1672119139903 0.815606951713562 20831
1672119213184 0.8140173554420471 21048
1672119286445 0.8092485666275024 21265
1672119359656 0.8161849975585938 21482
1672119432881 0.8124277591705322 21699
1672119506344 0.8140173554420471 21916
1672119579604 0.813005805015564 22133
1672119652719 0.8118497133255005 22350
1672119725986 0.8115606904029846 22567
1672119798824 0.8109826445579529 22784
1672119872226 0.8171965479850769 23001
1672119945189 0.8115606904029846 23218
1672120018220 0.8134393095970154 23435
1672120091108 0.8164739608764648 23652
1672120164416 0.8174855709075928 23869
1672120237930 0.8115606904029846 24086
1672120310834 0.8098266124725342 24303
1672120384498 0.8173410296440125 24520
1672120457884 0.814306378364563 24737
1672120531254 0.8170520067214966 24954
1672120604297 0.8121387362480164 25171
1672120677322 0.8137283325195312 25388
1672120750472 0.8166185021400452 25605
1672120823464 0.8104045987129211 25822
1672120896907 0.8202311992645264 26039
1672120970016 0.8115606904029846 26256
1672121043186 0.8145954012870789 26473
1672121116201 0.8122832179069519 26690
1672121189223 0.816907525062561 26907
1672121262324 0.8144508600234985 27124
1672121335478 0.813005805015564 27341
1672121408668 0.8132947683334351 27558
1672121481570 0.8125722408294678 27775
1672121554895 0.8179190754890442 27992
1672121627953 0.816907525062561 28209
1672121700969 0.8144508600234985 28426
1672121773641 0.8138728141784668 28643
1672121846743 0.8122832179069519 28860
1672121919517 0.8196531534194946 29077
1672121992416 0.8150289058685303 29294
1672122065669 0.8154624104499817 29511
1672122138941 0.8167629837989807 29728
1672122212175 0.8105491399765015 29945
1672122285314 0.8180635571479797 30162
1672122358340 0.8144508600234985 30379
1672122431383 0.816907525062561 30596
1672122504326 0.814306378364563 30813
1672122577615 0.815606951713562 31030
1672122650961 0.8164739608764648 31247
1672122724080 0.8176300525665283 31464
1672122797121 0.8154624104499817 31681
1672122869857 0.8138728141784668 31898
1672122942921 0.8160404562950134 32115
1672123016153 0.8161849975585938 32332
1672123089335 0.816907525062561 32549
