1672112080607 0.78125 49
1672112095135 0.75 99
1672112109832 0.875 149
1672112124533 0.84375 199
1672112149642 0.8125 249
1672112164238 0.875 299
1672112178777 0.8125 349
1672112193284 0.65625 399
1672112218503 0.875 449
1672112233057 0.84375 499
1672112247765 0.71875 549
1672112262476 0.71875 599
1672112277192 0.78125 649
1672112302548 0.75 699
1672112317108 0.75 749
1672112331661 0.65625 799
1672112346205 0.71875 849
1672112371758 0.75 899
1672112386366 0.75 949
1672112400971 0.84375 999
1672112415889 0.75 1049
1672112441278 0.71875 1099
1672112455755 0.875 1149
1672112470290 0.90625 1199
1672112484765 0.8125 1249
1672112499226 0.90625 1299
1672112524678 0.9375 1349
1672112539442 0.78125 1399
1672112554084 0.75 1449
1672112568705 0.8125 1499
1672112594368 0.84375 1549
1672112609010 0.71875 1599
1672112623615 0.84375 1649
1672112638435 0.65625 1699
1672112663688 0.71875 1749
1672112678263 0.78125 1799
1672112692976 0.84375 1849
1672112707558 0.75 1899
1672112722274 0.84375 1949
1672112747577 0.78125 1999
1672112762370 0.8125 2049
1672112777193 0.84375 2099
1672112791851 0.8125 2149
1672112817139 0.78125 2199
1672112831811 0.6875 2249
1672112846730 0.78125 2299
1672112861492 0.78125 2349
1672112886946 0.65625 2399
1672112901518 0.90625 2449
1672112916409 0.84375 2499
1672112931018 0.78125 2549
1672112945582 0.65625 2599
1672112970844 0.90625 2649
1672112985769 0.78125 2699
1672113000396 0.78125 2749
1672113015058 0.75 2799
1672113040762 0.75 2849
1672113055441 0.65625 2899
1672113070128 0.8125 2949
1672113084854 0.84375 2999
1672113110326 0.71875 3049
1672113125009 0.8125 3099
1672113139652 0.8125 3149
1672113154573 0.84375 3199
1672113169143 0.8125 3249
1672113194585 0.75 3299
1672113209252 0.71875 3349
1672113224103 0.78125 3399
1672113238775 0.6875 3449
1672113264285 0.90625 3499
1672113279188 0.9375 3549
1672113293900 0.6875 3599
1672113308757 0.84375 3649
1672113334094 0.8125 3699
1672113348881 0.6875 3749
1672113363506 0.90625 3799
1672113378296 0.75 3849
1672113392900 0.8125 3899
1672113418395 0.59375 3949
1672113433203 0.78125 3999
1672113448065 0.8125 4049
1672113462695 0.8125 4099
1672113487993 0.75 4149
1672113502835 0.71875 4199
1672113517561 0.8125 4249
1672113532426 0.78125 4299
1672113558099 0.90625 4349
1672113572910 0.96875 4399
1672113587668 0.75 4449
1672113602314 0.75 4499
1672113616937 0.75 4549
1672113642268 0.8125 4599
1672113657304 0.84375 4649
1672113672141 0.8125 4699
1672113686815 0.8125 4749
1672113712374 0.8125 4799
1672113727037 0.78125 4849
1672113741705 0.75 4899
1672113756296 0.75 4949
1672113781993 0.75 4999
1672113796755 0.84375 5049
1672113811607 0.78125 5099
1672113826197 0.875 5149
1672113840767 0.625 5199
1672113866449 0.8125 5249
1672113881308 0.875 5299
1672113895967 0.78125 5349
1672113910830 0.6875 5399
1672113936611 0.65625 5449
1672113951219 0.875 5499
1672113965874 0.90625 5549
1672113980506 0.59375 5599
1672114005690 0.8125 5649
1672114020303 0.84375 5699
1672114035143 0.75 5749
1672114049939 0.84375 5799
1672114064562 0.8125 5849
1672114090097 0.84375 5899
1672114104715 0.90625 5949
1672114119350 0.78125 5999
1672114133950 0.78125 6049
1672114159221 0.65625 6099
1672114173903 0.65625 6149
1672114188901 0.75 6199
1672114203815 0.8125 6249
1672114229290 0.78125 6299
1672114243943 0.8125 6349
1672114258593 0.65625 6399
1672114273343 0.75 6449
1672114287998 0.78125 6499
1672114313538 0.9375 6549
1672114328273 0.90625 6599
1672114343478 0.75 6649
1672114358304 0.71875 6699
1672114383623 0.875 6749
1672114398232 0.8125 6799
1672114412838 0.8125 6849
1672114427451 0.90625 6899
1672114453000 0.875 6949
1672114467611 0.75 6999
1672114482406 0.75 7049
1672114497207 0.875 7099
1672114511980 0.9375 7149
1672114537830 0.71875 7199
1672114552440 0.75 7249
1672114567106 0.875 7299
1672114581697 0.8125 7349
1672114607075 0.84375 7399
1672114621868 0.65625 7449
1672114636866 0.78125 7499
1672114651809 0.71875 7549
1672114677067 0.6875 7599
1672114691689 0.90625 7649
1672114706333 0.71875 7699
1672114720959 0.71875 7749
1672114735585 0.6875 7799
1672114760901 0.75 7849
1672114775659 0.75 7899
1672114790504 0.875 7949
1672114805254 0.75 7999
1672114830990 0.875 8049
1672114845637 0.84375 8099
1672114860260 0.8125 8149
1672114874858 0.90625 8199
1672114900506 0.75 8249
1672114915315 0.8125 8299
1672114930002 0.90625 8349
1672114944981 0.6875 8399
1672114959567 0.75 8449
1672114985182 0.84375 8499
1672114999692 0.78125 8549
1672115013998 0.84375 8599
1672115028421 0.875 8649
1672115052908 0.84375 8699
1672115067431 0.84375 8749
1672115081899 0.6875 8799
1672115096247 0.90625 8849
1672115120930 0.8125 8899
1672115135443 0.78125 8949
1672115149848 0.75 8999
1672115164325 0.8125 9049
1672115178841 0.75 9099
1672115203618 0.9375 9149
1672115217987 0.875 9199
1672115232345 0.84375 9249
1672115246723 0.75 9299
1672115271556 0.84375 9349
1672115285915 0.875 9399
1672115300517 0.8125 9449
1672115314975 0.90625 9499
1672115339784 0.90625 9549
1672115354079 0.875 9599
1672115368451 0.71875 9649
1672115382769 0.9375 9699
1672115397292 0.875 9749
1672115422161 0.8125 9799
1672115436517 0.875 9849
1672115450859 0.875 9899
1672115465232 0.84375 9949
1672115489965 0.84375 9999
1672115504404 0.75 10049
1672115518923 0.875 10099
1672115533491 0.8125 10149
1672115558284 0.90625 10199
1672115572814 0.71875 10249
1672115587166 0.78125 10299
1672115601522 0.8125 10349
1672115616092 0.8125 10399
1672115640750 0.8125 10449
1672115655128 0.90625 10499
1672115669504 0.75 10549
1672115684015 0.75 10599
1672115708855 0.875 10649
1672115723218 0.8125 10699
1672115737594 0.75 10749
1672115751956 0.75 10799
1672115766137 0.625 10849
1672115791312 0.78125 10899
1672115805831 0.75 10949
1672115820191 0.78125 10999
1672115834601 0.71875 11049
1672115859325 0.84375 11099
1672115873724 0.6875 11149
1672115888247 0.8125 11199
1672115902720 0.8125 11249
1672115927744 0.78125 11299
1672115942312 0.75 11349
1672115956687 0.8125 11399
1672115971038 0.78125 11449
1672115985727 0.84375 11499
1672116010650 0.84375 11549
1672116025205 0.90625 11599
1672116039615 0.8125 11649
1672116054147 0.84375 11699
1672116079167 0.71875 11749
1672116093495 0.8125 11799
1672116107797 0.90625 11849
1672116122088 0.75 11899
1672116146945 0.6875 11949
1672116161396 0.78125 11999
1672116175894 0.71875 12049
1672116190474 0.875 12099
1672116205073 0.78125 12149
1672116229837 0.78125 12199
1672116244267 0.84375 12249
1672116258796 0.71875 12299
1672116273257 0.65625 12349
1672116298274 0.84375 12399
1672116312956 0.9375 12449
1672116327405 0.8125 12499
1672116341941 0.75 12549
1672116366784 0.84375 12599
1672116381167 0.84375 12649
1672116395522 0.90625 12699
1672116410157 0.875 12749
1672116424438 0.875 12799
1672116449352 0.96875 12849
1672116463729 0.875 12899
1672116478049 0.84375 12949
1672116492428 0.75 12999
1672116517297 0.875 13049
1672116531860 0.78125 13099
1672116546309 0.75 13149
1672116560868 0.90625 13199
1672116585619 0.90625 13249
1672116600119 0.75 13299
1672116614631 0.78125 13349
1672116629094 0.65625 13399
1672116643514 0.65625 13449
1672116668635 0.84375 13499
1672116683155 0.84375 13549
1672116697686 0.875 13599
1672116712061 0.78125 13649
1672116736872 0.8125 13699
1672116751222 0.78125 13749
1672116765600 0.84375 13799
1672116779993 0.8125 13849
1672116804761 0.90625 13899
1672116819283 0.75 13949
1672116833943 0.71875 13999
1672116848301 0.6875 14049
1672116862689 0.75 14099
1672116887491 0.875 14149
1672116901935 0.875 14199
1672116916424 0.625 14249
1672116931161 0.75 14299
1672116956136 0.71875 14349
1672116970882 0.90625 14399
1672116985289 0.875 14449
1672116999702 0.8125 14499
1672117024414 0.6875 14549
1672117038795 0.84375 14599
1672117053138 0.6875 14649
1672117067756 0.8125 14699
1672117082146 0.84375 14749
1672117107036 0.84375 14799
1672117121521 0.8125 14849
1672117135866 0.75 14899
1672117150218 0.8125 14949
1672117174985 0.875 14999
1672117189560 0.84375 15049
1672117204088 0.6875 15099
1672117218469 0.90625 15149
1672117243416 0.65625 15199
1672117257923 0.6875 15249
1672117272294 0.65625 15299
1672117286814 0.8125 15349
1672117301193 0.75 15399
1672117325862 0.71875 15449
1672117340333 0.8125 15499
1672117354646 0.875 15549
1672117369089 0.875 15599
1672117393851 0.6875 15649
1672117408274 0.84375 15699
1672117422794 0.8125 15749
1672117437208 0.8125 15799
1672117462291 0.90625 15849
1672117476661 0.78125 15899
1672117491221 0.8125 15949
1672117505612 0.75 15999
1672117520123 0.71875 16049
1672117544738 0.875 16099
1672117559158 0.875 16149
1672117573670 0.78125 16199
1672117588042 0.78125 16249
1672117612845 0.75 16299
1672117627222 0.78125 16349
1672117641594 0.84375 16399
1672117656270 0.8125 16449
1672117680993 0.78125 16499
1672117695522 0.875 16549
1672117710098 0.78125 16599
1672117724480 0.875 16649
1672117738852 0.6875 16699
1672117763593 0.84375 16749
1672117778204 0.90625 16799
1672117792503 0.84375 16849
1672117807080 0.8125 16899
1672117831816 0.90625 16949
1672117846283 0.84375 16999
1672117860610 0.6875 17049
1672117874970 0.78125 17099
1672117899690 0.8125 17149
1672117914259 0.78125 17199
1672117928937 0.875 17249
1672117943342 0.78125 17299
1672117957735 0.78125 17349
1672117982747 0.8125 17399
1672117997155 0.8125 17449
1672118011532 0.78125 17499
1672118025929 0.9375 17549
1672118050870 0.96875 17599
1672118065370 0.75 17649
1672118079828 0.90625 17699
1672118094310 0.8125 17749
1672118118997 0.90625 17799
1672118133316 0.875 17849
1672118147679 0.90625 17899
1672118162051 0.8125 17949
1672118176417 0.84375 17999
1672118201415 0.8125 18049
1672118215983 0.8125 18099
1672118230394 0.84375 18149
1672118245004 0.875 18199
1672118269688 0.8125 18249
1672118284061 0.78125 18299
1672118298381 0.875 18349
1672118312711 0.78125 18399
1672118337607 0.84375 18449
1672118352250 0.84375 18499
1672118366809 0.875 18549
1672118381347 0.6875 18599
1672118395758 0.84375 18649
1672118420619 0.71875 18699
1672118434976 0.84375 18749
1672118449345 0.8125 18799
1672118463723 0.84375 18849
1672118488793 0.96875 18899
1672118503340 0.8125 18949
1672118517803 0.84375 18999
1672118532116 0.625 19049
1672118556975 0.8125 19099
1672118571341 0.78125 19149
1672118585719 0.78125 19199
1672118600292 0.90625 19249
1672118614652 0.71875 19299
1672118639782 0.78125 19349
1672118654286 0.8125 19399
1672118668646 0.90625 19449
1672118682979 0.8125 19499
1672118707791 0.65625 19549
1672118722128 0.875 19599
1672118736592 0.84375 19649
1672118751067 0.78125 19699
1672118776222 0.78125 19749
1672118790597 0.84375 19799
1672118804965 0.875 19849
1672118819360 0.75 19899
1672118833866 0.84375 19949
1672118858748 0.8125 19999
1672118873187 0.78125 20049
1672118887620 0.90625 20099
1672118902332 0.71875 20149
1672118927131 0.78125 20199
1672118941551 0.75 20249
1672118955960 0.875 20299
1672118970355 0.9375 20349
1672118995161 0.75 20399
1672119009519 0.8125 20449
1672119023816 0.6875 20499
1672119038697 0.8125 20549
1672119052984 0.78125 20599
1672119077722 0.78125 20649
1672119092130 0.65625 20699
1672119106557 0.75 20749
1672119120943 0.75 20799
1672119145734 0.71875 20849
1672119160435 0.75 20899
1672119175121 0.78125 20949
1672119189533 0.8125 20999
1672119214151 0.90625 21049
1672119228530 0.78125 21099
1672119242923 0.78125 21149
1672119257421 0.78125 21199
1672119271953 0.8125 21249
1672119297066 0.78125 21299
1672119311495 0.84375 21349
1672119325924 0.65625 21399
1672119340413 0.75 21449
1672119365222 0.65625 21499
1672119379673 0.875 21549
1672119394142 0.71875 21599
1672119408902 0.90625 21649
1672119423144 1.0 21699
1672119447926 0.8125 21749
1672119462438 0.8125 21799
1672119476805 0.90625 21849
1672119491197 0.71875 21899
1672119516500 0.8125 21949
1672119531006 0.8125 21999
1672119545527 0.78125 22049
1672119559891 0.8125 22099
1672119584991 0.78125 22149
1672119599382 0.875 22199
1672119613765 0.9375 22249
1672119628127 0.75 22299
1672119642573 0.75 22349
1672119667535 0.78125 22399
1672119682092 0.90625 22449
1672119696467 0.8125 22499
1672119710980 0.875 22549
1672119735822 0.75 22599
1672119750198 0.90625 22649
1672119764598 0.78125 22699
1672119778982 0.8125 22749
1672119803852 0.84375 22799
1672119818639 0.71875 22849
1672119833086 0.75 22899
1672119847412 0.71875 22949
1672119861710 0.84375 22999
1672119886686 0.875 23049
1672119901069 0.78125 23099
1672119915617 0.8125 23149
1672119930018 0.875 23199
1672119954774 0.84375 23249
1672119969119 0.625 23299
1672119983735 0.8125 23349
1672119998056 0.9375 23399
1672120022912 0.8125 23449
1672120037283 0.8125 23499
1672120051819 0.65625 23549
1672120066155 0.75 23599
1672120080505 0.8125 23649
1672120105488 0.84375 23699
1672120120047 0.84375 23749
1672120134468 0.71875 23799
1672120148939 0.84375 23849
1672120173671 0.9375 23899
1672120188250 0.84375 23949
1672120202803 0.875 23999
1672120217209 0.84375 24049
1672120242347 0.875 24099
1672120256697 0.90625 24149
1672120271148 0.78125 24199
1672120285566 0.90625 24249
1672120299951 0.84375 24299
1672120324909 0.875 24349
1672120339380 0.90625 24399
1672120354066 0.8125 24449
1672120368656 0.78125 24499
1672120393687 0.78125 24549
1672120408252 0.875 24599
1672120422693 0.71875 24649
1672120437146 0.78125 24699
1672120462005 0.78125 24749
1672120476626 0.875 24799
1672120491052 0.8125 24849
1672120505746 0.71875 24899
1672120520157 0.90625 24949
1672120544874 0.8125 24999
1672120559314 0.96875 25049
1672120573718 0.78125 25099
1672120588358 0.6875 25149
1672120612973 0.625 25199
1672120627324 0.90625 25249
1672120641901 0.8125 25299
1672120656228 0.84375 25349
1672120681159 0.875 25399
1672120695586 0.75 25449
1672120710177 0.875 25499
1672120724726 0.875 25549
1672120739105 0.875 25599
1672120763894 0.96875 25649
1672120778272 0.90625 25699
1672120792784 0.8125 25749
1672120807238 0.84375 25799
1672120831997 0.84375 25849
1672120846562 0.75 25899
1672120861171 0.75 25949
1672120875674 0.875 25999
1672120900436 0.8125 26049
1672120914949 0.75 26099
1672120929483 0.84375 26149
1672120943874 0.75 26199
1672120958269 0.78125 26249
1672120983181 0.75 26299
1672120997563 0.90625 26349
1672121012075 0.75 26399
1672121026445 0.84375 26449
1672121051562 0.78125 26499
1672121065934 0.90625 26549
1672121080296 0.8125 26599
1672121094664 0.75 26649
1672121119435 0.8125 26699
1672121133725 0.90625 26749
1672121148302 0.8125 26799
1672121162661 0.84375 26849
1672121177124 0.8125 26899
1672121202003 0.75 26949
1672121216385 0.8125 26999
1672121230808 0.71875 27049
1672121245296 0.90625 27099
1672121270171 0.90625 27149
1672121284652 0.84375 27199
1672121299159 0.84375 27249
1672121313680 0.71875 27299
1672121338461 0.875 27349
1672121352814 0.8125 27399
1672121367173 0.8125 27449
1672121381721 0.90625 27499
1672121396194 0.6875 27549
1672121421150 0.8125 27599
1672121435551 0.8125 27649
1672121450066 0.84375 27699
1672121464486 0.71875 27749
1672121489128 0.78125 27799
1672121503622 0.78125 27849
1672121518050 0.84375 27899
1672121532664 0.71875 27949
1672121557597 0.9375 27999
1672121572096 0.71875 28049
1672121586548 0.875 28099
1672121601052 0.96875 28149
1672121615415 0.84375 28199
1672121640073 0.8125 28249
1672121654521 0.8125 28299
1672121669018 0.875 28349
1672121683465 0.875 28399
1672121708256 0.875 28449
1672121722569 0.875 28499
1672121736854 0.8125 28549
1672121751301 0.78125 28599
1672121776078 0.90625 28649
1672121790695 0.90625 28699
1672121805020 0.78125 28749
1672121819384 0.71875 28799
1672121833706 0.8125 28849
1672121858770 0.84375 28899
1672121873087 0.875 28949
1672121887456 0.875 28999
1672121901790 0.875 29049
1672121926438 0.84375 29099
1672121940891 0.78125 29149
1672121955354 0.75 29199
1672121969837 0.625 29249
1672121994524 0.875 29299
1672122008947 0.78125 29349
1672122023507 0.875 29399
1672122037939 0.84375 29449
1672122052321 0.84375 29499
1672122077577 0.78125 29549
1672122092048 0.84375 29599
1672122106485 0.8125 29649
1672122120936 0.875 29699
1672122145681 0.78125 29749
1672122160122 0.6875 29799
1672122174527 0.84375 29849
1672122189223 0.78125 29899
1672122214026 0.875 29949
1672122228545 0.78125 29999
1672122242959 0.9375 30049
1672122257346 0.875 30099
1672122271694 0.75 30149
1672122296741 0.625 30199
1672122311166 0.71875 30249
1672122325713 0.90625 30299
1672122340169 0.8125 30349
1672122364791 0.90625 30399
1672122379212 0.875 30449
1672122393590 0.75 30499
1672122407975 0.8125 30549
1672122432871 0.84375 30599
1672122447379 0.71875 30649
1672122461733 0.9375 30699
1672122476082 0.84375 30749
1672122490569 0.875 30799
1672122515380 0.78125 30849
1672122529810 0.71875 30899
1672122544405 0.8125 30949
1672122558929 0.875 30999
1672122583896 0.90625 31049
1672122598386 0.9375 31099
1672122612895 0.75 31149
1672122627291 0.65625 31199
1672122652262 0.9375 31249
1672122666622 0.84375 31299
1672122681178 0.8125 31349
1672122695741 0.75 31399
1672122710127 0.65625 31449
1672122734913 0.71875 31499
1672122749388 0.6875 31549
1672122763868 0.8125 31599
1672122778258 0.90625 31649
1672122803054 0.9375 31699
1672122817354 0.6875 31749
1672122831802 0.875 31799
1672122846150 0.78125 31849
1672122870817 0.84375 31899
1672122885326 0.71875 31949
1672122899829 0.9375 31999
1672122914207 0.84375 32049
1672122928582 0.8125 32099
1672122953425 0.75 32149
1672122967979 0.78125 32199
1672122982361 0.90625 32249
1672122996917 0.90625 32299
1672123021936 0.875 32349
1672123036462 0.8125 32399
1672123050916 0.78125 32449
1672123065329 0.78125 32499
1672123079713 0.875 32549
