1672112139337 1.9069687583791797 216
1672112213112 1.8926255277624848 433
1672112287577 1.8910536579497943 650
1672112361466 1.8887844206719924 867
1672112436190 1.881599695487619 1084
1672112509769 1.878755384413571 1301
1672112584234 1.8702069377407122 1518
1672112658865 1.86736761109475 1735
1672112733068 1.8595831290732665 1952
1672112807685 1.8510192575273567 2169
1672112882237 1.8471978243589084 2386
1672112956682 1.8498488852861381 2603
1672113031352 1.842815048823842 2820
1672113106098 1.8455879682839171 3037
1672113180698 1.838191971046442 3254
1672113255298 1.833010704627395 3471
1672113330164 1.8329110655524283 3688
1672113404763 1.8284979715033571 3905
1672113479334 1.8234383750091598 4122
1672113554417 1.8216233552663355 4339
1672113628810 1.8217663845972334 4556
1672113703871 1.8179507247561806 4773
1672113778476 1.8218163741179105 4990
1672113853388 1.8152030099650132 5207
1672113928573 1.8188287970945525 5424
1672114002623 1.8089176910539135 5641
1672114077379 1.8097768299567059 5858
1672114151424 1.8117851119816875 6075
1672114226344 1.806998962417854 6292
1672114301141 1.8025434787686057 6509
1672114376153 1.8033127074779098 6726
1672114450485 1.8007037990482746 6943
1672114525600 1.8013235887279353 7160
1672114599910 1.8017430390120082 7377
1672114674859 1.7961690699359008 7594
1672114749115 1.7913186693548608 7811
1672114824158 1.7959280723115925 8028
1672114898584 1.7922733722660353 8245
1672114973431 1.7893466552943258 8462
1672115046538 1.7880046590870267 8679
1672115119366 1.7878529748775132 8896
1672115192454 1.7838898733950836 9113
1672115265483 1.782692509471418 9330
1672115338516 1.7827798461796707 9547
1672115411334 1.786772928418343 9764
1672115484156 1.7775681344953016 9981
1672115557344 1.7812178520668518 10198
1672115630228 1.7780709379188497 10415
1672115703158 1.777624633758113 10632
1672115776112 1.7733365740333815 10849
1672115849202 1.770396866018946 11066
1672115922316 1.7748804932919633 11283
1672115995718 1.77185021041994 11500
1672116069338 1.769005212996698 11717
1672116141863 1.769833437381755 11934
1672116215438 1.7685279667907454 12151
1672116288633 1.7717583396883343 12368
1672116362036 1.7635325244305176 12585
1672116435059 1.7651164874569134 12802
1672116507990 1.7642045600457887 13019
1672116581223 1.7611588913536513 13236
1672116654568 1.7641204637096357 13453
1672116727823 1.7617599049882924 13670
1672116800651 1.7621647771721252 13887
1672116873776 1.7622789463511894 14104
1672116947140 1.7588291883032954 14321
1672117020607 1.7596030140572436 14538
1672117093740 1.7526528666306478 14755
1672117166499 1.755090108186161 14972
1672117239842 1.7571432079523606 15189
1672117312824 1.7590942037619435 15406
1672117385595 1.755059169152498 15623
1672117459017 1.7576564841497198 15840
1672117532033 1.7544571361791448 16057
1672117605011 1.7536268341447678 16274
1672117678047 1.750067861211769 16491
1672117751118 1.750525114053858 16708
1672117824296 1.7481315706648834 16925
1672117896981 1.7488244031792486 17142
1672117970557 1.7523246945489122 17359
1672118043505 1.7517214682410256 17576
1672118116595 1.7534040693263397 17793
1672118189388 1.751664556489365 18010
1672118262738 1.747723053562155 18227
1672118335530 1.7474674972124165 18444
1672118408986 1.7492960235353208 18661
1672118482137 1.7483249524967268 18878
1672118555202 1.748461590722191 19095
1672118628479 1.7424641680864887 19312
1672118701369 1.7456334773511284 19529
1672118774605 1.7416531498290457 19746
1672118847566 1.745669995616817 19963
1672118920994 1.747584704851456 20180
1672118993948 1.743184666537015 20397
1672119066935 1.7474790268627163 20614
1672119139903 1.7406395521344282 20831
1672119213184 1.737862850965117 21048
1672119286445 1.747823623794725 21265
1672119359656 1.7371794890742667 21482
1672119432881 1.7408981466615279 21699
1672119506344 1.7395261136180413 21916
1672119579604 1.740777954842613 22133
1672119652719 1.7356413888395426 22350
1672119725986 1.7395910496622848 22567
1672119798824 1.7400101159596002 22784
1672119872226 1.7385981712847889 23001
1672119945189 1.7404881420757705 23218
1672120018220 1.7342793310073052 23435
1672120091108 1.734680676557142 23652
1672120164416 1.7348849665181656 23869
1672120237930 1.7392424964261854 24086
1672120310834 1.737304053393498 24303
1672120384498 1.73536416392825 24520
1672120457884 1.7366926255369666 24737
1672120531254 1.7315535889821672 24954
1672120604297 1.7343323291747024 25171
1672120677322 1.7323661404569586 25388
1672120750472 1.7352562116130732 25605
1672120823464 1.7347620802964323 25822
1672120896907 1.7288469654888048 26039
1672120970016 1.733461066656875 26256
1672121043186 1.726602691419049 26473
1672121116201 1.730212396118719 26690
1672121189223 1.7302248404488312 26907
1672121262324 1.7288094178717848 27124
1672121335478 1.7263573891094477 27341
1672121408668 1.727746969330236 27558
1672121481570 1.7288249249728542 27775
1672121554895 1.7248233016469694 27992
1672121627953 1.7322653229357603 28209
1672121700969 1.726753428752383 28426
1672121773641 1.7235225858887016 28643
1672121846743 1.723928545941488 28860
1672121919517 1.721426100089052 29077
1672121992416 1.724914044790449 29294
1672122065669 1.725171878756515 29511
1672122138941 1.72691231767977 29728
1672122212175 1.723468118777788 29945
1672122285314 1.7207073270127125 30162
1672122358340 1.7228078506777071 30379
1672122431383 1.72103769579447 30596
1672122504326 1.7180326997393234 30813
1672122577615 1.7201330688678282 31030
1672122650961 1.7193184717076209 31247
1672122724080 1.7209271716496324 31464
1672122797121 1.7237349452279482 31681
1672122869857 1.7232068609783957 31898
1672122942921 1.717119629759479 32115
1672123016153 1.716053309592809 32332
1672123089335 1.7212950033181185 32549
