1671604339218 0.0 22
1671604352699 0.0 45
1671604366407 0.0 68
1671604380126 0.0 91
1671604394160 0.0 114
1671604408143 0.0 137
1671604422149 0.0 160
1671604436250 0.0 183
1671604450096 0.0 206
1671604464092 0.0 229
1671604478091 0.0 252
1671604491953 0.0 275
1671604506019 0.0 298
1671604520067 0.0 321
1671604533885 0.0 344
1671604547572 0.0 367
1671604561407 0.0 390
1671604575693 0.0 413
1671604589667 0.0 436
1671604603460 0.0 459
1671604617684 0.0 482
1671604631776 0.0 505
1671604645651 0.0 528
1671604659394 0.0 551
1671604673230 0.0 574
1671604687173 0.0 597
1671604701084 0.0 620
1671604714856 0.0 643
1671604728974 0.0 666
1671604742895 0.0 689
1671604756850 0.0 712
1671604770905 0.0 735
1671604784826 0.0 758
1671604798995 0.0 781
1671604812960 0.0 804
1671604826958 0.0 827
1671604841001 0.0 850
1671604855000 0.0 873
1671604869043 0.0 896
1671604883122 0.0 919
1671604897272 0.0 942
1671604911348 0.0 965
1671604925321 0.0 988
1671604939306 0.0 1011
1671604953156 0.0 1034
1671604967488 0.0 1057
1671604981154 0.0 1080
1671604995141 0.0 1103
1671605009053 0.0 1126
1671605022957 0.0 1149
1671605037066 0.0 1172
1671605050987 0.0 1195
1671605065100 0.0 1218
1671605078986 0.0 1241
1671605093126 0.0 1264
1671605106997 0.0 1287
1671605121339 0.0 1310
1671605135577 0.0 1333
1671605149451 0.0 1356
1671605164266 0.0 1379
1671605178260 0.0 1402
1671605192166 0.0 1425
1671605206325 0.0 1448
1671605220311 0.0 1471
1671605234279 0.0 1494
1671605248186 0.0 1517
1671605262271 0.0 1540
1671605276347 0.0 1563
1671605290230 0.0 1586
1671605304474 0.0 1609
1671605318475 0.0 1632
1671605332407 0.0 1655
1671605346629 0.0 1678
1671605360754 0.0 1701
1671605374989 0.0 1724
1671605388951 0.0 1747
1671605403053 0.0 1770
1671605417056 0.0 1793
1671605431103 0.0 1816
1671605445039 0.0 1839
1671605458973 0.0 1862
1671605472972 0.0 1885
1671605486942 0.0 1908
1671605500992 0.0 1931
1671605514804 0.0 1954
1671605528802 0.0 1977
1671605542813 0.0 2000
1671605557288 0.0 2023
1671605571346 0.0 2046
1671605585347 0.0 2069
1671605599338 0.0 2092
1671605613534 0.0 2115
1671605627435 0.0 2138
1671605641553 0.0 2161
1671605655454 0.0 2184
1671605669554 0.0 2207
1671605683452 0.0 2230
1671605697267 0.0 2253
1671605711066 0.0 2276
1671605725109 0.0 2299
1671605739207 0.0 2322
1671605753318 0.0 2345
1671605767364 0.0 2368
1671605781236 0.0 2391
1671605795430 0.0 2414
1671605809515 0.0 2437
1671605823367 0.0 2460
1671605837569 0.0 2483
1671605851974 0.0 2506
1671605865792 0.0 2529
1671605879658 0.0 2552
1671605893661 0.0 2575
1671605907567 0.0 2598
1671605921503 0.0 2621
1671605935348 0.0 2644
1671605949243 0.0 2667
1671605963397 0.0 2690
1671605977382 0.0 2713
1671605991182 0.0 2736
1671606005342 0.0 2759
1671606019189 0.0 2782
1671606033024 0.0 2805
1671606047246 0.0 2828
1671606061436 0.0 2851
1671606075786 0.0 2874
1671606089823 0.0 2897
1671606103816 0.0 2920
1671606117768 0.0 2943
1671606131706 0.0 2966
1671606146113 0.0 2989
1671606160014 0.0 3012
1671606173870 0.0 3035
1671606187739 0.0 3058
1671606201646 0.0 3081
1671606215527 0.0 3104
1671606229313 0.0 3127
1671606243256 0.0 3150
1671606257460 0.0 3173
1671606271538 0.0 3196
1671606285637 0.0 3219
1671606299579 0.0 3242
1671606313597 0.0 3265
1671606327488 0.0 3288
1671606341367 0.0 3311
1671606355285 0.0 3334
1671606369410 0.0 3357
1671606383586 0.0 3380
1671606398013 0.0 3403
1671606411919 0.0 3426
1671606425904 0.0 3449
