1671604339218 14.5 22
1671604352699 14.5 45
1671604366407 11.75 68
1671604380126 5.75 91
1671604394160 13.0 114
1671604408143 11.5 137
1671604422149 0.0 160
1671604436250 14.5 183
1671604450096 14.5 206
1671604464092 13.0 229
1671604478091 0.0 252
1671604491953 12.25 275
1671604506019 14.5 298
1671604520067 13.0 321
1671604533885 12.25 344
1671604547572 13.0 367
1671604561407 12.0 390
1671604575693 13.0 413
1671604589667 13.0 436
1671604603460 13.0 459
1671604617684 14.25 482
1671604631776 13.0 505
1671604645651 14.5 528
1671604659394 14.25 551
1671604673230 12.75 574
1671604687173 12.5 597
1671604701084 14.25 620
1671604714856 13.0 643
1671604728974 14.25 666
1671604742895 11.25 689
1671604756850 14.25 712
1671604770905 14.25 735
1671604784826 11.0 758
1671604798995 13.0 781
1671604812960 14.25 804
1671604826958 2.0 827
1671604841001 11.0 850
1671604855000 11.25 873
1671604869043 12.25 896
1671604883122 11.25 919
1671604897272 12.25 942
1671604911348 12.25 965
1671604925321 16.75 988
1671604939306 16.75 1011
1671604953156 14.5 1034
1671604967488 14.5 1057
1671604981154 16.75 1080
1671604995141 13.75 1103
1671605009053 13.5 1126
1671605022957 16.5 1149
1671605037066 14.0 1172
1671605050987 11.75 1195
1671605065100 13.25 1218
1671605078986 13.5 1241
1671605093126 13.75 1264
1671605106997 13.5 1287
1671605121339 12.25 1310
1671605135577 13.5 1333
1671605149451 16.5 1356
1671605164266 13.75 1379
1671605178260 13.75 1402
1671605192166 16.5 1425
1671605206325 13.75 1448
1671605220311 16.25 1471
1671605234279 13.5 1494
1671605248186 11.0 1517
1671605262271 10.0 1540
1671605276347 11.25 1563
1671605290230 12.25 1586
1671605304474 11.25 1609
1671605318475 12.0 1632
1671605332407 11.25 1655
1671605346629 13.75 1678
1671605360754 13.75 1701
1671605374989 13.75 1724
1671605388951 12.25 1747
1671605403053 13.75 1770
1671605417056 12.25 1793
1671605431103 11.25 1816
1671605445039 11.25 1839
1671605458973 14.0 1862
1671605472972 13.5 1885
1671605486942 13.5 1908
1671605500992 13.75 1931
1671605514804 13.5 1954
1671605528802 13.75 1977
1671605542813 13.75 2000
1671605557288 13.75 2023
1671605571346 13.5 2046
1671605585347 11.25 2069
1671605599338 13.75 2092
1671605613534 15.5 2115
1671605627435 13.5 2138
1671605641553 13.5 2161
1671605655454 10.25 2184
1671605669554 11.25 2207
1671605683452 13.5 2230
1671605697267 14.0 2253
1671605711066 14.0 2276
1671605725109 13.75 2299
1671605739207 13.5 2322
1671605753318 13.75 2345
1671605767364 13.5 2368
1671605781236 13.75 2391
1671605795430 14.25 2414
1671605809515 13.75 2437
1671605823367 13.75 2460
1671605837569 14.0 2483
1671605851974 14.0 2506
1671605865792 10.25 2529
1671605879658 7.25 2552
1671605893661 13.5 2575
1671605907567 10.75 2598
1671605921503 13.75 2621
1671605935348 13.0 2644
1671605949243 13.0 2667
1671605963397 12.75 2690
1671605977382 11.25 2713
1671605991182 14.75 2736
1671606005342 11.5 2759
1671606019189 13.75 2782
1671606033024 12.0 2805
1671606047246 13.75 2828
1671606061436 13.5 2851
1671606075786 13.75 2874
1671606089823 13.25 2897
1671606103816 14.0 2920
1671606117768 14.0 2943
1671606131706 12.0 2966
1671606146113 14.0 2989
1671606160014 10.75 3012
1671606173870 13.0 3035
1671606187739 13.5 3058
1671606201646 14.0 3081
1671606215527 11.5 3104
1671606229313 10.75 3127
1671606243256 10.75 3150
1671606257460 11.75 3173
1671606271538 14.0 3196
1671606285637 12.0 3219
1671606299579 10.75 3242
1671606313597 13.25 3265
1671606327488 10.75 3288
1671606341367 11.5 3311
1671606355285 13.75 3334
1671606369410 11.25 3357
1671606383586 8.0 3380
1671606398013 10.25 3403
1671606411919 11.5 3426
1671606425904 14.0 3449
