1671604339218 0 22
1671604342149 1 22
1671604352699 1 45
1671604355812 2 45
1671604357619 2 49
1671604366407 2 68
1671604369519 3 68
1671604380126 3 91
1671604383367 4 91
1671604386332 4 99
1671604394160 4 114
1671604397297 5 114
1671604408143 5 137
1671604411345 6 137
1671604415435 6 149
1671604422149 6 160
1671604425232 7 160
1671604436250 7 183
1671604439401 8 183
1671604444615 8 199
1671604450096 8 206
1671604453246 9 206
1671604464092 9 229
1671604467226 10 229
1671604473634 10 249
1671604478091 10 252
1671604481250 11 252
1671604491953 11 275
1671604495035 12 275
1671604506019 12 298
1671604509156 13 298
1671604510117 13 299
1671604520067 13 321
1671604523178 14 321
1671604533885 14 344
1671604536990 15 344
1671604539051 15 349
1671604547572 15 367
1671604550684 16 367
1671604561407 16 390
1671604564498 17 390
1671604567734 17 399
1671604575693 17 413
1671604578868 18 413
1671604589667 18 436
1671604592866 19 436
1671604597221 19 449
1671604603460 19 459
1671604606609 20 459
1671604617684 20 482
1671604620755 21 482
1671604626339 21 499
1671604631776 21 505
1671604634914 22 505
1671604645651 22 528
1671604648719 23 528
1671604655344 23 549
1671604659394 23 551
1671604662504 24 551
1671604673230 24 574
1671604676271 25 574
1671604687173 25 597
1671604690278 26 597
1671604691516 26 599
1671604701084 26 620
1671604704262 27 620
1671604714856 27 643
1671604718087 28 643
1671604720508 28 649
1671604728974 28 666
1671604732092 29 666
1671604742895 29 689
1671604746077 30 689
1671604749644 30 699
1671604756850 30 712
1671604760009 31 712
1671604770905 31 735
1671604774053 32 735
1671604778696 32 749
1671604784826 32 758
1671604787987 33 758
1671604798995 33 781
1671604802121 34 781
1671604807904 34 799
1671604812960 34 804
1671604816188 35 804
1671604826958 35 827
1671604830135 36 827
1671604837061 36 849
1671604841001 36 850
1671604844069 37 850
1671604855000 37 873
1671604858077 38 873
1671604869043 38 896
1671604872081 39 896
1671604873625 39 899
1671604883122 39 919
1671604886212 40 919
1671604897272 40 942
1671604900416 41 942
1671604903076 41 949
1671604911348 41 965
1671604914429 42 965
1671604925321 42 988
1671604928498 43 988
1671604932330 43 999
1671604939306 43 1011
1671604942385 44 1011
1671604953156 44 1034
1671604956533 45 1034
1671604961694 45 1049
1671604967488 45 1057
1671604970592 46 1057
1671604981154 46 1080
1671604984300 47 1080
1671604990403 47 1099
1671604995141 47 1103
1671604998251 48 1103
1671605009053 48 1126
1671605012190 49 1126
1671605019218 49 1149
1671605022957 49 1149
1671605026074 50 1149
1671605037066 50 1172
1671605040188 51 1172
1671605050987 51 1195
1671605054145 52 1195
1671605056051 52 1199
1671605065100 52 1218
1671605068185 53 1218
1671605078986 53 1241
1671605082117 54 1241
1671605085116 54 1249
1671605093126 54 1264
1671605096210 55 1264
1671605106997 55 1287
1671605110254 56 1287
1671605114645 56 1299
1671605121339 56 1310
1671605124505 57 1310
1671605135577 57 1333
1671605138624 58 1333
1671605143966 58 1349
1671605149451 58 1356
1671605153562 59 1356
1671605164266 59 1379
1671605167408 60 1379
1671605173770 60 1399
1671605178260 60 1402
1671605181460 61 1402
1671605192166 61 1425
1671605195381 62 1425
1671605206325 62 1448
1671605209515 63 1448
1671605210437 63 1449
1671605220311 63 1471
1671605223482 64 1471
1671605234279 64 1494
1671605237383 65 1494
1671605239490 65 1499
1671605248186 65 1517
1671605251304 66 1517
1671605262271 66 1540
1671605265343 67 1540
1671605268574 67 1549
1671605276347 67 1563
1671605279436 68 1563
1671605290230 68 1586
1671605293371 69 1586
1671605297857 69 1599
1671605304474 69 1609
1671605307577 70 1609
1671605318475 70 1632
1671605321544 71 1632
1671605327070 71 1649
1671605332407 71 1655
1671605335634 72 1655
1671605346629 72 1678
1671605349832 73 1678
1671605356542 73 1699
1671605360754 73 1701
1671605364041 74 1701
1671605374989 74 1724
1671605378071 75 1724
1671605388951 75 1747
1671605392062 76 1747
1671605393296 76 1749
1671605403053 76 1770
1671605406212 77 1770
1671605417056 77 1793
1671605420194 78 1793
1671605422588 78 1799
1671605431103 78 1816
1671605434290 79 1816
1671605445039 79 1839
1671605448149 80 1839
1671605451646 80 1849
1671605458973 80 1862
1671605462142 81 1862
1671605472972 81 1885
1671605476052 82 1885
1671605480765 82 1899
1671605486942 82 1908
1671605490071 83 1908
1671605500992 83 1931
1671605504053 84 1931
1671605509885 84 1949
1671605514804 84 1954
1671605518004 85 1954
1671605528802 85 1977
1671605532025 86 1977
1671605538964 86 1999
1671605542813 86 2000
1671605546308 87 2000
1671605557288 87 2023
1671605560425 88 2023
1671605571346 88 2046
1671605574471 89 2046
1671605575996 89 2049
1671605585347 89 2069
1671605588498 90 2069
1671605599338 90 2092
1671605602477 91 2092
1671605605137 91 2099
1671605613534 91 2115
1671605616692 92 2115
1671605627435 92 2138
1671605630608 93 2138
1671605634499 93 2149
1671605641553 93 2161
1671605644763 94 2161
1671605655454 94 2184
1671605658664 95 2184
1671605663611 95 2199
1671605669554 95 2207
1671605672671 96 2207
1671605683452 96 2230
1671605686527 97 2230
1671605692600 97 2249
1671605697267 97 2253
1671605700323 98 2253
1671605711066 98 2276
1671605714199 99 2276
1671605721305 99 2299
1671605725109 99 2299
1671605728236 100 2299
1671605739207 100 2322
1671605742316 101 2322
1671605753318 101 2345
1671605756519 102 2345
1671605758335 102 2349
1671605767364 102 2368
1671605770444 103 2368
1671605781236 103 2391
1671605784443 104 2391
1671605787517 104 2399
1671605795430 104 2414
1671605798687 105 2414
1671605809515 105 2437
1671605812642 106 2437
1671605816723 106 2449
1671605823367 106 2460
1671605826550 107 2460
1671605837569 107 2483
1671605840914 108 2483
1671605846277 108 2499
1671605851974 108 2506
1671605855071 109 2506
1671605865792 109 2529
1671605868888 110 2529
1671605875269 110 2549
1671605879658 110 2552
1671605882827 111 2552
1671605893661 111 2575
1671605896706 112 2575
1671605907567 112 2598
1671605910618 113 2598
1671605911555 113 2599
1671605921503 113 2621
1671605924657 114 2621
1671605935348 114 2644
1671605938495 115 2644
1671605940591 115 2649
1671605949243 115 2667
1671605952407 116 2667
1671605963397 116 2690
1671605966454 117 2690
1671605969670 117 2699
1671605977382 117 2713
1671605980525 118 2713
1671605991182 118 2736
1671605994333 119 2736
1671605998727 119 2749
1671606005342 119 2759
1671606008494 120 2759
1671606019189 120 2782
1671606022354 121 2782
1671606027919 121 2799
1671606033024 121 2805
1671606036107 122 2805
1671606047246 122 2828
1671606050577 123 2828
1671606057263 123 2849
1671606061436 123 2851
1671606064613 124 2851
1671606075786 124 2874
1671606079038 125 2874
1671606089823 125 2897
1671606093045 126 2897
1671606094268 126 2899
1671606103816 126 2920
1671606106994 127 2920
1671606117768 127 2943
1671606120815 128 2943
1671606123303 128 2949
1671606131706 128 2966
1671606134785 129 2966
1671606146113 129 2989
1671606149231 130 2989
1671606152765 130 2999
1671606160014 130 3012
1671606163117 131 3012
1671606173870 131 3035
1671606176974 132 3035
1671606181734 132 3049
1671606187739 132 3058
1671606190906 133 3058
1671606201646 133 3081
1671606204673 134 3081
1671606210471 134 3099
1671606215527 134 3104
1671606218601 135 3104
1671606229313 135 3127
1671606232435 136 3127
1671606239409 136 3149
1671606243256 136 3150
1671606246415 137 3150
1671606257460 137 3173
1671606260680 138 3173
1671606271538 138 3196
1671606274719 139 3196
1671606276291 139 3199
1671606285637 139 3219
1671606288809 140 3219
1671606299579 140 3242
1671606302645 141 3242
1671606305349 141 3249
1671606313597 141 3265
1671606316764 142 3265
1671606327488 142 3288
1671606330585 143 3288
1671606334387 143 3299
1671606341367 143 3311
1671606344506 144 3311
1671606355285 144 3334
1671606358428 145 3334
1671606363368 145 3349
1671606369410 145 3357
1671606372568 146 3357
1671606383586 146 3380
1671606386779 147 3380
1671606393011 147 3399
1671606398013 147 3403
1671606401096 148 3403
1671606411919 148 3426
1671606415127 149 3426
1671606422167 149 3449
1671606425904 149 3449
1671606428901 150 3449
