1671604357619 2.2057782694939334 49
1671604386332 2.5170999089831803 99
1671604415435 2.212775871866417 149
1671604444615 2.270206432789395 199
1671604473634 2.6528219677607043 249
1671604510117 2.159619392470973 299
1671604539051 2.1201121878904523 349
1671604567734 2.4716330196218257 399
1671604597221 2.560993189998805 449
1671604626339 1.8199560859566306 499
1671604655344 2.1941419588479354 549
1671604691516 2.2263801308640643 599
1671604720508 2.910657582626017 649
1671604749644 2.582571067298491 699
1671604778696 2.053167741899226 749
1671604807904 2.4311325791596046 799
1671604837061 2.197837270460999 849
1671604873625 2.2052544009278856 899
1671604903076 2.0440528370728077 949
1671604932330 2.135189520223611 999
1671604961694 2.223266644971645 1049
1671604990403 2.3758709810472753 1099
1671605019218 2.042700740721077 1149
1671605056051 2.2515957185156275 1199
1671605085116 2.3472983257695628 1249
1671605114645 2.4517713848626608 1299
1671605143966 2.005462135945552 1349
1671605173770 2.177076213995695 1399
1671605210437 2.243851890928414 1449
1671605239490 2.422336648927357 1499
1671605268574 2.660337987045694 1549
1671605297857 2.4879726514516394 1599
1671605327070 2.483488434854067 1649
1671605356542 2.3897847467461313 1699
1671605393296 2.3092462883032034 1749
1671605422588 1.8589260358541 1799
1671605451646 2.152551259495878 1849
1671605480765 2.2054965962249473 1899
1671605509885 2.355715996689244 1949
1671605538964 2.4639099164023404 1999
1671605575996 2.142353796943263 2049
1671605605137 2.105052211044785 2099
1671605634499 2.2450475659363325 2149
1671605663611 2.220855736658303 2199
1671605692600 2.5385321535236436 2249
1671605721305 1.5185161441607389 2299
1671605758335 2.6034643389517917 2349
1671605787517 2.1371642558005117 2399
1671605816723 2.4149588933129236 2449
1671605846277 2.4362837209404598 2499
1671605875269 2.218019211718782 2549
1671605911555 1.9769378725903863 2599
1671605940591 2.017800494972996 2649
1671605969670 2.3297951015013076 2699
1671605998727 2.3117787010210837 2749
1671606027919 2.29421724043591 2799
1671606057263 2.2650391633662434 2849
1671606094268 2.3892889575480045 2899
1671606123303 2.496957182900465 2949
1671606152765 2.313637146923606 2999
1671606181734 2.1708112275495743 3049
1671606210471 2.2013203076108954 3099
1671606239409 2.2231135639342066 3149
1671606276291 2.376397292067788 3199
1671606305349 2.337227992436708 3249
1671606334387 2.464322364600484 3299
1671606363368 2.348962146074077 3349
1671606393011 2.430997871368959 3399
1671606422167 1.6097362557068824 3449
