1671604342149 0.6055824756622314 22
1671604355812 0.5063492059707642 45
1671604369519 0.4957089126110077 68
1671604383367 0.519679844379425 91
1671604397297 0.5914581418037415 114
1671604411345 0.5148237347602844 137
1671604425232 0.5541027784347534 160
1671604439401 0.6195856928825378 183
1671604453246 0.5915791988372803 206
1671604467226 0.5380414128303528 229
1671604481250 0.5305353999137878 252
1671604495035 0.6153887510299683 275
1671604509156 0.6666128635406494 298
1671604523178 0.5229485630989075 321
1671604536990 0.5622410774230957 344
1671604550684 0.6027710437774658 367
1671604564498 0.5474576950073242 390
1671604578868 0.5172719955444336 413
1671604592866 0.5205273032188416 436
1671604606609 0.4980226159095764 459
1671604620755 0.5543314814567566 482
1671604634914 0.5284772515296936 505
1671604648719 0.5301318168640137 528
1671604662504 0.5700161457061768 551
1671604676271 0.5230696797370911 574
1671604690278 0.5471751093864441 597
1671604704262 0.588350772857666 620
1671604718087 0.5556900501251221 643
1671604732092 0.5492332577705383 666
1671604746077 0.5448883175849915 689
1671604760009 0.5863330364227295 712
1671604774053 0.5758945345878601 735
1671604787987 0.5535377860069275 758
1671604802121 0.5470809936523438 781
1671604816188 0.5361582040786743 804
1671604830135 0.5480226278305054 827
1671604844069 0.5451036691665649 850
1671604858077 0.5638418197631836 873
1671604872081 0.55660480260849 896
1671604886212 0.5508608818054199 919
1671604900416 0.5553268790245056 942
1671604914429 0.509698748588562 965
1671604928498 0.5436911582946777 988
1671604942385 0.5541431903839111 1011
1671604956533 0.4923862814903259 1034
1671604970592 0.5629943609237671 1057
1671604984300 0.6030132174491882 1080
1671604998251 0.5298762321472168 1103
1671605012190 0.5594699382781982 1126
1671605026074 0.6137476563453674 1149
1671605040188 0.5511030554771423 1172
1671605054145 0.5369115471839905 1195
1671605068185 0.5983992218971252 1218
1671605082117 0.5263653993606567 1241
1671605096210 0.5928437113761902 1264
1671605110254 0.549959659576416 1287
1671605124505 0.5814501047134399 1310
1671605138624 0.5870056748390198 1333
1671605153562 0.5673258304595947 1356
1671605167408 0.5441216230392456 1379
1671605181460 0.5797014236450195 1402
1671605195381 0.6200026869773865 1425
1671605209515 0.5854990482330322 1448
1671605223482 0.568509578704834 1471
1671605237383 0.5451035499572754 1494
1671605251304 0.5457627177238464 1517
1671605265343 0.5744283199310303 1540
1671605279436 0.6009685397148132 1563
1671605293371 0.5318267345428467 1586
1671605307577 0.5625504851341248 1609
1671605321544 0.5847054123878479 1632
1671605335634 0.5757062435150146 1655
1671605349832 0.542830228805542 1678
1671605364041 0.5605729818344116 1701
1671605378071 0.551129937171936 1724
1671605392062 0.5731638073921204 1747
1671605406212 0.5551789402961731 1770
1671605420194 0.6214151382446289 1793
1671605434290 0.5554479360580444 1816
1671605448149 0.5536991953849792 1839
1671605462142 0.5469464063644409 1862
1671605476052 0.5706753134727478 1885
1671605490071 0.5828222036361694 1908
1671605504053 0.5649179816246033 1931
1671605518004 0.5535512566566467 1954
1671605532025 0.5587301254272461 1977
1671605546308 0.5376648306846619 2000
1671605560425 0.5197336077690125 2023
1671605574471 0.5549636483192444 2046
1671605588498 0.5647430419921875 2069
1671605602477 0.5626176595687866 2092
1671605616692 0.5370056629180908 2115
1671605630608 0.5378531217575073 2138
1671605644763 0.5875706672668457 2161
1671605658664 0.5705810785293579 2184
1671605672671 0.540489673614502 2207
1671605686527 0.6392655372619629 2230
1671605700323 0.5629943013191223 2253
1671605714199 0.5482512712478638 2276
1671605728236 0.564124345779419 2299
1671605742316 0.5542373061180115 2322
1671605756519 0.6052461862564087 2345
1671605770444 0.5223163962364197 2368
1671605784443 0.554049015045166 2391
1671605798687 0.5728813409805298 2414
1671605812642 0.5672316551208496 2437
1671605826550 0.5725046992301941 2460
1671605840914 0.5443368554115295 2483
1671605855071 0.5686709880828857 2506
1671605868888 0.5663707256317139 2529
1671605882827 0.5715630650520325 2552
1671605896706 0.5574119091033936 2575
1671605910618 0.5702448487281799 2598
1671605924657 0.5656309127807617 2621
1671605938495 0.5869114995002747 2644
1671605952407 0.5580441355705261 2667
1671605966454 0.5568737983703613 2690
1671605980525 0.5498116612434387 2713
1671605994333 0.6088512539863586 2736
1671606008494 0.5509415864944458 2759
1671606022354 0.5928437113761902 2782
1671606036107 0.5508474707603455 2805
1671606050577 0.574764609336853 2828
1671606064613 0.5034435987472534 2851
1671606079038 0.5275894999504089 2874
1671606093045 0.5434086918830872 2897
1671606106994 0.5959510803222656 2920
1671606120815 0.567164421081543 2943
1671606134785 0.6315442323684692 2966
1671606149231 0.5738229751586914 2989
1671606163117 0.5727871656417847 3012
1671606176974 0.5643125772476196 3035
1671606190906 0.575329601764679 3058
1671606204673 0.5720338821411133 3081
1671606218601 0.6054613590240479 3104
1671606232435 0.5626850128173828 3127
1671606246415 0.5813559889793396 3150
1671606260680 0.5601560473442078 3173
1671606274719 0.5767420530319214 3196
1671606288809 0.5475114583969116 3219
1671606302645 0.5516008138656616 3242
1671606316764 0.5452515482902527 3265
1671606330585 0.5691149234771729 3288
1671606344506 0.5918079018592834 3311
1671606358428 0.5633441209793091 3334
1671606372568 0.5458568930625916 3357
1671606386779 0.568509578704834 3380
1671606401096 0.6027038097381592 3403
1671606415127 0.534705400466919 3426
1671606428901 0.5869114995002747 3449
