1671604342149 0.7231638431549072 22
1671604355812 0.7019773721694946 45
1671604369519 0.659604549407959 68
1671604383367 0.6793785095214844 91
1671604397297 0.6991525292396545 114
1671604411345 0.6709039807319641 137
1671604425232 0.7076271176338196 160
1671604439401 0.7288135886192322 183
1671604453246 0.7104519605636597 206
1671604467226 0.6694915294647217 229
1671604481250 0.6723163723945618 252
1671604495035 0.6920903921127319 275
1671604509156 0.7612994313240051 298
1671604523178 0.6751412153244019 321
1671604536990 0.6906779408454895 344
1671604550684 0.7146892547607422 367
1671604564498 0.694915235042572 390
1671604578868 0.6779661178588867 413
1671604592866 0.6822034120559692 436
1671604606609 0.6765536665916443 459
1671604620755 0.7104519605636597 482
1671604634914 0.6878530979156494 505
1671604648719 0.6850282549858093 528
1671604662504 0.7189265489578247 551
1671604676271 0.6723163723945618 574
1671604690278 0.6977401375770569 597
1671604704262 0.7245762944221497 620
1671604718087 0.6920903921127319 643
1671604732092 0.694915235042572 666
1671604746077 0.6920903921127319 689
1671604760009 0.709039568901062 712
1671604774053 0.7033898234367371 735
1671604787987 0.7288135886192322 758
1671604802121 0.7033898234367371 781
1671604816188 0.6963276863098145 804
1671604830135 0.7033898234367371 827
1671604844069 0.7104519605636597 850
1671604858077 0.709039568901062 873
1671604872081 0.7203390002250671 896
1671604886212 0.6977401375770569 919
1671604900416 0.7062146663665771 942
1671604914429 0.6991525292396545 965
1671604928498 0.7132768630981445 988
1671604942385 0.7217513918876648 1011
1671604956533 0.6836158037185669 1034
1671604970592 0.7019773721694946 1057
1671604984300 0.7231638431549072 1080
1671604998251 0.7259886860847473 1103
1671605012190 0.6920903921127319 1126
1671605026074 0.741525411605835 1149
1671605040188 0.694915235042572 1172
1671605054145 0.6920903921127319 1195
1671605068185 0.7316384315490723 1218
1671605082117 0.7033898234367371 1241
1671605096210 0.7161017060279846 1264
1671605110254 0.7132768630981445 1287
1671605124505 0.7175140976905823 1310
1671605138624 0.7231638431549072 1333
1671605153562 0.7274011373519897 1356
1671605167408 0.6991525292396545 1379
1671605181460 0.7104519605636597 1402
1671605195381 0.7429378628730774 1425
1671605209515 0.7358757257461548 1448
1671605223482 0.709039568901062 1471
1671605237383 0.7033898234367371 1494
1671605251304 0.7033898234367371 1517
1671605265343 0.7245762944221497 1540
1671605279436 0.7189265489578247 1563
1671605293371 0.7146892547607422 1586
1671605307577 0.7048022747039795 1609
1671605321544 0.7217513918876648 1632
1671605335634 0.7302259802818298 1655
1671605349832 0.7245762944221497 1678
1671605364041 0.7217513918876648 1701
1671605378071 0.7330508232116699 1724
1671605392062 0.7062146663665771 1747
1671605406212 0.6977401375770569 1770
1671605420194 0.7387005686759949 1793
1671605434290 0.7104519605636597 1816
1671605448149 0.7161017060279846 1839
1671605462142 0.7161017060279846 1862
1671605476052 0.7033898234367371 1885
1671605490071 0.7231638431549072 1908
1671605504053 0.7146892547607422 1931
1671605518004 0.7118644118309021 1954
1671605532025 0.7062146663665771 1977
1671605546308 0.7048022747039795 2000
1671605560425 0.7076271176338196 2023
1671605574471 0.709039568901062 2046
1671605588498 0.7019773721694946 2069
1671605602477 0.7146892547607422 2092
1671605616692 0.7076271176338196 2115
1671605630608 0.7132768630981445 2138
1671605644763 0.7062146663665771 2161
1671605658664 0.7132768630981445 2184
1671605672671 0.7231638431549072 2207
1671605686527 0.7387005686759949 2230
1671605700323 0.7104519605636597 2253
1671605714199 0.7076271176338196 2276
1671605728236 0.7161017060279846 2299
1671605742316 0.7019773721694946 2322
1671605756519 0.7288135886192322 2345
1671605770444 0.7132768630981445 2368
1671605784443 0.7132768630981445 2391
1671605798687 0.7245762944221497 2414
1671605812642 0.7245762944221497 2437
1671605826550 0.7175140976905823 2460
1671605840914 0.7076271176338196 2483
1671605855071 0.7048022747039795 2506
1671605868888 0.7104519605636597 2529
1671605882827 0.7203390002250671 2552
1671605896706 0.7203390002250671 2575
1671605910618 0.7076271176338196 2598
1671605924657 0.7161017060279846 2621
1671605938495 0.7048022747039795 2644
1671605952407 0.7062146663665771 2667
1671605966454 0.7132768630981445 2690
1671605980525 0.7189265489578247 2713
1671605994333 0.744350254535675 2736
1671606008494 0.7048022747039795 2759
1671606022354 0.7203390002250671 2782
1671606036107 0.7019773721694946 2805
1671606050577 0.7288135886192322 2828
1671606064613 0.700564980506897 2851
1671606079038 0.7118644118309021 2874
1671606093045 0.7203390002250671 2897
1671606106994 0.7118644118309021 2920
1671606120815 0.7132768630981445 2943
1671606134785 0.7316384315490723 2966
1671606149231 0.7132768630981445 2989
1671606163117 0.7076271176338196 3012
1671606176974 0.7189265489578247 3035
1671606190906 0.7302259802818298 3058
1671606204673 0.709039568901062 3081
1671606218601 0.7146892547607422 3104
1671606232435 0.7118644118309021 3127
1671606246415 0.7358757257461548 3150
1671606260680 0.7231638431549072 3173
1671606274719 0.7274011373519897 3196
1671606288809 0.7161017060279846 3219
1671606302645 0.7033898234367371 3242
1671606316764 0.7118644118309021 3265
1671606330585 0.7118644118309021 3288
1671606344506 0.7203390002250671 3311
1671606358428 0.7175140976905823 3334
1671606372568 0.7118644118309021 3357
1671606386779 0.7189265489578247 3380
1671606401096 0.7429378628730774 3403
1671606415127 0.7104519605636597 3426
1671606428901 0.7231638431549072 3449
