1671604357619 0.6011905074119568 49
1671604386332 0.3928571343421936 99
1671604415435 0.5345237851142883 149
1671604444615 0.2666666805744171 199
1671604473634 0.5666667222976685 249
1671604510117 0.6772727370262146 299
1671604539051 0.5416666865348816 349
1671604567734 0.5089285373687744 399
1671604597221 0.46666669845581055 449
1671604626339 0.3500000238418579 499
1671604655344 0.5791666507720947 549
1671604691516 0.4583333432674408 599
1671604720508 0.7222222089767456 649
1671604749644 0.5803571343421936 699
1671604778696 0.5166667103767395 749
1671604807904 0.25 799
1671604837061 0.3392857313156128 849
1671604873625 0.3958333432674408 899
1671604903076 0.6696428656578064 949
1671604932330 0.2666666805744171 999
1671604961694 0.44285711646080017 1049
1671604990403 0.550000011920929 1099
1671605019218 0.5 1149
1671605056051 0.5333333611488342 1199
1671605085116 0.5059524178504944 1249
1671605114645 0.4166666865348816 1299
1671605143966 0.380952388048172 1349
1671605173770 0.4970238208770752 1399
1671605210437 0.6772727370262146 1449
1671605239490 0.3333333432674408 1499
1671605268574 0.46666666865348816 1549
1671605297857 0.7684523463249207 1599
1671605327070 0.4375 1649
1671605356542 0.6875 1699
1671605393296 0.49166667461395264 1749
1671605422588 0.6398809552192688 1799
1671605451646 0.488095223903656 1849
1671605480765 0.3125 1899
1671605509885 0.380952388048172 1949
1671605538964 0.6833333969116211 1999
1671605575996 0.5095238089561462 2049
1671605605137 0.5059524178504944 2099
1671605634499 0.5708333253860474 2149
1671605663611 0.5654761791229248 2199
1671605692600 0.6250000596046448 2249
1671605721305 0.25 2299
1671605758335 0.5553571581840515 2349
1671605787517 0.4253968298435211 2399
1671605816723 0.5142857432365417 2449
1671605846277 0.5365079641342163 2499
1671605875269 0.4750000238418579 2549
1671605911555 0.3333333432674408 2599
1671605940591 0.6220238208770752 2649
1671605969670 0.5166666507720947 2699
1671605998727 0.5833333730697632 2749
1671606027919 0.6357142925262451 2799
1671606057263 0.6193181872367859 2849
1671606094268 0.545634925365448 2899
1671606123303 0.6541666984558105 2949
1671606152765 0.5761904716491699 2999
1671606181734 0.1964285671710968 3049
1671606210471 0.6696428656578064 3099
1671606239409 0.6220238208770752 3149
1671606276291 0.6428571343421936 3199
1671606305349 0.4734848737716675 3249
1671606334387 0.5 3299
1671606363368 0.6375000476837158 3349
1671606393011 0.6761904954910278 3399
1671606422167 0.25 3449
