1671604342149 0.7370056509971619 22
1671604355812 0.5523540377616882 45
1671604369519 0.6100753545761108 68
1671604383367 0.548439621925354 91
1671604397297 0.5575329661369324 114
1671604411345 0.5770782828330994 137
1671604425232 0.581059992313385 160
1671604439401 0.5301318764686584 183
1671604453246 0.5800376534461975 206
1671604467226 0.6242938041687012 229
1671604481250 0.6126177310943604 252
1671604495035 0.6350282430648804 275
1671604509156 0.5757062435150146 298
1671604523178 0.6094161868095398 321
1671604536990 0.6153483986854553 344
1671604550684 0.543879508972168 367
1671604564498 0.5391713976860046 390
1671604578868 0.6145009994506836 413
1671604592866 0.5791498422622681 436
1671604606609 0.5763653516769409 459
1671604620755 0.5729755163192749 482
1671604634914 0.5605461001396179 505
1671604648719 0.5576271414756775 528
1671604662504 0.5793785452842712 551
1671604676271 0.5711460709571838 574
1671604690278 0.5643664598464966 597
1671604704262 0.602824866771698 620
1671604718087 0.5521657466888428 643
1671604732092 0.6122410893440247 666
1671604746077 0.5970810055732727 689
1671604760009 0.5421845316886902 712
1671604774053 0.57306969165802 735
1671604787987 0.5727737545967102 758
1671604802121 0.5868172645568848 781
1671604816188 0.5559321641921997 804
1671604830135 0.5741996765136719 827
1671604844069 0.5556496977806091 850
1671604858077 0.5949152708053589 873
1671604872081 0.5845574736595154 896
1671604886212 0.6113935708999634 919
1671604900416 0.5629943609237671 942
1671604914429 0.5596583485603333 965
1671604928498 0.5625235438346863 988
1671604942385 0.5588512420654297 1011
1671604956533 0.5878127217292786 1034
1671604970592 0.5777105093002319 1057
1671604984300 0.606214702129364 1080
1671604998251 0.6206214427947998 1103
1671605012190 0.6307909488677979 1126
1671605026074 0.5947269797325134 1149
1671605040188 0.5908663272857666 1172
1671605054145 0.5907721519470215 1195
1671605068185 0.584839940071106 1218
1671605082117 0.5913370847702026 1241
1671605096210 0.5697740316390991 1264
1671605110254 0.562523603439331 1287
1671605124505 0.6217514276504517 1310
1671605138624 0.5677965879440308 1333
1671605153562 0.5564030408859253 1356
1671605167408 0.5934086441993713 1379
1671605181460 0.567984938621521 1402
1671605195381 0.6465025544166565 1425
1671605209515 0.6210922598838806 1448
1671605223482 0.5633710622787476 1471
1671605237383 0.6209981441497803 1494
1671605251304 0.5887006521224976 1517
1671605265343 0.5855394005775452 1540
1671605279436 0.5734463334083557 1563
1671605293371 0.5615819692611694 1586
1671605307577 0.6416195631027222 1609
1671605321544 0.5682135820388794 1632
1671605335634 0.5870056748390198 1655
1671605349832 0.5762712359428406 1678
1671605364041 0.6128463745117188 1701
1671605378071 0.5565913319587708 1724
1671605392062 0.6134651899337769 1747
1671605406212 0.6084745526313782 1770
1671605420194 0.623540461063385 1793
1671605434290 0.6487759351730347 1816
1671605448149 0.6180790662765503 1839
1671605462142 0.5843691825866699 1862
1671605476052 0.6250470876693726 1885
1671605490071 0.5837099552154541 1908
1671605504053 0.659564197063446 1931
1671605518004 0.5936912298202515 1954
1671605532025 0.6050847768783569 1977
1671605546308 0.5728813409805298 2000
1671605560425 0.5582862496376038 2023
1671605574471 0.6173257827758789 2046
1671605588498 0.6048022508621216 2069
1671605602477 0.6017890572547913 2092
1671605616692 0.5872881412506104 2115
1671605630608 0.6030132174491882 2138
1671605644763 0.6043314337730408 2161
1671605658664 0.5987759232521057 2184
1671605672671 0.6163841485977173 2207
1671605686527 0.6070621013641357 2230
1671605700323 0.5844632983207703 2253
1671605714199 0.6055017709732056 2276
1671605728236 0.6130884885787964 2299
1671605742316 0.590610682964325 2322
1671605756519 0.6555554866790771 2345
1671605770444 0.6266747713088989 2368
1671605784443 0.577024519443512 2391
1671605798687 0.6365348696708679 2414
1671605812642 0.5593220591545105 2437
1671605826550 0.5975517630577087 2460
1671605840914 0.6067796945571899 2483
1671605855071 0.6153483986854553 2506
1671605868888 0.6180790662765503 2529
1671605882827 0.5790960192680359 2552
1671605896706 0.5932203531265259 2575
1671605910618 0.6369115114212036 2598
1671605924657 0.6149717569351196 2621
1671605938495 0.6366289854049683 2644
1671605952407 0.6356605291366577 2667
1671605966454 0.621845543384552 2690
1671605980525 0.6149717569351196 2713
1671605994333 0.589453935623169 2736
1671606008494 0.6145951151847839 2759
1671606022354 0.6127253174781799 2782
1671606036107 0.6092278957366943 2805
1671606050577 0.5696797966957092 2828
1671606064613 0.5929244160652161 2851
1671606079038 0.5545198321342468 2874
1671606093045 0.6061205863952637 2897
1671606106994 0.6083804368972778 2920
1671606120815 0.6411488056182861 2943
1671606134785 0.6304143071174622 2966
1671606149231 0.6173258423805237 2989
1671606163117 0.6677024364471436 3012
1671606176974 0.5963277220726013 3035
1671606190906 0.635969877243042 3058
1671606204673 0.6399650573730469 3081
1671606218601 0.634274959564209 3104
1671606232435 0.6096044778823853 3127
1671606246415 0.6259887218475342 3150
1671606260680 0.614205002784729 3173
1671606274719 0.5914313197135925 3196
1671606288809 0.634920597076416 3219
1671606302645 0.6163572669029236 3242
1671606316764 0.608098030090332 3265
1671606330585 0.5971751809120178 3288
1671606344506 0.6193032264709473 3311
1671606358428 0.5823917984962463 3334
1671606372568 0.6300377249717712 3357
1671606386779 0.593664288520813 3380
1671606401096 0.619114875793457 3403
1671606415127 0.5947269797325134 3426
1671606428901 0.6385929584503174 3449
