1671604357619 0.8333333730697632 49
1671604386332 0.3083333373069763 99
1671604415435 0.625 149
1671604444615 0.1875 199
1671604473634 0.5208333730697632 249
1671604510117 0.875 299
1671604539051 0.4583333432674408 349
1671604567734 0.5833333134651184 399
1671604597221 0.5625 449
1671604626339 0.4375 499
1671604655344 0.7124999761581421 549
1671604691516 0.4166666865348816 599
1671604720508 0.7416666746139526 649
1671604749644 0.5208333730697632 699
1671604778696 0.75 749
1671604807904 0.2291666716337204 799
1671604837061 0.2708333432674408 849
1671604873625 0.4375 899
1671604903076 0.9375 949
1671604932330 0.1875 999
1671604961694 0.5 1049
1671604990403 0.4791666865348816 1099
1671605019218 0.5 1149
1671605056051 0.4166666865348816 1199
1671605085116 0.3958333432674408 1249
1671605114645 0.5416666865348816 1299
1671605143966 0.3541666865348816 1349
1671605173770 0.6875 1399
1671605210437 0.75 1449
1671605239490 0.3333333432674408 1499
1671605268574 0.4166666865348816 1549
1671605297857 0.737500011920929 1599
1671605327070 0.4000000059604645 1649
1671605356542 1.0 1699
1671605393296 0.4791666865348816 1749
1671605422588 0.7083333730697632 1799
1671605451646 0.5208333730697632 1849
1671605480765 0.5 1899
1671605509885 0.375 1949
1671605538964 0.6666666865348816 1999
1671605575996 0.6041666865348816 2049
1671605605137 0.6666666865348816 2099
1671605634499 0.6041666865348816 2149
1671605663611 0.9375 2199
1671605692600 0.6458333730697632 2249
1671605721305 0.25 2299
1671605758335 0.7083333730697632 2349
1671605787517 0.5375000238418579 2399
1671605816723 0.5625 2449
1671605846277 0.6875 2499
1671605875269 0.3958333432674408 2549
1671605911555 0.375 2599
1671605940591 0.8125 2649
1671605969670 0.4583333432674408 2699
1671605998727 0.625 2749
1671606027919 0.7916666865348816 2799
1671606057263 1.0 2849
1671606094268 0.5 2899
1671606123303 0.7916666865348816 2949
1671606152765 0.7333333492279053 2999
1671606181734 0.5 3049
1671606210471 0.7916666865348816 3099
1671606239409 0.6416666507720947 3149
1671606276291 0.75 3199
1671606305349 0.625 3249
1671606334387 0.5 3299
1671606363368 0.637499988079071 3349
1671606393011 0.7916666865348816 3399
1671606422167 0.25 3449
