1671604342149 2.6629795344877394 22
1671604355812 2.2958377302095623 45
1671604369519 2.2922614449435366 68
1671604383367 2.2918387112936283 91
1671604397297 2.3004759950214413 114
1671604411345 2.292650177850399 137
1671604425232 2.2956595810028295 160
1671604439401 2.2958452948681844 183
1671604453246 2.2914411462313913 206
1671604467226 2.292602972827767 229
1671604481250 2.2928354720206667 252
1671604495035 2.3004624568251577 275
1671604509156 2.295916809302302 298
1671604523178 2.2889449248252283 321
1671604536990 2.288600106864308 344
1671604550684 2.297196194230191 367
1671604564498 2.2932038096369616 390
1671604578868 2.2894935764685718 413
1671604592866 2.2870636766785006 436
1671604606609 2.290978418512317 459
1671604620755 2.288452044800257 482
1671604634914 2.288004416865151 505
1671604648719 2.2944560980339537 528
1671604662504 2.290974738984879 551
1671604676271 2.2885884750703003 574
1671604690278 2.289928079385893 597
1671604704262 2.2893028442158396 620
1671604718087 2.2877421372437357 643
1671604732092 2.2875574994002195 666
1671604746077 2.289171590146551 689
1671604760009 2.2917622336578525 712
1671604774053 2.2872584815522683 735
1671604787987 2.28345685709745 758
1671604802121 2.2907502170222 781
1671604816188 2.2867614580755165 804
1671604830135 2.2806580526895477 827
1671604844069 2.28838084729942 850
1671604858077 2.2879161018943934 873
1671604872081 2.2905776718682684 896
1671604886212 2.282040528375647 919
1671604900416 2.2879105823233217 942
1671604914429 2.2847887407241267 965
1671604928498 2.2825948339789566 988
1671604942385 2.2843295681534546 1011
1671604956533 2.2879720022878636 1034
1671604970592 2.2834085874630574 1057
1671604984300 2.2906520596760123 1080
1671604998251 2.2888131806721472 1103
1671605012190 2.2804874771687573 1126
1671605026074 2.283477424081601 1149
1671605040188 2.283571141890715 1172
1671605054145 2.284804371999688 1195
1671605068185 2.2830231226105333 1218
1671605082117 2.28061458406694 1241
1671605096210 2.285854845062572 1264
1671605110254 2.276223344138057 1287
1671605124505 2.283228003323945 1310
1671605138624 2.2770390308107205 1333
1671605153562 2.2815539516376226 1356
1671605167408 2.282659426557762 1379
1671605181460 2.285140203617426 1402
1671605195381 2.2840075873943095 1425
1671605209515 2.2806237250675285 1448
1671605223482 2.279436872297586 1471
1671605237383 2.276786498999791 1494
1671605251304 2.281571779691846 1517
1671605265343 2.287255256131837 1540
1671605279436 2.2834094484703567 1563
1671605293371 2.27846399492856 1586
1671605307577 2.2756745100494036 1609
1671605321544 2.277723932640854 1632
1671605335634 2.2839726970961167 1655
1671605349832 2.2732693237160735 1678
1671605364041 2.2794564062833933 1701
1671605378071 2.276121848835815 1724
1671605392062 2.274372320882164 1747
1671605406212 2.2815962581786953 1770
1671605420194 2.2782871453916664 1793
1671605434290 2.2765599558441787 1816
1671605448149 2.277407499789971 1839
1671605462142 2.278315371111476 1862
1671605476052 2.2735960548558425 1885
1671605490071 2.2762804874595646 1908
1671605504053 2.2753668826199953 1931
1671605518004 2.2723647377582044 1954
1671605532025 2.278484808792107 1977
1671605546308 2.2745227146310887 2000
1671605560425 2.2700234646857966 2023
1671605574471 2.2726346809961773 2046
1671605588498 2.2749324797628967 2069
1671605602477 2.2704737423333357 2092
1671605616692 2.2734416705535905 2115
1671605630608 2.279035463385206 2138
1671605644763 2.272124202751596 2161
1671605658664 2.2761473971908543 2184
1671605672671 2.2834301127583596 2207
1671605686527 2.2802360859224433 2230
1671605700323 2.272988659766954 2253
1671605714199 2.2743607487461945 2276
1671605728236 2.2828312840223717 2299
1671605742316 2.2691740825914737 2322
1671605756519 2.27235679746193 2345
1671605770444 2.2734758155332457 2368
1671605784443 2.271542496022087 2391
1671605798687 2.272594436666774 2414
1671605812642 2.2692548059491413 2437
1671605826550 2.27948418053974 2460
1671605840914 2.2786596220832958 2483
1671605855071 2.2707529400250874 2506
1671605868888 2.266327177028453 2529
1671605882827 2.274126235689907 2552
1671605896706 2.2729110713804386 2575
1671605910618 2.2683368127164605 2598
1671605924657 2.2678924222398456 2621
1671605938495 2.2676477578879557 2644
1671605952407 2.2721776013144797 2667
1671605966454 2.266926979518344 2690
1671605980525 2.268287122566818 2713
1671605994333 2.275559039650493 2736
1671606008494 2.2698499098074834 2759
1671606022354 2.275752755914304 2782
1671606036107 2.270269712983488 2805
1671606050577 2.2737223538142888 2828
1671606064613 2.2710460076435575 2851
1671606079038 2.2642616406520273 2874
1671606093045 2.272610050857798 2897
1671606106994 2.26764901112733 2920
1671606120815 2.27862211506996 2943
1671606134785 2.2702335553381086 2966
1671606149231 2.2682481588092975 2989
1671606163117 2.263866905102661 3012
1671606176974 2.2694123493241274 3035
1671606190906 2.2687946926485787 3058
1671606204673 2.2740358329643087 3081
1671606218601 2.2688236281806358 3104
1671606232435 2.269027812667889 3127
1671606246415 2.27249192915166 3150
1671606260680 2.2686838399889924 3173
1671606274719 2.270213662763243 3196
1671606288809 2.262408235248568 3219
1671606302645 2.2650708994647255 3242
1671606316764 2.2674580027197746 3265
1671606330585 2.268051575686413 3288
1671606344506 2.263906431779737 3311
1671606358428 2.2633276495563273 3334
1671606372568 2.263796055406254 3357
1671606386779 2.2704302551846656 3380
1671606401096 2.2684946887423245 3403
1671606415127 2.2616541323444195 3426
1671606428901 2.2642578136697646 3449
