1671604342149 0.6150549054145813 22
1671604355812 0.49317553639411926 45
1671604369519 0.510796844959259 68
1671604383367 0.49406781792640686 91
1671604397297 0.5253605246543884 114
1671604411345 0.5112733244895935 137
1671604425232 0.5136170983314514 160
1671604439401 0.5189399719238281 183
1671604453246 0.5394493341445923 206
1671604467226 0.539700448513031 229
1671604481250 0.5227513313293457 252
1671604495035 0.5548021793365479 275
1671604509156 0.570911705493927 298
1671604523178 0.5218626856803894 321
1671604536990 0.5464389324188232 344
1671604550684 0.5180432200431824 367
1671604564498 0.5083930492401123 390
1671604578868 0.5234124660491943 413
1671604592866 0.5114510655403137 436
1671604606609 0.5033208727836609 459
1671604620755 0.5183477401733398 482
1671604634914 0.5103533267974854 505
1671604648719 0.5033963918685913 528
1671604662504 0.5318344831466675 551
1671604676271 0.508844256401062 574
1671604690278 0.5080249309539795 597
1671604704262 0.5475562810897827 620
1671604718087 0.516578197479248 643
1671604732092 0.531651496887207 666
1671604746077 0.5330317616462708 689
1671604760009 0.5044301152229309 712
1671604774053 0.5308761596679688 735
1671604787987 0.520758867263794 758
1671604802121 0.5197332501411438 781
1671604816188 0.5122361183166504 804
1671604830135 0.521899402141571 827
1671604844069 0.5000248551368713 850
1671604858077 0.5349418520927429 873
1671604872081 0.5200915932655334 896
1671604886212 0.5404167175292969 919
1671604900416 0.5066406726837158 942
1671604914429 0.5009176135063171 965
1671604928498 0.5196068286895752 988
1671604942385 0.5168591141700745 1011
1671604956533 0.5029283761978149 1034
1671604970592 0.5325844883918762 1057
1671604984300 0.5583714842796326 1080
1671604998251 0.5301589369773865 1103
1671605012190 0.5513272285461426 1126
1671605026074 0.5648193359375 1149
1671605040188 0.5353878140449524 1172
1671605054145 0.5323688983917236 1195
1671605068185 0.5449943542480469 1218
1671605082117 0.5255403518676758 1241
1671605096210 0.5421597361564636 1264
1671605110254 0.52960604429245 1287
1671605124505 0.5565440654754639 1310
1671605138624 0.5361761450767517 1333
1671605153562 0.5314440131187439 1356
1671605167408 0.5184362530708313 1379
1671605181460 0.5314521789550781 1402
1671605195381 0.5887112617492676 1425
1671605209515 0.5551642775535583 1448
1671605223482 0.5302993655204773 1471
1671605237383 0.5498728156089783 1494
1671605251304 0.5369049906730652 1517
1671605265343 0.5342655777931213 1540
1671605279436 0.5440751314163208 1563
1671605293371 0.5039580464363098 1586
1671605307577 0.5577664375305176 1609
1671605321544 0.534641444683075 1632
1671605335634 0.5366277694702148 1655
1671605349832 0.5277201533317566 1678
1671605364041 0.5407050848007202 1701
1671605378071 0.5234023332595825 1724
1671605392062 0.5503358840942383 1747
1671605406212 0.5350682139396667 1770
1671605420194 0.5747197270393372 1793
1671605434290 0.5622699856758118 1816
1671605448149 0.5462453365325928 1839
1671605462142 0.5291935205459595 1862
1671605476052 0.5624110102653503 1885
1671605490071 0.5363991260528564 1908
1671605504053 0.5689176321029663 1931
1671605518004 0.5404134392738342 1954
1671605532025 0.5374226570129395 1977
1671605546308 0.5237900018692017 2000
1671605560425 0.5093799233436584 2023
1671605574471 0.5491436123847961 2046
1671605588498 0.5371882319450378 2069
1671605602477 0.537390410900116 2092
1671605616692 0.5298713445663452 2115
1671605630608 0.5367974042892456 2138
1671605644763 0.5525497198104858 2161
1671605658664 0.5512212514877319 2184
1671605672671 0.535189688205719 2207
1671605686527 0.5793785452842712 2230
1671605700323 0.5396038889884949 2253
1671605714199 0.5396772623062134 2276
1671605728236 0.549910306930542 2299
1671605742316 0.5393368601799011 2322
1671605756519 0.5780342221260071 2345
1671605770444 0.5341716408729553 2368
1671605784443 0.5340712070465088 2391
1671605798687 0.556269645690918 2414
1671605812642 0.5217127203941345 2437
1671605826550 0.5424128174781799 2460
1671605840914 0.538179874420166 2483
1671605855071 0.5344172120094299 2506
1671605868888 0.551524817943573 2529
1671605882827 0.5341477990150452 2552
1671605896706 0.5366327166557312 2575
1671605910618 0.5579622387886047 2598
1671605924657 0.5560981035232544 2621
1671605938495 0.5694332718849182 2644
1671605952407 0.5480254292488098 2667
1671605966454 0.5484914183616638 2690
1671605980525 0.5522304773330688 2713
1671605994333 0.5654200911521912 2736
1671606008494 0.5510581731796265 2759
1671606022354 0.5575194954872131 2782
1671606036107 0.5485622882843018 2805
1671606050577 0.5291470289230347 2828
1671606064613 0.5127203464508057 2851
1671606079038 0.5072944760322571 2874
1671606093045 0.5476985573768616 2897
1671606106994 0.5551654100418091 2920
1671606120815 0.556205689907074 2943
1671606134785 0.5824170112609863 2966
1671606149231 0.5575847029685974 2989
1671606163117 0.5727219581604004 3012
1671606176974 0.5420814752578735 3035
1671606190906 0.56846022605896 3058
1671606204673 0.5544660091400146 3081
1671606218601 0.5765711665153503 3104
1671606232435 0.5452384352684021 3127
1671606246415 0.5527828335762024 3150
1671606260680 0.5405883193016052 3173
1671606274719 0.5448524951934814 3196
1671606288809 0.5519373416900635 3219
1671606302645 0.5464863181114197 3242
1671606316764 0.5328043103218079 3265
1671606330585 0.5483039021492004 3288
1671606344506 0.5708860158920288 3311
1671606358428 0.5349878668785095 3334
1671606372568 0.5544660091400146 3357
1671606386779 0.5431897640228271 3380
1671606401096 0.5721186995506287 3403
1671606415127 0.5337996482849121 3426
1671606428901 0.5637255311012268 3449
