1671515369738 0.0 22
1671515383553 0.0 45
1671515397584 0.0 68
1671515411688 0.0 91
1671515425698 0.0 114
1671515439694 0.0 137
1671515453998 0.0 160
1671515468311 0.0 183
1671515482520 0.0 206
1671515496560 0.0 229
1671515510542 0.0 252
1671515524466 0.0 275
1671515538528 0.0 298
1671515552751 0.0 321
1671515566802 0.0 344
1671515581008 0.0 367
1671515595020 0.0 390
1671515609032 0.0 413
1671515623204 0.0 436
1671515637411 0.0 459
1671515651833 0.0 482
1671515666360 0.0 505
1671515680843 0.0 528
1671515694828 0.0 551
1671515708854 0.0 574
1671515722852 0.0 597
1671515737162 0.0 620
1671515751234 0.0 643
1671515765240 0.0 666
1671515779189 0.0 689
1671515793489 0.0 712
1671515807749 0.0 735
1671515822091 0.0 758
1671515836281 0.0 781
1671515850112 0.0 804
1671515864070 0.0 827
1671515878115 0.0 850
1671515892662 0.0 873
1671515906752 0.0 896
1671515920845 0.0 919
1671515934748 0.0 942
1671515949081 0.0 965
1671515963781 0.0 988
1671515977784 0.0 1011
1671515992100 0.0 1034
1671516006688 0.0 1057
1671516021209 0.0 1080
1671516035438 0.0 1103
1671516049683 0.0 1126
1671516063932 0.0 1149
1671516078134 0.0 1172
1671516092427 0.0 1195
1671516106786 0.0 1218
1671516120954 0.0 1241
1671516134856 0.0 1264
1671516148984 0.0 1287
1671516163262 0.0 1310
1671516177352 0.0 1333
1671516191387 0.0 1356
1671516205234 0.0 1379
1671516219771 0.0 1402
1671516233967 0.0 1425
1671516247977 0.0 1448
1671516262225 0.0 1471
1671516276191 0.0 1494
1671516290555 0.0 1517
1671516304615 0.0 1540
1671516318824 0.0 1563
1671516333413 0.0 1586
1671516347693 0.0 1609
1671516362177 0.0 1632
1671516376249 0.0 1655
1671516390938 0.0 1678
1671516405322 0.0 1701
1671516419784 0.0 1724
1671516434177 0.0 1747
1671516448612 0.0 1770
1671516462813 0.0 1793
1671516477047 0.0 1816
1671516491249 0.0 1839
1671516505288 0.0 1862
1671516519509 0.0 1885
1671516533749 0.0 1908
1671516547665 0.0 1931
1671516561811 0.0 1954
1671516576463 0.0 1977
1671516590644 0.0 2000
1671516604488 0.0 2023
1671516618835 0.0 2046
1671516633704 0.0 2069
1671516647890 0.0 2092
1671516662377 0.0 2115
1671516676429 0.0 2138
1671516690734 0.0 2161
1671516704688 0.0 2184
1671516719126 0.0 2207
1671516733370 0.0 2230
1671516747268 0.0 2253
1671516761207 0.0 2276
1671516775472 0.0 2299
1671516789541 0.0 2322
1671516803457 0.0 2345
1671516817638 0.0 2368
1671516831822 0.0 2391
1671516845977 0.0 2414
1671516860190 0.0 2437
1671516874178 0.0 2460
1671516888160 0.0 2483
1671516902219 0.0 2506
1671516916729 0.0 2529
1671516930776 0.0 2552
1671516944884 0.0 2575
1671516959055 0.0 2598
1671516973096 0.0 2621
1671516987025 0.0 2644
1671517001137 0.0 2667
1671517015179 0.0 2690
1671517029483 0.0 2713
1671517043652 0.0 2736
1671517057588 0.0 2759
1671517071859 0.0 2782
1671517085816 0.0 2805
1671517099687 0.0 2828
1671517113707 0.0 2851
1671517127825 0.0 2874
1671517142126 0.0 2897
1671517156295 0.0 2920
1671517170191 0.0 2943
1671517184285 0.0 2966
1671517198593 0.0 2989
1671517212573 0.0 3012
1671517226510 0.0 3035
1671517240785 0.0 3058
1671517254710 0.0 3081
1671517268777 0.0 3104
1671517282733 0.0 3127
1671517296960 0.0 3150
1671517311108 0.0 3173
1671517325313 0.0 3196
1671517339530 0.0 3219
1671517353583 0.0 3242
1671517367800 0.0 3265
1671517381744 0.0 3288
1671517395953 0.0 3311
1671517410075 0.0 3334
1671517424180 0.0 3357
1671517438218 0.0 3380
1671517452272 0.0 3403
1671517466475 0.0 3426
1671517480492 0.0 3449
