1671515369738 22.0 22
1671515383553 22.0 45
1671515397584 22.0 68
1671515411688 22.0 91
1671515425698 22.0 114
1671515439694 22.0 137
1671515453998 22.0 160
1671515468311 22.0 183
1671515482520 22.0 206
1671515496560 22.0 229
1671515510542 22.0 252
1671515524466 22.0 275
1671515538528 22.0 298
1671515552751 22.0 321
1671515566802 22.0 344
1671515581008 22.0 367
1671515595020 22.0 390
1671515609032 22.0 413
1671515623204 22.0 436
1671515637411 22.0 459
1671515651833 22.0 482
1671515666360 22.0 505
1671515680843 22.0 528
1671515694828 22.0 551
1671515708854 22.0 574
1671515722852 22.0 597
1671515737162 22.0 620
1671515751234 22.0 643
1671515765240 22.0 666
1671515779189 21.75 689
1671515793489 22.0 712
1671515807749 22.0 735
1671515822091 22.0 758
1671515836281 22.0 781
1671515850112 22.0 804
1671515864070 21.75 827
1671515878115 21.75 850
1671515892662 21.75 873
1671515906752 22.0 896
1671515920845 22.0 919
1671515934748 22.0 942
1671515949081 22.0 965
1671515963781 22.0 988
1671515977784 22.0 1011
1671515992100 22.0 1034
1671516006688 22.0 1057
1671516021209 22.0 1080
1671516035438 22.0 1103
1671516049683 22.0 1126
1671516063932 22.0 1149
1671516078134 22.0 1172
1671516092427 21.75 1195
1671516106786 22.0 1218
1671516120954 22.0 1241
1671516134856 22.0 1264
1671516148984 22.0 1287
1671516163262 22.0 1310
1671516177352 22.0 1333
1671516191387 22.0 1356
1671516205234 21.75 1379
1671516219771 21.75 1402
1671516233967 22.0 1425
1671516247977 22.0 1448
1671516262225 22.0 1471
1671516276191 21.75 1494
1671516290555 21.5 1517
1671516304615 21.25 1540
1671516318824 21.75 1563
1671516333413 21.75 1586
1671516347693 21.75 1609
1671516362177 21.75 1632
1671516376249 22.0 1655
1671516390938 22.0 1678
1671516405322 21.5 1701
1671516419784 22.0 1724
1671516434177 21.75 1747
1671516448612 21.75 1770
1671516462813 21.5 1793
1671516477047 21.75 1816
1671516491249 21.5 1839
1671516505288 22.0 1862
1671516519509 21.5 1885
1671516533749 21.5 1908
1671516547665 21.75 1931
1671516561811 21.75 1954
1671516576463 21.75 1977
1671516590644 21.75 2000
1671516604488 21.75 2023
1671516618835 21.75 2046
1671516633704 21.5 2069
1671516647890 21.75 2092
1671516662377 21.75 2115
1671516676429 21.5 2138
1671516690734 21.5 2161
1671516704688 21.5 2184
1671516719126 21.5 2207
1671516733370 21.5 2230
1671516747268 21.75 2253
1671516761207 21.75 2276
1671516775472 21.5 2299
1671516789541 21.5 2322
1671516803457 21.5 2345
1671516817638 21.5 2368
1671516831822 21.5 2391
1671516845977 21.5 2414
1671516860190 21.5 2437
1671516874178 21.75 2460
1671516888160 21.5 2483
1671516902219 21.5 2506
1671516916729 21.5 2529
1671516930776 21.5 2552
1671516944884 21.5 2575
1671516959055 21.5 2598
1671516973096 21.5 2621
1671516987025 21.5 2644
1671517001137 21.5 2667
1671517015179 21.5 2690
1671517029483 21.5 2713
1671517043652 21.5 2736
1671517057588 21.25 2759
1671517071859 21.5 2782
1671517085816 21.5 2805
1671517099687 21.5 2828
1671517113707 21.5 2851
1671517127825 21.5 2874
1671517142126 21.5 2897
1671517156295 21.5 2920
1671517170191 21.5 2943
1671517184285 21.5 2966
1671517198593 21.5 2989
1671517212573 21.5 3012
1671517226510 21.5 3035
1671517240785 21.5 3058
1671517254710 21.75 3081
1671517268777 21.5 3104
1671517282733 21.5 3127
1671517296960 21.5 3150
1671517311108 21.5 3173
1671517325313 21.5 3196
1671517339530 21.5 3219
1671517353583 21.25 3242
1671517367800 21.5 3265
1671517381744 21.5 3288
1671517395953 21.5 3311
1671517410075 21.5 3334
1671517424180 21.5 3357
1671517438218 21.5 3380
1671517452272 21.5 3403
1671517466475 21.5 3426
1671517480492 21.5 3449
