1671515369738 0 22
1671515372701 1 22
1671515383553 1 45
1671515386742 2 45
1671515388551 2 49
1671515397584 2 68
1671515400750 3 68
1671515411688 3 91
1671515414774 4 91
1671515417748 4 99
1671515425698 4 114
1671515428852 5 114
1671515439694 5 137
1671515442851 6 137
1671515447005 6 149
1671515453998 6 160
1671515457166 7 160
1671515468311 7 183
1671515471502 8 183
1671515476710 8 199
1671515482520 8 206
1671515485733 9 206
1671515496560 9 229
1671515499697 10 229
1671515506020 10 249
1671515510542 10 252
1671515513640 11 252
1671515524466 11 275
1671515527603 12 275
1671515538528 12 298
1671515541704 13 298
1671515542664 13 299
1671515552751 13 321
1671515556009 14 321
1671515566802 14 344
1671515570001 15 344
1671515572119 15 349
1671515581008 15 367
1671515584240 16 367
1671515595020 16 390
1671515598047 17 390
1671515601320 17 399
1671515609032 17 413
1671515612303 18 413
1671515623204 18 436
1671515626365 19 436
1671515630883 19 449
1671515637411 19 459
1671515640621 20 459
1671515651833 20 482
1671515654993 21 482
1671515660499 21 499
1671515666360 21 505
1671515669519 22 505
1671515680843 22 528
1671515684010 23 528
1671515690669 23 549
1671515694828 23 551
1671515697995 24 551
1671515708854 24 574
1671515712086 25 574
1671515722852 25 597
1671515725907 26 597
1671515727107 26 599
1671515737162 26 620
1671515740320 27 620
1671515751234 27 643
1671515754537 28 643
1671515756848 28 649
1671515765240 28 666
1671515768409 29 666
1671515779189 29 689
1671515782387 30 689
1671515786083 30 699
1671515793489 30 712
1671515796625 31 712
1671515807749 31 735
1671515810903 32 735
1671515815721 32 749
1671515822091 32 758
1671515825289 33 758
1671515836281 33 781
1671515839428 34 781
1671515845178 34 799
1671515850112 34 804
1671515853293 35 804
1671515864070 35 827
1671515867197 36 827
1671515874153 36 849
1671515878115 36 850
1671515881294 37 850
1671515892662 37 873
1671515895798 38 873
1671515906752 38 896
1671515909962 39 896
1671515911479 39 899
1671515920845 39 919
1671515923949 40 919
1671515934748 40 942
1671515937814 41 942
1671515940511 41 949
1671515949081 41 965
1671515952287 42 965
1671515963781 42 988
1671515966938 43 988
1671515970728 43 999
1671515977784 43 1011
1671515980967 44 1011
1671515992100 44 1034
1671515995269 45 1034
1671516000326 45 1049
1671516006688 45 1057
1671516009899 46 1057
1671516021209 46 1080
1671516024277 47 1080
1671516030350 47 1099
1671516035438 47 1103
1671516038676 48 1103
1671516049683 48 1126
1671516052788 49 1126
1671516059789 49 1149
1671516063932 49 1149
1671516067176 50 1149
1671516078134 50 1172
1671516081214 51 1172
1671516092427 51 1195
1671516095556 52 1195
1671516097398 52 1199
1671516106786 52 1218
1671516109972 53 1218
1671516120954 53 1241
1671516124061 54 1241
1671516127062 54 1249
1671516134856 54 1264
1671516138023 55 1264
1671516148984 55 1287
1671516152062 56 1287
1671516156301 56 1299
1671516163262 56 1310
1671516166427 57 1310
1671516177352 57 1333
1671516180542 58 1333
1671516185737 58 1349
1671516191387 58 1356
1671516194493 59 1356
1671516205234 59 1379
1671516208374 60 1379
1671516214719 60 1399
1671516219771 60 1402
1671516222889 61 1402
1671516233967 61 1425
1671516237127 62 1425
1671516247977 62 1448
1671516251163 63 1448
1671516252097 63 1449
1671516262225 63 1471
1671516265347 64 1471
1671516276191 64 1494
1671516279346 65 1494
1671516281634 65 1499
1671516290555 65 1517
1671516293721 66 1517
1671516304615 66 1540
1671516307787 67 1540
1671516311067 67 1549
1671516318824 67 1563
1671516321989 68 1563
1671516333413 68 1586
1671516336516 69 1586
1671516340867 69 1599
1671516347693 69 1609
1671516350806 70 1609
1671516362177 70 1632
1671516365287 71 1632
1671516370807 71 1649
1671516376249 71 1655
1671516379409 72 1655
1671516390938 72 1678
1671516394057 73 1678
1671516400616 73 1699
1671516405322 73 1701
1671516408500 74 1701
1671516419784 74 1724
1671516423069 75 1724
1671516434177 75 1747
1671516437340 76 1747
1671516438588 76 1749
1671516448612 76 1770
1671516451802 77 1770
1671516462813 77 1793
1671516466079 78 1793
1671516468524 78 1799
1671516477047 78 1816
1671516480222 79 1816
1671516491249 79 1839
1671516494433 80 1839
1671516497968 80 1849
1671516505288 80 1862
1671516508536 81 1862
1671516519509 81 1885
1671516522634 82 1885
1671516527277 82 1899
1671516533749 82 1908
1671516536862 83 1908
1671516547665 83 1931
1671516550794 84 1931
1671516556605 84 1949
1671516561811 84 1954
1671516564992 85 1954
1671516576463 85 1977
1671516579592 86 1977
1671516586600 86 1999
1671516590644 86 2000
1671516593767 87 2000
1671516604488 87 2023
1671516607640 88 2023
1671516618835 88 2046
1671516622054 89 2046
1671516623623 89 2049
1671516633704 89 2069
1671516636901 90 2069
1671516647890 90 2092
1671516651065 91 2092
1671516653719 91 2099
1671516662377 91 2115
1671516665504 92 2115
1671516676429 92 2138
1671516679588 93 2138
1671516683381 93 2149
1671516690734 93 2161
1671516693895 94 2161
1671516704688 94 2184
1671516707840 95 2184
1671516712874 95 2199
1671516719126 95 2207
1671516722321 96 2207
1671516733370 96 2230
1671516736553 97 2230
1671516742574 97 2249
1671516747268 97 2253
1671516750338 98 2253
1671516761207 98 2276
1671516764318 99 2276
1671516771320 99 2299
1671516775472 99 2299
1671516778594 100 2299
1671516789541 100 2322
1671516792699 101 2322
1671516803457 101 2345
1671516806696 102 2345
1671516808530 102 2349
1671516817638 102 2368
1671516820981 103 2368
1671516831822 103 2391
1671516834986 104 2391
1671516837968 104 2399
1671516845977 104 2414
1671516849151 105 2414
1671516860190 105 2437
1671516863415 106 2437
1671516867480 106 2449
1671516874178 106 2460
1671516877213 107 2460
1671516888160 107 2483
1671516891321 108 2483
1671516896532 108 2499
1671516902219 108 2506
1671516905424 109 2506
1671516916729 109 2529
1671516919884 110 2529
1671516926299 110 2549
1671516930776 110 2552
1671516934007 111 2552
1671516944884 111 2575
1671516948044 112 2575
1671516959055 112 2598
1671516962247 113 2598
1671516963227 113 2599
1671516973096 113 2621
1671516976219 114 2621
1671516987025 114 2644
1671516990236 115 2644
1671516992347 115 2649
1671517001137 115 2667
1671517004285 116 2667
1671517015179 116 2690
1671517018348 117 2690
1671517021603 117 2699
1671517029483 117 2713
1671517032590 118 2713
1671517043652 118 2736
1671517046835 119 2736
1671517051190 119 2749
1671517057588 119 2759
1671517060732 120 2759
1671517071859 120 2782
1671517074919 121 2782
1671517080446 121 2799
1671517085816 121 2805
1671517089019 122 2805
1671517099687 122 2828
1671517102817 123 2828
1671517109486 123 2849
1671517113707 123 2851
1671517116915 124 2851
1671517127825 124 2874
1671517131060 125 2874
1671517142126 125 2897
1671517145371 126 2897
1671517146581 126 2899
1671517156295 126 2920
1671517159416 127 2920
1671517170191 127 2943
1671517173283 128 2943
1671517175674 128 2949
1671517184285 128 2966
1671517187485 129 2966
1671517198593 129 2989
1671517201735 130 2989
1671517205209 130 2999
1671517212573 130 3012
1671517215725 131 3012
1671517226510 131 3035
1671517229802 132 3035
1671517234576 132 3049
1671517240785 132 3058
1671517243891 133 3058
1671517254710 133 3081
1671517257822 134 3081
1671517263688 134 3099
1671517268777 134 3104
1671517271943 135 3104
1671517282733 135 3127
1671517285903 136 3127
1671517292845 136 3149
1671517296960 136 3150
1671517300259 137 3150
1671517311108 137 3173
1671517314415 138 3173
1671517325313 138 3196
1671517328595 139 3196
1671517330091 139 3199
1671517339530 139 3219
1671517342716 140 3219
1671517353583 140 3242
1671517356778 141 3242
1671517359590 141 3249
1671517367800 141 3265
1671517370855 142 3265
1671517381744 142 3288
1671517384870 143 3288
1671517388629 143 3299
1671517395953 143 3311
1671517399183 144 3311
1671517410075 144 3334
1671517413317 145 3334
1671517418256 145 3349
1671517424180 145 3357
1671517427368 146 3357
1671517438218 146 3380
1671517441325 147 3380
1671517447404 147 3399
1671517452272 147 3403
1671517455373 148 3403
1671517466475 148 3426
1671517469636 149 3426
1671517476657 149 3449
1671517480492 149 3449
1671517483420 150 3449
