1671515388551 0.71875 49
1671515417748 0.59375 99
1671515447005 0.75 149
1671515476710 0.8125 199
1671515506020 0.84375 249
1671515542664 0.75 299
1671515572119 0.65625 349
1671515601320 0.71875 399
1671515630883 0.75 449
1671515660499 0.5 499
1671515690669 0.65625 549
1671515727107 0.65625 599
1671515756848 0.75 649
1671515786083 0.75 699
1671515815721 0.65625 749
1671515845178 0.6875 799
1671515874153 0.71875 849
1671515911479 0.71875 899
1671515940511 0.6875 949
1671515970728 0.84375 999
1671516000326 0.625 1049
1671516030350 0.78125 1099
1671516059789 0.75 1149
1671516097398 0.78125 1199
1671516127062 0.78125 1249
1671516156301 0.71875 1299
1671516185737 0.65625 1349
1671516214719 0.625 1399
1671516252097 0.6875 1449
1671516281634 0.71875 1499
1671516311067 0.875 1549
1671516340867 0.84375 1599
1671516370807 0.71875 1649
1671516400616 0.65625 1699
1671516438588 0.71875 1749
1671516468524 0.71875 1799
1671516497968 0.6875 1849
1671516527277 0.625 1899
1671516556605 0.75 1949
1671516586600 0.75 1999
1671516623623 0.71875 2049
1671516653719 0.6875 2099
1671516683381 0.75 2149
1671516712874 0.6875 2199
1671516742574 0.6875 2249
1671516771320 0.75 2299
1671516808530 0.78125 2349
1671516837968 0.65625 2399
1671516867480 0.71875 2449
1671516896532 0.78125 2499
1671516926299 0.78125 2549
1671516963227 0.65625 2599
1671516992347 0.78125 2649
1671517021603 0.875 2699
1671517051190 0.8125 2749
1671517080446 0.78125 2799
1671517109486 0.71875 2849
1671517146581 0.78125 2899
1671517175674 0.8125 2949
1671517205209 0.6875 2999
1671517234576 0.59375 3049
1671517263688 0.71875 3099
1671517292845 0.78125 3149
1671517330091 0.78125 3199
1671517359590 0.71875 3249
1671517388629 0.75 3299
1671517418256 0.8125 3349
1671517447404 0.71875 3399
1671517476657 0.5 3449
