1671515372701 0.7217513918876648 22
1671515386742 0.7161017060279846 45
1671515400750 0.7146892547607422 68
1671515414774 0.7146892547607422 91
1671515428852 0.7161017060279846 114
1671515442851 0.7161017060279846 137
1671515457166 0.7161017060279846 160
1671515471502 0.7175140976905823 183
1671515485733 0.7146892547607422 206
1671515499697 0.7161017060279846 229
1671515513640 0.7189265489578247 252
1671515527603 0.7175140976905823 275
1671515541704 0.7203390002250671 298
1671515556009 0.7203390002250671 321
1671515570001 0.7161017060279846 344
1671515584240 0.7189265489578247 367
1671515598047 0.7231638431549072 390
1671515612303 0.7189265489578247 413
1671515626365 0.7189265489578247 436
1671515640621 0.7189265489578247 459
1671515654993 0.7203390002250671 482
1671515669519 0.7203390002250671 505
1671515684010 0.7217513918876648 528
1671515697995 0.7259886860847473 551
1671515712086 0.7203390002250671 574
1671515725907 0.7217513918876648 597
1671515740320 0.7217513918876648 620
1671515754537 0.7259886860847473 643
1671515768409 0.7245762944221497 666
1671515782387 0.7245762944221497 689
1671515796625 0.7231638431549072 712
1671515810903 0.7288135886192322 735
1671515825289 0.7231638431549072 758
1671515839428 0.7259886860847473 781
1671515853293 0.7302259802818298 804
1671515867197 0.7288135886192322 827
1671515881294 0.7302259802818298 850
1671515895798 0.7302259802818298 873
1671515909962 0.7316384315490723 896
1671515923949 0.7274011373519897 919
1671515937814 0.7288135886192322 942
1671515952287 0.7330508232116699 965
1671515966938 0.7372881174087524 988
1671515980967 0.7316384315490723 1011
1671515995269 0.7344632744789124 1034
1671516009899 0.7344632744789124 1057
1671516024277 0.7316384315490723 1080
1671516038676 0.7344632744789124 1103
1671516052788 0.7330508232116699 1126
1671516067176 0.7401130199432373 1149
1671516081214 0.7372881174087524 1172
1671516095556 0.7387005686759949 1195
1671516109972 0.7387005686759949 1218
1671516124061 0.7401130199432373 1241
1671516138023 0.7344632744789124 1264
1671516152062 0.7401130199432373 1287
1671516166427 0.744350254535675 1310
1671516180542 0.741525411605835 1333
1671516194493 0.744350254535675 1356
1671516208374 0.741525411605835 1379
1671516222889 0.741525411605835 1402
1671516237127 0.7457627058029175 1425
1671516251163 0.7387005686759949 1448
1671516265347 0.7457627058029175 1471
1671516279346 0.744350254535675 1494
1671516293721 0.741525411605835 1517
1671516307787 0.7485875487327576 1540
1671516321989 0.7471751570701599 1563
1671516336516 0.7457627058029175 1586
1671516350806 0.744350254535675 1609
1671516365287 0.741525411605835 1632
1671516379409 0.744350254535675 1655
1671516394057 0.7429378628730774 1678
1671516408500 0.7401130199432373 1701
1671516423069 0.75 1724
1671516437340 0.7457627058029175 1747
1671516451802 0.7429378628730774 1770
1671516466079 0.75 1793
1671516480222 0.7457627058029175 1816
1671516494433 0.7485875487327576 1839
1671516508536 0.75 1862
1671516522634 0.7457627058029175 1885
1671516536862 0.7485875487327576 1908
1671516550794 0.7485875487327576 1931
1671516564992 0.7514124512672424 1954
1671516579592 0.7471751570701599 1977
1671516593767 0.744350254535675 2000
1671516607640 0.7471751570701599 2023
1671516622054 0.755649745464325 2046
1671516636901 0.75 2069
1671516651065 0.7570621371269226 2092
1671516665504 0.7514124512672424 2115
1671516679588 0.7485875487327576 2138
1671516693895 0.7485875487327576 2161
1671516707840 0.7471751570701599 2184
1671516722321 0.75 2207
1671516736553 0.7514124512672424 2230
1671516750338 0.7514124512672424 2253
1671516764318 0.7457627058029175 2276
1671516778594 0.7471751570701599 2299
1671516792699 0.75 2322
1671516806696 0.755649745464325 2345
1671516820981 0.75 2368
1671516834986 0.7514124512672424 2391
1671516849151 0.7514124512672424 2414
1671516863415 0.75 2437
1671516877213 0.75 2460
1671516891321 0.7514124512672424 2483
1671516905424 0.7514124512672424 2506
1671516919884 0.7514124512672424 2529
1671516934007 0.758474588394165 2552
1671516948044 0.7528248429298401 2575
1671516962247 0.7542372941970825 2598
1671516976219 0.75 2621
1671516990236 0.7528248429298401 2644
1671517004285 0.7514124512672424 2667
1671517018348 0.75 2690
1671517032590 0.7570621371269226 2713
1671517046835 0.755649745464325 2736
1671517060732 0.7528248429298401 2759
1671517074919 0.7570621371269226 2782
1671517089019 0.7485875487327576 2805
1671517102817 0.758474588394165 2828
1671517116915 0.755649745464325 2851
1671517131060 0.7528248429298401 2874
1671517145371 0.755649745464325 2897
1671517159416 0.7528248429298401 2920
1671517173283 0.7514124512672424 2943
1671517187485 0.7612994313240051 2966
1671517201735 0.7542372941970825 2989
1671517215725 0.755649745464325 3012
1671517229802 0.7528248429298401 3035
1671517243891 0.7570621371269226 3058
1671517257822 0.7528248429298401 3081
1671517271943 0.7485875487327576 3104
1671517285903 0.755649745464325 3127
1671517300259 0.7514124512672424 3150
1671517314415 0.755649745464325 3173
1671517328595 0.7528248429298401 3196
1671517342716 0.7485875487327576 3219
1671517356778 0.755649745464325 3242
1671517370855 0.7570621371269226 3265
1671517384870 0.7528248429298401 3288
1671517399183 0.7542372941970825 3311
1671517413317 0.7570621371269226 3334
1671517427368 0.7570621371269226 3357
1671517441325 0.7570621371269226 3380
1671517455373 0.7514124512672424 3403
1671517469636 0.7570621371269226 3426
1671517483420 0.7570621371269226 3449
