1671515372701 0.5627118945121765 22
1671515386742 0.5420634746551514 45
1671515400750 0.5322840809822083 68
1671515414774 0.5451170206069946 91
1671515428852 0.5514124631881714 114
1671515442851 0.5503632426261902 137
1671515457166 0.5355932116508484 160
1671515471502 0.5418886542320251 183
1671515485733 0.5538606643676758 206
1671515499697 0.5534705519676208 229
1671515513640 0.5456954836845398 252
1671515527603 0.564245343208313 275
1671515541704 0.5449960231781006 298
1671515556009 0.5553807020187378 321
1671515570001 0.5672720074653625 344
1671515584240 0.5498788952827454 367
1671515598047 0.5653483867645264 390
1671515612303 0.5527979135513306 413
1671515626365 0.5638283491134644 436
1671515640621 0.5376244187355042 459
1671515654993 0.5537933707237244 482
1671515669519 0.5558246374130249 505
1671515684010 0.5566855072975159 528
1671515697995 0.5682136416435242 551
1671515712086 0.55426424741745 574
1671515725907 0.5579364895820618 597
1671515740320 0.5601291656494141 620
1671515754537 0.564070463180542 643
1671515768409 0.5542911887168884 666
1671515782387 0.5556765794754028 689
1671515796625 0.5512509942054749 712
1671515810903 0.5707021951675415 735
1671515825289 0.553026556968689 758
1671515839428 0.5646758079528809 781
1671515853293 0.5568469166755676 804
1671515867197 0.5596987009048462 827
1671515881294 0.5654560923576355 850
1671515895798 0.557949960231781 873
1671515909962 0.5510223507881165 896
1671515923949 0.5518832802772522 919
1671515937814 0.5522598624229431 942
1671515952287 0.549650251865387 965
1671515966938 0.5824724435806274 988
1671515980967 0.5457224249839783 1011
1671515995269 0.5629270672798157 1034
1671516009899 0.5633037090301514 1057
1671516024277 0.5711998343467712 1080
1671516038676 0.5571025013923645 1103
1671516052788 0.5709577798843384 1126
1671516067176 0.5876379609107971 1149
1671516081214 0.570379376411438 1172
1671516095556 0.5700161457061768 1195
1671516109972 0.5688458681106567 1218
1671516124061 0.5748587250709534 1241
1671516138023 0.5577616095542908 1264
1671516152062 0.557654082775116 1287
1671516166427 0.5808313488960266 1310
1671516180542 0.5805084705352783 1333
1671516194493 0.5825262665748596 1356
1671516208374 0.5698143839836121 1379
1671516222889 0.5824859142303467 1402
1671516237127 0.5740516781806946 1425
1671516251163 0.5741996169090271 1448
1671516265347 0.5659268498420715 1471
1671516279346 0.562079668045044 1494
1671516293721 0.5889427065849304 1517
1671516307787 0.5818670988082886 1540
1671516321989 0.5898708701133728 1563
1671516336516 0.5625773668289185 1586
1671516350806 0.585969865322113 1609
1671516365287 0.5712268352508545 1632
1671516379409 0.5879876017570496 1655
1671516394057 0.5597794055938721 1678
1671516408500 0.5641108155250549 1701
1671516423069 0.5712268352508545 1724
1671516437340 0.5799838900566101 1747
1671516451802 0.5672182440757751 1770
1671516466079 0.5999059081077576 1793
1671516480222 0.5837773084640503 1816
1671516494433 0.5731907486915588 1839
1671516508536 0.5833468437194824 1862
1671516522634 0.5967984795570374 1885
1671516536862 0.5804412364959717 1908
1671516550794 0.5941754579544067 1931
1671516564992 0.570379376411438 1954
1671516579592 0.5873015522956848 1977
1671516593767 0.5608823895454407 2000
1671516607640 0.5694915652275085 2023
1671516622054 0.5961931347846985 2046
1671516636901 0.5732983946800232 2069
1671516651065 0.5892655253410339 2092
1671516665504 0.5729082822799683 2115
1671516679588 0.5626176595687866 2138
1671516693895 0.588700532913208 2161
1671516707840 0.5843691229820251 2184
1671516722321 0.5889695882797241 2207
1671516736553 0.5819074511528015 2230
1671516750338 0.5644471049308777 2253
1671516764318 0.5789211988449097 2276
1671516778594 0.572719931602478 2299
1671516792699 0.5705811381340027 2322
1671516806696 0.5958030819892883 2345
1671516820981 0.5706618428230286 2368
1671516834986 0.5724508762359619 2391
1671516849151 0.5740785598754883 2414
1671516863415 0.5900726318359375 2437
1671516877213 0.5880280137062073 2460
1671516891321 0.5888485908508301 2483
1671516905424 0.5923728942871094 2506
1671516919884 0.6020581126213074 2529
1671516934007 0.5680252909660339 2552
1671516948044 0.5937315225601196 2575
1671516962247 0.587664783000946 2598
1671516976219 0.5864138007164001 2621
1671516990236 0.6030266284942627 2644
1671517004285 0.5848129987716675 2667
1671517018348 0.5791229605674744 2690
1671517032590 0.5654426217079163 2713
1671517046835 0.5936239361763 2736
1671517060732 0.5935297608375549 2759
1671517074919 0.5935969948768616 2782
1671517089019 0.5740382075309753 2805
1671517102817 0.5856873393058777 2828
1671517116915 0.5914716124534607 2851
1671517131060 0.5770513415336609 2874
1671517145371 0.5809928178787231 2897
1671517159416 0.5876109600067139 2920
1671517173283 0.5676486492156982 2943
1671517187485 0.6010088920593262 2966
1671517201735 0.5833871364593506 2989
1671517215725 0.5925074219703674 3012
1671517229802 0.5700430274009705 3035
1671517243891 0.5811541676521301 3058
1671517257822 0.5790287852287292 3081
1671517271943 0.5924670696258545 3104
1671517285903 0.5990314483642578 3127
1671517300259 0.5758811235427856 3150
1671517314415 0.5847861766815186 3173
1671517328595 0.586359977722168 3196
1671517342716 0.5639898180961609 3219
1671517356778 0.5935162901878357 3242
1671517370855 0.5823110342025757 3265
1671517384870 0.5719128251075745 3288
1671517399183 0.5888888835906982 3311
1671517413317 0.6027845144271851 3334
1671517427368 0.5838445425033569 3357
1671517441325 0.5925746560096741 3380
1671517455373 0.5878128409385681 3403
1671517469636 0.576284646987915 3426
1671517483420 0.5887678265571594 3449
