1671515372701 0.6744540333747864 22
1671515386742 0.6617217659950256 45
1671515400750 0.6473535895347595 68
1671515414774 0.6560425162315369 91
1671515428852 0.6598666906356812 114
1671515442851 0.6615424752235413 137
1671515457166 0.6504677534103394 160
1671515471502 0.6622748970985413 183
1671515485733 0.6739367246627808 206
1671515499697 0.6679640412330627 229
1671515513640 0.6619847416877747 252
1671515527603 0.6783139705657959 275
1671515541704 0.6604593396186829 298
1671515556009 0.6736995577812195 321
1671515570001 0.6757836937904358 344
1671515584240 0.6560896039009094 367
1671515598047 0.6706319451332092 390
1671515612303 0.6739774346351624 413
1671515626365 0.6686333417892456 436
1671515640621 0.6566011309623718 459
1671515654993 0.6756176948547363 482
1671515669519 0.6651037335395813 505
1671515684010 0.6624249815940857 528
1671515697995 0.6707563400268555 551
1671515712086 0.665496826171875 574
1671515725907 0.6751732230186462 597
1671515740320 0.669688880443573 620
1671515754537 0.6662383079528809 643
1671515768409 0.6659965515136719 666
1671515782387 0.6697552800178528 689
1671515796625 0.6564772725105286 712
1671515810903 0.6839908957481384 735
1671515825289 0.6679491996765137 758
1671515839428 0.6760739088058472 781
1671515853293 0.6712989807128906 804
1671515867197 0.6646798849105835 827
1671515881294 0.6741436719894409 850
1671515895798 0.658700704574585 873
1671515909962 0.662681519985199 896
1671515923949 0.6675091981887817 919
1671515937814 0.6644219160079956 942
1671515952287 0.6540524363517761 965
1671515966938 0.6924090385437012 988
1671515980967 0.6583148241043091 1011
1671515995269 0.6717302799224854 1034
1671516009899 0.6674285531044006 1057
1671516024277 0.6803486943244934 1080
1671516038676 0.6674120426177979 1103
1671516052788 0.6835685968399048 1126
1671516067176 0.6873971819877625 1149
1671516081214 0.671926736831665 1172
1671516095556 0.6777181625366211 1195
1671516109972 0.6713550090789795 1218
1671516124061 0.678778350353241 1241
1671516138023 0.6685802936553955 1264
1671516152062 0.6683486104011536 1287
1671516166427 0.6927980780601501 1310
1671516180542 0.6917656064033508 1333
1671516194493 0.6831725835800171 1356
1671516208374 0.677362322807312 1379
1671516222889 0.676162600517273 1402
1671516237127 0.6809674501419067 1425
1671516251163 0.6815725564956665 1448
1671516265347 0.6759471297264099 1471
1671516279346 0.6697656512260437 1494
1671516293721 0.6998059749603271 1517
1671516307787 0.6908272504806519 1540
1671516321989 0.6921550631523132 1563
1671516336516 0.6647441387176514 1586
1671516350806 0.6872591972351074 1609
1671516365287 0.6672379374504089 1632
1671516379409 0.6945578455924988 1655
1671516394057 0.6647001504898071 1678
1671516408500 0.6762858033180237 1701
1671516423069 0.6728048920631409 1724
1671516437340 0.6905487179756165 1747
1671516451802 0.6648783087730408 1770
1671516466079 0.7039111256599426 1793
1671516480222 0.6939507126808167 1816
1671516494433 0.6846389770507812 1839
1671516508536 0.6892157196998596 1862
1671516522634 0.6967698931694031 1885
1671516536862 0.6843136548995972 1908
1671516550794 0.7007973194122314 1931
1671516564992 0.6759327054023743 1954
1671516579592 0.6785425543785095 1977
1671516593767 0.6762439012527466 2000
1671516607640 0.6692348122596741 2023
1671516622054 0.7016538381576538 2046
1671516636901 0.6733611226081848 2069
1671516651065 0.6826775074005127 2092
1671516665504 0.6734708547592163 2115
1671516679588 0.6641683578491211 2138
1671516693895 0.6895949244499207 2161
1671516707840 0.6884258985519409 2184
1671516722321 0.6962979435920715 2207
1671516736553 0.6859747171401978 2230
1671516750338 0.6600365042686462 2253
1671516764318 0.6862424612045288 2276
1671516778594 0.6685897707939148 2299
1671516792699 0.6766539812088013 2322
1671516806696 0.6980098485946655 2345
1671516820981 0.6764532923698425 2368
1671516834986 0.6755969524383545 2391
1671516849151 0.6810765862464905 2414
1671516863415 0.6894659996032715 2437
1671516877213 0.6866371631622314 2460
1671516891321 0.6878988146781921 2483
1671516905424 0.6925501227378845 2506
1671516919884 0.6997239589691162 2529
1671516934007 0.6683146357536316 2552
1671516948044 0.7005429863929749 2575
1671516962247 0.6906941533088684 2598
1671516976219 0.682424783706665 2621
1671516990236 0.7080763578414917 2644
1671517004285 0.6972208619117737 2667
1671517018348 0.6724745035171509 2690
1671517032590 0.6699680685997009 2713
1671517046835 0.6935015916824341 2736
1671517060732 0.705158531665802 2759
1671517074919 0.6888493299484253 2782
1671517089019 0.6757320165634155 2805
1671517102817 0.6876170039176941 2828
1671517116915 0.6951819062232971 2851
1671517131060 0.6792399287223816 2874
1671517145371 0.6772416830062866 2897
1671517159416 0.6857659816741943 2920
1671517173283 0.6744617819786072 2943
1671517187485 0.7042714953422546 2966
1671517201735 0.6856913566589355 2989
1671517215725 0.6947697401046753 3012
1671517229802 0.67154461145401 3035
1671517243891 0.6809738874435425 3058
1671517257822 0.6810253858566284 3081
1671517271943 0.6868434548377991 3104
1671517285903 0.6990191340446472 3127
1671517300259 0.683789074420929 3150
1671517314415 0.6883737444877625 3173
1671517328595 0.6864699125289917 3196
1671517342716 0.6669359803199768 3219
1671517356778 0.6883834004402161 3242
1671517370855 0.686788022518158 3265
1671517384870 0.6814340949058533 3288
1671517399183 0.6938562989234924 3311
1671517413317 0.6997972726821899 3334
1671517427368 0.6907978057861328 3357
1671517441325 0.6938546299934387 3380
1671517455373 0.6931347250938416 3403
1671517469636 0.6747723817825317 3426
1671517483420 0.6790842413902283 3449
