1671515388551 1.0 49
1671515417748 0.5416666865348816 99
1671515447005 1.0 149
1671515476710 1.0 199
1671515506020 0.9375 249
1671515542664 0.9166666865348816 299
1671515572119 1.0 349
1671515601320 0.875 399
1671515630883 0.6875 449
1671515660499 0.75 499
1671515690669 1.0 549
1671515727107 0.75 599
1671515756848 0.7916666865348816 649
1671515786083 0.8541666865348816 699
1671515815721 1.0 749
1671515845178 0.875 799
1671515874153 0.7083333134651184 849
1671515911479 1.0 899
1671515940511 1.0 949
1671515970728 0.75 999
1671516000326 0.9166666865348816 1049
1671516030350 0.9166666865348816 1099
1671516059789 0.5 1149
1671516097398 1.0 1199
1671516127062 1.0 1249
1671516156301 0.875 1299
1671516185737 0.75 1349
1671516214719 1.0 1399
1671516252097 0.875 1449
1671516281634 0.7916666865348816 1499
1671516311067 0.75 1549
1671516340867 0.949999988079071 1599
1671516370807 0.875 1649
1671516400616 1.0 1699
1671516438588 0.875 1749
1671516468524 0.9375 1799
1671516497968 0.9166666865348816 1849
1671516527277 0.75 1899
1671516556605 0.9166666865348816 1949
1671516586600 0.9166666865348816 1999
1671516623623 0.9166666865348816 2049
1671516653719 1.0 2099
1671516683381 1.0 2149
1671516712874 1.0 2199
1671516742574 0.9166666865348816 2249
1671516771320 0.25 2299
1671516808530 0.875 2349
1671516837968 1.0 2399
1671516867480 0.875 2449
1671516896532 0.875 2499
1671516926299 0.9166666865348816 2549
1671516963227 0.9375 2599
1671516992347 1.0 2649
1671517021603 1.0 2699
1671517051190 1.0 2749
1671517080446 1.0 2799
1671517109486 1.0 2849
1671517146581 0.9166666865348816 2899
1671517175674 0.9583333134651184 2949
1671517205209 0.9166666865348816 2999
1671517234576 0.5 3049
1671517263688 1.0 3099
1671517292845 0.9166666865348816 3149
1671517330091 0.75 3199
1671517359590 0.75 3249
1671517388629 1.0 3299
1671517418256 0.949999988079071 3349
1671517447404 0.9375 3399
1671517476657 0.25 3449
