1671515388551 0.5249999761581421 49
1671515417748 0.3583333492279053 99
1671515447005 0.5892857313156128 149
1671515476710 0.5833333134651184 199
1671515506020 0.75 249
1671515542664 0.6000000238418579 299
1671515572119 0.4000000059604645 349
1671515601320 0.6083333492279053 399
1671515630883 0.4761905074119568 449
1671515660499 0.3095238208770752 499
1671515690669 0.5357142686843872 549
1671515727107 0.3750000298023224 599
1671515756848 0.6458333134651184 649
1671515786083 0.6541666984558105 699
1671515815721 0.4583333432674408 749
1671515845178 0.4833333492279053 799
1671515874153 0.5583333373069763 849
1671515911479 0.4928571581840515 899
1671515940511 0.4958333373069763 949
1671515970728 0.550000011920929 999
1671516000326 0.44999998807907104 1049
1671516030350 0.6625000238418579 1099
1671516059789 0.5 1149
1671516097398 0.6291666626930237 1199
1671516127062 0.574999988079071 1249
1671516156301 0.4625000059604645 1299
1671516185737 0.4791666865348816 1349
1671516214719 0.40833336114883423 1399
1671516252097 0.5636904835700989 1449
1671516281634 0.574999988079071 1499
1671516311067 0.5416666865348816 1549
1671516340867 0.7916666865348816 1599
1671516370807 0.5410714149475098 1649
1671516400616 0.4958333373069763 1699
1671516438588 0.5964285731315613 1749
1671516468524 0.612500011920929 1799
1671516497968 0.5666666626930237 1849
1671516527277 0.2839285731315613 1899
1671516556605 0.6458333134651184 1949
1671516586600 0.5416666865348816 1999
1671516623623 0.5083333253860474 2049
1671516653719 0.4208333492279053 2099
1671516683381 0.6291667222976685 2149
1671516712874 0.4333333373069763 2199
1671516742574 0.6500000357627869 2249
1671516771320 0.25 2299
1671516808530 0.625 2349
1671516837968 0.5062499642372131 2399
1671516867480 0.637499988079071 2449
1671516896532 0.6041666865348816 2499
1671516926299 0.6666666865348816 2549
1671516963227 0.5625 2599
1671516992347 0.550000011920929 2649
1671517021603 0.7208333611488342 2699
1671517051190 0.6416666507720947 2749
1671517080446 0.6309523582458496 2799
1671517109486 0.4583333730697632 2849
1671517146581 0.7392857074737549 2899
1671517175674 0.6499999761581421 2949
1671517205209 0.6202380657196045 2999
1671517234576 0.0982142835855484 3049
1671517263688 0.550000011920929 3099
1671517292845 0.6499999761581421 3149
1671517330091 0.5166667103767395 3199
1671517359590 0.4345238208770752 3249
1671517388629 0.6041666865348816 3299
1671517418256 0.675000011920929 3349
1671517447404 0.5666666626930237 3399
1671517476657 0.25 3449
