1671515372701 2.6120097637176514 22
1671515386742 2.168248176574707 45
1671515400750 2.171679735183716 68
1671515414774 2.171185255050659 91
1671515428852 2.180135488510132 114
1671515442851 2.174283504486084 137
1671515457166 2.1718993186950684 160
1671515471502 2.1725754737854004 183
1671515485733 2.170226812362671 206
1671515499697 2.169787645339966 229
1671515513640 2.1701231002807617 252
1671515527603 2.173977851867676 275
1671515541704 2.171813726425171 298
1671515556009 2.1639397144317627 321
1671515570001 2.1642708778381348 344
1671515584240 2.173877716064453 367
1671515598047 2.173877477645874 390
1671515612303 2.1715190410614014 413
1671515626365 2.163900375366211 436
1671515640621 2.165860891342163 459
1671515654993 2.1640188694000244 482
1671515669519 2.164184331893921 505
1671515684010 2.1704161167144775 528
1671515697995 2.1665642261505127 551
1671515712086 2.1703391075134277 574
1671515725907 2.174086332321167 597
1671515740320 2.1688783168792725 620
1671515754537 2.1633996963500977 643
1671515768409 2.161910057067871 666
1671515782387 2.1617047786712646 689
1671515796625 2.1661946773529053 712
1671515810903 2.166255474090576 735
1671515825289 2.1618635654449463 758
1671515839428 2.1634938716888428 781
1671515853293 2.162083864212036 804
1671515867197 2.1576547622680664 827
1671515881294 2.165544033050537 850
1671515895798 2.160987377166748 873
1671515909962 2.1643693447113037 896
1671515923949 2.1569883823394775 919
1671515937814 2.1625635623931885 942
1671515952287 2.160407543182373 965
1671515966938 2.157148599624634 988
1671515980967 2.1557445526123047 1011
1671515995269 2.15901255607605 1034
1671516009899 2.1591851711273193 1057
1671516024277 2.1662514209747314 1080
1671516038676 2.1578714847564697 1103
1671516052788 2.1552138328552246 1126
1671516067176 2.1641948223114014 1149
1671516081214 2.156041145324707 1172
1671516095556 2.160489320755005 1195
1671516109972 2.1550159454345703 1218
1671516124061 2.155691623687744 1241
1671516138023 2.1600382328033447 1264
1671516152062 2.153050184249878 1287
1671516166427 2.1568965911865234 1310
1671516180542 2.1519174575805664 1333
1671516194493 2.1554343700408936 1356
1671516208374 2.159320116043091 1379
1671516222889 2.1660702228546143 1402
1671516237127 2.1555733680725098 1425
1671516251163 2.1551010608673096 1448
1671516265347 2.1530075073242188 1471
1671516279346 2.1495120525360107 1494
1671516293721 2.1548492908477783 1517
1671516307787 2.162551164627075 1540
1671516321989 2.1613450050354004 1563
1671516336516 2.154287338256836 1586
1671516350806 2.1498472690582275 1609
1671516365287 2.149130344390869 1632
1671516379409 2.156402111053467 1655
1671516394057 2.1484363079071045 1678
1671516408500 2.151472806930542 1701
1671516423069 2.1548421382904053 1724
1671516437340 2.1502575874328613 1747
1671516451802 2.1553659439086914 1770
1671516466079 2.153465747833252 1793
1671516480222 2.1493775844573975 1816
1671516494433 2.1499087810516357 1839
1671516508536 2.1552188396453857 1862
1671516522634 2.1497747898101807 1885
1671516536862 2.1530697345733643 1908
1671516550794 2.1499810218811035 1931
1671516564992 2.147578001022339 1954
1671516579592 2.1534950733184814 1977
1671516593767 2.1483824253082275 2000
1671516607640 2.1462647914886475 2023
1671516622054 2.146529197692871 2046
1671516636901 2.152505874633789 2069
1671516651065 2.1464810371398926 2092
1671516665504 2.1459336280822754 2115
1671516679588 2.1518425941467285 2138
1671516693895 2.147538423538208 2161
1671516707840 2.1499650478363037 2184
1671516722321 2.1593551635742188 2207
1671516736553 2.153876543045044 2230
1671516750338 2.148885726928711 2253
1671516764318 2.1508381366729736 2276
1671516778594 2.155790090560913 2299
1671516792699 2.1426033973693848 2322
1671516806696 2.1466434001922607 2345
1671516820981 2.1439971923828125 2368
1671516834986 2.1470930576324463 2391
1671516849151 2.144228219985962 2414
1671516863415 2.1446175575256348 2437
1671516877213 2.1544716358184814 2460
1671516891321 2.151193618774414 2483
1671516905424 2.1429409980773926 2506
1671516919884 2.139976978302002 2529
1671516934007 2.143540143966675 2552
1671516948044 2.148845672607422 2575
1671516962247 2.1434946060180664 2598
1671516976219 2.1439497470855713 2621
1671516990236 2.141456127166748 2644
1671517004285 2.1457297801971436 2667
1671517018348 2.141594409942627 2690
1671517032590 2.143855333328247 2713
1671517046835 2.1464486122131348 2736
1671517060732 2.1436173915863037 2759
1671517074919 2.146639823913574 2782
1671517089019 2.148313045501709 2805
1671517102817 2.1456005573272705 2828
1671517116915 2.1469030380249023 2851
1671517131060 2.1389129161834717 2874
1671517145371 2.146317720413208 2897
1671517159416 2.141331672668457 2920
1671517173283 2.151287794113159 2943
1671517187485 2.1428966522216797 2966
1671517201735 2.141972541809082 2989
1671517215725 2.138477087020874 3012
1671517229802 2.140744924545288 3035
1671517243891 2.1417906284332275 3058
1671517257822 2.146968126296997 3081
1671517271943 2.145003318786621 3104
1671517285903 2.150967597961426 3127
1671517300259 2.148707389831543 3150
1671517314415 2.1435415744781494 3173
1671517328595 2.1413803100585938 3196
1671517342716 2.13662052154541 3219
1671517356778 2.140698194503784 3242
1671517370855 2.142983913421631 3265
1671517384870 2.1411311626434326 3288
1671517399183 2.1353046894073486 3311
1671517413317 2.1354100704193115 3334
1671517427368 2.1372950077056885 3357
1671517441325 2.144906520843506 3380
1671517455373 2.1390960216522217 3403
1671517469636 2.1334056854248047 3426
1671517483420 2.136361837387085 3449
