1671515388551 2.0888078212738037 49
1671515417748 2.4562864303588867 99
1671515447005 2.069880723953247 149
1671515476710 2.108081340789795 199
1671515506020 2.453889846801758 249
1671515542664 2.026392698287964 299
1671515572119 2.0663931369781494 349
1671515601320 2.3476977348327637 399
1671515630883 2.425386428833008 449
1671515660499 1.8580307960510254 499
1671515690669 2.0920445919036865 549
1671515727107 2.169694185256958 599
1671515756848 2.765389919281006 649
1671515786083 2.4378058910369873 699
1671515815721 1.9738495349884033 749
1671515845178 2.312467575073242 799
1671515874153 2.059464454650879 849
1671515911479 2.1105263233184814 899
1671515940511 1.9848990440368652 949
1671515970728 1.9604908227920532 999
1671516000326 2.138864755630493 1049
1671516030350 2.1959338188171387 1099
1671516059789 1.948004961013794 1149
1671516097398 2.0839710235595703 1199
1671516127062 2.205993175506592 1249
1671516156301 2.338266372680664 1299
1671516185737 1.931801676750183 1349
1671516214719 2.1108758449554443 1399
1671516252097 2.142559766769409 1449
1671516281634 2.3075661659240723 1499
1671516311067 2.4643239974975586 1549
1671516340867 2.2582178115844727 1599
1671516370807 2.362581491470337 1649
1671516400616 2.303502082824707 1699
1671516438588 2.2025041580200195 1749
1671516468524 1.751655101776123 1799
1671516497968 2.039888620376587 1849
1671516527277 2.1876561641693115 1899
1671516556605 2.2206666469573975 1949
1671516586600 2.3351094722747803 1999
1671516623623 2.0494589805603027 2049
1671516653719 2.040519952774048 2099
1671516683381 2.0841939449310303 2149
1671516712874 2.14131760597229 2199
1671516742574 2.3940234184265137 2249
1671516771320 1.4810709953308105 2299
1671516808530 2.435457706451416 2349
1671516837968 2.054959774017334 2399
1671516867480 2.274138927459717 2449
1671516896532 2.2864885330200195 2499
1671516926299 2.0747413635253906 2549
1671516963227 1.9028505086898804 2599
1671516992347 1.9450188875198364 2649
1671517021603 2.094728469848633 2699
1671517051190 2.1458399295806885 2749
1671517080446 2.138409376144409 2799
1671517109486 2.159665584564209 2849
1671517146581 2.2126545906066895 2899
1671517175674 2.333449602127075 2949
1671517205209 2.2123451232910156 2999
1671517234576 2.189718246459961 3049
1671517263688 2.10621976852417 3099
1671517292845 2.0844192504882812 3149
1671517330091 2.2542777061462402 3199
1671517359590 2.2468855381011963 3249
1671517388629 2.300150156021118 3299
1671517418256 2.185208320617676 3349
1671517447404 2.316354513168335 3399
1671517476657 1.6345614194869995 3449
