1671515388551 0.6875000596046448 49
1671515417748 0.42370128631591797 99
1671515447005 0.7277930378913879 149
1671515476710 0.699999988079071 199
1671515506020 0.8095238208770752 249
1671515542664 0.699999988079071 299
1671515572119 0.5404762029647827 349
1671515601320 0.6970238089561462 399
1671515630883 0.5211039185523987 449
1671515660499 0.4318181872367859 499
1671515690669 0.6564394235610962 549
1671515727107 0.49166667461395264 599
1671515756848 0.6367965340614319 649
1671515786083 0.7351190447807312 699
1671515815721 0.574999988079071 749
1671515845178 0.6041666865348816 799
1671515874153 0.6180555820465088 849
1671515911479 0.6496753096580505 899
1671515940511 0.6347222328186035 949
1671515970728 0.615079402923584 999
1671516000326 0.6011905074119568 1049
1671516030350 0.766865074634552 1099
1671516059789 0.5 1149
1671516097398 0.737500011920929 1199
1671516127062 0.7222222685813904 1249
1671516156301 0.6041666865348816 1299
1671516185737 0.5809524059295654 1349
1671516214719 0.5436508059501648 1399
1671516252097 0.6799242496490479 1449
1671516281634 0.6011905074119568 1499
1671516311067 0.6166666746139526 1549
1671516340867 0.849494993686676 1599
1671516370807 0.6309523582458496 1649
1671516400616 0.648809552192688 1699
1671516438588 0.6736111044883728 1749
1671516468524 0.7291666865348816 1799
1671516497968 0.6583333015441895 1849
1671516527277 0.3986111283302307 1899
1671516556605 0.7023809552192688 1949
1671516586600 0.6761904954910278 1999
1671516623623 0.638888955116272 2049
1671516653719 0.5791666507720947 2099
1671516683381 0.7684524059295654 2149
1671516712874 0.5734127163887024 2199
1671516742574 0.7124999761581421 2249
1671516771320 0.25 2299
1671516808530 0.7053571343421936 2349
1671516837968 0.6407203674316406 2399
1671516867480 0.7182539701461792 2449
1671516896532 0.675000011920929 2499
1671516926299 0.7539682388305664 2549
1671516963227 0.6791666746139526 2599
1671516992347 0.6900793313980103 2649
1671517021603 0.8365079164505005 2699
1671517051190 0.7595238089561462 2749
1671517080446 0.7611263394355774 2799
1671517109486 0.6166666746139526 2849
1671517146581 0.7849358916282654 2899
1671517175674 0.748106062412262 2949
1671517205209 0.6672619581222534 2999
1671517234576 0.16249999403953552 3049
1671517263688 0.7083333730697632 3099
1671517292845 0.7470238208770752 3149
1671517330091 0.5928571224212646 3199
1671517359590 0.5484848618507385 3249
1671517388629 0.7142857313156128 3299
1671517418256 0.7763888835906982 3349
1671517447404 0.699999988079071 3399
1671517476657 0.25 3449
