1672816234741 0.0 22
1672816249964 0.0 45
1672816265305 0.0 68
1672816280656 0.0 91
1672816295978 0.0 114
1672816311243 0.0 137
1672816326703 0.0 160
1672816342350 0.0 183
1672816357538 0.0 206
1672816372472 0.0 229
1672816387775 0.0 252
1672816403100 0.0 275
1672816418390 0.0 298
1672816433517 0.0 321
1672816448683 0.0 344
1672816463990 0.0 367
1672816479178 0.0 390
1672816494463 0.0 413
1672816510148 0.0 436
1672816525812 0.0 459
1672816541253 0.0 482
1672816556592 0.0 505
1672816571900 0.0 528
1672816587370 0.0 551
1672816602384 0.0 574
1672816617552 0.0 597
1672816632595 0.0 620
1672816647657 0.0 643
1672816662768 0.0 666
1672816677868 0.0 689
1672816693234 0.0 712
1672816708495 0.0 735
1672816724117 0.0 758
1672816739477 0.0 781
1672816754867 0.0 804
1672816770114 0.0 827
1672816785251 0.0 850
1672816800560 0.0 873
1672816815857 0.0 896
1672816831108 0.0 919
