1672816234741 22.0 22
1672816249964 19.75 45
1672816265305 17.0 68
1672816280656 17.0 91
1672816295978 19.75 114
1672816311243 17.0 137
1672816326703 17.0 160
1672816342350 22.0 183
1672816357538 22.0 206
1672816372472 19.75 229
1672816387775 17.0 252
1672816403100 19.75 275
1672816418390 22.0 298
1672816433517 19.75 321
1672816448683 17.0 344
1672816463990 19.75 367
1672816479178 17.0 390
1672816494463 19.75 413
1672816510148 19.75 436
1672816525812 19.75 459
1672816541253 22.0 482
1672816556592 19.75 505
1672816571900 22.0 528
1672816587370 19.75 551
1672816602384 19.75 574
1672816617552 19.75 597
1672816632595 22.0 620
1672816647657 19.75 643
1672816662768 19.75 666
1672816677868 17.0 689
1672816693234 20.25 712
1672816708495 22.0 735
1672816724117 17.0 758
1672816739477 19.75 781
1672816754867 21.75 804
1672816770114 17.0 827
1672816785251 16.75 850
1672816800560 19.5 873
1672816815857 19.75 896
1672816831108 19.25 919
