1672816234741 0 22
1672816238072 1 22
1672816249964 1 45
1672816253479 2 45
1672816255448 2 49
1672816265305 2 68
1672816268918 3 68
1672816280656 3 91
1672816284158 4 91
1672816287239 4 99
1672816295978 4 114
1672816299504 5 114
1672816311243 5 137
1672816314926 6 137
1672816319399 6 149
1672816326703 6 160
1672816330177 7 160
1672816342350 7 183
1672816345896 8 183
1672816351296 8 199
1672816357538 8 206
1672816361023 9 206
1672816372472 9 229
1672816375986 10 229
1672816382559 10 249
1672816387775 10 252
1672816391416 11 252
1672816403100 11 275
1672816406711 12 275
1672816418390 12 298
1672816421964 13 298
1672816423044 13 299
1672816433517 13 321
1672816437022 14 321
1672816448683 14 344
1672816452205 15 344
1672816454467 15 349
1672816463990 15 367
1672816467496 16 367
1672816479178 16 390
1672816482815 17 390
1672816486318 17 399
1672816494463 17 413
1672816498257 18 413
1672816510148 18 436
1672816513750 19 436
1672816518444 19 449
1672816525812 19 459
1672816529341 20 459
1672816541253 20 482
1672816544919 21 482
1672816550735 21 499
1672816556592 21 505
1672816560198 22 505
1672816571900 22 528
1672816575585 23 528
1672816582450 23 549
1672816587370 23 551
1672816590854 24 551
1672816602384 24 574
1672816605897 25 574
1672816617552 25 597
1672816621081 26 597
1672816622425 26 599
1672816632595 26 620
1672816636039 27 620
1672816647657 27 643
1672816651139 28 643
1672816653681 28 649
1672816662768 28 666
1672816666307 29 666
1672816677868 29 689
1672816681385 30 689
1672816685284 30 699
1672816693234 30 712
1672816696824 31 712
1672816708495 31 735
1672816712087 32 735
1672816716966 32 749
1672816724117 32 758
1672816727576 33 758
1672816739477 33 781
1672816743087 34 781
1672816749096 34 799
1672816754867 34 804
1672816758423 35 804
1672816770114 35 827
1672816773690 36 827
1672816780859 36 849
1672816785251 36 850
1672816788845 37 850
1672816800560 37 873
1672816804083 38 873
1672816815857 38 896
1672816819432 39 896
1672816821116 39 899
1672816831108 39 919
1672816834606 40 919
