1672816234741 0.0 22
1672816249964 2.25 45
1672816265305 5.0 68
1672816280656 5.0 91
1672816295978 2.25 114
1672816311243 5.0 137
1672816326703 5.0 160
1672816342350 0.0 183
1672816357538 0.0 206
1672816372472 2.25 229
1672816387775 5.0 252
1672816403100 2.25 275
1672816418390 0.0 298
1672816433517 2.25 321
1672816448683 5.0 344
1672816463990 2.25 367
1672816479178 5.0 390
1672816494463 2.25 413
1672816510148 2.25 436
1672816525812 2.25 459
1672816541253 0.0 482
1672816556592 2.25 505
1672816571900 0.0 528
1672816587370 2.25 551
1672816602384 2.25 574
1672816617552 2.25 597
1672816632595 0.0 620
1672816647657 2.25 643
1672816662768 2.25 666
1672816677868 5.0 689
1672816693234 1.75 712
1672816708495 0.0 735
1672816724117 5.0 758
1672816739477 2.25 781
1672816754867 0.25 804
1672816770114 5.0 827
1672816785251 5.25 850
1672816800560 2.5 873
1672816815857 2.25 896
1672816831108 2.75 919
1672816846384 2.25 942
1672816861902 2.25 965
1672816877232 0.0 988
1672816892724 0.0 1011
1672816908098 0.0 1034
1672816923508 0.0 1057
1672816938637 0.0 1080
1672816953967 2.0 1103
1672816969370 0.25 1126
1672816984771 0.0 1149
1672816999661 0.25 1172
1672817014896 2.5 1195
1672817030444 2.25 1218
1672817045738 1.75 1241
1672817061131 0.25 1264
1672817076493 0.5 1287
1672817091823 2.0 1310
1672817107289 2.0 1333
1672817122507 0.0 1356
1672817137698 0.0 1379
1672817152893 0.0 1402
1672817168152 0.0 1425
1672817183500 0.0 1448
1672817198751 0.0 1471
1672817214038 1.0 1494
1672817229346 2.75 1517
1672817245094 2.75 1540
1672817260568 2.5 1563
1672817275652 2.5 1586
1672817291063 2.75 1609
1672817306331 2.75 1632
1672817321189 2.75 1655
1672817336472 0.0 1678
1672817351538 0.5 1701
1672817366828 0.0 1724
1672817381980 2.75 1747
1672817397349 0.25 1770
1672817412601 2.75 1793
1672817427813 3.0 1816
1672817443256 3.0 1839
1672817459115 0.5 1862
1672817474945 2.25 1885
1672817490241 2.25 1908
1672817505598 0.25 1931
1672817520978 0.5 1954
1672817536059 0.5 1977
1672817551113 0.25 2000
1672817566106 0.25 2023
1672817581427 0.75 2046
1672817596904 3.0 2069
1672817612345 1.0 2092
1672817627527 0.25 2115
1672817643031 0.75 2138
1672817658603 0.5 2161
1672817674223 5.0 2184
1672817689584 2.5 2207
1672817705050 2.25 2230
1672817720330 0.5 2253
1672817735540 0.75 2276
1672817750690 0.5 2299
1672817766331 2.25 2322
1672817781620 0.25 2345
1672817797796 1.0 2368
1672817813234 0.5 2391
1672817828837 0.25 2414
1672817843985 0.5 2437
1672817859428 2.5 2460
1672817874653 0.5 2483
1672817890147 1.5 2506
1672817905389 3.25 2529
1672817920505 5.75 2552
1672817935615 2.5 2575
1672817950864 3.0 2598
1672817966087 0.5 2621
1672817981327 2.5 2644
1672817996409 2.5 2667
1672818011659 2.5 2690
1672818026933 2.5 2713
1672818043119 0.5 2736
1672818058584 2.75 2759
1672818074352 1.0 2782
1672818089713 2.5 2805
1672818104853 1.0 2828
1672818120184 2.5 2851
1672818135723 2.5 2874
1672818151002 2.5 2897
1672818166525 2.25 2920
1672818181856 0.5 2943
1672818197056 3.0 2966
1672818212574 1.5 2989
1672818227822 5.0 3012
1672818243517 2.5 3035
1672818258957 2.5 3058
1672818274037 0.5 3081
1672818289539 3.0 3104
1672818304916 3.25 3127
1672818320117 5.5 3150
1672818335371 3.0 3173
1672818350775 2.5 3196
1672818366183 2.75 3219
1672818381413 5.0 3242
1672818396750 2.5 3265
1672818412110 5.0 3288
1672818428116 5.0 3311
1672818443495 0.75 3334
1672818458601 3.0 3357
1672818473720 5.75 3380
1672818489192 5.0 3403
1672818504167 2.75 3426
1672818519170 0.5 3449
