1672816255448 1.0 49
1672816287239 0.5416666865348816 99
1672816319399 1.0 149
1672816351296 1.0 199
1672816382559 0.9375 249
1672816423044 0.9166666865348816 299
1672816454467 0.9166666865348816 349
1672816486318 0.875 399
1672816518444 0.6875 449
1672816550735 0.75 499
1672816582450 1.0 549
1672816622425 0.75 599
1672816653681 0.7916666865348816 649
1672816685284 0.8541666865348816 699
1672816716966 1.0 749
1672816749096 0.875 799
1672816780859 0.7083333134651184 849
1672816821116 1.0 899
1672816852901 1.0 949
1672816884977 0.75 999
1672816916895 0.9166666865348816 1049
1672816948508 0.9166666865348816 1099
1672816980108 0.5 1149
1672817020477 0.5625 1199
1672817052488 0.9166666865348816 1249
1672817084240 0.875 1299
1672817116246 0.6041666865348816 1349
1672817147876 1.0 1399
1672817188005 0.875 1449
1672817219795 0.7916666865348816 1499
1672817252081 0.75 1549
1672817283745 0.949999988079071 1599
1672817315480 0.875 1649
1672817346852 1.0 1699
1672817387028 0.875 1749
1672817418675 0.9375 1799
1672817450913 0.9166666865348816 1849
1672817483316 0.75 1899
1672817515275 0.9166666865348816 1949
1672817546694 0.9166666865348816 1999
1672817586638 0.9166666865348816 2049
1672817618692 1.0 2099
1672817650713 1.0 2149
1672817682891 1.0 2199
1672817714885 0.9166666865348816 2249
1672817746266 0.25 2299
1672817787914 0.875 2349
1672817819965 1.0 2399
1672817852046 0.875 2449
1672817883704 0.875 2499
1672817915687 0.9166666865348816 2549
1672817955534 0.9375 2599
1672817987125 1.0 2649
1672818018929 1.0 2699
1672818051404 1.0 2749
1672818083669 1.0 2799
1672818115246 1.0 2849
1672818155885 0.9166666865348816 2899
1672818187916 0.8333333134651184 2949
1672818219845 0.9166666865348816 2999
1672818252037 0.5 3049
1672818283701 1.0 3099
1672818315555 0.9166666865348816 3149
1672818356207 0.75 3199
1672818387887 0.75 3249
1672818420151 1.0 3299
1672818452174 0.949999988079071 3349
1672818483638 0.9375 3399
1672818514873 0.25 3449
