1672816255448 0.71875 49
1672816287239 0.59375 99
1672816319399 0.75 149
1672816351296 0.8125 199
1672816382559 0.84375 249
1672816423044 0.75 299
1672816454467 0.65625 349
1672816486318 0.71875 399
1672816518444 0.75 449
1672816550735 0.5 499
1672816582450 0.65625 549
1672816622425 0.65625 599
1672816653681 0.75 649
1672816685284 0.75 699
1672816716966 0.625 749
1672816749096 0.6875 799
1672816780859 0.71875 849
1672816821116 0.71875 899
1672816852901 0.6875 949
1672816884977 0.84375 999
1672816916895 0.59375 1049
1672816948508 0.78125 1099
1672816980108 0.75 1149
1672817020477 0.65625 1199
1672817052488 0.75 1249
1672817084240 0.71875 1299
1672817116246 0.59375 1349
1672817147876 0.625 1399
1672817188005 0.6875 1449
1672817219795 0.6875 1499
1672817252081 0.875 1549
1672817283745 0.84375 1599
1672817315480 0.71875 1649
1672817346852 0.65625 1699
1672817387028 0.75 1749
1672817418675 0.71875 1799
1672817450913 0.6875 1849
1672817483316 0.625 1899
1672817515275 0.75 1949
1672817546694 0.75 1999
1672817586638 0.71875 2049
1672817618692 0.6875 2099
1672817650713 0.75 2149
1672817682891 0.6875 2199
1672817714885 0.6875 2249
1672817746266 0.5 2299
1672817787914 0.75 2349
1672817819965 0.65625 2399
1672817852046 0.71875 2449
1672817883704 0.78125 2499
1672817915687 0.78125 2549
1672817955534 0.65625 2599
1672817987125 0.78125 2649
1672818018929 0.84375 2699
1672818051404 0.8125 2749
1672818083669 0.78125 2799
1672818115246 0.71875 2849
1672818155885 0.78125 2899
1672818187916 0.78125 2949
1672818219845 0.6875 2999
1672818252037 0.59375 3049
1672818283701 0.75 3099
1672818315555 0.78125 3149
1672818356207 0.78125 3199
1672818387887 0.71875 3249
1672818420151 0.75 3299
1672818452174 0.8125 3349
1672818483638 0.71875 3399
1672818514873 0.5 3449
