1672816238072 0.625800371170044 22
1672816253479 0.6598385572433472 45
1672816268918 0.6473535895347595 68
1672816284158 0.6548318862915039 91
1672816299504 0.6580323576927185 114
1672816314926 0.6604124903678894 137
1672816330177 0.6497144103050232 160
1672816345896 0.6350095272064209 183
1672816361023 0.6687713265419006 206
1672816375986 0.6679640412330627 229
1672816391416 0.6602360010147095 252
1672816406711 0.6754376888275146 275
1672816421964 0.6532663702964783 298
1672816437022 0.671116828918457 321
1672816452205 0.6728243231773376 344
1672816467496 0.6487180590629578 367
1672816482815 0.6666502356529236 390
1672816498257 0.6701987385749817 413
1672816513750 0.6623184084892273 436
1672816529341 0.6551920771598816 459
1672816544919 0.6703357100486755 482
1672816560198 0.6635433435440063 505
1672816575585 0.6597077250480652 528
1672816590854 0.6643598079681396 551
1672816605897 0.6642861366271973 574
1672816621081 0.6723483800888062 597
1672816636039 0.6498227119445801 620
1672816651139 0.6607679128646851 643
1672816666307 0.6626018285751343 666
1672816681385 0.6648442149162292 689
1672816696824 0.6244816184043884 712
1672816712087 0.6738482713699341 735
1672816727576 0.6584792137145996 758
1672816743087 0.6713389158248901 781
1672816758423 0.6654161214828491 804
1672816773690 0.6581627726554871 827
1672816788845 0.6524864435195923 850
1672816804083 0.6474102139472961 873
1672816819432 0.6529276967048645 896
1672816834606 0.6623706221580505 919
