1672816255448 0.6875000596046448 49
1672816287239 0.42370128631591797 99
1672816319399 0.7277930378913879 149
1672816351296 0.699999988079071 199
1672816382559 0.8095238208770752 249
1672816423044 0.699999988079071 299
1672816454467 0.5166666507720947 349
1672816486318 0.6970238089561462 399
1672816518444 0.5211039185523987 449
1672816550735 0.4318181872367859 499
1672816582450 0.6564394235610962 549
1672816622425 0.49166667461395264 599
1672816653681 0.6367965340614319 649
1672816685284 0.7351190447807312 699
1672816716966 0.5583333373069763 749
1672816749096 0.6041666865348816 799
1672816780859 0.6180555820465088 849
1672816821116 0.6496753096580505 899
1672816852901 0.6347222328186035 949
1672816884977 0.615079402923584 999
1672816916895 0.5773809552192688 1049
1672816948508 0.766865074634552 1099
1672816980108 0.5 1149
1672817020477 0.5208333730697632 1199
1672817052488 0.6805555820465088 1249
1672817084240 0.6041666865348816 1299
1672817116246 0.5 1349
1672817147876 0.5436508059501648 1399
1672817188005 0.6799242496490479 1449
1672817219795 0.5833333730697632 1499
1672817252081 0.6166666746139526 1549
1672817283745 0.849494993686676 1599
1672817315480 0.6309523582458496 1649
1672817346852 0.648809552192688 1699
1672817387028 0.7003968358039856 1749
1672817418675 0.7291666865348816 1799
1672817450913 0.6583333015441895 1849
1672817483316 0.3986111283302307 1899
1672817515275 0.7023809552192688 1949
1672817546694 0.6761904954910278 1999
1672817586638 0.638888955116272 2049
1672817618692 0.5791666507720947 2099
1672817650713 0.7684524059295654 2149
1672817682891 0.5734127163887024 2199
1672817714885 0.7124999761581421 2249
1672817746266 0.25 2299
1672817787914 0.6803571581840515 2349
1672817819965 0.6407203674316406 2399
1672817852046 0.7182539701461792 2449
1672817883704 0.675000011920929 2499
1672817915687 0.7539682388305664 2549
1672817955534 0.6791666746139526 2599
1672817987125 0.6900793313980103 2649
1672818018929 0.8142856955528259 2699
1672818051404 0.7595238089561462 2749
1672818083669 0.7611263394355774 2799
1672818115246 0.6166666746139526 2849
1672818155885 0.7849358916282654 2899
1672818187916 0.6814393997192383 2949
1672818219845 0.6672619581222534 2999
1672818252037 0.16249999403953552 3049
1672818283701 0.7291666865348816 3099
1672818315555 0.7470238208770752 3149
1672818356207 0.5928571224212646 3199
1672818387887 0.5484848618507385 3249
1672818420151 0.7142857313156128 3299
1672818452174 0.7763888835906982 3349
1672818483638 0.699999988079071 3399
1672818514873 0.25 3449
