1672816255448 2.19165575163791 49
1672816287239 2.5140630629511085 99
1672816319399 2.1696904981398575 149
1672816351296 2.194824554520902 199
1672816382559 2.5523280635011614 249
1672816423044 2.0952432726596184 299
1672816454467 2.121883578589542 349
1672816486318 2.4229438582686225 399
1672816518444 2.516870116301129 449
1672816550735 1.9000264356753798 499
1672816582450 2.181756195582964 549
1672816622425 2.2126393383071448 599
1672816653681 2.8426614253788287 649
1672816685284 2.521058972077072 699
1672816716966 2.052199527576498 749
1672816749096 2.380456419926107 799
1672816780859 2.141263453298076 849
1672816821116 2.1754766715333425 899
1672816852901 2.0476538272203317 949
1672816884977 2.050196965048764 999
1672816916895 2.2193320615407406 1049
1672816948508 2.292871088887701 1099
1672816980108 2.0032377845236744 1149
1672817020477 2.21885251287593 1199
1672817052488 2.297384387733347 1249
1672817084240 2.420453811217225 1299
1672817116246 2.00135930346892 1349
1672817147876 2.2072647552750637 1399
1672817188005 2.2286189822128195 1449
1672817219795 2.3949309241601338 1499
1672817252081 2.5473113304208908 1549
1672817283745 2.372469031489098 1599
1672817315480 2.4405475084986503 1649
1672817346852 2.399831327354927 1699
1672817387028 2.275463044219645 1749
1672817418675 1.7988643059398122 1799
1672817450913 2.1412553511451526 1849
1672817483316 2.2412468885257004 1899
1672817515275 2.304569451958881 1949
1672817546694 2.4256826472164392 1999
1672817586638 2.117036145838416 2049
1672817618692 2.10496780865777 2099
1672817650713 2.189820818513225 2149
1672817682891 2.2308670535505604 2199
1672817714885 2.503862285682198 2249
1672817746266 1.5674167784374142 2299
1672817787914 2.5370233862264304 2349
1672817819965 2.1281184127138673 2399
1672817852046 2.355259201112613 2449
1672817883704 2.367088036953322 2499
1672817915687 2.1344423849454652 2549
1672817955534 1.9809186669422068 2599
1672817987125 2.011906780487144 2649
1672818018929 2.196678198121094 2699
1672818051404 2.251582519233039 2749
1672818083669 2.2508377797917407 2799
1672818115246 2.244586408213979 2849
1672818155885 2.307145321222766 2899
1672818187916 2.4224856700788555 2949
1672818219845 2.2956603648228957 2999
1672818252037 2.23169908319546 3049
1672818283701 2.1744321479148487 3099
1672818315555 2.164034380373248 3149
1672818356207 2.3363804343953243 3199
1672818387887 2.3230041249180933 3249
1672818420151 2.40784244583897 3299
1672818452174 2.288135270310919 3349
1672818483638 2.396554359414024 3399
1672818514873 1.6905761673728068 3449
