1672816238072 0.7805085182189941 22
1672816253479 0.9266477823257446 45
1672816268918 0.9102636575698853 68
1672816284158 0.9035646915435791 91
1672816299504 0.9048965573310852 114
1672816314926 0.9120258688926697 137
1672816330177 0.9261771440505981 160
1672816345896 0.8760828375816345 183
1672816361023 0.9455744028091431 206
1672816375986 0.9113935828208923 229
1672816391416 0.9162900447845459 252
1672816406711 0.9440678358078003 275
1672816421964 0.8899246454238892 298
1672816437022 0.9328625202178955 321
1672816452205 0.9322975277900696 344
1672816467496 0.8932203650474548 367
1672816482815 0.9114878177642822 390
1672816498257 0.952730655670166 413
1672816513750 0.923150360584259 436
1672816529341 0.9102636575698853 459
1672816544919 0.9385122656822205 482
1672816560198 0.9050847291946411 505
1672816575585 0.9101694226264954 528
1672816590854 0.9054613709449768 551
1672816605897 0.9164783954620361 574
1672816621081 0.9320016503334045 597
1672816636039 0.8810734152793884 620
1672816651139 0.897363543510437 643
1672816666307 0.9256120920181274 666
1672816681385 0.9100753664970398 689
1672816696824 0.847175121307373 712
1672816712087 0.9508474469184875 735
1672816727576 0.9289076924324036 758
1672816743087 0.9248587489128113 781
1672816758423 0.9207156896591187 804
1672816773690 0.8997175097465515 827
1672816788845 0.8890772461891174 850
1672816804083 0.8774010539054871 873
1672816819432 0.9228813648223877 896
1672816834606 0.9114877581596375 919
1672816850039 0.9158192276954651 942
1672816865386 0.8889830112457275 965
1672816880740 0.9367231726646423 988
1672816896336 0.9050847887992859 1011
1672816911609 0.9227871894836426 1034
1672816927101 0.9163841605186462 1057
1672816942225 0.9265536665916443 1080
1672816957624 0.9107343554496765 1103
1672816972870 0.9351223707199097 1126
1672816988270 0.8920904397964478 1149
1672817003222 0.8865348696708679 1172
1672817018461 0.9050847291946411 1195
1672817034021 0.8585687875747681 1218
1672817049382 0.9172316789627075 1241
1672817064662 0.8955743908882141 1264
1672817079951 0.8885123133659363 1287
1672817095387 0.93267422914505 1310
1672817110811 0.9342749714851379 1333
1672817126079 0.8903013467788696 1356
1672817141259 0.9097927808761597 1379
1672817156488 0.8889830708503723 1402
1672817171673 0.8882297873497009 1425
1672817186944 0.9342749714851379 1448
1672817202334 0.8908662796020508 1471
1672817217540 0.8913370966911316 1494
1672817233251 0.928625226020813 1517
1672817248642 0.8645951151847839 1540
1672817264135 0.9139359593391418 1563
1672817279117 0.8979283571243286 1586
1672817294547 0.9112052321434021 1609
1672817309757 0.894995927810669 1632
1672817324731 0.9190206527709961 1655
1672817339983 0.8772127628326416 1678
1672817355160 0.9127118587493896 1701
1672817370437 0.9025423526763916 1724
1672817385670 0.9332391619682312 1747
1672817400897 0.8855932354927063 1770
1672817416145 0.920621395111084 1793
1672817431402 0.9282485246658325 1816
1672817447180 0.9225988984107971 1839
1672817462671 0.9244821071624756 1862
1672817478480 0.9031074047088623 1885
1672817493839 0.9135593175888062 1908
1672817509193 0.9369115233421326 1931
1672817524465 0.897363543510437 1954
1672817539521 0.8913370966911316 1977
1672817554641 0.9220339059829712 2000
1672817569720 0.88201504945755 2023
1672817584968 0.9249528646469116 2046
1672817600488 0.8884180784225464 2069
1672817615860 0.9003766775131226 2092
1672817631317 0.8821092247962952 2115
1672817646515 0.8792843818664551 2138
1672817662421 0.9133709669113159 2161
1672817677747 0.9065913558006287 2184
1672817693227 0.9352165460586548 2207
1672817708551 0.8980226516723633 2230
1672817723874 0.8722221851348877 2253
1672817739043 0.9198680520057678 2276
1672817754284 0.8946328163146973 2299
1672817770019 0.9058245420455933 2322
1672817785840 0.9314501285552979 2345
1672817801382 0.9036722779273987 2368
1672817816845 0.8885121941566467 2391
1672817832433 0.9154425263404846 2414
1672817847577 0.9210922122001648 2437
1672817862959 0.8753294944763184 2460
1672817878256 0.9012240767478943 2483
1672817893713 0.9210923314094543 2506
1672817909055 0.9215630888938904 2529
1672817924042 0.8859697580337524 2552
1672817939099 0.9323916435241699 2575
1672817954479 0.9328625202178955 2598
1672817969600 0.8815442323684692 2621
1672817984866 0.9454802870750427 2644
1672818000088 0.9304143190383911 2667
1672818015458 0.8987758755683899 2690
1672818031229 0.8833332657814026 2713
1672818046769 0.8962334990501404 2736
1672818062159 0.9343690872192383 2759
1672818077923 0.9092143177986145 2782
1672818093320 0.8866289854049683 2805
1672818108295 0.9030131697654724 2828
1672818123827 0.92693030834198 2851
1672818139214 0.8899246454238892 2874
1672818154517 0.8658192157745361 2897
1672818170157 0.9159134030342102 2920
1672818185313 0.8980226516723633 2943
1672818200547 0.9091337323188782 2966
1672818216151 0.8964218497276306 2989
1672818231418 0.9138417840003967 3012
1672818247158 0.8933145403862 3035
1672818262437 0.8970809578895569 3058
1672818277726 0.9053672552108765 3081
1672818293150 0.9003766775131226 3104
1672818308389 0.9239171743392944 3127
1672818323664 0.8803200721740723 3150
1672818338931 0.9133709669113159 3173
1672818354555 0.9179849624633789 3196
1672818369730 0.896704375743866 3219
1672818385025 0.903470516204834 3242
1672818400245 0.9047080874443054 3265
1672818416155 0.8887006044387817 3288
1672818431690 0.9064971804618835 3311
1672818447022 0.9125235080718994 3334
1672818462126 0.908380389213562 3357
1672818477332 0.9195722341537476 3380
1672818492699 0.9048964381217957 3403
1672818507640 0.8745762705802917 3426
1672818522491 0.8872880935668945 3449
