1672816255448 0.5249999761581421 49
1672816287239 0.3583333492279053 99
1672816319399 0.5892857313156128 149
1672816351296 0.5833333134651184 199
1672816382559 0.75 249
1672816423044 0.6000000238418579 299
1672816454467 0.40416669845581055 349
1672816486318 0.6083333492279053 399
1672816518444 0.4761905074119568 449
1672816550735 0.3095238208770752 499
1672816582450 0.5357142686843872 549
1672816622425 0.3750000298023224 599
1672816653681 0.6458333134651184 649
1672816685284 0.6541666984558105 699
1672816716966 0.44583335518836975 749
1672816749096 0.4833333492279053 799
1672816780859 0.5583333373069763 849
1672816821116 0.4928571581840515 899
1672816852901 0.4958333373069763 949
1672816884977 0.550000011920929 999
1672816916895 0.42499998211860657 1049
1672816948508 0.6625000238418579 1099
1672816980108 0.5 1149
1672817020477 0.550000011920929 1199
1672817052488 0.550000011920929 1249
1672817084240 0.4625000059604645 1299
1672817116246 0.4416666626930237 1349
1672817147876 0.40833336114883423 1399
1672817188005 0.5636904835700989 1449
1672817219795 0.5583333373069763 1499
1672817252081 0.5416666865348816 1549
1672817283745 0.7916666865348816 1599
1672817315480 0.5410714149475098 1649
1672817346852 0.4958333373069763 1699
1672817387028 0.6339285969734192 1749
1672817418675 0.612500011920929 1799
1672817450913 0.5666666626930237 1849
1672817483316 0.2839285731315613 1899
1672817515275 0.6458333134651184 1949
1672817546694 0.5416666865348816 1999
1672817586638 0.5083333253860474 2049
1672817618692 0.4208333492279053 2099
1672817650713 0.6291667222976685 2149
1672817682891 0.4333333373069763 2199
1672817714885 0.6500000357627869 2249
1672817746266 0.25 2299
1672817787914 0.5833333730697632 2349
1672817819965 0.5062499642372131 2399
1672817852046 0.637499988079071 2449
1672817883704 0.6041666865348816 2499
1672817915687 0.6666666865348816 2549
1672817955534 0.5625 2599
1672817987125 0.550000011920929 2649
1672818018929 0.6875000596046448 2699
1672818051404 0.6416666507720947 2749
1672818083669 0.6309523582458496 2799
1672818115246 0.4583333730697632 2849
1672818155885 0.7392857074737549 2899
1672818187916 0.6083333492279053 2949
1672818219845 0.6202380657196045 2999
1672818252037 0.0982142835855484 3049
1672818283701 0.5750000476837158 3099
1672818315555 0.6499999761581421 3149
1672818356207 0.5166667103767395 3199
1672818387887 0.4345238208770752 3249
1672818420151 0.6041666865348816 3299
1672818452174 0.675000011920929 3349
1672818483638 0.5666666626930237 3399
1672818514873 0.25 3449
