1671769814658 22.0 22
1671769828307 22.0 45
1671769842258 22.0 68
1671769856389 22.0 91
1671769870462 22.0 114
1671769884435 22.0 137
1671769898571 22.0 160
1671769912608 22.0 183
1671769926503 22.0 206
1671769940295 22.0 229
1671769954390 22.0 252
1671769968316 22.0 275
1671769982122 22.0 298
1671769995987 22.0 321
1671770009739 22.0 344
1671770023687 22.0 367
1671770037465 22.0 390
1671770051602 22.0 413
1671770065609 22.0 436
1671770079477 22.0 459
1671770093972 22.0 482
1671770107980 22.0 505
1671770122107 22.0 528
1671770136018 22.0 551
1671770150018 22.0 574
1671770163830 22.0 597
1671770177754 22.0 620
1671770191705 22.0 643
1671770205772 22.0 666
1671770219653 22.0 689
1671770233648 22.0 712
1671770247576 22.0 735
1671770261658 22.0 758
1671770275773 22.0 781
1671770289516 22.0 804
1671770303370 22.0 827
1671770317329 22.0 850
1671770331401 22.0 873
1671770345228 22.0 896
1671770358949 22.0 919
1671770373105 22.0 942
1671770387177 22.0 965
1671770401185 22.0 988
1671770415005 22.0 1011
1671770429095 22.0 1034
1671770443300 22.0 1057
1671770457155 22.0 1080
1671770471046 22.0 1103
1671770485024 22.0 1126
1671770498857 22.0 1149
1671770512649 22.0 1172
1671770526568 22.0 1195
1671770540598 22.0 1218
1671770554450 22.0 1241
1671770568312 22.0 1264
1671770582316 22.0 1287
1671770596245 22.0 1310
1671770610237 22.0 1333
1671770623957 22.0 1356
1671770637904 22.0 1379
1671770651909 22.0 1402
1671770665414 22.0 1425
1671770679271 22.0 1448
1671770693174 22.0 1471
1671770707367 22.0 1494
1671770721487 22.0 1517
1671770735422 22.0 1540
1671770749405 22.0 1563
1671770763480 22.0 1586
1671770777442 22.0 1609
1671770791403 22.0 1632
1671770805374 22.0 1655
1671770819559 22.0 1678
1671770833620 22.0 1701
1671770847599 22.0 1724
1671770861723 22.0 1747
1671770875774 22.0 1770
1671770889732 22.0 1793
1671770903778 22.0 1816
1671770917672 22.0 1839
1671770931812 22.0 1862
1671770945850 22.0 1885
1671770959795 22.0 1908
1671770973866 22.0 1931
1671770987861 22.0 1954
1671771001889 22.0 1977
1671771015997 22.0 2000
1671771030021 22.0 2023
1671771044027 22.0 2046
1671771058340 22.0 2069
1671771072341 22.0 2092
1671771086208 22.0 2115
1671771100183 22.0 2138
1671771114371 22.0 2161
1671771128201 22.0 2184
1671771142225 22.0 2207
1671771156108 22.0 2230
1671771170163 22.0 2253
1671771184194 22.0 2276
1671771198105 22.0 2299
1671771211948 22.0 2322
1671771225995 22.0 2345
1671771240001 22.0 2368
1671771253844 22.0 2391
1671771267861 22.0 2414
1671771282163 22.0 2437
1671771296121 22.0 2460
1671771310080 22.0 2483
1671771324013 22.0 2506
1671771337866 22.0 2529
1671771351936 22.0 2552
1671771365806 22.0 2575
1671771379715 22.0 2598
1671771393558 22.0 2621
1671771407730 22.0 2644
1671771421700 22.0 2667
1671771435676 22.0 2690
1671771449882 22.0 2713
1671771463769 22.0 2736
1671771477579 22.0 2759
1671771491399 22.0 2782
1671771505282 22.0 2805
1671771519475 22.0 2828
1671771533308 22.0 2851
1671771547258 22.0 2874
1671771561348 22.0 2897
1671771575450 22.0 2920
1671771589395 22.0 2943
1671771603517 22.0 2966
1671771617538 22.0 2989
1671771631638 22.0 3012
1671771645681 22.0 3035
1671771659592 22.0 3058
1671771673651 22.0 3081
1671771687597 22.0 3104
1671771701583 22.0 3127
1671771715700 22.0 3150
1671771729821 22.0 3173
1671771743791 22.0 3196
1671771757663 22.0 3219
1671771771497 22.0 3242
1671771785801 22.0 3265
1671771799755 22.0 3288
1671771813671 22.0 3311
1671771827473 22.0 3334
1671771841417 22.0 3357
1671771855489 22.0 3380
1671771869703 22.0 3403
1671771883608 22.0 3426
1671771897531 22.0 3449
