1671769814658 0.0 22
1671769828307 0.0 45
1671769842258 0.0 68
1671769856389 0.0 91
1671769870462 0.0 114
1671769884435 0.0 137
1671769898571 0.0 160
1671769912608 0.0 183
1671769926503 0.0 206
1671769940295 0.0 229
1671769954390 0.0 252
1671769968316 0.0 275
1671769982122 0.0 298
1671769995987 0.0 321
1671770009739 0.0 344
1671770023687 0.0 367
1671770037465 0.0 390
1671770051602 0.0 413
1671770065609 0.0 436
1671770079477 0.0 459
1671770093972 0.0 482
1671770107980 0.0 505
1671770122107 0.0 528
1671770136018 0.0 551
1671770150018 0.0 574
1671770163830 0.0 597
1671770177754 0.0 620
1671770191705 0.0 643
1671770205772 0.0 666
1671770219653 0.0 689
1671770233648 0.0 712
1671770247576 0.0 735
1671770261658 0.0 758
1671770275773 0.0 781
1671770289516 0.0 804
1671770303370 0.0 827
1671770317329 0.0 850
1671770331401 0.0 873
1671770345228 0.0 896
1671770358949 0.0 919
1671770373105 0.0 942
1671770387177 0.0 965
1671770401185 0.0 988
1671770415005 0.0 1011
1671770429095 0.0 1034
1671770443300 0.0 1057
1671770457155 0.0 1080
1671770471046 0.0 1103
1671770485024 0.0 1126
1671770498857 0.0 1149
1671770512649 0.0 1172
1671770526568 0.0 1195
1671770540598 0.0 1218
1671770554450 0.0 1241
1671770568312 0.0 1264
1671770582316 0.0 1287
1671770596245 0.0 1310
1671770610237 0.0 1333
1671770623957 0.0 1356
1671770637904 0.0 1379
1671770651909 0.0 1402
1671770665414 0.0 1425
1671770679271 0.0 1448
1671770693174 0.0 1471
1671770707367 0.0 1494
1671770721487 0.0 1517
1671770735422 0.0 1540
1671770749405 0.0 1563
1671770763480 0.0 1586
1671770777442 0.0 1609
1671770791403 0.0 1632
1671770805374 0.0 1655
1671770819559 0.0 1678
1671770833620 0.0 1701
1671770847599 0.0 1724
1671770861723 0.0 1747
1671770875774 0.0 1770
1671770889732 0.0 1793
1671770903778 0.0 1816
1671770917672 0.0 1839
1671770931812 0.0 1862
1671770945850 0.0 1885
1671770959795 0.0 1908
1671770973866 0.0 1931
1671770987861 0.0 1954
1671771001889 0.0 1977
1671771015997 0.0 2000
1671771030021 0.0 2023
1671771044027 0.0 2046
1671771058340 0.0 2069
1671771072341 0.0 2092
1671771086208 0.0 2115
1671771100183 0.0 2138
1671771114371 0.0 2161
1671771128201 0.0 2184
1671771142225 0.0 2207
1671771156108 0.0 2230
1671771170163 0.0 2253
1671771184194 0.0 2276
1671771198105 0.0 2299
1671771211948 0.0 2322
1671771225995 0.0 2345
1671771240001 0.0 2368
1671771253844 0.0 2391
1671771267861 0.0 2414
1671771282163 0.0 2437
1671771296121 0.0 2460
1671771310080 0.0 2483
1671771324013 0.0 2506
1671771337866 0.0 2529
1671771351936 0.0 2552
1671771365806 0.0 2575
1671771379715 0.0 2598
1671771393558 0.0 2621
1671771407730 0.0 2644
1671771421700 0.0 2667
1671771435676 0.0 2690
1671771449882 0.0 2713
1671771463769 0.0 2736
1671771477579 0.0 2759
1671771491399 0.0 2782
1671771505282 0.0 2805
1671771519475 0.0 2828
1671771533308 0.0 2851
1671771547258 0.0 2874
1671771561348 0.0 2897
1671771575450 0.0 2920
1671771589395 0.0 2943
1671771603517 0.0 2966
1671771617538 0.0 2989
1671771631638 0.0 3012
1671771645681 0.0 3035
1671771659592 0.0 3058
1671771673651 0.0 3081
1671771687597 0.0 3104
1671771701583 0.0 3127
1671771715700 0.0 3150
1671771729821 0.0 3173
1671771743791 0.0 3196
1671771757663 0.0 3219
1671771771497 0.0 3242
1671771785801 0.0 3265
1671771799755 0.0 3288
1671771813671 0.0 3311
1671771827473 0.0 3334
1671771841417 0.0 3357
1671771855489 0.0 3380
1671771869703 0.0 3403
1671771883608 0.0 3426
1671771897531 0.0 3449
