1671769814658 0 22
1671769817590 1 22
1671769828307 1 45
1671769831469 2 45
1671769833301 2 49
1671769842258 2 68
1671769845370 3 68
1671769856389 3 91
1671769859573 4 91
1671769862646 4 99
1671769870462 4 114
1671769873580 5 114
1671769884435 5 137
1671769887672 6 137
1671769891817 6 149
1671769898571 6 160
1671769901640 7 160
1671769912608 7 183
1671769915699 8 183
1671769920950 8 199
1671769926503 8 206
1671769929664 9 206
1671769940295 9 229
1671769943491 10 229
1671769949821 10 249
1671769954390 10 252
1671769957551 11 252
1671769968316 11 275
1671769971517 12 275
1671769982122 12 298
1671769985288 13 298
1671769986211 13 299
1671769995987 13 321
1671769999098 14 321
1671770009739 14 344
1671770012970 15 344
1671770015015 15 349
1671770023687 15 367
1671770026797 16 367
1671770037465 16 390
1671770040630 17 390
1671770043949 17 399
1671770051602 17 413
1671770054759 18 413
1671770065609 18 436
1671770068745 19 436
1671770073079 19 449
1671770079477 19 459
1671770082652 20 459
1671770093972 20 482
1671770097075 21 482
1671770102576 21 499
1671770107980 21 505
1671770111198 22 505
1671770122107 22 528
1671770125291 23 528
1671770131871 23 549
1671770136018 23 551
1671770139220 24 551
1671770150018 24 574
1671770153138 25 574
1671770163830 25 597
1671770167020 26 597
1671770168255 26 599
1671770177754 26 620
1671770180917 27 620
1671770191705 27 643
1671770194900 28 643
1671770197248 28 649
1671770205772 28 666
1671770208996 29 666
1671770219653 29 689
1671770222801 30 689
1671770226277 30 699
1671770233648 30 712
1671770236786 31 712
1671770247576 31 735
1671770250681 32 735
1671770255320 32 749
1671770261658 32 758
1671770264862 33 758
1671770275773 33 781
1671770278861 34 781
1671770284612 34 799
1671770289516 34 804
1671770292617 35 804
1671770303370 35 827
1671770306546 36 827
1671770313471 36 849
1671770317329 36 850
1671770320460 37 850
1671770331401 37 873
1671770334531 38 873
1671770345228 38 896
1671770348324 39 896
1671770349779 39 899
1671770358949 39 919
1671770362098 40 919
1671770373105 40 942
1671770376292 41 942
1671770378971 41 949
1671770387177 41 965
1671770390395 42 965
1671770401185 42 988
1671770404344 43 988
1671770408083 43 999
1671770415005 43 1011
1671770418207 44 1011
1671770429095 44 1034
1671770432237 45 1034
1671770437152 45 1049
1671770443300 45 1057
1671770446441 46 1057
1671770457155 46 1080
1671770460270 47 1080
1671770466283 47 1099
1671770471046 47 1103
1671770474218 48 1103
1671770485024 48 1126
1671770488170 49 1126
1671770495096 49 1149
1671770498857 49 1149
1671770501951 50 1149
1671770512649 50 1172
1671770515882 51 1172
1671770526568 51 1195
1671770529734 52 1195
1671770531541 52 1199
1671770540598 52 1218
1671770543728 53 1218
1671770554450 53 1241
1671770557623 54 1241
1671770560596 54 1249
1671770568312 54 1264
1671770571503 55 1264
1671770582316 55 1287
1671770585528 56 1287
1671770589638 56 1299
1671770596245 56 1310
1671770599324 57 1310
1671770610237 57 1333
1671770613324 58 1333
1671770618520 58 1349
1671770623957 58 1356
1671770627178 59 1356
1671770637904 59 1379
1671770641066 60 1379
1671770647448 60 1399
1671770651909 60 1402
1671770654928 61 1402
1671770665414 61 1425
1671770668553 62 1425
1671770679271 62 1448
1671770682393 63 1448
1671770683313 63 1449
1671770693174 63 1471
1671770696292 64 1471
1671770707367 64 1494
1671770710534 65 1494
1671770712571 65 1499
1671770721487 65 1517
1671770724658 66 1517
1671770735422 66 1540
1671770738638 67 1540
1671770741869 67 1549
1671770749405 67 1563
1671770752535 68 1563
1671770763480 68 1586
1671770766728 69 1586
1671770771072 69 1599
1671770777442 69 1609
1671770780589 70 1609
1671770791403 70 1632
1671770794567 71 1632
1671770800035 71 1649
1671770805374 71 1655
1671770808585 72 1655
1671770819559 72 1678
1671770822755 73 1678
1671770829429 73 1699
1671770833620 73 1701
1671770836689 74 1701
1671770847599 74 1724
1671770850672 75 1724
1671770861723 75 1747
1671770864882 76 1747
1671770866178 76 1749
1671770875774 76 1770
1671770878915 77 1770
1671770889732 77 1793
1671770892991 78 1793
1671770895367 78 1799
1671770903778 78 1816
1671770906925 79 1816
1671770917672 79 1839
1671770920839 80 1839
1671770924474 80 1849
1671770931812 80 1862
1671770934980 81 1862
1671770945850 81 1885
1671770948979 82 1885
1671770953597 82 1899
1671770959795 82 1908
1671770962939 83 1908
1671770973866 83 1931
1671770976993 84 1931
1671770982739 84 1949
1671770987861 84 1954
1671770991114 85 1954
1671771001889 85 1977
1671771005118 86 1977
1671771012121 86 1999
1671771015997 86 2000
1671771019215 87 2000
1671771030021 87 2023
1671771033205 88 2023
1671771044027 88 2046
1671771047200 89 2046
1671771048717 89 2049
1671771058340 89 2069
1671771061470 90 2069
1671771072341 90 2092
1671771075552 91 2092
1671771078190 91 2099
1671771086208 91 2115
1671771089386 92 2115
1671771100183 92 2138
1671771103290 93 2138
1671771107103 93 2149
1671771114371 93 2161
1671771117568 94 2161
1671771128201 94 2184
1671771131431 95 2184
1671771136356 95 2199
1671771142225 95 2207
1671771145345 96 2207
1671771156108 96 2230
1671771159216 97 2230
1671771165279 97 2249
1671771170163 97 2253
1671771173295 98 2253
1671771184194 98 2276
1671771187404 99 2276
1671771194387 99 2299
1671771198105 99 2299
1671771201230 100 2299
1671771211948 100 2322
1671771215077 101 2322
1671771225995 101 2345
1671771229149 102 2345
1671771231001 102 2349
1671771240001 102 2368
1671771243148 103 2368
1671771253844 103 2391
1671771257000 104 2391
1671771259942 104 2399
1671771267861 104 2414
1671771271146 105 2414
1671771282163 105 2437
1671771285365 106 2437
1671771289405 106 2449
1671771296121 106 2460
1671771299183 107 2460
1671771310080 107 2483
1671771313270 108 2483
1671771318431 108 2499
1671771324013 108 2506
1671771327111 109 2506
1671771337866 109 2529
1671771341058 110 2529
1671771347473 110 2549
1671771351936 110 2552
1671771355098 111 2552
1671771365806 111 2575
1671771368928 112 2575
1671771379715 112 2598
1671771382898 113 2598
1671771383822 113 2599
1671771393558 113 2621
1671771396701 114 2621
1671771407730 114 2644
1671771410882 115 2644
1671771412926 115 2649
1671771421700 115 2667
1671771424848 116 2667
1671771435676 116 2690
1671771438910 117 2690
1671771442190 117 2699
1671771449882 117 2713
1671771453032 118 2713
1671771463769 118 2736
1671771466911 119 2736
1671771471214 119 2749
1671771477579 119 2759
1671771480697 120 2759
1671771491399 120 2782
1671771494528 121 2782
1671771500088 121 2799
1671771505282 121 2805
1671771508401 122 2805
1671771519475 122 2828
1671771522578 123 2828
1671771529232 123 2849
1671771533308 123 2851
1671771536463 124 2851
1671771547258 124 2874
1671771550442 125 2874
1671771561348 125 2897
1671771564513 126 2897
1671771565789 126 2899
1671771575450 126 2920
1671771578663 127 2920
1671771589395 127 2943
1671771592642 128 2943
1671771595032 128 2949
1671771603517 128 2966
1671771606689 129 2966
1671771617538 129 2989
1671771620697 130 2989
1671771624203 130 2999
1671771631638 130 3012
1671771634773 131 3012
1671771645681 131 3035
1671771648866 132 3035
1671771653470 132 3049
1671771659592 132 3058
1671771662767 133 3058
1671771673651 133 3081
1671771676713 134 3081
1671771682422 134 3099
1671771687597 134 3104
1671771690785 135 3104
1671771701583 135 3127
1671771704786 136 3127
1671771711665 136 3149
1671771715700 136 3150
1671771718838 137 3150
1671771729821 137 3173
1671771732944 138 3173
1671771743791 138 3196
1671771746961 139 3196
1671771748472 139 3199
1671771757663 139 3219
1671771760849 140 3219
1671771771497 140 3242
1671771774642 141 3242
1671771777468 141 3249
1671771785801 141 3265
1671771788950 142 3265
1671771799755 142 3288
1671771802890 143 3288
1671771806674 143 3299
1671771813671 143 3311
1671771816820 144 3311
1671771827473 144 3334
1671771830709 145 3334
1671771835622 145 3349
1671771841417 145 3357
1671771844557 146 3357
1671771855489 146 3380
1671771858682 147 3380
1671771864874 147 3399
1671771869703 147 3403
1671771872836 148 3403
1671771883608 148 3426
1671771886767 149 3426
1671771893846 149 3449
1671771897531 149 3449
1671771900475 150 3449
