1671769817590 0.6961528658866882 22
1671769831469 0.9646892547607422 45
1671769845370 0.950564980506897 68
1671769859573 0.9392655491828918 91
1671769873580 0.9519773721694946 114
1671769887672 0.9491525292396545 137
1671769901640 0.9717513918876648 160
1671769915699 0.9830508232116699 183
1671769929664 0.9971751570701599 206
1671769943491 0.9618644118309021 229
1671769957551 0.950564980506897 252
1671769971517 0.9872881174087524 275
1671769985288 0.950564980506897 298
1671769999098 0.9731638431549072 321
1671770012970 0.9731638431549072 344
1671770026797 0.9378530979156494 367
1671770040630 0.9632768630981445 390
1671770054759 0.9830508232116699 413
1671770068745 0.9618644118309021 436
1671770082652 0.950564980506897 459
1671770097075 0.9844632744789124 482
1671770111198 0.9519773721694946 505
1671770125291 0.9519773721694946 528
1671770139220 0.9497175216674805 551
1671770153138 0.950564980506897 574
1671770167020 0.9745762944221497 597
1671770180917 0.9731638431549072 620
1671770194900 0.9453861117362976 643
1671770208996 0.9618644118309021 666
1671770222801 0.950564980506897 689
1671770236786 0.9533898234367371 712
1671770250681 0.9971751570701599 735
1671770264862 0.9842615723609924 758
1671770278861 0.9745762944221497 781
1671770292617 0.9632768630981445 804
1671770306546 0.9392655491828918 827
1671770320460 0.9620212912559509 850
1671770334531 0.9293785095214844 873
1671770348324 0.9844632744789124 896
1671770362098 0.9632768630981445 919
1671770376292 0.9519773721694946 942
1671770390395 0.950564980506897 965
1671770404344 0.9774011373519897 988
1671770418207 0.9519773721694946 1011
1671770432237 0.9632768630981445 1034
1671770446441 0.9519773721694946 1057
1671770460270 0.9759886860847473 1080
1671770474218 0.9632768630981445 1103
1671770488170 0.9844632744789124 1126
1671770501951 0.9620212912559509 1149
1671770515882 0.9307909607887268 1172
1671770529734 0.9491525292396545 1195
1671770543728 0.9632768630981445 1218
1671770557623 0.9596045613288879 1241
1671770571503 0.9519773721694946 1264
1671770585528 0.9475383758544922 1287
1671770599324 0.9844632744789124 1310
1671770613324 0.9817953109741211 1333
1671770627178 0.9353914260864258 1356
1671770641066 0.9497175216674805 1379
1671770654928 0.9380099773406982 1402
1671770668553 0.9498744606971741 1425
1671770682393 0.9807909727096558 1448
1671770696292 0.9496234059333801 1471
1671770710534 0.9507484436035156 1494
1671770724658 0.9663707613945007 1517
1671770738638 0.9723164439201355 1540
1671770752535 0.9785311222076416 1563
1671770766728 0.9511082768440247 1586
1671770780589 0.9606088995933533 1609
1671770794567 0.9465967416763306 1632
1671770808585 0.979284405708313 1655
1671770822755 0.9456371665000916 1678
1671770836689 0.9709039926528931 1701
1671770850672 0.94679856300354 1724
1671770864882 0.9862608909606934 1747
1671770878915 0.9269388318061829 1770
1671770892991 0.9806968569755554 1793
1671770906925 0.9807909727096558 1816
1671770920839 0.9826472997665405 1839
1671770934980 0.9729621410369873 1862
1671770948979 0.9618644118309021 1885
1671770962939 0.9632768630981445 1908
1671770976993 0.9949153065681458 1931
1671770991114 0.958254873752594 1954
1671771005118 0.9349834322929382 1977
1671771019215 0.9707241654396057 2000
1671771033205 0.9380099773406982 2023
1671771047200 0.9769303202629089 2046
1671771061470 0.9380099773406982 2069
1671771075552 0.9469554424285889 2092
1671771089386 0.9269168376922607 2115
1671771103290 0.910640299320221 2138
1671771117568 0.9588378071784973 2161
1671771131431 0.9604071378707886 2184
1671771145345 0.9820016026496887 2207
1671771159216 0.950564980506897 2230
1671771173295 0.9257062673568726 2253
1671771187404 0.9583538770675659 2276
1671771201230 0.9489508271217346 2299
1671771215077 0.948870062828064 2322
1671771229149 0.982360303401947 2345
1671771243148 0.9479014873504639 2368
1671771257000 0.9616627097129822 2391
1671771271146 0.9685500264167786 2414
1671771285365 0.9591964483261108 2437
1671771299183 0.956685483455658 2460
1671771313270 0.9583490490913391 2483
1671771327111 0.973320722579956 2506
1671771341058 0.9709039926528931 2529
1671771355098 0.9257062673568726 2552
1671771368928 0.9842615723609924 2575
1671771382898 0.9842615723609924 2598
1671771396701 0.9394224286079407 2621
1671771410882 0.9918886423110962 2644
1671771424848 0.98284912109375 2667
1671771438910 0.9564837217330933 2690
1671771453032 0.93744957447052 2713
1671771466911 0.9352973103523254 2736
1671771480697 0.9957627058029175 2759
1671771494528 0.9564837217330933 2782
1671771508401 0.9394224286079407 2805
1671771522578 0.9642184972763062 2828
1671771536463 0.9651151895523071 2851
1671771550442 0.9709039926528931 2874
1671771564513 0.8700112104415894 2897
1671771578663 0.9693974256515503 2920
1671771592642 0.9525195360183716 2943
1671771606689 0.959039568901062 2966
1671771620697 0.9462828636169434 2989
1671771634773 0.9822034239768982 3012
1671771648866 0.9367097616195679 3035
1671771662767 0.9437853097915649 3058
1671771676713 0.9558380246162415 3081
1671771690785 0.9729621410369873 3104
1671771704786 0.9791767597198486 3127
1671771718838 0.9596045613288879 3150
1671771732944 0.9683701395988464 3173
1671771746961 0.9558380246162415 3196
1671771760849 0.9255937337875366 3219
1671771774642 0.9497175216674805 3242
1671771788950 0.9565778970718384 3265
1671771802890 0.9482109546661377 3288
1671771816820 0.967675507068634 3311
1671771830709 0.9586359858512878 3334
1671771844557 0.9693974256515503 3357
1671771858682 0.9715496897697449 3380
1671771872836 0.9572276473045349 3403
1671771886767 0.9380365610122681 3426
1671771900475 0.9360371232032776 3449
