1671769833301 1.0 49
1671769862646 1.0 99
1671769891817 1.0 149
1671769920950 1.0 199
1671769949821 1.0 249
1671769986211 1.0 299
1671770015015 1.0 349
1671770043949 1.0 399
1671770073079 1.0 449
1671770102576 1.0 499
1671770131871 1.0 549
1671770168255 1.0 599
1671770197248 1.0 649
1671770226277 1.0 699
1671770255320 1.0 749
1671770284612 1.0 799
1671770313471 1.0 849
1671770349779 1.0 899
1671770378971 1.0 949
1671770408083 1.0 999
1671770437152 1.0 1049
1671770466283 1.0 1099
1671770495096 1.0 1149
1671770531541 1.0 1199
1671770560596 1.0 1249
1671770589638 1.0 1299
1671770618520 1.0 1349
1671770647448 1.0 1399
1671770683313 1.0 1449
1671770712571 1.0 1499
1671770741869 1.0 1549
1671770771072 1.0 1599
1671770800035 1.0 1649
1671770829429 1.0 1699
1671770866178 1.0 1749
1671770895367 1.0 1799
1671770924474 1.0 1849
1671770953597 1.0 1899
1671770982739 1.0 1949
1671771012121 1.0 1999
1671771048717 1.0 2049
1671771078190 1.0 2099
1671771107103 1.0 2149
1671771136356 1.0 2199
1671771165279 1.0 2249
1671771194387 1.0 2299
1671771231001 1.0 2349
1671771259942 1.0 2399
1671771289405 1.0 2449
1671771318431 1.0 2499
1671771347473 1.0 2549
1671771383822 1.0 2599
1671771412926 1.0 2649
1671771442190 1.0 2699
1671771471214 1.0 2749
1671771500088 1.0 2799
1671771529232 1.0 2849
1671771565789 1.0 2899
1671771595032 1.0 2949
1671771624203 1.0 2999
1671771653470 1.0 3049
1671771682422 1.0 3099
1671771711665 1.0 3149
1671771748472 1.0 3199
1671771777468 1.0 3249
1671771806674 1.0 3299
1671771835622 1.0 3349
1671771864874 1.0 3399
1671771893846 1.0 3449
