1671769817590 1.8837920673209252 22
1671769831469 1.7790825320682935 45
1671769845370 1.7736089450695185 68
1671769859573 1.7810875565432704 91
1671769873580 1.7803518299902614 114
1671769887672 1.7914481538516103 137
1671769901640 1.776298139321882 160
1671769915699 1.7927487418381842 183
1671769929664 1.78970286999821 206
1671769943491 1.787299132384939 229
1671769957551 1.7760249642655035 252
1671769971517 1.775501556597861 275
1671769985288 1.7797966636188933 298
1671769999098 1.7747963555902295 321
1671770012970 1.7744218171230173 344
1671770026797 1.7761801495278775 367
1671770040630 1.788306914982889 390
1671770054759 1.7720373020961253 413
1671770068745 1.7783154926317708 436
1671770082652 1.7796782334102341 459
1671770097075 1.790360807237475 482
1671770111198 1.784760754436068 505
1671770125291 1.782401311706667 528
1671770139220 1.778780535887617 551
1671770153138 1.7733475689809024 574
1671770167020 1.7769522654560448 597
1671770180917 1.7721653643454658 620
1671770194900 1.7758305381966808 643
1671770208996 1.789219988926515 666
1671770222801 1.7722642347736604 689
1671770236786 1.7804020213801217 712
1671770250681 1.7707093596996184 735
1671770264862 1.7753578215224508 758
1671770278861 1.775861297763469 781
1671770292617 1.7731899146553105 804
1671770306546 1.774382991663305 827
1671770320460 1.7743434917156087 850
1671770334531 1.7765211200041342 873
1671770348324 1.7705588969550412 896
1671770362098 1.769800372410208 919
1671770376292 1.7757904793328156 942
1671770390395 1.7706995069117577 965
1671770404344 1.7754105927197317 988
1671770418207 1.7741820438440266 1011
1671770432237 1.7689147351234586 1034
1671770446441 1.770046622910172 1057
1671770460270 1.776233287426917 1080
1671770474218 1.7791895158190694 1103
1671770488170 1.7686127492808024 1126
1671770501951 1.7718991942932445 1149
1671770515882 1.7740470726103228 1172
1671770529734 1.7705918618547662 1195
1671770543728 1.772065207018228 1218
1671770557623 1.7665566096567298 1241
1671770571503 1.7770615265650473 1264
1671770585528 1.7664454816412722 1287
1671770599324 1.7696149759011641 1310
1671770613324 1.7726526277707109 1333
1671770627178 1.7793660261324737 1356
1671770641066 1.7709740215180612 1379
1671770654928 1.7688500019330977 1402
1671770668553 1.7722852791178216 1425
1671770682393 1.7777538832693114 1448
1671770696292 1.7791512769546804 1471
1671770710534 1.7663878231065213 1494
1671770724658 1.7730718161765806 1517
1671770738638 1.770121432956715 1540
1671770752535 1.7760806326579084 1563
1671770766728 1.7724591074166205 1586
1671770780589 1.7716347584351884 1609
1671770794567 1.7655120571307006 1632
1671770808585 1.7669154557282765 1655
1671770822755 1.766233665315286 1678
1671770836689 1.764326927446539 1701
1671770850672 1.7639041928346615 1724
1671770864882 1.7641250641679769 1747
1671770878915 1.7682790355105282 1770
1671770892991 1.7695006155295299 1793
1671770906925 1.76973518787818 1816
1671770920839 1.7642461504174323 1839
1671770934980 1.7640622284763565 1862
1671770948979 1.7614830333008742 1885
1671770962939 1.763707156585261 1908
1671770976993 1.7706723989324575 1931
1671770991114 1.7687535038979967 1954
1671771005118 1.7778380504317683 1977
1671771019215 1.7779149121096 2000
1671771033205 1.770453595195435 2023
1671771047200 1.7665642524650587 2046
1671771061470 1.7622321868512638 2069
1671771075552 1.7721208418221186 2092
1671771089386 1.7751395673586563 2115
1671771103290 1.7729417590633982 2138
1671771117568 1.761564655241241 2161
1671771131431 1.7662129656954288 2184
1671771145345 1.7722612630008354 2207
1671771159216 1.8046064271067692 2230
1671771173295 1.7761874108231561 2253
1671771187404 1.784185609271967 2276
1671771201230 1.7634465138283093 2299
1671771215077 1.766905213714416 2322
1671771229149 1.767838673558985 2345
1671771243148 1.7673115401165396 2368
1671771257000 1.7596515600963716 2391
1671771271146 1.7606410867000295 2414
1671771285365 1.7675371520240226 2437
1671771299183 1.7625193170474183 2460
1671771313270 1.7702273475544723 2483
1671771327111 1.7594343865496875 2506
1671771341058 1.762549252091229 2529
1671771355098 1.7568113647074142 2552
1671771368928 1.7561232974202283 2575
1671771382898 1.7615271250382234 2598
1671771396701 1.7666305952970929 2621
1671771410882 1.7675322449396933 2644
1671771424848 1.7579458625791837 2667
1671771438910 1.7574149739230052 2690
1671771453032 1.7690511496969505 2713
1671771466911 1.761033980887174 2736
1671771480697 1.7597612522070267 2759
1671771494528 1.7648196989826108 2782
1671771508401 1.7539258910302158 2805
1671771522578 1.7539453324570786 2828
1671771536463 1.7624154570956894 2851
1671771550442 1.7557011297639393 2874
1671771564513 1.8020157697516037 2897
1671771578663 1.767794930632995 2920
1671771592642 1.7607474668341485 2943
1671771606689 1.7556166961615083 2966
1671771620697 1.757320388402032 2989
1671771634773 1.7540058580576459 3012
1671771648866 1.7521475524767578 3035
1671771662767 1.7868888330021844 3058
1671771676713 1.7604772146504026 3081
1671771690785 1.761132761413812 3104
1671771704786 1.7553040580225912 3127
1671771718838 1.751662911698707 3150
1671771732944 1.7489601659584786 3173
1671771746961 1.7539289958233388 3196
1671771760849 1.7736604359777903 3219
1671771774642 1.754067774364695 3242
1671771788950 1.7496787288780258 3265
1671771802890 1.7585448463538396 3288
1671771816820 1.7531731058797542 3311
1671771830709 1.7786061084198055 3334
1671771844557 1.757731853022784 3357
1671771858682 1.7529489338371085 3380
1671771872836 1.7521661951575755 3403
1671771886767 1.7559372261692545 3426
1671771900475 1.754292267678357 3449
