1671604681923 0 22
1671604684854 1 22
1671604694943 1 45
1671604697977 2 45
1671604699578 2 49
1671604708222 2 68
1671604711637 3 68
1671604721840 3 91
1671604724914 4 91
1671604727673 4 99
1671604735094 4 114
1671604738242 5 114
1671604748730 5 137
1671604751874 6 137
1671604755868 6 149
1671604762439 6 160
1671604765517 7 160
1671604775723 7 183
1671604778796 8 183
1671604783821 8 199
1671604789156 8 206
1671604792221 9 206
1671604802481 9 229
1671604805632 10 229
1671604811824 10 249
1671604815967 10 252
1671604819049 11 252
1671604829316 11 275
1671604832451 12 275
1671604842551 12 298
1671604845634 13 298
1671604846368 13 299
1671604856030 13 321
1671604859141 14 321
1671604869489 14 344
1671604872608 15 344
1671604874538 15 349
1671604883117 15 367
1671604886178 16 367
1671604896410 16 390
1671604899439 17 390
1671604902499 17 399
1671604909646 17 413
1671604912740 18 413
1671604923531 18 436
1671604926589 19 436
1671604930858 19 449
1671604936880 19 459
1671604939999 20 459
1671604950209 20 482
1671604953296 21 482
1671604958644 21 499
1671604963727 21 505
1671604966771 22 505
1671604976957 22 528
1671604979972 23 528
1671604986452 23 549
1671604990173 23 551
1671604993199 24 551
1671605003526 24 574
1671605006690 25 574
1671605016966 25 597
1671605019992 26 597
1671605020991 26 599
1671605030387 26 620
1671605033503 27 620
1671605043843 27 643
1671605046958 28 643
1671605049127 28 649
1671605057294 28 666
1671605060362 29 666
1671605070799 29 689
1671605073931 30 689
1671605077526 30 699
1671605084749 30 712
1671605087844 31 712
1671605098160 31 735
1671605101193 32 735
1671605105643 32 749
1671605111643 32 758
1671605114714 33 758
1671605124974 33 781
1671605128119 34 781
1671605133720 34 799
1671605138330 34 804
1671605141388 35 804
1671605151633 35 827
1671605154723 36 827
1671605161545 36 849
1671605165169 36 850
1671605168239 37 850
1671605178515 37 873
1671605181640 38 873
1671605191870 38 896
1671605194857 39 896
1671605196118 39 899
1671605205683 39 919
1671605208792 40 919
1671605219155 40 942
1671605222297 41 942
1671605224910 41 949
1671605232855 41 965
1671605236062 42 965
1671605246705 42 988
1671605249828 43 988
1671605253563 43 999
1671605260225 43 1011
1671605263524 44 1011
1671605273851 44 1034
1671605276988 45 1034
1671605281800 45 1049
1671605287251 45 1057
1671605290334 46 1057
1671605300594 46 1080
1671605303659 47 1080
1671605309539 47 1099
1671605314069 47 1103
1671605317166 48 1103
1671605327482 48 1126
1671605330568 49 1126
1671605337455 49 1149
1671605340816 49 1149
1671605343876 50 1149
1671605354253 50 1172
1671605357465 51 1172
1671605367786 51 1195
1671605370941 52 1195
1671605372508 52 1199
1671605381292 52 1218
1671605384378 53 1218
1671605395070 53 1241
1671605398111 54 1241
1671605400866 54 1249
1671605408348 54 1264
1671605411425 55 1264
1671605421740 55 1287
1671605424884 56 1287
1671605428805 56 1299
1671605435266 56 1310
1671605438309 57 1310
1671605448677 57 1333
1671605451748 58 1333
1671605456774 58 1349
1671605461997 58 1356
1671605465108 59 1356
1671605475433 59 1379
1671605478560 60 1379
1671605484719 60 1399
1671605489037 60 1402
1671605492112 61 1402
1671605502524 61 1425
1671605505602 62 1425
1671605516065 62 1448
1671605519100 63 1448
1671605519811 63 1449
1671605529494 63 1471
1671605532522 64 1471
1671605542999 64 1494
1671605546310 65 1494
1671605548238 65 1499
1671605556871 65 1517
1671605559911 66 1517
1671605570430 66 1540
1671605573740 67 1540
1671605576923 67 1549
1671605584277 67 1563
1671605587385 68 1563
1671605597887 68 1586
1671605601017 69 1586
1671605605240 69 1599
1671605611405 69 1609
1671605614551 70 1609
1671605624713 70 1632
1671605627785 71 1632
1671605633084 71 1649
1671605638168 71 1655
1671605641231 72 1655
1671605651499 72 1678
1671605654607 73 1678
1671605661099 73 1699
1671605665003 73 1701
1671605668318 74 1701
1671605678528 74 1724
1671605681610 75 1724
1671605691791 75 1747
1671605694828 76 1747
1671605695833 76 1749
1671605705260 76 1770
1671605708310 77 1770
1671605718860 77 1793
1671605721976 78 1793
1671605724132 78 1799
1671605732660 78 1816
1671605735750 79 1816
1671605746097 79 1839
1671605749213 80 1839
1671605752687 80 1849
1671605759550 80 1862
1671605762704 81 1862
1671605773132 81 1885
1671605776220 82 1885
1671605780675 82 1899
1671605786960 82 1908
1671605790066 83 1908
1671605800252 83 1931
1671605803344 84 1931
1671605808929 84 1949
1671605813642 84 1954
1671605816730 85 1954
1671605827079 85 1977
1671605830145 86 1977
1671605836925 86 1999
1671605840401 86 2000
1671605843584 87 2000
1671605854044 87 2023
1671605857140 88 2023
1671605867481 88 2046
1671605870541 89 2046
1671605871863 89 2049
1671605880854 89 2069
1671605884004 90 2069
1671605894583 90 2092
1671605897724 91 2092
1671605900227 91 2099
1671605908181 91 2115
1671605911253 92 2115
1671605921511 92 2138
1671605924597 93 2138
1671605928359 93 2149
1671605935042 93 2161
1671605938181 94 2161
1671605948560 94 2184
1671605951639 95 2184
1671605956394 95 2199
1671605961877 95 2207
1671605964927 96 2207
1671605975012 96 2230
1671605978155 97 2230
1671605984071 97 2249
1671605988544 97 2253
1671605991645 98 2253
1671606001833 98 2276
1671606005091 99 2276
1671606011904 99 2299
1671606015425 99 2299
1671606018531 100 2299
1671606028928 100 2322
1671606032027 101 2322
1671606042264 101 2345
1671606045338 102 2345
1671606046963 102 2349
1671606055771 102 2368
1671606058816 103 2368
1671606069315 103 2391
1671606072319 104 2391
1671606075066 104 2399
1671606082736 104 2414
1671606085845 105 2414
1671606096268 105 2437
1671606099279 106 2437
1671606103217 106 2449
1671606109504 106 2460
1671606112612 107 2460
1671606122999 107 2483
1671606126151 108 2483
1671606131210 108 2499
1671606136619 108 2506
1671606139900 109 2506
1671606150280 109 2529
1671606153389 110 2529
1671606159608 110 2549
1671606163684 110 2552
1671606166720 111 2552
1671606177080 111 2575
1671606180146 112 2575
1671606190649 112 2598
1671606193693 113 2598
1671606194434 113 2599
1671606203948 113 2621
1671606207012 114 2621
1671606217238 114 2644
1671606220515 115 2644
1671606222408 115 2649
1671606231095 115 2667
1671606234411 116 2667
1671606244978 116 2690
1671606248070 117 2690
1671606251112 117 2699
1671606258353 117 2713
1671606261420 118 2713
1671606271771 118 2736
1671606274777 119 2736
1671606278972 119 2749
1671606285234 119 2759
1671606288292 120 2759
1671606298599 120 2782
1671606301730 121 2782
1671606307092 121 2799
1671606312166 121 2805
1671606315234 122 2805
1671606325501 122 2828
1671606328575 123 2828
1671606335035 123 2849
1671606338956 123 2851
1671606342006 124 2851
1671606352431 124 2874
1671606355534 125 2874
1671606365886 125 2897
1671606369144 126 2897
1671606370176 126 2899
1671606379564 126 2920
1671606382717 127 2920
1671606393144 127 2943
1671606396203 128 2943
1671606398386 128 2949
1671606406673 128 2966
1671606409751 129 2966
1671606420194 129 2989
1671606423284 130 2989
1671606426587 130 2999
1671606433831 130 3012
1671606436901 131 3012
1671606447328 131 3035
1671606450390 132 3035
1671606454899 132 3049
1671606460571 132 3058
1671606463683 133 3058
1671606473966 133 3081
1671606477045 134 3081
1671606482715 134 3099
1671606487420 134 3104
1671606490438 135 3104
1671606501079 135 3127
1671606504252 136 3127
1671606511146 136 3149
1671606514628 136 3150
1671606517998 137 3150
1671606528160 137 3173
1671606531259 138 3173
1671606541566 138 3196
1671606544698 139 3196
1671606546029 139 3199
1671606555022 139 3219
1671606558148 140 3219
1671606568672 140 3242
1671606571793 141 3242
1671606574264 141 3249
1671606582509 141 3265
1671606585673 142 3265
1671606596049 142 3288
1671606599140 143 3288
1671606602735 143 3299
1671606609508 143 3311
1671606612618 144 3311
1671606623032 144 3334
1671606626111 145 3334
1671606630869 145 3349
1671606636478 145 3357
1671606639599 146 3357
1671606649849 146 3380
1671606652946 147 3380
1671606658874 147 3399
1671606663463 147 3403
1671606666562 148 3403
1671606676827 148 3426
1671606679892 149 3426
1671606686739 149 3449
1671606690497 149 3449
1671606693429 150 3449
