1671604684854 0.5347412824630737 22
1671604697977 0.49591073393821716 45
1671604711637 0.5120661854743958 68
1671604724914 0.5156667828559875 91
1671604738242 0.5083131790161133 114
1671604751874 0.5166352987289429 137
1671604765517 0.5231760740280151 160
1671604778796 0.5216572284698486 183
1671604792221 0.51642906665802 206
1671604805632 0.5349206328392029 229
1671604819049 0.5383104681968689 252
1671604832451 0.5635458827018738 275
1671604845634 0.5365976691246033 298
1671604859141 0.5251367688179016 321
1671604872608 0.5604743957519531 344
1671604886178 0.5087012052536011 367
1671604899439 0.49215319752693176 390
1671604912740 0.5313514471054077 413
1671604926589 0.5153887271881104 436
1671604939999 0.5238230228424072 459
1671604953296 0.5375567674636841 482
1671604966771 0.5074657201766968 505
1671604979972 0.4963635504245758 528
1671604993199 0.5004573464393616 551
1671605006690 0.5107690691947937 574
1671605019992 0.5365303754806519 597
1671605033503 0.5187517404556274 620
1671605046958 0.5061787962913513 643
1671605060362 0.5585777163505554 666
1671605073931 0.5224061012268066 689
1671605087844 0.5390368700027466 712
1671605101193 0.516765296459198 735
1671605114714 0.49079903960227966 758
1671605128119 0.5235580205917358 781
1671605141388 0.5068783760070801 804
1671605154723 0.5146444439888 827
1671605168239 0.504560112953186 850
1671605181640 0.5048156976699829 873
1671605194857 0.511604368686676 896
1671605208792 0.5073312520980835 919
1671605222297 0.5068020820617676 942
1671605236062 0.5193288922309875 965
1671605249828 0.4986010193824768 988
1671605263524 0.500869870185852 1011
1671605276988 0.5103487968444824 1034
1671605290334 0.5310465693473816 1057
1671605303659 0.547605574131012 1080
1671605317166 0.4842211604118347 1103
1671605330568 0.5481706261634827 1126
1671605343876 0.5270783305168152 1149
1671605357465 0.4914402365684509 1172
1671605370941 0.48983052372932434 1195
1671605384378 0.5204421281814575 1218
1671605398111 0.5069500803947449 1241
1671605411425 0.5109722018241882 1264
1671605424884 0.5193256735801697 1287
1671605438309 0.5380768775939941 1310
1671605451748 0.5405972599983215 1333
1671605465108 0.5096448659896851 1356
1671605478560 0.5316205024719238 1379
1671605492112 0.5354138612747192 1402
1671605505602 0.5351758003234863 1425
1671605519100 0.5207694172859192 1448
1671605532522 0.5242668986320496 1471
1671605546310 0.5255448222160339 1494
1671605559911 0.5095507502555847 1517
1671605573740 0.524436891078949 1540
1671605587385 0.5282526612281799 1563
1671605601017 0.49484357237815857 1586
1671605614551 0.5515111088752747 1609
1671605627785 0.48476818203926086 1632
1671605641231 0.5069231986999512 1655
1671605654607 0.5176755785942078 1678
1671605668318 0.5405076146125793 1701
1671605681610 0.5117922425270081 1724
1671605694828 0.5372746586799622 1747
1671605708310 0.5069500803947449 1770
1671605721976 0.5510088801383972 1793
1671605735750 0.5379428267478943 1816
1671605749213 0.5413506031036377 1839
1671605762704 0.501972496509552 1862
1671605776220 0.5394404530525208 1885
1671605790066 0.4809882938861847 1908
1671605803344 0.5233656167984009 1931
1671605816730 0.5287104249000549 1954
1671605830145 0.5021612048149109 1977
1671605843584 0.5315666794776917 2000
1671605857140 0.5049771666526794 2023
1671605870541 0.5389831066131592 2046
1671605884004 0.5296610593795776 2069
1671605897724 0.5187647342681885 2092
1671605911253 0.5182763934135437 2115
1671605924597 0.519460141658783 2138
1671605938181 0.5287866592407227 2161
1671605951639 0.5263788104057312 2184
1671605964927 0.5197471380233765 2207
1671605978155 0.5505111813545227 2230
1671605991645 0.5235226154327393 2253
1671606005091 0.5192787647247314 2276
1671606018531 0.5230920910835266 2299
1671606032027 0.5384629964828491 2322
1671606045338 0.5347274541854858 2345
1671606058816 0.514880895614624 2368
1671606072319 0.5235136151313782 2391
1671606085845 0.5287866592407227 2414
1671606099279 0.5212537050247192 2437
1671606112612 0.5072550177574158 2460
1671606126151 0.5345171093940735 2483
1671606139900 0.5246569514274597 2506
1671606153389 0.5250560641288757 2529
1671606166720 0.5522864460945129 2552
1671606180146 0.5038741230964661 2575
1671606193693 0.5517442226409912 2598
1671606207012 0.4960765838623047 2621
1671606220515 0.5789346694946289 2644
1671606234411 0.52054363489151 2667
1671606248070 0.5329746603965759 2690
1671606261420 0.513115406036377 2713
1671606274777 0.5427764654159546 2736
1671606288292 0.5516007542610168 2759
1671606301730 0.537530243396759 2782
1671606315234 0.5210250616073608 2805
1671606328575 0.5044570565223694 2828
1671606342006 0.503892719745636 2851
1671606355534 0.49947500228881836 2874
1671606369144 0.49880731105804443 2897
1671606382717 0.5468388199806213 2920
1671606396203 0.5346651077270508 2943
1671606409751 0.5473769307136536 2966
1671606423284 0.5414671897888184 2989
1671606436901 0.5548964142799377 3012
1671606450390 0.526885449886322 3035
1671606463683 0.5410904884338379 3058
1671606477045 0.5598287582397461 3081
1671606490438 0.5478253364562988 3104
1671606504252 0.5497395396232605 3127
1671606517998 0.5596538186073303 3150
1671606531259 0.5424087643623352 3173
1671606544698 0.516961395740509 3196
1671606558148 0.5233611464500427 3219
1671606571793 0.5191226005554199 3242
1671606585673 0.5023585557937622 3265
1671606599140 0.5173617005348206 3288
1671606612618 0.5212133526802063 3311
1671606626111 0.517984926700592 3334
1671606639599 0.5210070610046387 3357
1671606652946 0.5192078351974487 3380
1671606666562 0.5296251773834229 3403
1671606679892 0.5040086507797241 3426
1671606693429 0.5224406719207764 3449
