1671604699578 2.1257520235715615 49
1671604727673 2.4435903930629914 99
1671604755868 2.1538821814363933 149
1671604783821 2.230322630987269 199
1671604811824 2.6044314754364697 249
1671604846368 2.137110010662881 299
1671604874538 2.0320114593091687 349
1671604902499 2.422775522943309 399
1671604930858 2.477617691208901 449
1671604958644 1.7094624625746238 499
1671604986452 2.1312327254266727 549
1671605020991 2.1585023723037082 599
1671605049127 2.8427131670447077 649
1671605077526 2.5283966242130176 699
1671605105643 1.9795609291060425 749
1671605133720 2.384919819152553 799
1671605161545 2.167928726155201 849
1671605196118 2.1338188383751135 899
1671605224910 1.9623899967300096 949
1671605253563 2.111572394073127 999
1671605281800 2.1674038058321523 1049
1671605309539 2.345746784972716 1099
1671605337455 1.9952698217747673 1149
1671605372508 2.183282999049298 1199
1671605400866 2.279020391599065 1249
1671605428805 2.369031251957623 1299
1671605456774 1.9376214055962921 1349
1671605484719 2.0674466690179583 1399
1671605519811 2.176593781067303 1449
1671605548238 2.354916948413857 1499
1671605576923 2.6175186661624417 1549
1671605605240 2.4647724185627533 1599
1671605633084 2.426113912994507 1649
1671605661099 2.292677458323256 1699
1671605695833 2.2498909054706173 1749
1671605724132 1.8457299107184095 1799
1671605752687 2.0738230713088504 1849
1671605780675 2.090211741817055 1899
1671605808929 2.296615331427434 1949
1671605836925 2.3822780391041087 1999
1671605871863 2.088650233414965 2049
1671605900227 2.0190929477262483 2099
1671605928359 2.207065297533688 2149
1671605956394 2.118502114488747 2199
1671605984071 2.489911652210647 2249
1671606011904 1.4650827684464844 2299
1671606046963 2.5537496020802273 2349
1671606075066 2.084490395901716 2399
1671606103217 2.3809738685582365 2449
1671606131210 2.388832091843738 2499
1671606159608 2.193206398839828 2549
1671606194434 1.9227969038686181 2599
1671606222408 1.9442224704487805 2649
1671606251112 2.3456043069160177 2699
1671606278972 2.2515193750370495 2749
1671606307092 2.2247964624140795 2799
1671606335035 2.181017925811442 2849
1671606370176 2.358028379223197 2899
1671606398386 2.4449426419093605 2949
1671606426587 2.242470369519432 2999
1671606454899 2.032496970196582 3049
1671606482715 2.1262229835507656 3099
1671606511146 2.1859943988699175 3149
1671606546029 2.291810803923559 3199
1671606574264 2.2441933387512223 3249
1671606602735 2.405298884130252 3299
1671606630869 2.30321321891495 3349
1671606658874 2.355986784202952 3399
1671606686739 1.5265150510087857 3449
