1671604684854 0.4977401793003082 22
1671604697977 0.427871972322464 45
1671604711637 0.4379473030567169 68
1671604724914 0.4424804747104645 91
1671604738242 0.4282486140727997 114
1671604751874 0.43101966381073 137
1671604765517 0.44468653202056885 160
1671604778796 0.4354049265384674 183
1671604792221 0.4369114935398102 206
1671604805632 0.4581920802593231 229
1671604819049 0.4468926787376404 252
1671604832451 0.4602636694908142 275
1671604845634 0.4427495300769806 298
1671604859141 0.44934090971946716 321
1671604872608 0.472222238779068 344
1671604886178 0.41817328333854675 367
1671604899439 0.4137476682662964 390
1671604912740 0.4540489614009857 413
1671604926589 0.4393058717250824 436
1671604939999 0.4362523555755615 459
1671604953296 0.4460451900959015 482
1671604966771 0.4162900149822235 505
1671604979972 0.42062148451805115 528
1671604993199 0.4274953305721283 551
1671605006690 0.42331182956695557 574
1671605019992 0.4597390294075012 597
1671605033503 0.44256120920181274 620
1671605046958 0.4220338761806488 643
1671605060362 0.46911492943763733 666
1671605073931 0.45037660002708435 689
1671605087844 0.451977401971817 712
1671605101193 0.43022599816322327 735
1671605114714 0.4153887629508972 758
1671605128119 0.45489639043807983 781
1671605141388 0.4216572940349579 804
1671605154723 0.42278721928596497 827
1671605168239 0.4311676025390625 850
1671605181640 0.4271186888217926 873
1671605194857 0.446892648935318 896
1671605208792 0.4179849624633789 919
1671605222297 0.42608287930488586 942
1671605236062 0.43282219767570496 965
1671605249828 0.41318267583847046 988
1671605263524 0.4146892726421356 1011
1671605276988 0.43072372674942017 1034
1671605290334 0.4505784213542938 1057
1671605303659 0.4684557616710663 1080
1671605317166 0.43644067645072937 1103
1671605330568 0.4701507091522217 1126
1671605343876 0.44717514514923096 1149
1671605357465 0.40894538164138794 1172
1671605370941 0.40847456455230713 1195
1671605384378 0.43512243032455444 1218
1671605398111 0.42598867416381836 1241
1671605411425 0.42514124512672424 1264
1671605424884 0.4333333671092987 1287
1671605438309 0.4494349956512451 1310
1671605451748 0.4534839689731598 1333
1671605465108 0.418173223733902 1356
1671605478560 0.44745761156082153 1379
1671605492112 0.4416195750236511 1402
1671605505602 0.4669088125228882 1425
1671605519100 0.44331449270248413 1448
1671605532522 0.4344632923603058 1471
1671605546310 0.44510358572006226 1494
1671605559911 0.4182674288749695 1517
1671605573740 0.4476863145828247 1540
1671605587385 0.43145009875297546 1563
1671605601017 0.41393598914146423 1586
1671605614551 0.46911492943763733 1609
1671605627785 0.4021119475364685 1632
1671605641231 0.42391708493232727 1655
1671605654607 0.4403013288974762 1678
1671605668318 0.46020981669425964 1701
1671605681610 0.4336158335208893 1724
1671605694828 0.44924667477607727 1747
1671605708310 0.4344632923603058 1770
1671605721976 0.46873822808265686 1793
1671605735750 0.4578154385089874 1816
1671605749213 0.461016982793808 1839
1671605762704 0.43022599816322327 1862
1671605776220 0.46346521377563477 1885
1671605790066 0.4209039509296417 1908
1671605803344 0.45239442586898804 1931
1671605816730 0.4428436756134033 1954
1671605830145 0.42900189757347107 1977
1671605843584 0.44387951493263245 2000
1671605857140 0.4195856750011444 2023
1671605870541 0.4679849445819855 2046
1671605884004 0.4354991018772125 2069
1671605897724 0.4299435317516327 2092
1671605911253 0.44802260398864746 2115
1671605924597 0.43766477704048157 2138
1671605938181 0.44218453764915466 2161
1671605951639 0.43757060170173645 2184
1671605964927 0.46365347504615784 2207
1671605978155 0.46789076924324036 2230
1671605991645 0.4386063814163208 2253
1671606005091 0.4352569580078125 2276
1671606018531 0.4474576413631439 2299
1671606032027 0.4414312541484833 2322
1671606045338 0.4589454233646393 2345
1671606058816 0.43220338225364685 2368
1671606072319 0.4387947618961334 2391
1671606085845 0.4448211193084717 2414
1671606099279 0.43427497148513794 2437
1671606112612 0.42693030834198 2460
1671606126151 0.4551789164543152 2483
1671606139900 0.4515066146850586 2506
1671606153389 0.4395480453968048 2529
1671606166720 0.4779661297798157 2552
1671606180146 0.4337099492549896 2575
1671606193693 0.46704331040382385 2598
1671606207012 0.42645949125289917 2621
1671606220515 0.49642181396484375 2644
1671606234411 0.44882968068122864 2667
1671606248070 0.4613935947418213 2690
1671606261420 0.4317325949668884 2713
1671606274777 0.4523540437221527 2736
1671606288292 0.4659133851528168 2759
1671606301730 0.4659133851528168 2782
1671606315234 0.42796608805656433 2805
1671606328575 0.43050849437713623 2828
1671606342006 0.43040087819099426 2851
1671606355534 0.43107345700263977 2874
1671606369144 0.41111111640930176 2897
1671606382717 0.4602636694908142 2920
1671606396203 0.4569679796695709 2943
1671606409751 0.4630885124206543 2966
1671606423284 0.4527306854724884 2989
1671606436901 0.47241055965423584 3012
1671606450390 0.43954798579216003 3035
1671606463683 0.4659133851528168 3058
1671606477045 0.4891175925731659 3081
1671606490438 0.45743876695632935 3104
1671606504252 0.4721280634403229 3127
1671606517998 0.4864407181739807 3150
1671606531259 0.4630347192287445 3173
1671606544698 0.4265536367893219 3196
1671606558148 0.4523271322250366 3219
1671606571793 0.43979018926620483 3242
1671606585673 0.43973636627197266 3265
1671606599140 0.43220338225364685 3288
1671606612618 0.4449152648448944 3311
1671606626111 0.43681731820106506 3334
1671606639599 0.4345574378967285 3357
1671606652946 0.4363061487674713 3380
1671606666562 0.4304143190383911 3403
1671606679892 0.4220339357852936 3426
1671606693429 0.447888046503067 3449
