1671604699578 0.5833333730697632 49
1671604727673 0.3083333373069763 99
1671604755868 0.5 149
1671604783821 0.1875 199
1671604811824 0.5208333730697632 249
1671604846368 0.25 299
1671604874538 0.4583333432674408 349
1671604902499 0.4166666865348816 399
1671604930858 0.3125 449
1671604958644 0.375 499
1671604986452 0.3375000059604645 549
1671605020991 0.2083333432674408 599
1671605049127 0.5666667222976685 649
1671605077526 0.4375000298023224 699
1671605105643 0.25 749
1671605133720 0.1458333432674408 799
1671605161545 0.2708333432674408 849
1671605196118 0.375 899
1671605224910 0.6041666865348816 949
1671605253563 0.1875 999
1671605281800 0.3333333432674408 1049
1671605309539 0.3958333432674408 1099
1671605337455 0.25 1149
1671605372508 0.4166666865348816 1199
1671605400866 0.3958333432674408 1249
1671605428805 0.2916666865348816 1299
1671605456774 0.2916666865348816 1349
1671605484719 0.4375 1399
1671605519811 0.4416666626930237 1449
1671605548238 0.2083333432674408 1499
1671605576923 0.2916666865348816 1549
1671605605240 0.5874999761581421 1599
1671605633084 0.3166666626930237 1649
1671605661099 0.6666666865348816 1699
1671605695833 0.3958333432674408 1749
1671605724132 0.2291666716337204 1799
1671605752687 0.4583333432674408 1849
1671605780675 0.5 1899
1671605808929 0.2916666865348816 1949
1671605836925 0.5416666865348816 1999
1671605871863 0.5208333730697632 2049
1671605900227 0.3333333432674408 2099
1671605928359 0.4791666865348816 2149
1671605956394 0.5625 2199
1671605984071 0.4583333432674408 2249
1671606011904 0.0 2299
1671606046963 0.5416666865348816 2349
1671606075066 0.4749999940395355 2399
1671606103217 0.2291666865348816 2449
1671606131210 0.25 2499
1671606159608 0.3958333432674408 2549
1671606194434 0.375 2599
1671606222408 0.3125 2649
1671606251112 0.1875 2699
1671606278972 0.625 2749
1671606307092 0.6666666865348816 2799
1671606335035 0.7916666865348816 2849
1671606370176 0.5 2899
1671606398386 0.4166666865348816 2949
1671606426587 0.6000000238418579 2999
1671606454899 0.5 3049
1671606482715 0.5 3099
1671606511146 0.3499999940395355 3149
1671606546029 0.6000000238418579 3199
1671606574264 0.375 3249
1671606602735 0.4166666865348816 3299
1671606630869 0.5249999761581421 3349
1671606658874 0.6041666865348816 3399
1671606686739 0.0 3449
