1671604699578 0.75 49
1671604727673 0.625 99
1671604755868 1.0 149
1671604783821 0.5 199
1671604811824 1.0 249
1671604846368 0.75 299
1671604874538 0.75 349
1671604902499 0.5 399
1671604930858 0.5 449
1671604958644 0.75 499
1671604986452 0.5 549
1671605020991 0.5 599
1671605049127 0.6666666865348816 649
1671605077526 1.0 699
1671605105643 0.25 749
1671605133720 0.5 799
1671605161545 0.5 849
1671605196118 0.75 899
1671605224910 1.0 949
1671605253563 0.5 999
1671605281800 0.625 1049
1671605309539 0.75 1099
1671605337455 0.25 1149
1671605372508 0.75 1199
1671605400866 0.75 1249
1671605428805 0.5 1299
1671605456774 0.5 1349
1671605484719 0.5 1399
1671605519811 0.75 1449
1671605548238 0.5 1499
1671605576923 0.5 1549
1671605605240 1.0 1599
1671605633084 0.5 1649
1671605661099 0.875 1699
1671605695833 1.0 1749
1671605724132 0.5 1799
1671605752687 0.75 1849
1671605780675 0.5 1899
1671605808929 0.5 1949
1671605836925 0.75 1999
1671605871863 1.0 2049
1671605900227 0.5 2099
1671605928359 0.875 2149
1671605956394 0.75 2199
1671605984071 0.875 2249
1671606011904 0.0 2299
1671606046963 0.5416666865348816 2349
1671606075066 0.625 2399
1671606103217 0.75 2449
1671606131210 0.5 2499
1671606159608 1.0 2549
1671606194434 0.75 2599
1671606222408 0.5 2649
1671606251112 0.3333333432674408 2699
1671606278972 1.0 2749
1671606307092 1.0 2799
1671606335035 0.9166666865348816 2849
1671606370176 1.0 2899
1671606398386 0.75 2949
1671606426587 1.0 2999
1671606454899 0.5 3049
1671606482715 0.625 3099
1671606511146 0.5 3149
1671606546029 0.75 3199
1671606574264 0.5 3249
1671606602735 0.6666666865348816 3299
1671606630869 0.75 3349
1671606658874 1.0 3399
1671606686739 0.0 3449
