1671604699578 0.6499999761581421 49
1671604727673 0.3928571343421936 99
1671604755868 0.6583333611488342 149
1671604783821 0.2666666805744171 199
1671604811824 0.6666666865348816 249
1671604846368 0.3630952537059784 299
1671604874538 0.5416666865348816 349
1671604902499 0.44999998807907104 399
1671604930858 0.3499999940395355 449
1671604958644 0.5 499
1671604986452 0.4017857313156128 549
1671605020991 0.2916666865348816 599
1671605049127 0.6041666865348816 649
1671605077526 0.5892857313156128 699
1671605105643 0.25 749
1671605133720 0.22499999403953552 799
1671605161545 0.3392857313156128 849
1671605196118 0.5 899
1671605224910 0.7166666984558105 949
1671605253563 0.2666666805744171 999
1671605281800 0.4166666865348816 1049
1671605309539 0.5 1099
1671605337455 0.25 1149
1671605372508 0.5333333611488342 1199
1671605400866 0.5059524178504944 1249
1671605428805 0.36666667461395264 1299
1671605456774 0.36666667461395264 1349
1671605484719 0.4642857313156128 1399
1671605519811 0.5541666746139526 1449
1671605548238 0.2916666865348816 1499
1671605576923 0.36666667461395264 1549
1671605605240 0.6904761791229248 1599
1671605633084 0.38749998807907104 1649
1671605661099 0.7416666746139526 1699
1671605695833 0.5583333373069763 1749
1671605724132 0.30000001192092896 1799
1671605752687 0.5535714626312256 1849
1671605780675 0.5 1899
1671605808929 0.36666667461395264 1949
1671605836925 0.6166666746139526 1999
1671605871863 0.6416667103767395 2049
1671605900227 0.4000000059604645 2099
1671605928359 0.574999988079071 2149
1671605956394 0.6309523582458496 2199
1671605984071 0.5833333730697632 2249
1671606011904 0.0 2299
1671606046963 0.5249999761581421 2349
1671606075066 0.4761905074119568 2399
1671606103217 0.3499999940395355 2449
1671606131210 0.3142857253551483 2499
1671606159608 0.5583333373069763 2549
1671606194434 0.44999998807907104 2599
1671606222408 0.380952388048172 2649
1671606251112 0.2380952388048172 2699
1671606278972 0.7500000596046448 2749
1671606307092 0.7833333611488342 2799
1671606335035 0.8428571224212646 2849
1671606370176 0.6499999761581421 2899
1671606398386 0.5333333611488342 2949
1671606426587 0.7178571224212646 2999
1671606454899 0.5 3049
1671606482715 0.550000011920929 3099
1671606511146 0.3928571343421936 3149
1671606546029 0.6428571343421936 3199
1671606574264 0.4166666865348816 3249
1671606602735 0.49166667461395264 3299
1671606630869 0.6041666865348816 3349
1671606658874 0.7166666984558105 3399
1671606686739 0.0 3449
