1671604684854 0.744350254535675 22
1671604697977 0.8036723136901855 45
1671604711637 0.8036723136901855 68
1671604724914 0.8036723136901855 91
1671604738242 0.8036723136901855 114
1671604751874 0.8036723136901855 137
1671604765517 0.8036723136901855 160
1671604778796 0.8036723136901855 183
1671604792221 0.8036723136901855 206
1671604805632 0.8036723136901855 229
1671604819049 0.8036723136901855 252
1671604832451 0.8022598624229431 275
1671604845634 0.8036723136901855 298
1671604859141 0.8022598624229431 321
1671604872608 0.8036723136901855 344
1671604886178 0.8036723136901855 367
1671604899439 0.8022598624229431 390
1671604912740 0.8036723136901855 413
1671604926589 0.8036723136901855 436
1671604939999 0.8036723136901855 459
1671604953296 0.8036723136901855 482
1671604966771 0.8036723136901855 505
1671604979972 0.8036723136901855 528
1671604993199 0.8022598624229431 551
1671605006690 0.8036723136901855 574
1671605019992 0.8036723136901855 597
1671605033503 0.8036723136901855 620
1671605046958 0.8036723136901855 643
1671605060362 0.8036723136901855 666
1671605073931 0.8036723136901855 689
1671605087844 0.8036723136901855 712
1671605101193 0.8036723136901855 735
1671605114714 0.8022598624229431 758
1671605128119 0.8036723136901855 781
1671605141388 0.8036723136901855 804
1671605154723 0.8036723136901855 827
1671605168239 0.8022598624229431 850
1671605181640 0.8036723136901855 873
1671605194857 0.805084764957428 896
1671605208792 0.8036723136901855 919
1671605222297 0.8036723136901855 942
1671605236062 0.8036723136901855 965
1671605249828 0.8036723136901855 988
1671605263524 0.8022598624229431 1011
1671605276988 0.8022598624229431 1034
1671605290334 0.8036723136901855 1057
1671605303659 0.799435019493103 1080
1671605317166 0.7867231369018555 1103
1671605330568 0.805084764957428 1126
1671605343876 0.8036723136901855 1149
1671605357465 0.8036723136901855 1172
1671605370941 0.8036723136901855 1195
1671605384378 0.8022598624229431 1218
1671605398111 0.8036723136901855 1241
1671605411425 0.8022598624229431 1264
1671605424884 0.8036723136901855 1287
1671605438309 0.805084764957428 1310
1671605451748 0.8036723136901855 1333
1671605465108 0.8036723136901855 1356
1671605478560 0.8036723136901855 1379
1671605492112 0.805084764957428 1402
1671605505602 0.8022598624229431 1425
1671605519100 0.8036723136901855 1448
1671605532522 0.8036723136901855 1471
1671605546310 0.8022598624229431 1494
1671605559911 0.8064971566200256 1517
1671605573740 0.805084764957428 1540
1671605587385 0.8064971566200256 1563
1671605601017 0.805084764957428 1586
1671605614551 0.8036723136901855 1609
1671605627785 0.8036723136901855 1632
1671605641231 0.7980226278305054 1655
1671605654607 0.8022598624229431 1678
1671605668318 0.8022598624229431 1701
1671605681610 0.8036723136901855 1724
1671605694828 0.8022598624229431 1747
1671605708310 0.8036723136901855 1770
1671605721976 0.805084764957428 1793
1671605735750 0.805084764957428 1816
1671605749213 0.8064971566200256 1839
1671605762704 0.8022598624229431 1862
1671605776220 0.8064971566200256 1885
1671605790066 0.8036723136901855 1908
1671605803344 0.8036723136901855 1931
1671605816730 0.8036723136901855 1954
1671605830145 0.805084764957428 1977
1671605843584 0.8036723136901855 2000
1671605857140 0.805084764957428 2023
1671605870541 0.8064971566200256 2046
1671605884004 0.805084764957428 2069
1671605897724 0.8036723136901855 2092
1671605911253 0.805084764957428 2115
1671605924597 0.8064971566200256 2138
1671605938181 0.8036723136901855 2161
1671605951639 0.8064971566200256 2184
1671605964927 0.799435019493103 2207
1671605978155 0.8036723136901855 2230
1671605991645 0.8036723136901855 2253
1671606005091 0.805084764957428 2276
1671606018531 0.805084764957428 2299
1671606032027 0.8064971566200256 2322
1671606045338 0.8022598624229431 2345
1671606058816 0.805084764957428 2368
1671606072319 0.805084764957428 2391
1671606085845 0.8064971566200256 2414
1671606099279 0.8036723136901855 2437
1671606112612 0.8036723136901855 2460
1671606126151 0.8064971566200256 2483
1671606139900 0.805084764957428 2506
1671606153389 0.805084764957428 2529
1671606166720 0.8064971566200256 2552
1671606180146 0.8036723136901855 2575
1671606193693 0.8022598624229431 2598
1671606207012 0.805084764957428 2621
1671606220515 0.8079096078872681 2644
1671606234411 0.805084764957428 2667
1671606248070 0.8022598624229431 2690
1671606261420 0.8079096078872681 2713
1671606274777 0.8064971566200256 2736
1671606288292 0.805084764957428 2759
1671606301730 0.8036723136901855 2782
1671606315234 0.805084764957428 2805
1671606328575 0.8064971566200256 2828
1671606342006 0.805084764957428 2851
1671606355534 0.8064971566200256 2874
1671606369144 0.8079096078872681 2897
1671606382717 0.805084764957428 2920
1671606396203 0.8036723136901855 2943
1671606409751 0.805084764957428 2966
1671606423284 0.8064971566200256 2989
1671606436901 0.8079096078872681 3012
1671606450390 0.805084764957428 3035
1671606463683 0.8064971566200256 3058
1671606477045 0.8036723136901855 3081
1671606490438 0.805084764957428 3104
1671606504252 0.8079096078872681 3127
1671606517998 0.8064971566200256 3150
1671606531259 0.805084764957428 3173
1671606544698 0.8064971566200256 3196
1671606558148 0.8064971566200256 3219
1671606571793 0.8079096078872681 3242
1671606585673 0.8064971566200256 3265
1671606599140 0.8064971566200256 3288
1671606612618 0.805084764957428 3311
1671606626111 0.8064971566200256 3334
1671606639599 0.805084764957428 3357
1671606652946 0.805084764957428 3380
1671606666562 0.805084764957428 3403
1671606679892 0.805084764957428 3426
1671606693429 0.8064971566200256 3449
