1672099844924 0.0 216
1672099916102 0.0 433
1672099987949 0.0 650
1672100059666 0.0 867
1672100131997 0.0 1084
1672100203577 0.0 1301
1672100275528 0.0 1518
1672100347579 0.25 1735
1672100419565 0.0 1952
1672100491715 3.5 2169
1672100563618 6.75 2386
1672100636190 26.75 2603
1672100707841 20.25 2820
1672100780071 1.25 3037
1672100852064 19.25 3254
1672100924343 3.0 3471
1672100996381 18.5 3688
1672101068693 21.0 3905
1672101140403 25.5 4122
1672101212617 23.25 4339
1672101284951 26.25 4556
1672101356884 27.0 4773
1672101429147 25.0 4990
1672101501207 33.75 5207
1672101572955 18.5 5424
1672101644479 31.0 5641
1672101716828 26.75 5858
1672101788887 23.0 6075
1672101860852 20.0 6292
1672101933056 26.0 6509
1672102005318 20.0 6726
1672102077436 25.5 6943
1672102149250 13.75 7160
1672102221702 22.0 7377
1672102293605 24.0 7594
1672102366031 26.25 7811
1672102437825 17.75 8028
1672102510537 22.0 8245
1672102582331 22.5 8462
1672102654069 23.0 8679
1672102726189 26.25 8896
1672102798397 23.5 9113
1672102870509 22.25 9330
1672102942573 24.0 9547
1672103015009 26.0 9764
1672103087347 24.5 9981
1672103159611 23.5 10198
1672103231720 22.0 10415
1672103303795 24.0 10632
1672103375642 23.0 10849
1672103447977 22.5 11066
1672103520513 24.25 11283
1672103592548 22.75 11500
1672103665082 24.25 11717
1672103737099 25.5 11934
1672103809306 25.5 12151
1672103881982 23.75 12368
1672103954353 23.25 12585
1672104026450 23.75 12802
1672104098560 22.5 13019
1672104170823 24.0 13236
1672104243500 24.0 13453
1672104315603 25.75 13670
1672104387844 25.0 13887
1672104459565 23.5 14104
1672104531839 25.5 14321
1672104604272 23.5 14538
1672104676561 22.25 14755
1672104748644 23.5 14972
1672104820586 26.5 15189
1672104892791 25.5 15406
1672104964644 22.25 15623
1672105037368 24.0 15840
1672105109682 23.75 16057
1672105182110 23.75 16274
1672105254331 23.5 16491
1672105326543 24.0 16708
1672105398949 23.75 16925
1672105470751 22.75 17142
1672105543022 23.5 17359
1672105614923 23.5 17576
1672105687273 23.5 17793
1672105759718 23.5 18010
1672105832453 25.0 18227
1672105904283 23.25 18444
1672105977000 24.25 18661
1672106048730 23.5 18878
1672106121351 24.25 19095
1672106193318 23.5 19312
1672106265794 23.5 19529
1672106338259 23.75 19746
1672106410306 25.0 19963
1672106482605 23.5 20180
1672106554243 24.25 20397
1672106626530 24.0 20614
1672106698774 23.0 20831
1672106771418 23.75 21048
1672106844002 23.75 21265
1672106916210 22.75 21482
1672106988763 23.75 21699
1672107060393 23.5 21916
1672107132854 23.75 22133
1672107204701 23.5 22350
1672107277119 23.75 22567
1672107353628 23.75 22784
1672107429859 23.5 23001
1672107505755 23.5 23218
1672107581231 23.75 23435
1672107657024 23.5 23652
1672107732055 23.5 23869
1672107807705 23.5 24086
1672107883824 23.5 24303
1672107959171 23.75 24520
1672108034831 19.75 24737
1672108110837 18.5 24954
1672108186378 23.25 25171
1672108262471 23.5 25388
1672108338886 13.75 25605
1672108414267 23.5 25822
1672108489585 22.75 26039
1672108565940 23.5 26256
1672108641298 23.75 26473
1672108717121 24.25 26690
1672108792603 24.0 26907
1672108868477 23.75 27124
1672108944419 23.75 27341
1672109020371 23.75 27558
1672109097258 24.25 27775
1672109172578 23.75 27992
1672109248911 22.0 28209
1672109324560 23.75 28426
1672109400892 24.25 28643
1672109476674 23.75 28860
1672109552457 24.0 29077
1672109628009 23.75 29294
1672109703676 24.0 29511
1672109779577 22.75 29728
1672109854811 24.5 29945
1672109930875 23.75 30162
1672110006829 24.0 30379
1672110081954 23.5 30596
1672110157571 24.5 30813
1672110233565 24.25 31030
1672110308419 23.75 31247
1672110381725 23.75 31464
1672110455513 23.75 31681
1672110529353 23.5 31898
1672110603285 24.0 32115
1672110678315 23.75 32332
1672110754384 23.75 32549
