1672099844924 217.0 216
1672099916102 217.0 433
1672099987949 217.0 650
1672100059666 217.0 867
1672100131997 217.0 1084
1672100203577 217.0 1301
1672100275528 217.0 1518
1672100347579 216.75 1735
1672100419565 217.0 1952
1672100491715 213.5 2169
1672100563618 210.25 2386
1672100636190 190.25 2603
1672100707841 196.75 2820
1672100780071 215.75 3037
1672100852064 197.75 3254
1672100924343 214.0 3471
1672100996381 198.5 3688
1672101068693 196.0 3905
1672101140403 191.5 4122
1672101212617 193.5 4339
1672101284951 190.75 4556
1672101356884 190.0 4773
1672101429147 191.75 4990
1672101501207 183.0 5207
1672101572955 197.5 5424
1672101644479 185.5 5641
1672101716828 189.75 5858
1672101788887 194.0 6075
1672101860852 196.75 6292
1672101933056 190.75 6509
1672102005318 196.75 6726
1672102077436 190.5 6943
1672102149250 203.0 7160
1672102221702 194.5 7377
1672102293605 191.75 7594
1672102366031 189.25 7811
1672102437825 198.0 8028
1672102510537 194.0 8245
1672102582331 193.25 8462
1672102654069 192.5 8679
1672102726189 189.0 8896
1672102798397 192.5 9113
1672102870509 193.75 9330
1672102942573 191.25 9547
1672103015009 189.5 9764
1672103087347 190.75 9981
1672103159611 192.25 10198
1672103231720 193.5 10415
1672103303795 191.5 10632
1672103375642 192.25 10849
1672103447977 192.5 11066
1672103520513 191.5 11283
1672103592548 192.5 11500
1672103665082 190.75 11717
1672103737099 189.75 11934
1672103809306 190.0 12151
1672103881982 191.5 12368
1672103954353 192.0 12585
1672104026450 191.25 12802
1672104098560 192.25 13019
1672104170823 191.25 13236
1672104243500 191.25 13453
1672104315603 189.5 13670
1672104387844 190.25 13887
1672104459565 191.5 14104
1672104531839 189.0 14321
1672104604272 191.75 14538
1672104676561 192.75 14755
1672104748644 191.25 14972
1672104820586 188.75 15189
1672104892791 189.75 15406
1672104964644 193.0 15623
1672105037368 190.75 15840
1672105109682 191.0 16057
1672105182110 190.0 16274
1672105254331 191.75 16491
1672105326543 190.25 16708
1672105398949 191.5 16925
1672105470751 191.75 17142
1672105543022 190.5 17359
1672105614923 191.0 17576
1672105687273 191.0 17793
1672105759718 191.75 18010
1672105832453 190.0 18227
1672105904283 190.25 18444
1672105977000 188.5 18661
1672106048730 189.75 18878
1672106121351 190.75 19095
1672106193318 190.25 19312
1672106265794 192.0 19529
1672106338259 191.0 19746
1672106410306 189.5 19963
1672106482605 190.0 20180
1672106554243 185.75 20397
1672106626530 188.5 20614
1672106698774 191.75 20831
1672106771418 191.25 21048
1672106844002 191.25 21265
1672106916210 192.0 21482
1672106988763 189.5 21699
1672107060393 189.0 21916
1672107132854 189.5 22133
1672107204701 188.75 22350
1672107277119 189.0 22567
1672107353628 189.5 22784
1672107429859 190.5 23001
1672107505755 191.0 23218
1672107581231 189.0 23435
1672107657024 191.25 23652
1672107732055 191.5 23869
1672107807705 189.0 24086
1672107883824 191.75 24303
1672107959171 189.5 24520
1672108034831 195.5 24737
1672108110837 192.25 24954
1672108186378 188.5 25171
1672108262471 191.25 25388
1672108338886 199.5 25605
1672108414267 189.25 25822
1672108489585 192.0 26039
1672108565940 190.5 26256
1672108641298 190.25 26473
1672108717121 190.75 26690
1672108792603 189.25 26907
1672108868477 189.5 27124
1672108944419 188.75 27341
1672109020371 188.5 27558
1672109097258 188.75 27775
1672109172578 191.5 27992
1672109248911 191.5 28209
1672109324560 187.5 28426
1672109400892 189.75 28643
1672109476674 190.0 28860
1672109552457 190.0 29077
1672109628009 186.75 29294
1672109703676 189.5 29511
1672109779577 190.75 29728
1672109854811 190.75 29945
1672109930875 188.5 30162
1672110006829 189.0 30379
1672110081954 191.25 30596
1672110157571 187.5 30813
1672110233565 189.5 31030
1672110308419 190.0 31247
1672110381725 190.25 31464
1672110455513 189.75 31681
1672110529353 189.75 31898
1672110603285 187.75 32115
1672110678315 191.0 32332
1672110754384 190.25 32549
