1672099791017 0 49
1672099805171 0 99
1672099819451 0 149
1672099833853 0 199
1672099844924 0 216
1672099847892 1 216
1672099857998 1 249
1672099872135 1 299
1672099886290 1 349
1672099900393 1 399
1672099916102 1 433
1672099919197 2 433
1672099924396 2 449
1672099938764 2 499
1672099952991 2 549
1672099967235 2 599
1672099981358 2 649
1672099987949 2 650
1672099991139 3 650
1672100005765 3 699
1672100019978 3 749
1672100034224 3 799
1672100048475 3 849
1672100059666 3 867
1672100062822 4 867
1672100072899 4 899
1672100087119 4 949
1672100101619 4 999
1672100115871 4 1049
1672100131997 4 1084
1672100135140 5 1084
1672100140036 5 1099
1672100154243 5 1149
1672100168385 5 1199
1672100182523 5 1249
1672100196862 5 1299
1672100203577 5 1301
1672100206757 6 1301
1672100221271 6 1349
1672100235627 6 1399
1672100249859 6 1449
1672100264066 6 1499
1672100275528 6 1518
1672100278697 7 1518
1672100288229 7 1549
1672100302416 7 1599
1672100316922 7 1649
1672100331220 7 1699
1672100347579 7 1735
1672100350734 8 1735
1672100355444 8 1749
1672100369874 8 1799
1672100384101 8 1849
1672100398340 8 1899
1672100412581 8 1949
1672100419565 8 1952
1672100422660 9 1952
1672100436706 9 1999
1672100450913 9 2049
1672100465449 9 2099
1672100479796 9 2149
1672100491715 9 2169
1672100494888 10 2169
1672100504115 10 2199
1672100518345 10 2249
1672100532668 10 2299
1672100546886 10 2349
1672100563618 10 2386
1672100566703 11 2386
1672100571105 11 2399
1672100585489 11 2449
1672100600045 11 2499
1672100614395 11 2549
1672100628833 11 2599
1672100636190 11 2603
1672100639259 12 2603
1672100652988 12 2649
1672100667169 12 2699
1672100681444 12 2749
1672100695571 12 2799
1672100707841 12 2820
1672100710995 13 2820
1672100719921 13 2849
1672100734295 13 2899
1672100748504 13 2949
1672100762875 13 2999
1672100780071 13 3037
1672100783206 14 3037
1672100787324 14 3049
1672100801577 14 3099
1672100815790 14 3149
1672100830030 14 3199
1672100844360 14 3249
1672100852064 14 3254
1672100855213 15 3254
1672100868890 15 3299
1672100883135 15 3349
1672100897497 15 3399
1672100911872 15 3449
1672100924343 15 3471
1672100927485 16 3471
1672100936161 16 3499
1672100950382 16 3549
1672100964753 16 3599
1672100978946 16 3649
1672100996381 16 3688
1672100999523 17 3688
1672101003368 17 3699
1672101017807 17 3749
1672101032204 17 3799
1672101046604 17 3849
1672101060816 17 3899
1672101068693 17 3905
1672101071792 18 3905
1672101084975 18 3949
1672101099165 18 3999
1672101113498 18 4049
1672101127681 18 4099
1672101140403 18 4122
1672101143512 19 4122
1672101152132 19 4149
1672101166312 19 4199
1672101180687 19 4249
1672101194872 19 4299
1672101212617 19 4339
1672101215824 20 4339
1672101219369 20 4349
1672101233534 20 4399
1672101247883 20 4449
1672101262353 20 4499
1672101276535 20 4549
1672101284951 20 4556
1672101288149 21 4556
1672101301069 21 4599
1672101315296 21 4649
1672101329690 21 4699
1672101343888 21 4749
1672101356884 21 4773
1672101359971 22 4773
1672101368268 22 4799
1672101382584 22 4849
1672101397121 22 4899
1672101411341 22 4949
1672101429147 22 4990
1672101432277 23 4990
1672101435599 23 4999
1672101449839 23 5049
1672101464218 23 5099
1672101478464 23 5149
1672101492672 23 5199
1672101501207 23 5207
1672101504425 24 5207
1672101517006 24 5249
1672101531300 24 5299
1672101545453 24 5349
1672101559662 24 5399
1672101572955 24 5424
1672101576174 25 5424
1672101583903 25 5449
1672101598085 25 5499
1672101612356 25 5549
1672101626518 25 5599
1672101644479 25 5641
1672101647635 26 5641
1672101650792 26 5649
1672101665072 26 5699
1672101679461 26 5749
1672101693682 26 5799
1672101708035 26 5849
1672101716828 26 5858
1672101719913 27 5858
1672101732291 27 5899
1672101746515 27 5949
1672101760876 27 5999
1672101775091 27 6049
1672101788887 27 6075
1672101791983 28 6075
1672101799492 28 6099
1672101813880 28 6149
1672101828102 28 6199
1672101842470 28 6249
1672101860852 28 6292
1672101864070 29 6292
1672101866758 29 6299
1672101881174 29 6349
1672101895451 29 6399
1672101909921 29 6449
1672101924138 29 6499
1672101933056 29 6509
1672101936160 30 6509
1672101948578 30 6549
1672101962974 30 6599
1672101977220 30 6649
1672101991452 30 6699
1672102005318 30 6726
1672102008474 31 6726
1672102015732 31 6749
1672102029973 31 6799
1672102044318 31 6849
1672102058562 31 6899
1672102077436 31 6943
1672102080629 32 6943
1672102083046 32 6949
1672102097267 32 6999
1672102111508 32 7049
1672102125742 32 7099
1672102139962 32 7149
1672102149250 32 7160
1672102152471 33 7160
1672102164315 33 7199
1672102178513 33 7249
1672102192881 33 7299
1672102207241 33 7349
1672102221702 33 7377
1672102224808 34 7377
1672102231785 34 7399
1672102246006 34 7449
1672102260199 34 7499
1672102274583 34 7549
1672102293605 34 7594
1672102296759 35 7594
1672102298888 35 7599
1672102313159 35 7649
1672102327685 35 7699
1672102342019 35 7749
1672102356384 35 7799
1672102366031 35 7811
1672102369163 36 7811
1672102380674 36 7849
1672102394901 36 7899
1672102409117 36 7949
1672102423340 36 7999
1672102437825 36 8028
1672102440931 37 8028
1672102447665 37 8049
1672102462101 37 8099
1672102476482 37 8149
1672102490953 37 8199
1672102510537 37 8245
1672102513651 38 8245
1672102515518 38 8249
1672102529746 38 8299
1672102543905 38 8349
1672102558060 38 8399
1672102572234 38 8449
1672102582331 38 8462
1672102585505 39 8462
1672102596844 39 8499
1672102611177 39 8549
1672102625348 39 8599
1672102639497 39 8649
1672102654069 39 8679
1672102657208 40 8679
1672102663570 40 8699
1672102677979 40 8749
1672102692239 40 8799
1672102706497 40 8849
1672102726189 40 8896
1672102729364 41 8896
1672102730911 41 8899
1672102745165 41 8949
1672102759410 41 8999
1672102773782 41 9049
1672102788138 41 9099
1672102798397 41 9113
1672102801593 42 9113
1672102812522 42 9149
1672102826804 42 9199
1672102841122 42 9249
1672102855460 42 9299
1672102870509 42 9330
1672102873704 43 9330
1672102879839 43 9349
1672102894185 43 9399
1672102908388 43 9449
1672102922576 43 9499
1672102942573 43 9547
1672102945732 44 9547
1672102946973 44 9549
1672102961360 44 9599
1672102975788 44 9649
1672102990063 44 9699
1672103004631 44 9749
1672103015009 44 9764
1672103018214 45 9764
1672103028846 45 9799
1672103043114 45 9849
1672103057332 45 9899
1672103071593 45 9949
1672103087347 45 9981
1672103090432 46 9981
1672103096211 46 9999
1672103110649 46 10049
1672103125056 46 10099
1672103139450 46 10149
1672103159611 46 10198
1672103162775 47 10198
1672103163731 47 10199
1672103178012 47 10249
1672103192251 47 10299
1672103206484 47 10349
1672103220864 47 10399
1672103231720 47 10415
1672103234905 48 10415
1672103245406 48 10449
1672103259635 48 10499
1672103273815 48 10549
1672103288146 48 10599
1672103303795 48 10632
1672103306942 49 10632
1672103312429 49 10649
1672103326665 49 10699
1672103341017 49 10749
1672103355261 49 10799
1672103369278 49 10849
1672103375642 49 10849
1672103378796 50 10849
1672103393994 50 10899
1672103408195 50 10949
1672103422398 50 10999
1672103436774 50 11049
1672103447977 50 11066
1672103451171 51 11066
1672103461305 51 11099
1672103475778 51 11149
1672103490166 51 11199
1672103504434 51 11249
1672103520513 51 11283
1672103523705 52 11283
1672103529076 52 11299
1672103543301 52 11349
1672103557560 52 11399
1672103571742 52 11449
1672103586071 52 11499
1672103592548 52 11500
1672103595759 53 11500
1672103610604 53 11549
1672103624868 53 11599
1672103639262 53 11649
1672103653558 53 11699
1672103665082 53 11717
1672103668250 54 11717
1672103678096 54 11749
1672103692313 54 11799
1672103706515 54 11849
1672103720868 54 11899
1672103737099 54 11934
1672103740219 55 11934
1672103745197 55 11949
1672103759592 55 11999
1672103773818 55 12049
1672103788169 55 12099
1672103802373 55 12149
1672103809306 55 12151
1672103812519 56 12151
1672103827214 56 12199
1672103841646 56 12249
1672103856032 56 12299
1672103870370 56 12349
1672103881982 56 12368
1672103885172 57 12368
1672103894689 57 12399
1672103909120 57 12449
1672103923511 57 12499
1672103937786 57 12549
1672103954353 57 12585
1672103957484 58 12585
1672103962186 58 12599
1672103976536 58 12649
1672103990881 58 12699
1672104005075 58 12749
1672104019401 58 12799
1672104026450 58 12802
1672104029576 59 12802
1672104043657 59 12849
1672104057862 59 12899
1672104072128 59 12949
1672104086465 59 12999
1672104098560 59 13019
1672104101837 60 13019
1672104111125 60 13049
1672104125553 60 13099
1672104139797 60 13149
1672104154030 60 13199
1672104170823 60 13236
1672104174001 61 13236
1672104178425 61 13249
1672104192662 61 13299
1672104206979 61 13349
1672104221713 61 13399
1672104236174 61 13449
1672104243500 61 13453
1672104246673 62 13453
1672104260453 62 13499
1672104274896 62 13549
1672104289113 62 13599
1672104303326 62 13649
1672104315603 62 13670
1672104318806 63 13670
1672104327754 63 13699
1672104342216 63 13749
1672104356551 63 13799
1672104370753 63 13849
1672104387844 63 13887
1672104391069 64 13887
1672104395163 64 13899
1672104409325 64 13949
1672104423528 64 13999
1672104437687 64 14049
1672104451841 64 14099
1672104459565 64 14104
1672104462670 65 14104
1672104476423 65 14149
1672104490660 65 14199
1672104504864 65 14249
1672104519370 65 14299
1672104531839 65 14321
1672104535061 66 14321
1672104543773 66 14349
1672104558073 66 14399
1672104572329 66 14449
1672104586580 66 14499
1672104604272 66 14538
1672104607494 67 14538
1672104611373 67 14549
1672104625590 67 14599
1672104639923 67 14649
1672104654263 67 14699
1672104668483 67 14749
1672104676561 67 14755
1672104679684 68 14755
1672104692882 68 14799
1672104707193 68 14849
1672104721560 68 14899
1672104735904 68 14949
1672104748644 68 14972
1672104751747 69 14972
1672104760108 69 14999
1672104774431 69 15049
1672104788756 69 15099
1672104803050 69 15149
1672104820586 69 15189
1672104823729 70 15189
1672104827286 70 15199
1672104841647 70 15249
1672104855871 70 15299
1672104870108 70 15349
1672104884332 70 15399
1672104892791 70 15406
1672104895854 71 15406
1672104908877 71 15449
1672104923142 71 15499
1672104937364 71 15549
1672104951584 71 15599
1672104964644 71 15623
1672104967782 72 15623
1672104975884 72 15649
1672104990188 72 15699
1672105004625 72 15749
1672105019177 72 15799
1672105037368 72 15840
1672105040571 73 15840
1672105043847 73 15849
1672105058236 73 15899
1672105072476 73 15949
1672105086733 73 15999
1672105100980 73 16049
1672105109682 73 16057
1672105112942 74 16057
1672105125544 74 16099
1672105139904 74 16149
1672105154376 74 16199
1672105168580 74 16249
1672105182110 74 16274
1672105185312 75 16274
1672105193141 75 16299
1672105207397 75 16349
1672105221675 75 16399
1672105235958 75 16449
1672105254331 75 16491
1672105257562 76 16491
1672105260537 76 16499
1672105274905 76 16549
1672105289134 76 16599
1672105303490 76 16649
1672105317801 76 16699
1672105326543 76 16708
1672105329802 77 16708
1672105342225 77 16749
1672105356451 77 16799
1672105370683 77 16849
1672105385212 77 16899
1672105398949 77 16925
1672105402124 78 16925
1672105409656 78 16949
1672105423826 78 16999
1672105438142 78 17049
1672105452336 78 17099
1672105470751 78 17142
1672105473986 79 17142
1672105476677 79 17149
1672105490914 79 17199
1672105505262 79 17249
1672105519586 79 17299
1672105533919 79 17349
1672105543022 79 17359
1672105546161 80 17359
1672105558280 80 17399
1672105572645 80 17449
1672105586852 80 17499
1672105601055 80 17549
1672105614923 80 17576
1672105618104 81 17576
1672105625357 81 17599
1672105639578 81 17649
1672105654005 81 17699
1672105668256 81 17749
1672105687273 81 17793
1672105690470 82 17793
1672105692861 82 17799
1672105707309 82 17849
1672105721760 82 17899
1672105736019 82 17949
1672105750310 82 17999
1672105759718 82 18010
1672105762915 83 18010
1672105774759 83 18049
1672105789125 83 18099
1672105803674 83 18149
1672105818099 83 18199
1672105832453 83 18227
1672105835651 84 18227
1672105842668 84 18249
1672105856847 84 18299
1672105871008 84 18349
1672105885150 84 18399
1672105904283 84 18444
1672105907452 85 18444
1672105909593 85 18449
1672105924115 85 18499
1672105938522 85 18549
1672105952874 85 18599
1672105967183 85 18649
1672105977000 85 18661
1672105980207 86 18661
1672105991706 86 18699
1672106005884 86 18749
1672106020026 86 18799
1672106034301 86 18849
1672106048730 86 18878
1672106051919 87 18878
1672106058623 87 18899
1672106073050 87 18949
1672106087552 87 18999
1672106101939 87 19049
1672106121351 87 19095
1672106124565 88 19095
1672106126371 88 19099
1672106140662 88 19149
1672106154865 88 19199
1672106169063 88 19249
1672106183263 88 19299
1672106193318 88 19312
1672106196553 89 19312
1672106207778 89 19349
1672106222281 89 19399
1672106236485 89 19449
1672106250870 89 19499
1672106265794 89 19529
1672106268989 90 19529
1672106275407 90 19549
1672106289661 90 19599
1672106303899 90 19649
1672106318179 90 19699
1672106338259 90 19746
1672106341470 91 19746
1672106343016 91 19749
1672106357247 91 19799
1672106371529 91 19849
1672106385860 91 19899
1672106400052 91 19949
1672106410306 91 19963
1672106413476 92 19963
1672106424412 92 19999
1672106438662 92 20049
1672106452901 92 20099
1672106467348 92 20149
1672106482605 92 20180
1672106485844 93 20180
1672106492124 93 20199
1672106506246 93 20249
1672106520486 93 20299
1672106534614 93 20349
1672106554243 93 20397
1672106557476 94 20397
1672106558751 94 20399
1672106572989 94 20449
1672106587228 94 20499
1672106601586 94 20549
1672106616087 94 20599
1672106626530 94 20614
1672106629689 95 20614
1672106640501 95 20649
1672106654895 95 20699
1672106669171 95 20749
1672106683451 95 20799
1672106698774 95 20831
1672106701900 96 20831
1672106707748 96 20849
1672106722178 96 20899
1672106736707 96 20949
1672106751119 96 20999
1672106771418 96 21048
1672106774623 97 21048
1672106775663 97 21049
1672106790054 97 21099
1672106804399 97 21149
1672106818731 97 21199
1672106833191 97 21249
1672106844002 97 21265
1672106847250 98 21265
1672106857750 98 21299
1672106872071 98 21349
1672106886333 98 21399
1672106900562 98 21449
1672106916210 98 21482
1672106919410 99 21482
1672106925004 99 21499
1672106939248 99 21549
1672106953624 99 21599
1672106967979 99 21649
1672106982134 99 21699
1672106988763 99 21699
1672106992000 100 21699
1672107006829 100 21749
1672107021040 100 21799
1672107035249 100 21849
1672107049406 100 21899
1672107060393 100 21916
1672107063579 101 21916
1672107073725 101 21949
1672107088063 101 21999
1672107102284 101 22049
1672107116769 101 22099
1672107132854 101 22133
1672107136026 102 22133
1672107141345 102 22149
1672107155533 102 22199
1672107169759 102 22249
1672107183984 102 22299
1672107198162 102 22349
1672107204701 102 22350
1672107207919 103 22350
1672107222681 103 22399
1672107236850 103 22449
1672107251195 103 22499
1672107265436 103 22549
1672107277119 103 22567
1672107280328 104 22567
1672107290351 104 22599
1672107305021 104 22649
1672107319746 104 22699
1672107334772 104 22749
1672107353628 104 22784
1672107357802 105 22784
1672107363322 105 22799
1672107378455 105 22849
1672107393064 105 22899
1672107407686 105 22949
1672107422274 105 22999
1672107429859 105 23001
1672107433497 106 23001
1672107448433 106 23049
1672107463180 106 23099
1672107478123 106 23149
1672107493233 106 23199
1672107505755 106 23218
1672107509236 107 23218
1672107519185 107 23249
1672107533964 107 23299
1672107548711 107 23349
1672107563445 107 23399
1672107581231 107 23435
1672107584754 108 23435
1672107589671 108 23449
1672107604749 108 23499
1672107619584 108 23549
1672107634425 108 23599
1672107649060 108 23649
1672107657024 108 23652
1672107660546 109 23652
1672107675013 109 23699
1672107689680 109 23749
1672107704320 109 23799
1672107719152 109 23849
1672107732055 109 23869
1672107735548 110 23869
1672107745101 110 23899
1672107760088 110 23949
1672107775078 110 23999
1672107789843 110 24049
1672107807705 110 24086
1672107811296 111 24086
1672107815911 111 24099
1672107830742 111 24149
1672107845628 111 24199
1672107860866 111 24249
1672107875736 111 24299
1672107883824 111 24303
1672107887378 112 24303
1672107901720 112 24349
1672107916632 112 24399
1672107931351 112 24449
1672107946112 112 24499
1672107959171 112 24520
1672107962741 113 24520
1672107972063 113 24549
1672107987173 113 24599
1672108001919 113 24649
1672108016615 113 24699
1672108034831 113 24737
1672108038383 114 24737
1672108042723 114 24749
1672108057636 114 24799
1672108072440 114 24849
1672108087142 114 24899
1672108101897 114 24949
1672108110837 114 24954
1672108114376 115 24954
1672108128437 115 24999
1672108143353 115 25049
1672108158056 115 25099
1672108172787 115 25149
1672108186378 115 25171
1672108189983 116 25171
1672108199246 116 25199
1672108214209 116 25249
1672108229022 116 25299
1672108244020 116 25349
1672108262471 116 25388
1672108266017 117 25388
1672108270068 117 25399
1672108285118 117 25449
1672108299977 117 25499
1672108314816 117 25549
1672108330035 117 25599
1672108338886 117 25605
1672108342464 118 25605
1672108356355 118 25649
1672108371041 118 25699
1672108385703 118 25749
1672108400487 118 25799
1672108414267 118 25822
1672108417841 119 25822
1672108426598 119 25849
1672108441356 119 25899
1672108456173 119 25949
1672108471112 119 25999
1672108489585 119 26039
1672108493208 120 26039
1672108496972 120 26049
1672108511999 120 26099
1672108526877 120 26149
1672108542057 120 26199
1672108556813 120 26249
1672108565940 120 26256
1672108569478 121 26256
1672108583067 121 26299
1672108597784 121 26349
1672108612491 121 26399
1672108627193 121 26449
1672108641298 121 26473
1672108644943 122 26473
1672108653535 122 26499
1672108668444 122 26549
1672108683397 122 26599
1672108698174 122 26649
1672108717121 122 26690
1672108720734 123 26690
1672108724229 123 26699
1672108738895 123 26749
1672108753543 123 26799
1672108768232 123 26849
1672108783076 123 26899
1672108792603 123 26907
1672108796124 124 26907
1672108809707 124 26949
1672108824637 124 26999
1672108839425 124 27049
1672108854279 124 27099
1672108868477 124 27124
1672108872039 125 27124
1672108880209 125 27149
1672108895038 125 27199
1672108909808 125 27249
1672108924785 125 27299
1672108944419 125 27341
1672108948028 126 27341
1672108951370 126 27349
1672108966194 126 27399
1672108981012 126 27449
1672108995831 126 27499
1672109010667 126 27549
1672109020371 126 27558
1672109023897 127 27558
1672109036786 127 27599
1672109051700 127 27649
1672109066704 127 27699
1672109081689 127 27749
1672109097258 127 27775
1672109100795 128 27775
1672109108696 128 27799
1672109123613 128 27849
1672109138371 128 27899
1672109153091 128 27949
1672109172578 128 27992
1672109176200 129 27992
1672109179128 129 27999
1672109194077 129 28049
1672109208982 129 28099
1672109224035 129 28149
1672109238922 129 28199
1672109248911 129 28209
1672109252562 130 28209
1672109265176 130 28249
1672109279917 130 28299
1672109294612 130 28349
1672109309293 130 28399
1672109324560 130 28426
1672109328176 131 28426
1672109335771 131 28449
1672109350886 131 28499
1672109365706 131 28549
1672109380832 131 28599
1672109400892 131 28643
1672109404441 132 28643
1672109406968 132 28649
1672109421787 132 28699
1672109436532 132 28749
1672109451181 132 28799
1672109466013 132 28849
1672109476674 132 28860
1672109480261 133 28860
1672109492492 133 28899
1672109507300 133 28949
1672109522285 133 28999
1672109537054 133 29049
1672109552457 133 29077
1672109555933 134 29077
1672109563192 134 29099
1672109577834 134 29149
1672109592568 134 29199
1672109607273 134 29249
1672109628009 134 29294
1672109631615 135 29294
1672109633884 135 29299
1672109648623 135 29349
1672109663376 135 29399
1672109678286 135 29449
1672109692943 135 29499
1672109703676 135 29511
1672109707275 136 29511
1672109719238 136 29549
1672109734030 136 29599
1672109748733 136 29649
1672109763975 136 29699
1672109779577 136 29728
1672109783080 137 29728
1672109790192 137 29749
1672109805070 137 29799
1672109819775 137 29849
1672109834498 137 29899
1672109854811 137 29945
1672109858348 138 29945
1672109860312 138 29949
1672109875034 138 29999
1672109890443 138 30049
1672109905197 138 30099
1672109920029 138 30149
1672109930875 138 30162
1672109934498 139 30162
1672109946393 139 30199
1672109961110 139 30249
1672109975861 139 30299
1672109990518 139 30349
1672110006829 139 30379
1672110010415 140 30379
1672110017289 140 30399
1672110031998 140 30449
1672110046674 140 30499
1672110061311 140 30549
1672110081954 140 30596
1672110085501 141 30596
1672110087183 141 30599
1672110101821 141 30649
1672110116715 141 30699
1672110131609 141 30749
1672110146351 141 30799
1672110157571 141 30813
1672110161091 142 30813
1672110172613 142 30849
1672110187551 142 30899
1672110202458 142 30949
1672110217284 142 30999
1672110233565 142 31030
1672110237180 143 31030
1672110243733 143 31049
1672110258423 143 31099
1672110273174 143 31149
1672110287731 143 31199
1672110308419 143 31247
1672110311725 144 31247
1672110313025 144 31249
1672110327439 144 31299
1672110341889 144 31349
1672110356339 144 31399
1672110370779 144 31449
1672110381725 144 31464
1672110384998 145 31464
1672110396011 145 31499
1672110410771 145 31549
1672110425233 145 31599
1672110439857 145 31649
1672110455513 145 31681
1672110458728 146 31681
1672110464709 146 31699
1672110479266 146 31749
1672110493821 146 31799
1672110508382 146 31849
1672110529353 146 31898
1672110532609 147 31898
1672110533660 147 31899
1672110548400 147 31949
1672110562882 147 31999
1672110577523 147 32049
1672110592008 147 32099
1672110603285 147 32115
1672110606510 148 32115
1672110617077 148 32149
1672110631556 148 32199
1672110646017 148 32249
1672110660781 148 32299
1672110678315 148 32332
1672110682500 149 32332
1672110688518 149 32349
1672110703595 149 32399
1672110718247 149 32449
1672110732856 149 32499
1672110747255 149 32549
1672110754384 149 32549
1672110757748 150 32549
