1672099844924 0.0 216
1672099916102 0.0 433
1672099987949 0.0 650
1672100059666 0.0 867
1672100131997 0.0 1084
1672100203577 0.0 1301
1672100275528 0.0 1518
1672100347579 0.0 1735
1672100419565 0.0 1952
1672100491715 0.0 2169
1672100563618 0.0 2386
1672100636190 0.0 2603
1672100707841 0.0 2820
1672100780071 0.0 3037
1672100852064 0.0 3254
1672100924343 0.0 3471
1672100996381 0.0 3688
1672101068693 0.0 3905
1672101140403 0.0 4122
1672101212617 0.25 4339
1672101284951 0.0 4556
1672101356884 0.0 4773
1672101429147 0.25 4990
1672101501207 0.25 5207
1672101572955 1.0 5424
1672101644479 0.5 5641
1672101716828 0.5 5858
1672101788887 0.0 6075
1672101860852 0.25 6292
1672101933056 0.25 6509
1672102005318 0.25 6726
1672102077436 1.0 6943
1672102149250 0.25 7160
1672102221702 0.5 7377
1672102293605 1.25 7594
1672102366031 1.5 7811
1672102437825 1.25 8028
1672102510537 1.0 8245
1672102582331 1.25 8462
1672102654069 1.5 8679
1672102726189 1.75 8896
1672102798397 1.0 9113
1672102870509 1.0 9330
1672102942573 1.75 9547
1672103015009 1.5 9764
1672103087347 1.75 9981
1672103159611 1.25 10198
1672103231720 1.5 10415
1672103303795 1.5 10632
1672103375642 1.75 10849
1672103447977 2.0 11066
1672103520513 1.25 11283
1672103592548 1.75 11500
1672103665082 2.0 11717
1672103737099 1.75 11934
1672103809306 1.5 12151
1672103881982 1.75 12368
1672103954353 1.75 12585
1672104026450 2.0 12802
1672104098560 2.25 13019
1672104170823 1.75 13236
1672104243500 1.75 13453
1672104315603 1.75 13670
1672104387844 1.75 13887
1672104459565 2.0 14104
1672104531839 2.5 14321
1672104604272 1.75 14538
1672104676561 2.0 14755
1672104748644 2.25 14972
1672104820586 1.75 15189
1672104892791 1.75 15406
1672104964644 1.75 15623
1672105037368 2.25 15840
1672105109682 2.25 16057
1672105182110 3.25 16274
1672105254331 1.75 16491
1672105326543 2.75 16708
1672105398949 1.75 16925
1672105470751 2.5 17142
1672105543022 3.0 17359
1672105614923 2.5 17576
1672105687273 2.5 17793
1672105759718 1.75 18010
1672105832453 2.0 18227
1672105904283 3.5 18444
1672105977000 4.25 18661
1672106048730 3.75 18878
1672106121351 2.0 19095
1672106193318 3.25 19312
1672106265794 1.5 19529
1672106338259 2.25 19746
1672106410306 2.5 19963
1672106482605 3.5 20180
1672106554243 7.0 20397
1672106626530 4.5 20614
1672106698774 2.25 20831
1672106771418 2.0 21048
1672106844002 2.0 21265
1672106916210 2.25 21482
1672106988763 3.75 21699
1672107060393 4.5 21916
1672107132854 3.75 22133
1672107204701 4.75 22350
1672107277119 4.25 22567
1672107353628 3.75 22784
1672107429859 3.0 23001
1672107505755 2.5 23218
1672107581231 4.25 23435
1672107657024 2.25 23652
1672107732055 2.0 23869
1672107807705 4.5 24086
1672107883824 1.75 24303
1672107959171 3.75 24520
1672108034831 1.75 24737
1672108110837 6.25 24954
1672108186378 5.25 25171
1672108262471 2.25 25388
1672108338886 3.75 25605
1672108414267 4.25 25822
1672108489585 2.25 26039
1672108565940 3.0 26256
1672108641298 3.0 26473
1672108717121 2.0 26690
1672108792603 3.75 26907
1672108868477 3.75 27124
1672108944419 4.5 27341
1672109020371 4.75 27558
1672109097258 4.0 27775
1672109172578 1.75 27992
1672109248911 3.5 28209
1672109324560 5.75 28426
1672109400892 3.0 28643
1672109476674 3.25 28860
1672109552457 3.0 29077
1672109628009 6.5 29294
1672109703676 3.5 29511
1672109779577 3.5 29728
1672109854811 1.75 29945
1672109930875 4.75 30162
1672110006829 4.0 30379
1672110081954 2.25 30596
1672110157571 5.0 30813
1672110233565 3.25 31030
1672110308419 3.25 31247
1672110381725 3.0 31464
1672110455513 3.5 31681
1672110529353 3.75 31898
1672110603285 5.25 32115
1672110678315 2.25 32332
1672110754384 3.0 32549
