1672099791017 0.7083333730697632 49
1672099805171 0.9166666865348816 99
1672099819451 0.75 149
1672099833853 0.75 199
1672099857998 0.8333333134651184 249
1672099872135 0.75 299
1672099886290 0.875 349
1672099900393 0.6875 399
1672099924396 0.5625 449
1672099938764 0.9166666865348816 499
1672099952991 0.7916666865348816 549
1672099967235 0.75 599
1672099981358 0.7916666865348816 649
1672100005765 0.625 699
1672100019978 0.8125 749
1672100034224 0.6666666865348816 799
1672100048475 0.2916666865348816 849
1672100072899 0.8333333730697632 899
1672100087119 0.6499999761581421 949
1672100101619 0.6666666865348816 999
1672100115871 0.949999988079071 1049
1672100140036 0.8541666865348816 1099
1672100154243 0.6666666865348816 1149
1672100168385 0.6875 1199
1672100182523 0.6875 1249
1672100196862 0.75 1299
1672100221271 0.9375 1349
1672100235627 0.6041666865348816 1399
1672100249859 1.0 1449
1672100264066 0.6666666865348816 1499
1672100288229 0.9166666865348816 1549
1672100302416 0.9166666865348816 1599
1672100316922 0.7916666865348816 1649
1672100331220 0.4000000059604645 1699
1672100355444 0.5249999761581421 1749
1672100369874 0.8333333730697632 1799
1672100384101 1.0 1849
1672100398340 0.9375 1899
1672100412581 0.9583333134651184 1949
1672100436706 0.875 1999
1672100450913 0.8541666865348816 2049
1672100465449 0.6166666746139526 2099
1672100479796 1.0 2149
1672100504115 0.7333333492279053 2199
1672100518345 0.8333333730697632 2249
1672100532668 0.625 2299
1672100546886 0.9375 2349
1672100571105 1.0 2399
1672100585489 0.9375 2449
1672100600045 0.949999988079071 2499
1672100614395 0.8333333730697632 2549
1672100628833 0.75 2599
1672100652988 0.5 2649
1672100667169 0.75 2699
1672100681444 0.8125 2749
1672100695571 0.75 2799
1672100719921 0.8333333730697632 2849
1672100734295 0.5 2899
1672100748504 0.75 2949
1672100762875 0.9166666865348816 2999
1672100787324 0.8541666865348816 3049
1672100801577 0.6875 3099
1672100815790 0.875 3149
1672100830030 0.75 3199
1672100844360 0.6666666865348816 3249
1672100868890 0.625 3299
1672100883135 0.9166666865348816 3349
1672100897497 0.699999988079071 3399
1672100911872 0.375 3449
1672100936161 0.9375 3499
1672100950382 1.0 3549
1672100964753 0.9375 3599
1672100978946 0.9166666865348816 3649
1672101003368 0.25 3699
1672101017807 0.6708333492279053 3749
1672101032204 1.0 3799
1672101046604 0.6666666865348816 3849
1672101060816 0.8333333730697632 3899
1672101084975 0.875 3949
1672101099165 0.8999999761581421 3999
1672101113498 0.75 4049
1672101127681 0.6875 4099
1672101152132 0.9166666865348816 4149
1672101166312 0.9375 4199
1672101180687 1.0 4249
1672101194872 1.0 4299
1672101219369 1.0 4349
1672101233534 0.9166666865348816 4399
1672101247883 0.75 4449
1672101262353 1.0 4499
1672101276535 0.7916666865348816 4549
1672101301069 0.9166666865348816 4599
1672101315296 1.0 4649
1672101329690 0.9166666865348816 4699
1672101343888 0.75 4749
1672101368268 0.75 4799
1672101382584 0.574999988079071 4849
1672101397121 1.0 4899
1672101411341 0.6000000238418579 4949
1672101435599 0.7708333134651184 4999
1672101449839 0.75 5049
1672101464218 0.6666666865348816 5099
1672101478464 0.8333333730697632 5149
1672101492672 0.7916666865348816 5199
1672101517006 1.0 5249
1672101531300 0.7916666865348816 5299
1672101545453 0.9166666865348816 5349
1672101559662 0.6499999761581421 5399
1672101583903 0.6666666865348816 5449
1672101598085 0.7916666865348816 5499
1672101612356 1.0 5549
1672101626518 0.6666666865348816 5599
1672101650792 0.5208333730697632 5649
1672101665072 0.875 5699
1672101679461 1.0 5749
1672101693682 0.8541666865348816 5799
1672101708035 0.8333333134651184 5849
1672101732291 0.875 5899
1672101746515 1.0 5949
1672101760876 0.875 5999
1672101775091 0.6666666865348816 6049
1672101799492 0.375 6099
1672101813880 0.6666666865348816 6149
1672101828102 0.5 6199
1672101842470 1.0 6249
1672101866758 0.75 6299
1672101881174 0.625 6349
1672101895451 0.7291666865348816 6399
1672101909921 0.625 6449
1672101924138 0.9375 6499
1672101948578 0.875 6549
1672101962974 0.875 6599
1672101977220 0.5833333134651184 6649
1672101991452 0.75 6699
1672102015732 0.949999988079071 6749
1672102029973 0.625 6799
1672102044318 0.875 6849
1672102058562 0.887499988079071 6899
1672102083046 0.875 6949
1672102097267 0.5416666865348816 6999
1672102111508 0.6666666865348816 7049
1672102125742 0.5 7099
1672102139962 1.0 7149
1672102164315 0.9166666865348816 7199
1672102178513 0.949999988079071 7249
1672102192881 0.625 7299
1672102207241 0.9166666865348816 7349
1672102231785 1.0 7399
1672102246006 0.8666666746139526 7449
1672102260199 0.4166666865348816 7499
1672102274583 0.75 7549
1672102298888 0.6666666865348816 7599
1672102313159 0.9166666865348816 7649
1672102327685 0.875 7699
1672102342019 0.4166666865348816 7749
1672102356384 0.6666666865348816 7799
1672102380674 0.625 7849
1672102394901 0.75 7899
1672102409117 0.75 7949
1672102423340 1.0 7999
1672102447665 1.0 8049
1672102462101 0.6875 8099
1672102476482 0.7708333730697632 8149
1672102490953 0.8333333134651184 8199
1672102515518 0.5833333134651184 8249
1672102529746 0.9375 8299
1672102543905 0.9166666865348816 8349
1672102558060 0.5833333730697632 8399
1672102572234 0.5625 8449
1672102596844 0.875 8499
1672102611177 0.6666666865348816 8549
1672102625348 1.0 8599
1672102639497 1.0 8649
1672102663570 1.0 8699
1672102677979 0.25 8749
1672102692239 0.8125 8799
1672102706497 1.0 8849
1672102730911 0.8333333134651184 8899
1672102745165 0.5833333730697632 8949
1672102759410 0.375 8999
1672102773782 0.9375 9049
1672102788138 0.9375 9099
1672102812522 0.9375 9149
1672102826804 0.8999999761581421 9199
1672102841122 0.9166666865348816 9249
1672102855460 0.75 9299
1672102879839 0.699999988079071 9349
1672102894185 1.0 9399
1672102908388 0.7083333730697632 9449
1672102922576 0.8541666865348816 9499
1672102946973 1.0 9549
1672102961360 0.875 9599
1672102975788 1.0 9649
1672102990063 0.75 9699
1672103004631 0.75 9749
1672103028846 0.5 9799
1672103043114 0.875 9849
1672103057332 0.887499988079071 9899
1672103071593 0.9166666865348816 9949
1672103096211 0.9166666865348816 9999
1672103110649 0.625 10049
1672103125056 1.0 10099
1672103139450 0.875 10149
1672103163731 1.0 10199
1672103178012 0.6875 10249
1672103192251 0.6875 10299
1672103206484 0.6666666865348816 10349
1672103220864 0.4166666865348816 10399
1672103245406 0.8541666865348816 10449
1672103259635 0.875 10499
1672103273815 0.625 10549
1672103288146 0.5416666865348816 10599
1672103312429 0.875 10649
1672103326665 1.0 10699
1672103341017 0.875 10749
1672103355261 0.75 10799
1672103369278 0.5 10849
1672103393994 0.75 10899
1672103408195 0.7916666865348816 10949
1672103422398 0.4166666865348816 10999
1672103436774 0.75 11049
1672103461305 0.75 11099
1672103475778 0.9375 11149
1672103490166 1.0 11199
1672103504434 0.9375 11249
1672103529076 0.8999999761581421 11299
1672103543301 0.4166666865348816 11349
1672103557560 1.0 11399
1672103571742 1.0 11449
1672103586071 0.9166666865348816 11499
1672103610604 0.6666666865348816 11549
1672103624868 0.75 11599
1672103639262 0.6041666865348816 11649
1672103653558 0.9166666865348816 11699
1672103678096 0.7291666865348816 11749
1672103692313 0.5 11799
1672103706515 0.75 11849
1672103720868 0.7916666865348816 11899
1672103745197 0.8999999761581421 11949
1672103759592 0.5416666865348816 11999
1672103773818 0.8166667222976685 12049
1672103788169 0.9166666865348816 12099
1672103802373 0.5625 12149
1672103827214 0.9375 12199
1672103841646 0.75 12249
1672103856032 0.6875 12299
1672103870370 0.5 12349
1672103894689 0.875 12399
1672103909120 1.0 12449
1672103923511 0.9166666865348816 12499
1672103937786 0.5625 12549
1672103962186 0.625 12599
1672103976536 0.6666666865348816 12649
1672103990881 1.0 12699
1672104005075 0.9375 12749
1672104019401 1.0 12799
1672104043657 1.0 12849
1672104057862 0.75 12899
1672104072128 0.6875 12949
1672104086465 0.375 12999
1672104111125 0.9166666865348816 13049
1672104125553 0.8166666626930237 13099
1672104139797 0.7083333730697632 13149
1672104154030 0.9166666865348816 13199
1672104178425 0.9166666865348816 13249
1672104192662 0.75 13299
1672104206979 0.7083333134651184 13349
1672104221713 0.7916666865348816 13399
1672104236174 0.2916666865348816 13449
1672104260453 0.875 13499
1672104274896 0.8999999761581421 13549
1672104289113 0.9375 13599
1672104303326 0.9166666865348816 13649
1672104327754 0.9166666865348816 13699
1672104342216 0.9375 13749
1672104356551 0.5666666626930237 13799
1672104370753 0.9166666865348816 13849
1672104395163 0.7916666865348816 13899
1672104409325 0.5625 13949
1672104423528 0.7916666865348816 13999
1672104437687 0.875 14049
1672104451841 0.75 14099
1672104476423 0.75 14149
1672104490660 0.75 14199
1672104504864 0.4833333492279053 14249
1672104519370 0.5416666865348816 14299
1672104543773 0.4583333432674408 14349
1672104558073 1.0 14399
1672104572329 0.75 14449
1672104586580 0.875 14499
1672104611373 0.5625 14549
1672104625590 0.75 14599
1672104639923 1.0 14649
1672104654263 0.75 14699
1672104668483 0.824999988079071 14749
1672104692882 0.7916666865348816 14799
1672104707193 0.8333333730697632 14849
1672104721560 0.6666666865348816 14899
1672104735904 0.9166666865348816 14949
1672104760108 0.625 14999
1672104774431 0.875 15049
1672104788756 0.4375 15099
1672104803050 0.699999988079071 15149
1672104827286 0.75 15199
1672104841647 0.6666666865348816 15249
1672104855871 0.5666667222976685 15299
1672104870108 0.824999988079071 15349
1672104884332 0.9375 15399
1672104908877 0.5833333730697632 15449
1672104923142 0.7500000596046448 15499
1672104937364 0.9583333134651184 15549
1672104951584 0.9583333134651184 15599
1672104975884 0.7291666865348816 15649
1672104990188 0.949999988079071 15699
1672105004625 0.9375 15749
1672105019177 0.8041666746139526 15799
1672105043847 0.6666666865348816 15849
1672105058236 0.75 15899
1672105072476 0.75 15949
1672105086733 0.75 15999
1672105100980 0.6666666865348816 16049
1672105125544 0.699999988079071 16099
1672105139904 0.5 16149
1672105154376 0.9166666865348816 16199
1672105168580 0.6666666865348816 16249
1672105193141 0.5833333134651184 16299
1672105207397 0.625 16349
1672105221675 0.8666666746139526 16399
1672105235958 0.75 16449
1672105260537 0.6666666865348816 16499
1672105274905 0.625 16549
1672105289134 0.8166667222976685 16599
1672105303490 1.0 16649
1672105317801 0.3125 16699
1672105342225 0.75 16749
1672105356451 0.75 16799
1672105370683 0.875 16849
1672105385212 1.0 16899
1672105409656 0.8125 16949
1672105423826 1.0 16999
1672105438142 0.9166666865348816 17049
1672105452336 0.7916666865348816 17099
1672105476677 0.9375 17149
1672105490914 0.6666666865348816 17199
1672105505262 0.6666666865348816 17249
1672105519586 0.4375 17299
1672105533919 0.6666666865348816 17349
1672105558280 0.875 17399
1672105572645 0.875 17449
1672105586852 0.7708333730697632 17499
1672105601055 0.75 17549
1672105625357 0.9166666865348816 17599
1672105639578 0.75 17649
1672105654005 0.8333333134651184 17699
1672105668256 0.8333333730697632 17749
1672105692861 0.9375 17799
1672105707309 0.949999988079071 17849
1672105721760 1.0 17899
1672105736019 0.5833333134651184 17949
1672105750310 0.574999988079071 17999
1672105774759 0.625 18049
1672105789125 0.75 18099
1672105803674 0.9166666865348816 18149
1672105818099 1.0 18199
1672105842668 1.0 18249
1672105856847 0.6875 18299
1672105871008 0.5 18349
1672105885150 0.6875 18399
1672105909593 0.6666666865348816 18449
1672105924115 0.875 18499
1672105938522 1.0 18549
1672105952874 0.75 18599
1672105967183 1.0 18649
1672105991706 0.7291666865348816 18699
1672106005884 1.0 18749
1672106020026 0.8999999761581421 18799
1672106034301 0.8666666746139526 18849
1672106058623 0.875 18899
1672106073050 0.5333333015441895 18949
1672106087552 0.8374999761581421 18999
1672106101939 0.4000000059604645 19049
1672106126371 0.75 19099
1672106140662 0.7916666865348816 19149
1672106154865 0.6666666865348816 19199
1672106169063 0.9583333134651184 19249
1672106183263 0.4583333432674408 19299
1672106207778 0.875 19349
1672106222281 1.0 19399
1672106236485 1.0 19449
1672106250870 0.8333333730697632 19499
1672106275407 0.8666666746139526 19549
1672106289661 0.9375 19599
1672106303899 0.699999988079071 19649
1672106318179 0.9166666865348816 19699
1672106343016 0.699999988079071 19749
1672106357247 0.7916666865348816 19799
1672106371529 0.625 19849
1672106385860 0.949999988079071 19899
1672106400052 1.0 19949
1672106424412 0.7916666865348816 19999
1672106438662 0.7916666865348816 20049
1672106452901 1.0 20099
1672106467348 0.9375 20149
1672106492124 0.9375 20199
1672106506246 0.7250000238418579 20249
1672106520486 0.875 20299
1672106534614 0.875 20349
1672106558751 0.7500000596046448 20399
1672106572989 0.875 20449
1672106587228 0.5625 20499
1672106601586 0.75 20549
1672106616087 0.75 20599
1672106640501 0.7916666865348816 20649
1672106654895 0.7083333730697632 20699
1672106669171 0.625 20749
1672106683451 0.5416666865348816 20799
1672106707748 0.5833333730697632 20849
1672106722178 0.5416666865348816 20899
1672106736707 0.75 20949
1672106751119 0.875 20999
1672106775663 0.875 21049
1672106790054 0.7916666865348816 21099
1672106804399 0.7291666865348816 21149
1672106818731 0.875 21199
1672106833191 0.6041666865348816 21249
1672106857750 0.8333333730697632 21299
1672106872071 0.75 21349
1672106886333 0.3750000298023224 21399
1672106900562 0.5416666865348816 21449
1672106925004 0.875 21499
1672106939248 0.75 21549
1672106953624 0.8333333730697632 21599
1672106967979 1.0 21649
1672106982134 0.0 21699
1672107006829 1.0 21749
1672107021040 0.9375 21799
1672107035249 0.8125 21849
1672107049406 0.8333333730697632 21899
1672107073725 0.6166666746139526 21949
1672107088063 0.75 21999
1672107102284 0.6666666865348816 22049
1672107116769 0.9166666865348816 22099
1672107141345 0.7916666865348816 22149
1672107155533 0.75 22199
1672107169759 0.75 22249
1672107183984 0.875 22299
1672107198162 0.625 22349
1672107222681 0.6458333730697632 22399
1672107236850 0.9166666865348816 22449
1672107251195 0.699999988079071 22499
1672107265436 0.75 22549
1672107290351 0.9166666865348816 22599
1672107305021 1.0 22649
1672107319746 0.4583333432674408 22699
1672107334772 0.75 22749
1672107363322 0.7976190447807312 22799
1672107378455 0.7916666865348816 22849
1672107393064 0.5416666865348816 22899
1672107407686 0.8333333730697632 22949
1672107422274 0.7083333730697632 22999
1672107448433 1.0 23049
1672107463180 0.7916666865348816 23099
1672107478123 0.9166666865348816 23149
1672107493233 0.699999988079071 23199
1672107519185 0.6875 23249
1672107533964 0.1666666716337204 23299
1672107548711 0.875 23349
1672107563445 0.75 23399
1672107589671 0.75 23449
1672107604749 0.6875 23499
1672107619584 0.5416666865348816 23549
1672107634425 0.625 23599
1672107649060 0.8125 23649
1672107675013 0.9375 23699
1672107689680 0.9166666865348816 23749
1672107704320 0.824999988079071 23799
1672107719152 0.8666666746139526 23849
1672107745101 1.0 23899
1672107760088 1.0 23949
1672107775078 1.0 23999
1672107789843 0.7749999761581421 24049
1672107815911 0.9375 24099
1672107830742 0.8333333730697632 24149
1672107845628 0.8333333134651184 24199
1672107860866 1.0 24249
1672107875736 0.875 24299
1672107901720 0.75 24349
1672107916632 0.875 24399
1672107931351 0.75 24449
1672107946112 0.5 24499
1672107972063 1.0 24549
1672107987173 0.6875 24599
1672108001919 0.875 24649
1672108016615 0.9642857313156128 24699
1672108042723 0.7916666865348816 24749
1672108057636 0.5 24799
1672108072440 0.6166666746139526 24849
1672108087142 0.6499999761581421 24899
1672108101897 1.0 24949
1672108128437 1.0 24999
1672108143353 0.75 25049
1672108158056 0.9375 25099
1672108172787 0.6666666865348816 25149
1672108199246 0.6499999761581421 25199
1672108214209 0.5625 25249
1672108229022 0.875 25299
1672108244020 0.9375 25349
1672108270068 1.0 25399
1672108285118 0.762499988079071 25449
1672108299977 0.7083333134651184 25499
1672108314816 0.6666666865348816 25549
1672108330035 0.625 25599
1672108356355 1.0 25649
1672108371041 0.9166666865348816 25699
1672108385703 0.875 25749
1672108400487 0.75 25799
1672108426598 0.75 25849
1672108441356 0.7749999761581421 25899
1672108456173 0.75 25949
1672108471112 0.875 25999
1672108496972 0.8125 26049
1672108511999 0.5833333730697632 26099
1672108526877 0.625 26149
1672108542057 0.5 26199
1672108556813 0.6666666865348816 26249
1672108583067 0.5416666865348816 26299
1672108597784 0.8541666865348816 26349
1672108612491 0.8333333730697632 26399
1672108627193 0.875 26449
1672108653535 0.6666666865348816 26499
1672108668444 0.875 26549
1672108683397 0.5625 26599
1672108698174 0.8125 26649
1672108724229 0.8333333730697632 26699
1672108738895 0.8333333134651184 26749
1672108753543 0.625 26799
1672108768232 1.0 26849
1672108783076 0.9375 26899
1672108809707 0.8666666746139526 26949
1672108824637 0.44999998807907104 26999
1672108839425 0.8333333134651184 27049
1672108854279 0.75 27099
1672108880209 0.949999988079071 27149
1672108895038 0.6875 27199
1672108909808 0.5 27249
1672108924785 0.75 27299
1672108951370 1.0 27349
1672108966194 1.0 27399
1672108981012 0.949999988079071 27449
1672108995831 1.0 27499
1672109010667 0.7833333611488342 27549
1672109036786 0.49166667461395264 27599
1672109051700 0.875 27649
1672109066704 1.0 27699
1672109081689 1.0 27749
1672109108696 0.8125 27799
1672109123613 0.875 27849
1672109138371 0.7916666865348816 27899
1672109153091 0.75 27949
1672109179128 0.75 27999
1672109194077 0.949999988079071 28049
1672109208982 1.0 28099
1672109224035 0.9375 28149
1672109238922 0.7916666865348816 28199
1672109265176 0.6875 28249
1672109279917 0.5 28299
1672109294612 0.8125 28349
1672109309293 0.9166666865348816 28399
1672109335771 0.8666666746139526 28449
1672109350886 1.0 28499
1672109365706 0.5 28549
1672109380832 0.887499988079071 28599
1672109406968 1.0 28649
1672109421787 1.0 28699
1672109436532 0.699999988079071 28749
1672109451181 0.5 28799
1672109466013 0.7083333134651184 28849
1672109492492 0.75 28899
1672109507300 0.8125 28949
1672109522285 0.6666666865348816 28999
1672109537054 0.7916666865348816 29049
1672109563192 0.5 29099
1672109577834 0.75 29149
1672109592568 0.75 29199
1672109607273 0.8666666746139526 29249
1672109633884 1.0 29299
1672109648623 0.625 29349
1672109663376 0.8333333730697632 29399
1672109678286 0.824999988079071 29449
1672109692943 0.5 29499
1672109719238 0.75 29549
1672109734030 0.9375 29599
1672109748733 0.7916666865348816 29649
1672109763975 0.75 29699
1672109790192 0.75 29749
1672109805070 0.75 29799
1672109819775 0.8125 29849
1672109834498 0.5625 29899
1672109860312 0.75 29949
1672109875034 0.9375 29999
1672109890443 1.0 30049
1672109905197 0.875 30099
1672109920029 0.7875000238418579 30149
1672109946393 0.7916666865348816 30199
1672109961110 0.625 30249
1672109975861 0.875 30299
1672109990518 0.875 30349
1672110017289 1.0 30399
1672110031998 0.7083333134651184 30449
1672110046674 0.875 30499
1672110061311 0.75 30549
1672110087183 0.5 30599
1672110101821 0.9166666865348816 30649
1672110116715 0.75 30699
1672110131609 0.8166666626930237 30749
1672110146351 0.75 30799
1672110172613 0.5 30849
1672110187551 0.4833333492279053 30899
1672110202458 0.875 30949
1672110217284 1.0 30999
1672110243733 1.0 31049
1672110258423 1.0 31099
1672110273174 0.5833333730697632 31149
1672110287731 0.6041666865348816 31199
1672110313025 0.875 31249
1672110327439 0.9166666865348816 31299
1672110341889 0.75 31349
1672110356339 0.7916666865348816 31399
1672110370779 0.6666666865348816 31449
1672110396011 0.625 31499
1672110410771 0.75 31549
1672110425233 1.0 31599
1672110439857 0.9166666865348816 31649
1672110464709 1.0 31699
1672110479266 0.6666666865348816 31749
1672110493821 0.375 31799
1672110508382 0.7083333730697632 31849
1672110533660 0.9375 31899
1672110548400 0.375 31949
1672110562882 1.0 31999
1672110577523 0.625 32049
1672110592008 0.8333333134651184 32099
1672110617077 0.7833333611488342 32149
1672110631556 1.0 32199
1672110646017 0.875 32249
1672110660781 0.8374999761581421 32299
1672110688518 1.0 32349
1672110703595 0.6666666865348816 32399
1672110718247 0.5416666865348816 32449
1672110732856 0.7083333730697632 32499
1672110747255 0.25 32549
