1672099791017 0.6666666865348816 49
1672099805171 0.4583333432674408 99
1672099819451 0.512499988079071 149
1672099833853 0.6875 199
1672099857998 0.7083333134651184 249
1672099872135 0.5416666865348816 299
1672099886290 0.7500000596046448 349
1672099900393 0.5666667222976685 399
1672099924396 0.6499999761581421 449
1672099938764 0.7291666865348816 499
1672099952991 0.5083333253860474 549
1672099967235 0.4375 599
1672099981358 0.5416666865348816 649
1672100005765 0.5625 699
1672100019978 0.7249999642372131 749
1672100034224 0.5625 799
1672100048475 0.375 849
1672100072899 0.5833333730697632 899
1672100087119 0.5874999761581421 949
1672100101619 0.5416666865348816 999
1672100115871 0.625 1049
1672100140036 0.6458333134651184 1099
1672100154243 0.625 1149
1672100168385 0.6875 1199
1672100182523 0.5625 1249
1672100196862 0.625 1299
1672100221271 0.9375 1349
1672100235627 0.8541666865348816 1399
1672100249859 0.5249999761581421 1449
1672100264066 0.6458333134651184 1499
1672100288229 0.6875000596046448 1549
1672100302416 0.550000011920929 1599
1672100316922 0.7291666865348816 1649
1672100331220 0.3125 1699
1672100355444 0.5446428656578064 1749
1672100369874 0.5833333730697632 1799
1672100384101 0.7333333492279053 1849
1672100398340 0.6946429014205933 1899
1672100412581 0.7916666865348816 1949
1672100436706 0.6666666865348816 1999
1672100450913 0.6875 2049
1672100465449 0.6666666865348816 2099
1672100479796 0.612500011920929 2149
1672100504115 0.7708333730697632 2199
1672100518345 0.5583333373069763 2249
1672100532668 0.4375 2299
1672100546886 0.6083333492279053 2349
1672100571105 0.5375000238418579 2399
1672100585489 0.875 2449
1672100600045 0.7916666865348816 2499
1672100614395 0.6041666865348816 2549
1672100628833 0.38333332538604736 2599
1672100652988 0.4166666865348816 2649
1672100667169 0.4333333373069763 2699
1672100681444 0.6041666269302368 2749
1672100695571 0.6000000238418579 2799
1672100719921 0.574999988079071 2849
1672100734295 0.2708333432674408 2899
1672100748504 0.5166666507720947 2949
1672100762875 0.6875 2999
1672100787324 0.6541666984558105 3049
1672100801577 0.5208333730697632 3099
1672100815790 0.5666666626930237 3149
1672100830030 0.6499999761581421 3199
1672100844360 0.6666666865348816 3249
1672100868890 0.625 3299
1672100883135 0.5583333373069763 3349
1672100897497 0.5 3399
1672100911872 0.4166666865348816 3449
1672100936161 0.8541666865348816 3499
1672100950382 0.9166666865348816 3549
1672100964753 0.5874999761581421 3599
1672100978946 0.875 3649
1672101003368 0.1666666716337204 3699
1672101017807 0.6708333492279053 3749
1672101032204 0.8125 3799
1672101046604 0.45000001788139343 3849
1672101060816 0.6250000596046448 3899
1672101084975 0.5416666865348816 3949
1672101099165 0.7166666984558105 3999
1672101113498 0.5625 4049
1672101127681 0.4583333432674408 4099
1672101152132 0.49166667461395264 4149
1672101166312 0.625 4199
1672101180687 0.6428571343421936 4249
1672101194872 0.6904761791229248 4299
1672101219369 0.6250000596046448 4349
1672101233534 1.0 4399
1672101247883 0.4541666507720947 4449
1672101262353 0.6000000238418579 4499
1672101276535 0.5208333134651184 4549
1672101301069 0.6000000238418579 4599
1672101315296 0.699999988079071 4649
1672101329690 0.6041666865348816 4699
1672101343888 0.375 4749
1672101368268 0.5 4799
1672101382584 0.6166666746139526 4849
1672101397121 0.5333333611488342 4899
1672101411341 0.6875 4949
1672101435599 0.6458333134651184 4999
1672101449839 0.4791666865348816 5049
1672101464218 0.4375 5099
1672101478464 0.7916666865348816 5149
1672101492672 0.6535714864730835 5199
1672101517006 0.625 5249
1672101531300 0.8333333730697632 5299
1672101545453 0.7083333134651184 5349
1672101559662 0.5625 5399
1672101583903 0.3916666805744171 5449
1672101598085 0.8333333134651184 5499
1672101612356 0.8166666626930237 5549
1672101626518 0.4958333373069763 5599
1672101650792 0.5 5649
1672101665072 0.625 5699
1672101679461 0.5291666388511658 5749
1672101693682 0.8166667222976685 5799
1672101708035 0.6666666865348816 5849
1672101732291 0.8166667222976685 5899
1672101746515 0.75 5949
1672101760876 0.75 5999
1672101775091 0.4375 6049
1672101799492 0.28333333134651184 6099
1672101813880 0.4375 6149
1672101828102 0.2916666865348816 6199
1672101842470 0.6499999761581421 6249
1672101866758 0.7875000238418579 6299
1672101881174 0.5625 6349
1672101895451 0.5333333015441895 6399
1672101909921 0.3958333432674408 6449
1672101924138 0.75 6499
1672101948578 0.9166666865348816 6549
1672101962974 0.875 6599
1672101977220 0.5249999761581421 6649
1672101991452 0.5375000238418579 6699
1672102015732 0.8166666626930237 6749
1672102029973 0.5874999761581421 6799
1672102044318 0.5625 6849
1672102058562 0.949999988079071 6899
1672102083046 0.7916666865348816 6949
1672102097267 0.3791666626930237 6999
1672102111508 0.6666666865348816 7049
1672102125742 0.5 7099
1672102139962 0.8125 7149
1672102164315 0.75 7199
1672102178513 0.6000000238418579 7249
1672102192881 0.625 7299
1672102207241 0.7875000238418579 7349
1672102231785 0.625 7399
1672102246006 0.5999999642372131 7449
1672102260199 0.3166666626930237 7499
1672102274583 0.5833333134651184 7549
1672102298888 0.5833333730697632 7599
1672102313159 0.75 7649
1672102327685 0.612500011920929 7699
1672102342019 0.22499999403953552 7749
1672102356384 0.4749999940395355 7799
1672102380674 0.3333333432674408 7849
1672102394901 0.8374999761581421 7899
1672102409117 0.4625000059604645 7949
1672102423340 0.6000000238418579 7999
1672102447665 0.699999988079071 8049
1672102462101 0.5416666865348816 8099
1672102476482 0.8374999761581421 8149
1672102490953 0.9166666865348816 8199
1672102515518 0.4583333432674408 8249
1672102529746 0.7083333134651184 8299
1672102543905 0.7916666865348816 8349
1672102558060 0.3958333432674408 8399
1672102572234 0.449404776096344 8449
1672102596844 0.5833333730697632 8499
1672102611177 0.5666666626930237 8549
1672102625348 0.574999988079071 8599
1672102639497 0.7249999642372131 8649
1672102663570 0.7250000238418579 8699
1672102677979 0.10000000149011612 8749
1672102692239 0.5 8799
1672102706497 0.875 8849
1672102730911 0.6916666626930237 8899
1672102745165 0.4375 8949
1672102759410 0.2666666805744171 8999
1672102773782 0.7333333492279053 9049
1672102788138 0.625 9099
1672102812522 0.9166666865348816 9149
1672102826804 0.875 9199
1672102841122 0.7541667222976685 9249
1672102855460 0.38749998807907104 9299
1672102879839 0.824999988079071 9349
1672102894185 0.6875 9399
1672102908388 0.8541666865348816 9449
1672102922576 0.9375 9499
1672102946973 0.7916666865348816 9549
1672102961360 0.625 9599
1672102975788 0.612500011920929 9649
1672102990063 0.5833333730697632 9699
1672103004631 0.5416666865348816 9749
1672103028846 0.5416666865348816 9799
1672103043114 0.6583333015441895 9849
1672103057332 0.887499988079071 9899
1672103071593 0.6875 9949
1672103096211 0.7083333730697632 9999
1672103110649 0.625 10049
1672103125056 0.9166666865348816 10099
1672103139450 0.6666666865348816 10149
1672103163731 0.7708333730697632 10199
1672103178012 0.6666666865348816 10249
1672103192251 0.4833333492279053 10299
1672103206484 0.6041666865348816 10349
1672103220864 0.4166666865348816 10399
1672103245406 0.8541666865348816 10449
1672103259635 0.824999988079071 10499
1672103273815 0.5 10549
1672103288146 0.5625 10599
1672103312429 0.8125 10649
1672103326665 0.6619048118591309 10699
1672103341017 0.5666666626930237 10749
1672103355261 0.625 10799
1672103369278 0.5 10849
1672103393994 0.4583333730697632 10899
1672103408195 0.7749999761581421 10949
1672103422398 0.3333333134651184 10999
1672103436774 0.6708332896232605 11049
1672103461305 0.625 11099
1672103475778 0.42500001192092896 11149
1672103490166 0.6499999761581421 11199
1672103504434 0.6708332896232605 11249
1672103529076 0.6041666865348816 11299
1672103543301 0.5416666865348816 11349
1672103557560 0.5833333730697632 11399
1672103571742 0.6625000238418579 11449
1672103586071 0.7291666865348816 11499
1672103610604 0.699999988079071 11549
1672103624868 0.6666666865348816 11599
1672103639262 0.4791666865348816 11649
1672103653558 0.7916666865348816 11699
1672103678096 0.5833333134651184 11749
1672103692313 0.4166666865348816 11799
1672103706515 0.6875 11849
1672103720868 0.6499999761581421 11899
1672103745197 0.6041666865348816 11949
1672103759592 0.6000000238418579 11999
1672103773818 0.6916667222976685 12049
1672103788169 0.7291666865348816 12099
1672103802373 0.6666666865348816 12149
1672103827214 0.6583333015441895 12199
1672103841646 0.5541666746139526 12249
1672103856032 0.6499999761581421 12299
1672103870370 0.375 12349
1672103894689 0.7678571343421936 12399
1672103909120 0.8333333730697632 12449
1672103923511 0.5833333730697632 12499
1672103937786 0.5 12549
1672103962186 0.6875 12599
1672103976536 0.6666666865348816 12649
1672103990881 0.75 12699
1672104005075 0.7916666865348816 12749
1672104019401 0.75 12799
1672104043657 0.8500000238418579 12849
1672104057862 0.6875 12899
1672104072128 0.5 12949
1672104086465 0.25 12999
1672104111125 0.7916666865348816 13049
1672104125553 0.699999988079071 13099
1672104139797 0.6666666865348816 13149
1672104154030 0.8125 13199
1672104178425 0.7916666865348816 13249
1672104192662 0.4333333373069763 13299
1672104206979 0.5625 13349
1672104221713 0.4958333373069763 13399
1672104236174 0.25 13449
1672104260453 0.7678571343421936 13499
1672104274896 0.7749999761581421 13549
1672104289113 0.8125 13599
1672104303326 0.6916667222976685 13649
1672104327754 0.6250000596046448 13699
1672104342216 0.5874999761581421 13749
1672104356551 0.6666666865348816 13799
1672104370753 0.762499988079071 13849
1672104395163 0.9166666865348816 13899
1672104409325 0.4833333492279053 13949
1672104423528 0.6666666269302368 13999
1672104437687 0.625 14049
1672104451841 0.4124999940395355 14099
1672104476423 0.5041667222976685 14149
1672104490660 0.6000000238418579 14199
1672104504864 0.5 14249
1672104519370 0.625 14299
1672104543773 0.625 14349
1672104558073 0.8374999761581421 14399
1672104572329 0.6499999761581421 14449
1672104586580 0.6499999761581421 14499
1672104611373 0.36250001192092896 14549
1672104625590 0.9375 14599
1672104639923 0.512499988079071 14649
1672104654263 0.6666666865348816 14699
1672104668483 1.0 14749
1672104692882 0.7916666865348816 14799
1672104707193 0.7083333730697632 14849
1672104721560 0.5416666865348816 14899
1672104735904 0.6875 14949
1672104760108 0.5 14999
1672104774431 0.6666666865348816 15049
1672104788756 0.5625 15099
1672104803050 0.699999988079071 15149
1672104827286 0.3916666507720947 15199
1672104841647 0.4375 15249
1672104855871 0.4375 15299
1672104870108 0.6166666746139526 15349
1672104884332 0.44583335518836975 15399
1672104908877 0.3958333432674408 15449
1672104923142 0.7708333730697632 15499
1672104937364 0.875 15549
1672104951584 0.762499988079071 15599
1672104975884 0.5833333730697632 15649
1672104990188 0.7833333611488342 15699
1672105004625 0.7416666746139526 15749
1672105019177 0.7916666865348816 15799
1672105043847 0.5416666865348816 15849
1672105058236 0.6000000238418579 15899
1672105072476 0.4333333373069763 15949
1672105086733 0.4124999940395355 15999
1672105100980 0.5714285373687744 16049
1672105125544 0.625 16099
1672105139904 0.4166666865348816 16149
1672105154376 0.75 16199
1672105168580 0.40833333134651184 16249
1672105193141 0.5 16299
1672105207397 0.3333333432674408 16349
1672105221675 0.75 16399
1672105235958 0.5809524059295654 16449
1672105260537 0.6666666865348816 16499
1672105274905 0.5 16549
1672105289134 0.8374999761581421 16599
1672105303490 0.6875 16649
1672105317801 0.25 16699
1672105342225 0.512499988079071 16749
1672105356451 0.5 16799
1672105370683 0.8500000238418579 16849
1672105385212 0.7333333492279053 16899
1672105409656 0.949999988079071 16949
1672105423826 0.4583333730697632 16999
1672105438142 0.5375000238418579 17049
1672105452336 0.7916666865348816 17099
1672105476677 0.7541667222976685 17149
1672105490914 0.3499999940395355 17199
1672105505262 0.6875 17249
1672105519586 0.5208333730697632 17299
1672105533919 0.5416666865348816 17349
1672105558280 0.5208333730697632 17399
1672105572645 0.7083333730697632 17449
1672105586852 0.7333333492279053 17499
1672105601055 0.6666666865348816 17549
1672105625357 1.0 17599
1672105639578 0.6583333611488342 17649
1672105654005 0.9166666865348816 17699
1672105668256 0.8125 17749
1672105692861 0.699999988079071 17799
1672105707309 0.8374999761581421 17849
1672105721760 0.8125 17899
1672105736019 0.4583333432674408 17949
1672105750310 0.5 17999
1672105774759 0.5833333134651184 18049
1672105789125 0.9375 18099
1672105803674 0.8333333730697632 18149
1672105818099 0.8041666746139526 18199
1672105842668 0.5833333134651184 18249
1672105856847 0.7708333134651184 18299
1672105871008 0.5 18349
1672105885150 0.4375 18399
1672105909593 0.5416666865348816 18449
1672105924115 0.8333333730697632 18499
1672105938522 0.6666666865348816 18549
1672105952874 0.5833333730697632 18599
1672105967183 0.637499988079071 18649
1672105991706 0.5666666626930237 18699
1672106005884 0.7083333134651184 18749
1672106020026 0.8333333730697632 18799
1672106034301 0.8041666746139526 18849
1672106058623 1.0 18899
1672106073050 0.574999988079071 18949
1672106087552 0.9017857313156128 18999
1672106101939 0.3928571343421936 19049
1672106126371 0.4583333730697632 19099
1672106140662 0.6875 19149
1672106154865 0.512499988079071 19199
1672106169063 0.8999999761581421 19249
1672106183263 0.3958333432674408 19299
1672106207778 0.7875000238418579 19349
1672106222281 0.6625000238418579 19399
1672106236485 0.949999988079071 19449
1672106250870 0.7333333492279053 19499
1672106275407 0.6166666746139526 19549
1672106289661 0.887499988079071 19599
1672106303899 0.625 19649
1672106318179 0.6041666865348816 19699
1672106343016 0.6499999761581421 19749
1672106357247 0.9375 19799
1672106371529 0.699999988079071 19849
1672106385860 0.7916666865348816 19899
1672106400052 0.7083333134651184 19949
1672106424412 0.8166666626930237 19999
1672106438662 0.7708333730697632 20049
1672106452901 0.875 20099
1672106467348 0.4375000298023224 20149
1672106492124 0.6499999761581421 20199
1672106506246 0.5833333730697632 20249
1672106520486 0.8333333134651184 20299
1672106534614 0.875 20349
1672106558751 0.8333333730697632 20399
1672106572989 0.7083333730697632 20449
1672106587228 0.4791666865348816 20499
1672106601586 0.4833333194255829 20549
1672106616087 0.5 20599
1672106640501 0.7083333730697632 20649
1672106654895 0.5458333492279053 20699
1672106669171 0.4166666865348816 20749
1672106683451 0.5625 20799
1672106707748 0.49166667461395264 20849
1672106722178 0.5416666865348816 20899
1672106736707 0.7291666865348816 20949
1672106751119 0.7458333373069763 20999
1672106775663 0.8541666865348816 21049
1672106790054 0.8374999761581421 21099
1672106804399 0.6875 21149
1672106818731 0.6666666865348816 21199
1672106833191 0.6875 21249
1672106857750 0.8125 21299
1672106872071 0.550000011920929 21349
1672106886333 0.4166666865348816 21399
1672106900562 0.4791666865348816 21449
1672106925004 0.5625 21499
1672106939248 0.5249999761581421 21549
1672106953624 0.5416666865348816 21599
1672106967979 0.8374999761581421 21649
1672106982134 0.0 21699
1672107006829 0.6499999761581421 21749
1672107021040 0.6041666865348816 21799
1672107035249 1.0 21849
1672107049406 0.6416666507720947 21899
1672107073725 0.6666666865348816 21949
1672107088063 0.4333333373069763 21999
1672107102284 0.6041666865348816 22049
1672107116769 0.7291666865348816 22099
1672107141345 0.7083333730697632 22149
1672107155533 0.5 22199
1672107169759 0.625 22249
1672107183984 0.5 22299
1672107198162 0.4166666865348816 22349
1672107222681 0.7708333134651184 22399
1672107236850 0.8125 22449
1672107251195 0.42499998211860657 22499
1672107265436 0.824999988079071 22549
1672107290351 0.6666666865348816 22599
1672107305021 0.6666666865348816 22649
1672107319746 0.625 22699
1672107334772 0.42500001192092896 22749
1672107363322 0.875 22799
1672107378455 0.5208333134651184 22849
1672107393064 0.4583333432674408 22899
1672107407686 0.5583333373069763 22949
1672107422274 0.8333333134651184 22999
1672107448433 0.7416666746139526 23049
1672107463180 0.6000000238418579 23099
1672107478123 0.5833333730697632 23149
1672107493233 0.6875 23199
1672107519185 0.637499988079071 23249
1672107533964 0.125 23299
1672107548711 0.6416667103767395 23349
1672107563445 0.5833333730697632 23399
1672107589671 0.4583333432674408 23449
1672107604749 0.8333333134651184 23499
1672107619584 0.5416666865348816 23549
1672107634425 0.6041666865348816 23599
1672107649060 0.6666666865348816 23649
1672107675013 0.8500000238418579 23699
1672107689680 0.7083333730697632 23749
1672107704320 0.5333333611488342 23799
1672107719152 0.8666666746139526 23849
1672107745101 0.887499988079071 23899
1672107760088 0.75 23949
1672107775078 0.8125 23999
1672107789843 0.949999988079071 24049
1672107815911 0.7749999761581421 24099
1672107830742 1.0 24149
1672107845628 0.5416666865348816 24199
1672107860866 0.8333333730697632 24249
1672107875736 0.7083333730697632 24299
1672107901720 0.6041666865348816 24349
1672107916632 0.8333333730697632 24399
1672107931351 0.5 24449
1672107946112 0.75 24499
1672107972063 0.625 24549
1672107987173 0.625 24599
1672108001919 0.5 24649
1672108016615 0.5684523582458496 24699
1672108042723 0.6666666865348816 24749
1672108057636 0.375 24799
1672108072440 0.5333333611488342 24849
1672108087142 0.625 24899
1672108101897 0.75 24949
1672108128437 0.6208333373069763 24999
1672108143353 0.6875 25049
1672108158056 0.7303571701049805 25099
1672108172787 0.3125 25149
1672108199246 0.4791666865348816 25199
1672108214209 0.625 25249
1672108229022 0.7083333730697632 25299
1672108244020 0.7749999761581421 25349
1672108270068 0.6875000596046448 25399
1672108285118 0.7124999761581421 25449
1672108299977 0.9583333134651184 25499
1672108314816 0.5833333134651184 25549
1672108330035 0.75 25599
1672108356355 0.9375 25649
1672108371041 0.8333333134651184 25699
1672108385703 0.5833333730697632 25749
1672108400487 0.4583333432674408 25799
1672108426598 0.625 25849
1672108441356 0.7916666865348816 25899
1672108456173 0.4583333432674408 25949
1672108471112 0.7708333134651184 25999
1672108496972 0.75 26049
1672108511999 0.4166666865348816 26099
1672108526877 0.5 26149
1672108542057 0.4375 26199
1672108556813 0.5 26249
1672108583067 0.625 26299
1672108597784 0.9166666865348816 26349
1672108612491 0.5875000357627869 26399
1672108627193 0.6499999761581421 26449
1672108653535 0.4375 26499
1672108668444 0.7916666865348816 26549
1672108683397 0.5625 26599
1672108698174 0.5833333730697632 26649
1672108724229 0.6666666865348816 26699
1672108738895 0.875 26749
1672108753543 0.574999988079071 26799
1672108768232 0.7124999761581421 26849
1672108783076 0.6708332896232605 26899
1672108809707 0.6666666865348816 26949
1672108824637 0.4000000059604645 26999
1672108839425 0.4375 27049
1672108854279 0.75 27099
1672108880209 0.8999999761581421 27149
1672108895038 0.625 27199
1672108909808 0.4375 27249
1672108924785 0.5208333134651184 27299
1672108951370 0.824999988079071 27349
1672108966194 0.7749999761581421 27399
1672108981012 0.675000011920929 27449
1672108995831 0.7916666865348816 27499
1672109010667 0.7250000238418579 27549
1672109036786 0.5833333730697632 27599
1672109051700 0.5625 27649
1672109066704 0.6083333492279053 27699
1672109081689 0.3333333432674408 27749
1672109108696 0.7291666865348816 27799
1672109123613 0.5416666865348816 27849
1672109138371 0.75 27899
1672109153091 0.4333333373069763 27949
1672109179128 0.6666666865348816 27999
1672109194077 0.6904762387275696 28049
1672109208982 0.7083333134651184 28099
1672109224035 1.0 28149
1672109238922 0.6666666865348816 28199
1672109265176 0.5625 28249
1672109279917 0.375 28299
1672109294612 0.7916666865348816 28349
1672109309293 0.7749999761581421 28399
1672109335771 0.8666666746139526 28449
1672109350886 0.8125 28499
1672109365706 0.5416666865348816 28549
1672109380832 0.699999988079071 28599
1672109406968 0.8999999761581421 28649
1672109421787 0.7416666746139526 28699
1672109436532 0.6000000238418579 28749
1672109451181 0.3125 28799
1672109466013 0.6875 28849
1672109492492 0.6875 28899
1672109507300 0.8333333730697632 28949
1672109522285 0.75 28999
1672109537054 0.9375 29049
1672109563192 0.25 29099
1672109577834 0.4749999940395355 29149
1672109592568 0.5208333730697632 29199
1672109607273 0.699999988079071 29249
1672109633884 0.6458333134651184 29299
1672109648623 0.5333333015441895 29349
1672109663376 0.8333333730697632 29399
1672109678286 0.699999988079071 29449
1672109692943 0.5 29499
1672109719238 0.7250000238418579 29549
1672109734030 0.7291666865348816 29599
1672109748733 0.7541666626930237 29649
1672109763975 0.5874999761581421 29699
1672109790192 0.6458333134651184 29749
1672109805070 0.3125 29799
1672109819775 0.8333333134651184 29849
1672109834498 0.6041666865348816 29899
1672109860312 0.7083333134651184 29949
1672109875034 0.7083333730697632 29999
1672109890443 0.887499988079071 30049
1672109905197 0.887499988079071 30099
1672109920029 0.7416666746139526 30149
1672109946393 0.4791666865348816 30199
1672109961110 0.5208333134651184 30249
1672109975861 0.8333333730697632 30299
1672109990518 0.5416666865348816 30349
1672110017289 0.75 30399
1672110031998 0.875 30449
1672110046674 0.625 30499
1672110061311 0.8125 30549
1672110087183 0.2916666865348816 30599
1672110101821 0.6083333492279053 30649
1672110116715 0.6041666865348816 30699
1672110131609 0.875 30749
1672110146351 0.75 30799
1672110172613 0.6041666865348816 30849
1672110187551 0.625 30899
1672110202458 0.7749999761581421 30949
1672110217284 0.6875 30999
1672110243733 0.7083333730697632 31049
1672110258423 0.9166666865348816 31099
1672110273174 0.36250001192092896 31149
1672110287731 0.4124999940395355 31199
1672110313025 1.0 31249
1672110327439 0.7083333730697632 31299
1672110341889 0.4583333432674408 31349
1672110356339 0.5833333730697632 31399
1672110370779 0.3541666865348816 31449
1672110396011 0.4583333432674408 31499
1672110410771 0.6083332896232605 31549
1672110425233 0.6166666746139526 31599
1672110439857 0.8333333730697632 31649
1672110464709 1.0 31699
1672110479266 0.5416666865348816 31749
1672110493821 0.5 31799
1672110508382 0.6458333134651184 31849
1672110533660 0.6291666626930237 31899
1672110548400 0.3750000298023224 31949
1672110562882 0.8541666865348816 31999
1672110577523 0.5416666865348816 32049
1672110592008 0.8452380895614624 32099
1672110617077 0.6875 32149
1672110631556 0.7250000238418579 32199
1672110646017 0.8125 32249
1672110660781 1.0 32299
1672110688518 0.5208333730697632 32349
1672110703595 0.5 32399
1672110718247 0.5833333730697632 32449
1672110732856 0.625 32499
1672110747255 0.25 32549
