1672099847892 0.7659043073654175 216
1672099919197 0.7921966314315796 433
1672099991139 0.7913569808006287 650
1672100062822 0.7905588150024414 867
1672100135140 0.7980540990829468 1084
1672100206757 0.7830058336257935 1301
1672100278697 0.7776493430137634 1518
1672100350734 0.7737957835197449 1735
1672100422660 0.7882440090179443 1952
1672100494888 0.7924857139587402 2169
1672100566703 0.7838425636291504 2386
1672100639259 0.7958768010139465 2603
1672100710995 0.7774154543876648 2820
1672100783206 0.7893257141113281 3037
1672100855213 0.7843518853187561 3254
1672100927485 0.7906633615493774 3471
1672100999523 0.7820342183113098 3688
1672101071792 0.782803475856781 3905
1672101143512 0.7878695726394653 4122
1672101215824 0.7929425835609436 4339
1672101288149 0.7893834710121155 4556
1672101359971 0.8030058145523071 4773
1672101432277 0.7761519551277161 4990
1672101504425 0.7922255992889404 5207
1672101576174 0.7857116460800171 5424
1672101647635 0.7864740490913391 5641
1672101719913 0.7888137102127075 5858
1672101791983 0.7806028723716736 6075
1672101864070 0.7977622151374817 6292
1672101936160 0.7877071499824524 6509
1672102008474 0.7944316864013672 6726
1672102080629 0.7750042080879211 6943
1672102152471 0.7943931818008423 7160
1672102224808 0.7907212376594543 7377
1672102296759 0.7900965213775635 7594
1672102369163 0.7865704298019409 7811
1672102440931 0.7883815765380859 8028
1672102513651 0.7920039892196655 8245
1672102585505 0.7793422341346741 8462
1672102657208 0.7874237298965454 8679
1672102729364 0.7801528573036194 8896
1672102801593 0.7709716558456421 9113
1672102873704 0.7866089344024658 9330
1672102945732 0.7880457639694214 9547
1672103018214 0.7843918204307556 9764
1672103090432 0.7980002760887146 9981
1672103162775 0.7888440489768982 10198
1672103234905 0.7796614766120911 10415
1672103306942 0.7777264714241028 10632
1672103378796 0.7931380271911621 10849
1672103451171 0.7842004299163818 11066
1672103523705 0.7768566012382507 11283
1672103595759 0.7871484756469727 11500
1672103668250 0.7704005837440491 11717
1672103740219 0.7853497266769409 11934
1672103812519 0.7818304896354675 12151
1672103885172 0.780038595199585 12368
1672103957484 0.7965759634971619 12585
1672104029576 0.7858189344406128 12802
1672104101837 0.7801157236099243 13019
1672104174001 0.800308346748352 13236
1672104246673 0.7906524538993835 13453
1672104318806 0.7944784760475159 13670
1672104391069 0.7827306389808655 13887
1672104462670 0.7917423844337463 14104
1672104535061 0.7837379574775696 14321
1672104607494 0.7894880771636963 14538
1672104679684 0.7797785401344299 14755
1672104751747 0.7903262376785278 14972
1672104823729 0.7776108980178833 15189
1672104895854 0.7895651459693909 15406
1672104967782 0.7812910079956055 15623
1672105040571 0.7898597717285156 15840
1672105112942 0.7741894721984863 16057
1672105185312 0.7759318351745605 16274
1672105257562 0.7760185599327087 16491
1672105329802 0.7807803750038147 16708
1672105402124 0.7884875535964966 16925
1672105473986 0.7751913070678711 17142
1672105546161 0.7742941379547119 17359
1672105618104 0.7769364714622498 17576
1672105690470 0.7749711275100708 17793
1672105762915 0.790291965007782 18010
1672105835651 0.7899202108383179 18227
1672105907452 0.7846629023551941 18444
1672105980207 0.7750674486160278 18661
1672106051919 0.7829838395118713 18878
1672106124565 0.7869611978530884 19095
1672106196553 0.7858271598815918 19312
1672106268989 0.76847243309021 19529
1672106341470 0.8041784763336182 19746
1672106413476 0.7793064713478088 19963
1672106485844 0.790971577167511 20180
1672106557476 0.7868979573249817 20397
1672106629689 0.7837545871734619 20614
1672106701900 0.7728543877601624 20831
1672106774623 0.7906360030174255 21048
1672106847250 0.7668401002883911 21265
1672106919410 0.7856455445289612 21482
1672106992000 0.7674732804298401 21699
1672107063579 0.7932233810424805 21916
1672107136026 0.7864740490913391 22133
1672107207919 0.7842183709144592 22350
1672107280328 0.7845609784126282 22567
1672107357802 0.7904404997825623 22784
1672107433497 0.7799725532531738 23001
1672107509236 0.7943437099456787 23218
1672107584754 0.7761850953102112 23435
1672107660546 0.7803758382797241 23652
1672107735548 0.8011176586151123 23869
1672107811296 0.7876549363136292 24086
1672107887378 0.7770795822143555 24303
1672107962741 0.7839004993438721 24520
1672108038383 0.7852959632873535 24737
1672108114376 0.7821910977363586 24954
1672108189983 0.7786897420883179 25171
1672108266017 0.7780608534812927 25388
1672108342464 0.7853716015815735 25605
1672108417841 0.7831118106842041 25822
1672108493208 0.787553071975708 26039
1672108569478 0.7794468402862549 26256
1672108644943 0.7788907289505005 26473
1672108720734 0.7832177877426147 26690
1672108796124 0.7919254899024963 26907
1672108872039 0.7936609983444214 27124
1672108948028 0.7775805592536926 27341
1672109023897 0.7818112373352051 27558
1672109100795 0.7928599715232849 27775
1672109176200 0.7823892831802368 27992
1672109252562 0.7734105587005615 28209
1672109328176 0.7802697420120239 28426
1672109404441 0.7913680672645569 28643
1672109480261 0.7822625637054443 28860
1672109555933 0.7844123840332031 29077
1672109631615 0.7851721048355103 29294
1672109707275 0.7827140092849731 29511
1672109783080 0.7849684357643127 29728
1672109858348 0.7896477580070496 29945
1672109934498 0.7980967164039612 30162
1672110010415 0.7730251550674438 30379
1672110085501 0.7861850261688232 30596
1672110161091 0.7793256640434265 30813
1672110237180 0.7725461721420288 31030
1672110311725 0.7753757834434509 31247
1672110384998 0.7887834906578064 31464
1672110458728 0.7881117463111877 31681
1672110532609 0.7792266011238098 31898
1672110606510 0.7707776427268982 32115
1672110682500 0.7762428522109985 32332
1672110757748 0.7794660925865173 32549
