1672099791017 0.78125 49
1672099805171 0.75 99
1672099819451 0.875 149
1672099833853 0.875 199
1672099857998 0.8125 249
1672099872135 0.875 299
1672099886290 0.8125 349
1672099900393 0.75 399
1672099924396 0.875 449
1672099938764 0.84375 499
1672099952991 0.71875 549
1672099967235 0.71875 599
1672099981358 0.78125 649
1672100005765 0.75 699
1672100019978 0.75 749
1672100034224 0.65625 799
1672100048475 0.71875 849
1672100072899 0.75 899
1672100087119 0.78125 949
1672100101619 0.84375 999
1672100115871 0.75 1049
1672100140036 0.71875 1099
1672100154243 0.875 1149
1672100168385 0.90625 1199
1672100182523 0.8125 1249
1672100196862 0.90625 1299
1672100221271 0.9375 1349
1672100235627 0.78125 1399
1672100249859 0.75 1449
1672100264066 0.8125 1499
1672100288229 0.84375 1549
1672100302416 0.71875 1599
1672100316922 0.84375 1649
1672100331220 0.6875 1699
1672100355444 0.71875 1749
1672100369874 0.78125 1799
1672100384101 0.875 1849
1672100398340 0.75 1899
1672100412581 0.875 1949
1672100436706 0.8125 1999
1672100450913 0.8125 2049
1672100465449 0.84375 2099
1672100479796 0.8125 2149
1672100504115 0.78125 2199
1672100518345 0.6875 2249
1672100532668 0.78125 2299
1672100546886 0.78125 2349
1672100571105 0.71875 2399
1672100585489 0.90625 2449
1672100600045 0.84375 2499
1672100614395 0.78125 2549
1672100628833 0.65625 2599
1672100652988 0.90625 2649
1672100667169 0.78125 2699
1672100681444 0.78125 2749
1672100695571 0.75 2799
1672100719921 0.75 2849
1672100734295 0.65625 2899
1672100748504 0.8125 2949
1672100762875 0.84375 2999
1672100787324 0.75 3049
1672100801577 0.8125 3099
1672100815790 0.78125 3149
1672100830030 0.84375 3199
1672100844360 0.8125 3249
1672100868890 0.75 3299
1672100883135 0.71875 3349
1672100897497 0.8125 3399
1672100911872 0.71875 3449
1672100936161 0.90625 3499
1672100950382 0.96875 3549
1672100964753 0.71875 3599
1672100978946 0.875 3649
1672101003368 0.78125 3699
1672101017807 0.6875 3749
1672101032204 0.90625 3799
1672101046604 0.78125 3849
1672101060816 0.8125 3899
1672101084975 0.6875 3949
1672101099165 0.78125 3999
1672101113498 0.8125 4049
1672101127681 0.8125 4099
1672101152132 0.75 4149
1672101166312 0.78125 4199
1672101180687 0.8125 4249
1672101194872 0.78125 4299
1672101219369 0.875 4349
1672101233534 0.96875 4399
1672101247883 0.75 4449
1672101262353 0.78125 4499
1672101276535 0.75 4549
1672101301069 0.78125 4599
1672101315296 0.875 4649
1672101329690 0.78125 4699
1672101343888 0.8125 4749
1672101368268 0.8125 4799
1672101382584 0.78125 4849
1672101397121 0.75 4899
1672101411341 0.75 4949
1672101435599 0.75 4999
1672101449839 0.84375 5049
1672101464218 0.75 5099
1672101478464 0.875 5149
1672101492672 0.6875 5199
1672101517006 0.8125 5249
1672101531300 0.875 5299
1672101545453 0.8125 5349
1672101559662 0.71875 5399
1672101583903 0.65625 5449
1672101598085 0.84375 5499
1672101612356 0.90625 5549
1672101626518 0.59375 5599
1672101650792 0.8125 5649
1672101665072 0.84375 5699
1672101679461 0.75 5749
1672101693682 0.84375 5799
1672101708035 0.8125 5849
1672101732291 0.84375 5899
1672101746515 0.90625 5949
1672101760876 0.78125 5999
1672101775091 0.78125 6049
1672101799492 0.6875 6099
1672101813880 0.6875 6149
1672101828102 0.75 6199
1672101842470 0.84375 6249
1672101866758 0.78125 6299
1672101881174 0.8125 6349
1672101895451 0.65625 6399
1672101909921 0.75 6449
1672101924138 0.8125 6499
1672101948578 0.9375 6549
1672101962974 0.9375 6599
1672101977220 0.75 6649
1672101991452 0.71875 6699
1672102015732 0.875 6749
1672102029973 0.78125 6799
1672102044318 0.8125 6849
1672102058562 0.90625 6899
1672102083046 0.90625 6949
1672102097267 0.75 6999
1672102111508 0.75 7049
1672102125742 0.875 7099
1672102139962 0.90625 7149
1672102164315 0.84375 7199
1672102178513 0.78125 7249
1672102192881 0.875 7299
1672102207241 0.84375 7349
1672102231785 0.8125 7399
1672102246006 0.6875 7449
1672102260199 0.78125 7499
1672102274583 0.84375 7549
1672102298888 0.71875 7599
1672102313159 0.90625 7649
1672102327685 0.71875 7699
1672102342019 0.71875 7749
1672102356384 0.6875 7799
1672102380674 0.75 7849
1672102394901 0.78125 7899
1672102409117 0.875 7949
1672102423340 0.75 7999
1672102447665 0.84375 8049
1672102462101 0.84375 8099
1672102476482 0.8125 8149
1672102490953 0.90625 8199
1672102515518 0.75 8249
1672102529746 0.8125 8299
1672102543905 0.90625 8349
1672102558060 0.6875 8399
1672102572234 0.75 8449
1672102596844 0.84375 8499
1672102611177 0.78125 8549
1672102625348 0.84375 8599
1672102639497 0.875 8649
1672102663570 0.8125 8699
1672102677979 0.84375 8749
1672102692239 0.71875 8799
1672102706497 0.9375 8849
1672102730911 0.8125 8899
1672102745165 0.78125 8949
1672102759410 0.75 8999
1672102773782 0.84375 9049
1672102788138 0.78125 9099
1672102812522 0.9375 9149
1672102826804 0.875 9199
1672102841122 0.84375 9249
1672102855460 0.75 9299
1672102879839 0.84375 9349
1672102894185 0.875 9399
1672102908388 0.84375 9449
1672102922576 0.90625 9499
1672102946973 0.90625 9549
1672102961360 0.875 9599
1672102975788 0.78125 9649
1672102990063 0.90625 9699
1672103004631 0.875 9749
1672103028846 0.8125 9799
1672103043114 0.84375 9849
1672103057332 0.875 9899
1672103071593 0.84375 9949
1672103096211 0.84375 9999
1672103110649 0.75 10049
1672103125056 0.9375 10099
1672103139450 0.8125 10149
1672103163731 0.90625 10199
1672103178012 0.75 10249
1672103192251 0.78125 10299
1672103206484 0.8125 10349
1672103220864 0.8125 10399
1672103245406 0.875 10449
1672103259635 0.90625 10499
1672103273815 0.75 10549
1672103288146 0.75 10599
1672103312429 0.90625 10649
1672103326665 0.8125 10699
1672103341017 0.75 10749
1672103355261 0.75 10799
1672103369278 0.625 10849
1672103393994 0.78125 10899
1672103408195 0.8125 10949
1672103422398 0.71875 10999
1672103436774 0.71875 11049
1672103461305 0.84375 11099
1672103475778 0.65625 11149
1672103490166 0.8125 11199
1672103504434 0.8125 11249
1672103529076 0.78125 11299
1672103543301 0.75 11349
1672103557560 0.8125 11399
1672103571742 0.8125 11449
1672103586071 0.875 11499
1672103610604 0.8125 11549
1672103624868 0.90625 11599
1672103639262 0.8125 11649
1672103653558 0.875 11699
1672103678096 0.75 11749
1672103692313 0.875 11799
1672103706515 0.90625 11849
1672103720868 0.78125 11899
1672103745197 0.71875 11949
1672103759592 0.78125 11999
1672103773818 0.75 12049
1672103788169 0.875 12099
1672103802373 0.78125 12149
1672103827214 0.8125 12199
1672103841646 0.84375 12249
1672103856032 0.71875 12299
1672103870370 0.6875 12349
1672103894689 0.84375 12399
1672103909120 0.9375 12449
1672103923511 0.78125 12499
1672103937786 0.78125 12549
1672103962186 0.84375 12599
1672103976536 0.84375 12649
1672103990881 0.90625 12699
1672104005075 0.875 12749
1672104019401 0.90625 12799
1672104043657 0.90625 12849
1672104057862 0.875 12899
1672104072128 0.84375 12949
1672104086465 0.75 12999
1672104111125 0.875 13049
1672104125553 0.78125 13099
1672104139797 0.75 13149
1672104154030 0.90625 13199
1672104178425 0.90625 13249
1672104192662 0.78125 13299
1672104206979 0.78125 13349
1672104221713 0.6875 13399
1672104236174 0.65625 13449
1672104260453 0.84375 13499
1672104274896 0.84375 13549
1672104289113 0.875 13599
1672104303326 0.78125 13649
1672104327754 0.84375 13699
1672104342216 0.78125 13749
1672104356551 0.84375 13799
1672104370753 0.8125 13849
1672104395163 0.90625 13899
1672104409325 0.78125 13949
1672104423528 0.71875 13999
1672104437687 0.78125 14049
1672104451841 0.78125 14099
1672104476423 0.875 14149
1672104490660 0.875 14199
1672104504864 0.6875 14249
1672104519370 0.75 14299
1672104543773 0.71875 14349
1672104558073 0.90625 14399
1672104572329 0.875 14449
1672104586580 0.8125 14499
1672104611373 0.6875 14549
1672104625590 0.875 14599
1672104639923 0.6875 14649
1672104654263 0.84375 14699
1672104668483 0.90625 14749
1672104692882 0.84375 14799
1672104707193 0.8125 14849
1672104721560 0.71875 14899
1672104735904 0.84375 14949
1672104760108 0.875 14999
1672104774431 0.84375 15049
1672104788756 0.71875 15099
1672104803050 0.90625 15149
1672104827286 0.65625 15199
1672104841647 0.6875 15249
1672104855871 0.6875 15299
1672104870108 0.8125 15349
1672104884332 0.71875 15399
1672104908877 0.71875 15449
1672104923142 0.8125 15499
1672104937364 0.9375 15549
1672104951584 0.875 15599
1672104975884 0.71875 15649
1672104990188 0.84375 15699
1672105004625 0.8125 15749
1672105019177 0.84375 15799
1672105043847 0.90625 15849
1672105058236 0.78125 15899
1672105072476 0.8125 15949
1672105086733 0.75 15999
1672105100980 0.75 16049
1672105125544 0.875 16099
1672105139904 0.875 16149
1672105154376 0.875 16199
1672105168580 0.78125 16249
1672105193141 0.78125 16299
1672105207397 0.78125 16349
1672105221675 0.84375 16399
1672105235958 0.78125 16449
1672105260537 0.8125 16499
1672105274905 0.875 16549
1672105289134 0.8125 16599
1672105303490 0.84375 16649
1672105317801 0.65625 16699
1672105342225 0.84375 16749
1672105356451 0.90625 16799
1672105370683 0.875 16849
1672105385212 0.875 16899
1672105409656 0.90625 16949
1672105423826 0.8125 16999
1672105438142 0.6875 17049
1672105452336 0.84375 17099
1672105476677 0.84375 17149
1672105490914 0.78125 17199
1672105505262 0.875 17249
1672105519586 0.78125 17299
1672105533919 0.8125 17349
1672105558280 0.75 17399
1672105572645 0.8125 17449
1672105586852 0.78125 17499
1672105601055 0.9375 17549
1672105625357 0.96875 17599
1672105639578 0.78125 17649
1672105654005 0.90625 17699
1672105668256 0.8125 17749
1672105692861 0.875 17799
1672105707309 0.875 17849
1672105721760 0.90625 17899
1672105736019 0.8125 17949
1672105750310 0.84375 17999
1672105774759 0.8125 18049
1672105789125 0.84375 18099
1672105803674 0.875 18149
1672105818099 0.875 18199
1672105842668 0.8125 18249
1672105856847 0.78125 18299
1672105871008 0.875 18349
1672105885150 0.8125 18399
1672105909593 0.78125 18449
1672105924115 0.875 18499
1672105938522 0.875 18549
1672105952874 0.71875 18599
1672105967183 0.8125 18649
1672105991706 0.71875 18699
1672106005884 0.84375 18749
1672106020026 0.875 18799
1672106034301 0.84375 18849
1672106058623 0.96875 18899
1672106073050 0.84375 18949
1672106087552 0.84375 18999
1672106101939 0.625 19049
1672106126371 0.8125 19099
1672106140662 0.8125 19149
1672106154865 0.75 19199
1672106169063 0.90625 19249
1672106183263 0.75 19299
1672106207778 0.8125 19349
1672106222281 0.84375 19399
1672106236485 0.96875 19449
1672106250870 0.8125 19499
1672106275407 0.71875 19549
1672106289661 0.90625 19599
1672106303899 0.84375 19649
1672106318179 0.8125 19699
1672106343016 0.78125 19749
1672106357247 0.875 19799
1672106371529 0.875 19849
1672106385860 0.84375 19899
1672106400052 0.90625 19949
1672106424412 0.84375 19999
1672106438662 0.78125 20049
1672106452901 0.9375 20099
1672106467348 0.75 20149
1672106492124 0.78125 20199
1672106506246 0.75 20249
1672106520486 0.90625 20299
1672106534614 0.9375 20349
1672106558751 0.84375 20399
1672106572989 0.84375 20449
1672106587228 0.6875 20499
1672106601586 0.84375 20549
1672106616087 0.78125 20599
1672106640501 0.8125 20649
1672106654895 0.65625 20699
1672106669171 0.78125 20749
1672106683451 0.75 20799
1672106707748 0.75 20849
1672106722178 0.75 20899
1672106736707 0.78125 20949
1672106751119 0.8125 20999
1672106775663 0.90625 21049
1672106790054 0.8125 21099
1672106804399 0.75 21149
1672106818731 0.8125 21199
1672106833191 0.875 21249
1672106857750 0.84375 21299
1672106872071 0.84375 21349
1672106886333 0.65625 21399
1672106900562 0.75 21449
1672106925004 0.71875 21499
1672106939248 0.84375 21549
1672106953624 0.71875 21599
1672106967979 0.90625 21649
1672106982134 1.0 21699
1672107006829 0.84375 21749
1672107021040 0.8125 21799
1672107035249 0.9375 21849
1672107049406 0.75 21899
1672107073725 0.84375 21949
1672107088063 0.8125 21999
1672107102284 0.78125 22049
1672107116769 0.875 22099
1672107141345 0.84375 22149
1672107155533 0.875 22199
1672107169759 0.9375 22249
1672107183984 0.78125 22299
1672107198162 0.75 22349
1672107222681 0.75 22399
1672107236850 0.90625 22449
1672107251195 0.75 22499
1672107265436 0.84375 22549
1672107290351 0.78125 22599
1672107305021 0.90625 22649
1672107319746 0.8125 22699
1672107334772 0.78125 22749
1672107363322 0.875 22799
1672107378455 0.75 22849
1672107393064 0.75 22899
1672107407686 0.75 22949
1672107422274 0.84375 22999
1672107448433 0.90625 23049
1672107463180 0.78125 23099
1672107478123 0.8125 23149
1672107493233 0.90625 23199
1672107519185 0.84375 23249
1672107533964 0.625 23299
1672107548711 0.8125 23349
1672107563445 0.90625 23399
1672107589671 0.8125 23449
1672107604749 0.84375 23499
1672107619584 0.65625 23549
1672107634425 0.75 23599
1672107649060 0.8125 23649
1672107675013 0.875 23699
1672107689680 0.84375 23749
1672107704320 0.71875 23799
1672107719152 0.875 23849
1672107745101 0.9375 23899
1672107760088 0.875 23949
1672107775078 0.90625 23999
1672107789843 0.875 24049
1672107815911 0.875 24099
1672107830742 0.90625 24149
1672107845628 0.78125 24199
1672107860866 0.9375 24249
1672107875736 0.875 24299
1672107901720 0.875 24349
1672107916632 0.875 24399
1672107931351 0.84375 24449
1672107946112 0.78125 24499
1672107972063 0.8125 24549
1672107987173 0.9375 24599
1672108001919 0.8125 24649
1672108016615 0.78125 24699
1672108042723 0.8125 24749
1672108057636 0.90625 24799
1672108072440 0.8125 24849
1672108087142 0.78125 24899
1672108101897 0.875 24949
1672108128437 0.8125 24999
1672108143353 0.96875 25049
1672108158056 0.78125 25099
1672108172787 0.6875 25149
1672108199246 0.625 25199
1672108214209 0.875 25249
1672108229022 0.875 25299
1672108244020 0.84375 25349
1672108270068 0.875 25399
1672108285118 0.75 25449
1672108299977 0.875 25499
1672108314816 0.875 25549
1672108330035 0.90625 25599
1672108356355 0.96875 25649
1672108371041 0.90625 25699
1672108385703 0.84375 25749
1672108400487 0.84375 25799
1672108426598 0.84375 25849
1672108441356 0.78125 25899
1672108456173 0.71875 25949
1672108471112 0.875 25999
1672108496972 0.84375 26049
1672108511999 0.78125 26099
1672108526877 0.84375 26149
1672108542057 0.8125 26199
1672108556813 0.8125 26249
1672108583067 0.75 26299
1672108597784 0.90625 26349
1672108612491 0.75 26399
1672108627193 0.84375 26449
1672108653535 0.78125 26499
1672108668444 0.90625 26549
1672108683397 0.8125 26599
1672108698174 0.78125 26649
1672108724229 0.8125 26699
1672108738895 0.90625 26749
1672108753543 0.8125 26799
1672108768232 0.875 26849
1672108783076 0.8125 26899
1672108809707 0.75 26949
1672108824637 0.84375 26999
1672108839425 0.71875 27049
1672108854279 0.90625 27099
1672108880209 0.90625 27149
1672108895038 0.875 27199
1672108909808 0.84375 27249
1672108924785 0.71875 27299
1672108951370 0.9375 27349
1672108966194 0.90625 27399
1672108981012 0.8125 27449
1672108995831 0.90625 27499
1672109010667 0.75 27549
1672109036786 0.8125 27599
1672109051700 0.84375 27649
1672109066704 0.8125 27699
1672109081689 0.6875 27749
1672109108696 0.8125 27799
1672109123613 0.8125 27849
1672109138371 0.84375 27899
1672109153091 0.75 27949
1672109179128 0.96875 27999
1672109194077 0.75 28049
1672109208982 0.875 28099
1672109224035 0.96875 28149
1672109238922 0.84375 28199
1672109265176 0.8125 28249
1672109279917 0.8125 28299
1672109294612 0.875 28349
1672109309293 0.875 28399
1672109335771 0.875 28449
1672109350886 0.9375 28499
1672109365706 0.8125 28549
1672109380832 0.8125 28599
1672109406968 0.9375 28649
1672109421787 0.90625 28699
1672109436532 0.78125 28749
1672109451181 0.78125 28799
1672109466013 0.8125 28849
1672109492492 0.84375 28899
1672109507300 0.875 28949
1672109522285 0.875 28999
1672109537054 0.875 29049
1672109563192 0.84375 29099
1672109577834 0.8125 29149
1672109592568 0.71875 29199
1672109607273 0.8125 29249
1672109633884 0.875 29299
1672109648623 0.75 29349
1672109663376 0.875 29399
1672109678286 0.84375 29449
1672109692943 0.8125 29499
1672109719238 0.78125 29549
1672109734030 0.84375 29599
1672109748733 0.78125 29649
1672109763975 0.875 29699
1672109790192 0.8125 29749
1672109805070 0.75 29799
1672109819775 0.875 29849
1672109834498 0.78125 29899
1672109860312 0.84375 29949
1672109875034 0.78125 29999
1672109890443 0.9375 30049
1672109905197 0.875 30099
1672109920029 0.75 30149
1672109946393 0.625 30199
1672109961110 0.75 30249
1672109975861 0.90625 30299
1672109990518 0.78125 30349
1672110017289 0.90625 30399
1672110031998 0.875 30449
1672110046674 0.71875 30499
1672110061311 0.84375 30549
1672110087183 0.8125 30599
1672110101821 0.75 30649
1672110116715 0.9375 30699
1672110131609 0.84375 30749
1672110146351 0.8125 30799
1672110172613 0.78125 30849
1672110187551 0.78125 30899
1672110202458 0.84375 30949
1672110217284 0.875 30999
1672110243733 0.90625 31049
1672110258423 0.96875 31099
1672110273174 0.71875 31149
1672110287731 0.65625 31199
1672110313025 0.96875 31249
1672110327439 0.84375 31299
1672110341889 0.875 31349
1672110356339 0.75 31399
1672110370779 0.71875 31449
1672110396011 0.78125 31499
1672110410771 0.71875 31549
1672110425233 0.8125 31599
1672110439857 0.90625 31649
1672110464709 1.0 31699
1672110479266 0.75 31749
1672110493821 0.875 31799
1672110508382 0.78125 31849
1672110533660 0.8125 31899
1672110548400 0.71875 31949
1672110562882 0.9375 31999
1672110577523 0.8125 32049
1672110592008 0.8125 32099
1672110617077 0.75 32149
1672110631556 0.84375 32199
1672110646017 0.90625 32249
1672110660781 0.90625 32299
1672110688518 0.84375 32349
1672110703595 0.8125 32399
1672110718247 0.78125 32449
1672110732856 0.78125 32499
1672110747255 0.875 32549
