1672099791017 0.6833333373069763 49
1672099805171 0.5833333730697632 99
1672099819451 0.60317462682724 149
1672099833853 0.7142857313156128 199
1672099857998 0.75 249
1672099872135 0.6166666746139526 299
1672099886290 0.7416666746139526 349
1672099900393 0.6166666746139526 399
1672099924396 0.5833333730697632 449
1672099938764 0.797619104385376 499
1672099952991 0.6138889193534851 549
1672099967235 0.5166666507720947 599
1672099981358 0.6166666746139526 649
1672100005765 0.5476190447807312 699
1672100019978 0.763888955116272 749
1672100034224 0.550000011920929 799
1672100048475 0.32499998807907104 849
1672100072899 0.6666666865348816 899
1672100087119 0.6111111640930176 949
1672100101619 0.5833333730697632 999
1672100115871 0.699999988079071 1049
1672100140036 0.7152777910232544 1099
1672100154243 0.6166666746139526 1149
1672100168385 0.6785714626312256 1199
1672100182523 0.6041666865348816 1249
1672100196862 0.6666666865348816 1299
1672100221271 0.9375 1349
1672100235627 0.6970238089561462 1399
1672100249859 0.6375000476837158 1449
1672100264066 0.6415584683418274 1499
1672100288229 0.7559524178504944 1549
1672100302416 0.6746032238006592 1599
1672100316922 0.7392857074737549 1649
1672100331220 0.3333333432674408 1699
1672100355444 0.4833333492279053 1749
1672100369874 0.6583333611488342 1799
1672100384101 0.8125 1849
1672100398340 0.7749999761581421 1899
1672100412581 0.8583333492279053 1949
1672100436706 0.7416666746139526 1999
1672100450913 0.7470238208770752 2049
1672100465449 0.6388888955116272 2099
1672100479796 0.7559523582458496 2149
1672100504115 0.6916666626930237 2199
1672100518345 0.6428571939468384 2249
1672100532668 0.511904776096344 2299
1672100546886 0.7083333730697632 2349
1672100571105 0.6904762387275696 2399
1672100585489 0.8809524178504944 2449
1672100600045 0.8388888835906982 2499
1672100614395 0.6333333849906921 2549
1672100628833 0.49642854928970337 2599
1672100652988 0.44999998807907104 2649
1672100667169 0.5178571343421936 2699
1672100681444 0.6625000238418579 2749
1672100695571 0.6597222089767456 2799
1672100719921 0.6578283309936523 2849
1672100734295 0.3392857313156128 2899
1672100748504 0.6097222566604614 2949
1672100762875 0.773809552192688 2999
1672100787324 0.7351190447807312 3049
1672100801577 0.5874999761581421 3099
1672100815790 0.6791666746139526 3149
1672100830030 0.6875 3199
1672100844360 0.625 3249
1672100868890 0.5892857313156128 3299
1672100883135 0.6761904954910278 3349
1672100897497 0.5568181872367859 3399
1672100911872 0.36666667461395264 3449
1672100936161 0.8785714507102966 3499
1672100950382 0.949999988079071 3549
1672100964753 0.7083333730697632 3599
1672100978946 0.8785714507102966 3649
1672101003368 0.20000000298023224 3699
1672101017807 0.6666666865348816 3749
1672101032204 0.8928571939468384 3799
1672101046604 0.5138888955116272 3849
1672101060816 0.7000000476837158 3899
1672101084975 0.6642857193946838 3949
1672101099165 0.7208333015441895 3999
1672101113498 0.6000000238418579 4049
1672101127681 0.5267857313156128 4099
1672101152132 0.615079402923584 4149
1672101166312 0.735119104385376 4199
1672101180687 0.7651515603065491 4249
1672101194872 0.7939394116401672 4299
1672101219369 0.7666666507720947 4349
1672101233534 0.949999988079071 4399
1672101247883 0.5571428537368774 4449
1672101262353 0.7430556416511536 4499
1672101276535 0.6238095760345459 4549
1672101301069 0.6761904954910278 4599
1672101315296 0.7972222566604614 4649
1672101329690 0.7142857313156128 4699
1672101343888 0.5 4749
1672101368268 0.6000000238418579 4799
1672101382584 0.5928571224212646 4849
1672101397121 0.6857143044471741 4899
1672101411341 0.6388888955116272 4949
1672101435599 0.6875 4999
1672101449839 0.5809524059295654 5049
1672101464218 0.523809552192688 5099
1672101478464 0.7833333611488342 5149
1672101492672 0.6666666865348816 5199
1672101517006 0.7666666507720947 5249
1672101531300 0.7416666746139526 5299
1672101545453 0.798701286315918 5349
1672101559662 0.5833333730697632 5399
1672101583903 0.48571428656578064 5449
1672101598085 0.7416666746139526 5499
1672101612356 0.887499988079071 5549
1672101626518 0.5 5599
1672101650792 0.49761903285980225 5649
1672101665072 0.6666666865348816 5699
1672101679461 0.6650793552398682 5749
1672101693682 0.8017857074737549 5799
1672101708035 0.7285714149475098 5849
1672101732291 0.8041666746139526 5899
1672101746515 0.824999988079071 5949
1672101760876 0.773809552192688 5999
1672101775091 0.523809552192688 6049
1672101799492 0.3222222328186035 6099
1672101813880 0.5267857313156128 6149
1672101828102 0.36666667461395264 6199
1672101842470 0.7777778506278992 6249
1672101866758 0.7420635223388672 6299
1672101881174 0.5892857313156128 6349
1672101895451 0.5821428894996643 6399
1672101909921 0.4583333432674408 6449
1672101924138 0.826388955116272 6499
1672101948578 0.8666666746139526 6549
1672101962974 0.8333333730697632 6599
1672101977220 0.5375000238418579 6649
1672101991452 0.6071428656578064 6699
1672102015732 0.8597221970558167 6749
1672102029973 0.5952380895614624 6799
1672102044318 0.6416666507720947 6849
1672102058562 0.908730149269104 6899
1672102083046 0.7833333611488342 6949
1672102097267 0.4375 6999
1672102111508 0.6595238447189331 7049
1672102125742 0.5 7099
1672102139962 0.8500000238418579 7149
1672102164315 0.8214285969734192 7199
1672102178513 0.690079391002655 7249
1672102192881 0.625 7299
1672102207241 0.8392857313156128 7349
1672102231785 0.7416666746139526 7399
1672102246006 0.6791666746139526 7449
1672102260199 0.3541666865348816 7499
1672102274583 0.6439393758773804 7549
1672102298888 0.5976190567016602 7599
1672102313159 0.7833333611488342 7649
1672102327685 0.6726190447807312 7699
1672102342019 0.2916666865348816 7749
1672102356384 0.5357142686843872 7799
1672102380674 0.4333333373069763 7849
1672102394901 0.7250000238418579 7899
1672102409117 0.5684524178504944 7949
1672102423340 0.6666666269302368 7999
1672102447665 0.7972222566604614 8049
1672102462101 0.5809524059295654 8099
1672102476482 0.7749999761581421 8149
1672102490953 0.824999988079071 8199
1672102515518 0.5083333253860474 8249
1672102529746 0.7559524178504944 8299
1672102543905 0.8166666626930237 8349
1672102558060 0.4642857313156128 8399
1672102572234 0.4958333373069763 8449
1672102596844 0.6833333373069763 8499
1672102611177 0.6041666865348816 8549
1672102625348 0.7222222685813904 8599
1672102639497 0.826388955116272 8649
1672102663570 0.8095238208770752 8699
1672102677979 0.1428571492433548 8749
1672102692239 0.5791667103767395 8799
1672102706497 0.9285714626312256 8849
1672102730911 0.737500011920929 8899
1672102745165 0.49761903285980225 8949
1672102759410 0.2857142686843872 8999
1672102773782 0.7767857313156128 9049
1672102788138 0.7147727608680725 9099
1672102812522 0.9142857193946838 9149
1672102826804 0.8660714626312256 9199
1672102841122 0.8184523582458496 9249
1672102855460 0.4888888895511627 9299
1672102879839 0.7416666746139526 9349
1672102894185 0.7976190447807312 9399
1672102908388 0.747619092464447 9449
1672102922576 0.8785714507102966 9499
1672102946973 0.8666666746139526 9549
1672102961360 0.7083333730697632 9599
1672102975788 0.7460317611694336 9649
1672102990063 0.6499999761581421 9699
1672103004631 0.6166666746139526 9749
1672103028846 0.49166667461395264 9799
1672103043114 0.7222222089767456 9849
1672103057332 0.8875000476837158 9899
1672103071593 0.7559524178504944 9949
1672103096211 0.7833333611488342 9999
1672103110649 0.5833333730697632 10049
1672103125056 0.949999988079071 10099
1672103139450 0.6916666626930237 10149
1672103163731 0.8642857074737549 10199
1672103178012 0.6642857193946838 10249
1672103192251 0.5416666865348816 10299
1672103206484 0.6142857074737549 10349
1672103220864 0.4166666865348816 10399
1672103245406 0.8452381491661072 10449
1672103259635 0.8472222089767456 10499
1672103273815 0.550000011920929 10549
1672103288146 0.5333333015441895 10599
1672103312429 0.8392857313156128 10649
1672103326665 0.7708333730697632 10699
1672103341017 0.6814394593238831 10749
1672103355261 0.6666666865348816 10799
1672103369278 0.5 10849
1672103393994 0.5666666626930237 10899
1672103408195 0.7208333611488342 10949
1672103422398 0.37012988328933716 10999
1672103436774 0.6458333730697632 11049
1672103461305 0.6666666865348816 11099
1672103475778 0.5595238208770752 11149
1672103490166 0.7708333730697632 11199
1672103504434 0.75 11249
1672103529076 0.7000000476837158 11299
1672103543301 0.4583333730697632 11349
1672103557560 0.7083333730697632 11399
1672103571742 0.773809552192688 11449
1672103586071 0.797619104385376 11499
1672103610604 0.6722222566604614 11549
1672103624868 0.699999988079071 11599
1672103639262 0.4809523820877075 11649
1672103653558 0.8439394235610962 11699
1672103678096 0.6059524416923523 11749
1672103692313 0.44999998807907104 11799
1672103706515 0.7142857313156128 11849
1672103720868 0.6875 11899
1672103745197 0.7000000476837158 11949
1672103759592 0.5359848737716675 11999
1672103773818 0.73333340883255 12049
1672103788169 0.797619104385376 12099
1672103802373 0.6071428656578064 12149
1672103827214 0.7490079402923584 12199
1672103841646 0.6365079283714294 12249
1672103856032 0.6309524178504944 12299
1672103870370 0.4226190447807312 12349
1672103894689 0.7651515603065491 12399
1672103909120 0.8999999761581421 12449
1672103923511 0.6583333611488342 12499
1672103937786 0.5 12549
1672103962186 0.6309524178504944 12599
1672103976536 0.6666666865348816 12649
1672103990881 0.8333333730697632 12699
1672104005075 0.8517857193946838 12749
1672104019401 0.8333333730697632 12799
1672104043657 0.8928571343421936 12849
1672104057862 0.7142857313156128 12899
1672104072128 0.5392857193946838 12949
1672104086465 0.2916666865348816 12999
1672104111125 0.8333333730697632 13049
1672104125553 0.7192460894584656 13099
1672104139797 0.6642857193946838 13149
1672104154030 0.8309524059295654 13199
1672104178425 0.8333333730697632 13249
1672104192662 0.5178571343421936 13299
1672104206979 0.6059523820877075 13349
1672104221713 0.5928571820259094 13399
1672104236174 0.2678571343421936 13449
1672104260453 0.8068181872367859 13499
1672104274896 0.7916666865348816 13549
1672104289113 0.8452380895614624 13599
1672104303326 0.7803571224212646 13649
1672104327754 0.7333333492279053 13699
1672104342216 0.699999988079071 13749
1672104356551 0.6041666865348816 13799
1672104370753 0.8031746745109558 13849
1672104395163 0.8333333730697632 13899
1672104409325 0.5166666507720947 13949
1672104423528 0.6904762387275696 13999
1672104437687 0.7053571343421936 14049
1672104451841 0.523809552192688 14099
1672104476423 0.6017857193946838 14149
1672104490660 0.6428571343421936 14199
1672104504864 0.4809523820877075 14249
1672104519370 0.5333333611488342 14299
1672104543773 0.5 14349
1672104558073 0.908730149269104 14399
1672104572329 0.6875 14449
1672104586580 0.7397727370262146 14499
1672104611373 0.3958333134651184 14549
1672104625590 0.797619104385376 14599
1672104639923 0.6666666865348816 14649
1672104654263 0.699999988079071 14699
1672104668483 0.8888888955116272 14749
1672104692882 0.7749999761581421 14799
1672104707193 0.75 14849
1672104721560 0.5833333730697632 14899
1672104735904 0.7392857074737549 14949
1672104760108 0.550000011920929 14999
1672104774431 0.7250000238418579 15049
1672104788756 0.4791666865348816 15099
1672104803050 0.7000000476837158 15149
1672104827286 0.4642857015132904 15199
1672104841647 0.4928571283817291 15249
1672104855871 0.4583333730697632 15299
1672104870108 0.6916667222976685 15349
1672104884332 0.5625 15399
1672104908877 0.4333333373069763 15449
1672104923142 0.747619092464447 15499
1672104937364 0.8939394354820251 15549
1672104951584 0.8304473757743835 15599
1672104975884 0.5875000357627869 15649
1672104990188 0.8500000238418579 15699
1672105004625 0.8222222328186035 15749
1672105019177 0.7698413133621216 15799
1672105043847 0.5833333730697632 15849
1672105058236 0.6428571343421936 15899
1672105072476 0.5178571343421936 15949
1672105086733 0.4928571581840515 15999
1672105100980 0.5611110925674438 16049
1672105125544 0.638888955116272 16099
1672105139904 0.44999998807907104 16149
1672105154376 0.8095238208770752 16199
1672105168580 0.4900793731212616 16249
1672105193141 0.5357142686843872 16299
1672105207397 0.4166666865348816 16349
1672105221675 0.7817460298538208 16399
1672105235958 0.6529914736747742 16449
1672105260537 0.6499999761581421 16499
1672105274905 0.5416666865348816 16549
1672105289134 0.7892857193946838 16599
1672105303490 0.7785714268684387 16649
1672105317801 0.2750000059604645 16699
1672105342225 0.60317462682724 16749
1672105356451 0.574999988079071 16799
1672105370683 0.8095238208770752 16849
1672105385212 0.8125 16899
1672105409656 0.8531745672225952 16949
1672105423826 0.6166666746139526 16999
1672105438142 0.6095238327980042 17049
1672105452336 0.7595238089561462 17099
1672105476677 0.8309524059295654 17149
1672105490914 0.4583333730697632 17199
1672105505262 0.6642857193946838 17249
1672105519586 0.4541666507720947 17299
1672105533919 0.5522727370262146 17349
1672105558280 0.636904776096344 17399
1672105572645 0.75 17449
1672105586852 0.7333333492279053 17499
1672105601055 0.699999988079071 17549
1672105625357 0.949999988079071 17599
1672105639578 0.6555556058883667 17649
1672105654005 0.824999988079071 17699
1672105668256 0.8071428537368774 17749
1672105692861 0.7698413133621216 17799
1672105707309 0.8740079402923584 17849
1672105721760 0.8809524178504944 17899
1672105736019 0.5 17949
1672105750310 0.5222222208976746 17999
1672105774759 0.6000000238418579 18049
1672105789125 0.7785714268684387 18099
1672105803674 0.824999988079071 18149
1672105818099 0.8865079283714294 18199
1672105842668 0.7083333730697632 18249
1672105856847 0.7041667103767395 18299
1672105871008 0.5 18349
1672105885150 0.512499988079071 18399
1672105909593 0.5928571224212646 18449
1672105924115 0.7916666865348816 18499
1672105938522 0.75 18549
1672105952874 0.6535714268684387 18599
1672105967183 0.7388888597488403 18649
1672105991706 0.6345238089561462 18699
1672106005884 0.7916666865348816 18749
1672106020026 0.8374999761581421 18799
1672106034301 0.8309524059295654 18849
1672106058623 0.9166666865348816 18899
1672106073050 0.550000011920929 18949
1672106087552 0.8557692170143127 18999
1672106101939 0.3693181872367859 19049
1672106126371 0.5666666626930237 19099
1672106140662 0.7059524059295654 19149
1672106154865 0.5222222805023193 19199
1672106169063 0.9217171669006348 19249
1672106183263 0.41428571939468384 19299
1672106207778 0.7946428656578064 19349
1672106222281 0.773809552192688 19399
1672106236485 0.9722222089767456 19449
1672106250870 0.7541666626930237 19499
1672106275407 0.6916666626930237 19549
1672106289661 0.9007936716079712 19599
1672106303899 0.638888955116272 19649
1672106318179 0.6833333969116211 19699
1672106343016 0.6722222566604614 19749
1672106357247 0.8517857193946838 19799
1672106371529 0.638888955116272 19849
1672106385860 0.8603896498680115 19899
1672106400052 0.810606062412262 19949
1672106424412 0.7708333730697632 19999
1672106438662 0.7420635223388672 20049
1672106452901 0.9166666865348816 20099
1672106467348 0.5625 20149
1672106492124 0.7559524178504944 20199
1672106506246 0.5595238208770752 20249
1672106520486 0.8500000238418579 20299
1672106534614 0.875 20349
1672106558751 0.7833333611488342 20399
1672106572989 0.7666667103767395 20449
1672106587228 0.512499988079071 20499
1672106601586 0.5814393758773804 20549
1672106616087 0.5833333730697632 20599
1672106640501 0.7095238566398621 20649
1672106654895 0.6101190447807312 20699
1672106669171 0.49166667461395264 20749
1672106683451 0.5392857193946838 20799
1672106707748 0.5151515007019043 20849
1672106722178 0.5416666865348816 20899
1672106736707 0.7000000476837158 20949
1672106751119 0.7510822415351868 20999
1672106775663 0.8309524059295654 21049
1672106790054 0.7892857193946838 21099
1672106804399 0.6791666746139526 21149
1672106818731 0.75 21199
1672106833191 0.637499988079071 21249
1672106857750 0.8071428537368774 21299
1672106872071 0.615079402923584 21349
1672106886333 0.38333335518836975 21399
1672106900562 0.5 21449
1672106925004 0.672619104385376 21499
1672106939248 0.6041666865348816 21549
1672106953624 0.6428571939468384 21599
1672106967979 0.9017857313156128 21649
1672106982134 0.0 21699
1672107006829 0.7708333730697632 21749
1672107021040 0.6809523701667786 21799
1672107035249 0.8809524178504944 21849
1672107049406 0.6761904954910278 21899
1672107073725 0.6222222447395325 21949
1672107088063 0.5178571343421936 21999
1672107102284 0.6309524178504944 22049
1672107116769 0.797619104385376 22099
1672107141345 0.7416666746139526 22149
1672107155533 0.5833333730697632 22199
1672107169759 0.6666666865348816 22249
1672107183984 0.6189393997192383 22299
1672107198162 0.49166667461395264 22349
1672107222681 0.6796537041664124 22399
1672107236850 0.8309524059295654 22449
1672107251195 0.5095238089561462 22499
1672107265436 0.7722222805023193 22549
1672107290351 0.7500000596046448 22599
1672107305021 0.7833333611488342 22649
1672107319746 0.5166666507720947 22699
1672107334772 0.5 22749
1672107363322 0.7724359035491943 22799
1672107378455 0.6071428656578064 22849
1672107393064 0.44999998807907104 22899
1672107407686 0.6583333611488342 22949
1672107422274 0.7250000238418579 22999
1672107448433 0.8388888835906982 23049
1672107463180 0.6666666865348816 23099
1672107478123 0.7095237970352173 23149
1672107493233 0.6865079402923584 23199
1672107519185 0.6597222089767456 23249
1672107533964 0.1428571343421936 23299
1672107548711 0.7178571224212646 23349
1672107563445 0.6499999761581421 23399
1672107589671 0.5666666626930237 23449
1672107604749 0.7309524416923523 23499
1672107619584 0.5416666865348816 23549
1672107634425 0.5809524059295654 23599
1672107649060 0.7059524059295654 23649
1672107675013 0.8740079402923584 23699
1672107689680 0.7833333611488342 23749
1672107704320 0.6333333849906921 23799
1672107719152 0.8500000238418579 23849
1672107745101 0.9365079402923584 23899
1672107760088 0.8333333730697632 23949
1672107775078 0.8809524178504944 23999
1672107789843 0.838888943195343 24049
1672107815911 0.8184524178504944 24099
1672107830742 0.8999999761581421 24149
1672107845628 0.625 24199
1672107860866 0.8999999761581421 24249
1672107875736 0.7083333730697632 24299
1672107901720 0.6642857193946838 24349
1672107916632 0.8428571224212646 24399
1672107931351 0.574999988079071 24449
1672107946112 0.5939394235610962 24499
1672107972063 0.7416666746139526 24549
1672107987173 0.6309524178504944 24599
1672108001919 0.6166666746139526 24649
1672108016615 0.6785714626312256 24699
1672108042723 0.7166666984558105 24749
1672108057636 0.4285714328289032 24799
1672108072440 0.5666667222976685 24849
1672108087142 0.6160714626312256 24899
1672108101897 0.8333333730697632 24949
1672108128437 0.7321428656578064 24999
1672108143353 0.7142857313156128 25049
1672108158056 0.7978896498680115 25099
1672108172787 0.40952378511428833 25149
1672108199246 0.5166666507720947 25199
1672108214209 0.5892857313156128 25249
1672108229022 0.7666667103767395 25299
1672108244020 0.8452381491661072 25349
1672108270068 0.7892857193946838 25399
1672108285118 0.7222222089767456 25449
1672108299977 0.7689393758773804 25499
1672108314816 0.574999988079071 25549
1672108330035 0.6785714626312256 25599
1672108356355 0.9642857313156128 25649
1672108371041 0.824999988079071 25699
1672108385703 0.6916666626930237 25749
1672108400487 0.5416666865348816 25799
1672108426598 0.6666666865348816 25849
1672108441356 0.7589285969734192 25899
1672108456173 0.5392857193946838 25949
1672108471112 0.7559524178504944 25999
1672108496972 0.735119104385376 26049
1672108511999 0.4833333492279053 26099
1672108526877 0.5416666865348816 26149
1672108542057 0.4642857313156128 26199
1672108556813 0.5142857432365417 26249
1672108583067 0.5595238208770752 26299
1672108597784 0.8642857074737549 26349
1672108612491 0.685119092464447 26399
1672108627193 0.7291666865348816 26449
1672108653535 0.523809552192688 26499
1672108668444 0.824999988079071 26549
1672108683397 0.5625 26599
1672108698174 0.6309523582458496 26649
1672108724229 0.6916666626930237 26699
1672108738895 0.8106061220169067 26749
1672108753543 0.5555555820465088 26799
1672108768232 0.8184524178504944 26849
1672108783076 0.7410714626312256 26899
1672108809707 0.7532467842102051 26949
1672108824637 0.409722238779068 26999
1672108839425 0.5476190447807312 27049
1672108854279 0.75 27099
1672108880209 0.9097222089767456 27149
1672108895038 0.6309523582458496 27199
1672108909808 0.4642857313156128 27249
1672108924785 0.6059523820877075 27299
1672108951370 0.888888955116272 27349
1672108966194 0.8541666865348816 27399
1672108981012 0.7539682984352112 27449
1672108995831 0.8785714507102966 27499
1672109010667 0.7303571701049805 27549
1672109036786 0.5222222805023193 27599
1672109051700 0.6726190447807312 27649
1672109066704 0.7541666626930237 27699
1672109081689 0.49166667461395264 27749
1672109108696 0.7476190328598022 27799
1672109123613 0.6583333611488342 27849
1672109138371 0.7689394354820251 27899
1672109153091 0.5428571701049805 27949
1672109179128 0.699999988079071 27999
1672109194077 0.781818151473999 28049
1672109208982 0.8035714626312256 28099
1672109224035 0.9642857313156128 28149
1672109238922 0.6916666626930237 28199
1672109265176 0.5642856955528259 28249
1672109279917 0.4166666865348816 28299
1672109294612 0.7892857193946838 28349
1672109309293 0.8041666746139526 28399
1672109335771 0.8500000238418579 28449
1672109350886 0.8809524178504944 28499
1672109365706 0.49166667461395264 28549
1672109380832 0.7392857074737549 28599
1672109406968 0.9375 28649
1672109421787 0.8388888835906982 28699
1672109436532 0.6375000476837158 28749
1672109451181 0.380952388048172 28799
1672109466013 0.6476190686225891 28849
1672109492492 0.7142857313156128 28899
1672109507300 0.7559524178504944 28949
1672109522285 0.699999988079071 28999
1672109537054 0.8517857193946838 29049
1672109563192 0.3142857253551483 29099
1672109577834 0.5595238208770752 29149
1672109592568 0.5333333611488342 29199
1672109607273 0.7416666746139526 29249
1672109633884 0.7559524178504944 29299
1672109648623 0.5722222328186035 29349
1672109663376 0.8166666626930237 29399
1672109678286 0.7416666746139526 29449
1672109692943 0.46666666865348816 29499
1672109719238 0.6964285969734192 29549
1672109734030 0.7952381372451782 29599
1672109748733 0.761904776096344 29649
1672109763975 0.6517857313156128 29699
1672109790192 0.6892857551574707 29749
1672109805070 0.4333333373069763 29799
1672109819775 0.7559523582458496 29849
1672109834498 0.5714285373687744 29899
1672109860312 0.625 29949
1672109875034 0.735714316368103 29999
1672109890443 0.9365079402923584 30049
1672109905197 0.85317462682724 30099
1672109920029 0.7541666626930237 30149
1672109946393 0.5523809194564819 30199
1672109961110 0.5642857551574707 30249
1672109975861 0.8500000238418579 30299
1672109990518 0.639285683631897 30349
1672110017289 0.824999988079071 30399
1672110031998 0.7083333730697632 30449
1672110046674 0.7083333730697632 30499
1672110061311 0.7767857313156128 30549
1672110087183 0.36666667461395264 30599
1672110101821 0.6791666746139526 30649
1672110116715 0.6642857193946838 30699
1672110131609 0.8160714507102966 30749
1672110146351 0.6845238208770752 30799
1672110172613 0.5059523582458496 30849
1672110187551 0.5375000238418579 30899
1672110202458 0.7708333730697632 30949
1672110217284 0.7892857193946838 30999
1672110243733 0.8166666626930237 31049
1672110258423 0.949999988079071 31099
1672110273174 0.3976190686225891 31149
1672110287731 0.4791666865348816 31199
1672110313025 0.9166666865348816 31249
1672110327439 0.7666667103767395 31299
1672110341889 0.5416666865348816 31349
1672110356339 0.6527777910232544 31399
1672110370779 0.4333333373069763 31449
1672110396011 0.4583333432674408 31499
1672110410771 0.6684523820877075 31549
1672110425233 0.7365080118179321 31599
1672110439857 0.8666666746139526 31649
1672110464709 1.0 31699
1672110479266 0.5833333730697632 31749
1672110493821 0.4166666865348816 31799
1672110508382 0.6642857789993286 31849
1672110533660 0.747619092464447 31899
1672110548400 0.3678571283817291 31949
1672110562882 0.9142857193946838 31999
1672110577523 0.5772727131843567 32049
1672110592008 0.8351647853851318 32099
1672110617077 0.7222222089767456 32149
1672110631556 0.8095238208770752 32199
1672110646017 0.8392857313156128 32249
1672110660781 0.9017857313156128 32299
1672110688518 0.6726190447807312 32349
1672110703595 0.5142857432365417 32399
1672110718247 0.5333333611488342 32449
1672110732856 0.6166666746139526 32499
1672110747255 0.25 32549
