1672099847892 1.8418926765221018 216
1672099919197 1.8217756365295315 433
1672099991139 1.8199116349019104 650
1672100062822 1.8181919613934234 867
1672100135140 1.8111384911435706 1084
1672100206757 1.8082421319996962 1301
1672100278697 1.800168472575145 1518
1672100350734 1.7973156535962822 1735
1672100422660 1.7899400113741755 1952
1672100494888 1.7812906039844525 2169
1672100566703 1.7782695535467747 2386
1672100639259 1.7821158375805366 2603
1672100710995 1.774478636511719 2820
1672100783206 1.7776526575122866 3037
1672100855213 1.7713832095199347 3254
1672100927485 1.7663359068939635 3471
1672100999523 1.765801408020339 3688
1672101071792 1.7614309335946055 3905
1672101143512 1.7571633069712922 4122
1672101215824 1.7553614555329264 4339
1672101288149 1.7559094300417637 4556
1672101359971 1.7519446344828864 4773
1672101432277 1.75641009993379 4990
1672101504425 1.7498596931720516 5207
1672101576174 1.7532886011702595 5424
1672101647635 1.7452481617336402 5641
1672101719913 1.7466348382802064 5858
1672101791983 1.7481436119029143 6075
1672101864070 1.7438505964726814 6292
1672101936160 1.7396075778478806 6509
1672102008474 1.7417313174647677 6726
1672102080629 1.7400440248533926 6943
1672102152471 1.7393604733726413 7160
1672102224808 1.7405139869288972 7377
1672102296759 1.7345063747513532 7594
1672102369163 1.7307241525718269 7811
1672102440931 1.7343874990681174 8028
1672102513651 1.7325700438504126 8245
1672102585505 1.7274010369717618 8462
1672102657208 1.7296357037785797 8679
1672102729364 1.7277509431393003 8896
1672102801593 1.725666845583677 9113
1672102873704 1.7235359084109152 9330
1672102945732 1.7247745625068345 9547
1672103018214 1.727127036022828 9764
1672103090432 1.7182264808650403 9981
1672103162775 1.7222756592281612 10198
1672103234905 1.7210225808468107 10415
1672103306942 1.7190112402979714 10632
1672103378796 1.714896075888434 10849
1672103451171 1.7123355322283051 11066
1672103523705 1.7175054957659706 11283
1672103595759 1.7130092933921441 11500
1672103668250 1.7118584208376304 11717
1672103740219 1.7109682231233552 11934
1672103812519 1.7130168889138253 12151
1672103885172 1.7144828241350754 12368
1672103957484 1.7084886987118408 12585
1672104029576 1.7078661021000714 12802
1672104101837 1.7068622761591752 13019
1672104174001 1.7039438282832637 13236
1672104246673 1.7083972896060131 13453
1672104318806 1.7037312457889373 13670
1672104391069 1.7060727830670543 13887
1672104462670 1.7064427152660178 14104
1672104535061 1.701653045837157 14321
1672104607494 1.7022712438188057 14538
1672104679684 1.6980664550006097 14755
1672104751747 1.6990809190008418 14972
1672104823729 1.700670159590329 15189
1672104895854 1.7025888536070408 15406
1672104967782 1.6986490291127572 15623
1672105040571 1.7005653334073225 15840
1672105112942 1.6989354188164218 16057
1672105185312 1.698267733272415 16274
1672105257562 1.6935245676742348 16491
1672105329802 1.6943618497449553 16708
1672105402124 1.6917498137802258 16925
1672105473986 1.6931661564974552 17142
1672105546161 1.6956096776000498 17359
1672105618104 1.6941627820896779 17576
1672105690470 1.6979395932596364 17793
1672105762915 1.6950679744607928 18010
1672105835651 1.6910575368942886 18227
1672105907452 1.691684413831436 18444
1672105980207 1.694783558689328 18661
1672106051919 1.6927144742739357 18878
1672106124565 1.6936088141985026 19095
1672106196553 1.687284032707348 19312
1672106268989 1.6902833493993141 19529
1672106341470 1.686988355012547 19746
1672106413476 1.689604576520848 19963
1672106485844 1.692817520848078 20180
1672106557476 1.6872718376353655 20397
1672106629689 1.6920192028385899 20614
1672106701900 1.6874015614616522 20831
1672106774623 1.6827760100162847 21048
1672106847250 1.6903233549144006 21265
1672106919410 1.681508705030034 21482
1672106992000 1.6848175031087087 21699
1672107063579 1.6843523506861449 21916
1672107136026 1.684741678850705 22133
1672107207919 1.6818063989775813 22350
1672107280328 1.6852348780759754 22567
1672107357802 1.6842531037513317 22784
1672107433497 1.6830160870462434 23001
1672107509236 1.6837529168597145 23218
1672107584754 1.6823924041108225 23435
1672107660546 1.6795843357193967 23652
1672107735548 1.6801373812550968 23869
1672107811296 1.682819468609566 24086
1672107887378 1.6809532843916604 24303
1672107962741 1.6805590626738223 24520
1672108038383 1.6795307896019793 24737
1672108114376 1.6776811880770306 24954
1672108189983 1.6797708238795288 25171
1672108266017 1.6789342397877225 25388
1672108342464 1.6797353928226084 25605
1672108417841 1.6803945994360237 25822
1672108493208 1.6743204373024474 26039
1672108569478 1.6796265393809688 26256
1672108644943 1.6730129110318468 26473
1672108720734 1.6749320415320497 26690
1672108796124 1.6752799788571968 26907
1672108872039 1.6744888021222017 27124
1672108948028 1.671718607349471 27341
1672109023897 1.6727152986608884 27558
1672109100795 1.6754572884251633 27775
1672109176200 1.6716166861436312 27992
1672109252562 1.675939148476828 28209
1672109328176 1.6736376377336786 28426
1672109404441 1.6718938694949192 28643
1672109480261 1.6688674437627684 28860
1672109555933 1.6671573122142058 29077
1672109631615 1.6700587680198802 29294
1672109707275 1.6703580723675784 29511
1672109783080 1.6739921944026674 29728
1672109858348 1.6702401474446502 29945
1672109934498 1.6686474168870715 30162
1672110010415 1.6686032211671717 30379
1672110085501 1.6690623649458272 30596
1672110161091 1.6640075301647679 30813
1672110237180 1.666450874542019 31030
1672110311725 1.666887334306179 31247
1672110384998 1.6677395966638053 31464
1672110458728 1.6701294712376575 31681
1672110532609 1.6694692090724113 31898
1672110606510 1.665393191184174 32115
1672110682500 1.664514790597576 32332
1672110757748 1.6671063649766698 32549
