1672099847892 0.5737146139144897 216
1672099919197 0.5914602875709534 433
1672099991139 0.5905147194862366 650
1672100062822 0.6033263802528381 867
1672100135140 0.6031901240348816 1084
1672100206757 0.5898595452308655 1301
1672100278697 0.5847756266593933 1518
1672100350734 0.5814793705940247 1735
1672100422660 0.5944123268127441 1952
1672100494888 0.5989444255828857 2169
1672100566703 0.5926396250724792 2386
1672100639259 0.6037571430206299 2603
1672100710995 0.5991605520248413 2820
1672100783206 0.6005463600158691 3037
1672100855213 0.6053481698036194 3254
1672100927485 0.6087090373039246 3471
1672100999523 0.6057046055793762 3688
1672101071792 0.606223464012146 3905
1672101143512 0.6192980408668518 4122
1672101215824 0.619116485118866 4339
1672101288149 0.6219707727432251 4556
1672101359971 0.6204348802566528 4773
1672101432277 0.6222185492515564 4990
1672101504425 0.6254583597183228 5207
1672101576174 0.6194453835487366 5424
1672101647635 0.6210638284683228 5641
1672101719913 0.6209111213684082 5858
1672101791983 0.6284130811691284 6075
1672101864070 0.6369377970695496 6292
1672101936160 0.6340298056602478 6509
1672102008474 0.6409235000610352 6726
1672102080629 0.6280456781387329 6943
1672102152471 0.6385369896888733 7160
1672102224808 0.6268470287322998 7377
1672102296759 0.6252545714378357 7594
1672102369163 0.6357969641685486 7811
1672102440931 0.6366144418716431 8028
1672102513651 0.636330783367157 8245
1672102585505 0.636175274848938 8462
1672102657208 0.6409427523612976 8679
1672102729364 0.6341040730476379 8896
1672102801593 0.6260775923728943 9113
1672102873704 0.6334930062294006 9330
1672102945732 0.6430538892745972 9547
1672103018214 0.6337682008743286 9764
1672103090432 0.6491274237632751 9981
1672103162775 0.6409552097320557 10198
1672103234905 0.6459152102470398 10415
1672103306942 0.6356551051139832 10632
1672103378796 0.6429150104522705 10849
1672103451171 0.6428613066673279 11066
1672103523705 0.6338370442390442 11283
1672103595759 0.648439347743988 11500
1672103668250 0.6327002644538879 11717
1672103740219 0.6409648060798645 11934
1672103812519 0.6370340585708618 12151
1672103885172 0.6430883407592773 12368
1672103957484 0.6568332314491272 12585
1672104029576 0.643568754196167 12802
1672104101837 0.6409743428230286 13019
1672104174001 0.6567589044570923 13236
1672104246673 0.6410018801689148 13453
1672104318806 0.6557543873786926 13670
1672104391069 0.642233669757843 13887
1672104462670 0.6534131169319153 14104
1672104535061 0.6427539587020874 14321
1672104607494 0.6510046720504761 14538
1672104679684 0.6379879117012024 14755
1672104751747 0.6499642133712769 14972
1672104823729 0.6462166905403137 15189
1672104895854 0.6461877226829529 15406
1672104967782 0.6619845628738403 15623
1672105040571 0.6524263620376587 15840
1672105112942 0.6380347013473511 16057
1672105185312 0.6359758973121643 16274
1672105257562 0.6437681913375854 16491
1672105329802 0.6471566557884216 16708
1672105402124 0.6538094878196716 16925
1672105473986 0.6473053097724915 17142
1672105546161 0.6522171497344971 17359
1672105618104 0.6468318104743958 17576
1672105690470 0.6419185400009155 17793
1672105762915 0.6537380218505859 18010
1672105835651 0.6600440740585327 18227
1672105907452 0.6513625383377075 18444
1672105980207 0.6453826427459717 18661
1672106051919 0.6574512124061584 18878
1672106124565 0.6450756788253784 19095
1672106196553 0.6495994925498962 19312
1672106268989 0.6450977325439453 19529
1672106341470 0.6743627190589905 19746
1672106413476 0.6526975631713867 19963
1672106485844 0.664971113204956 20180
1672106557476 0.6539885401725769 20397
1672106629689 0.6476809978485107 20614
1672106701900 0.6423106789588928 20831
1672106774623 0.6674111485481262 21048
1672106847250 0.6447646617889404 21265
1672106919410 0.6696258187294006 21482
1672106992000 0.643437922000885 21699
1672107063579 0.6736994385719299 21916
1672107136026 0.6566858291625977 22133
1672107207919 0.6473562121391296 22350
1672107280328 0.6571263670921326 22567
1672107357802 0.6591646075248718 22784
1672107433497 0.6549627780914307 23001
1672107509236 0.6641729474067688 23218
1672107584754 0.6552408337593079 23435
1672107660546 0.6654142141342163 23652
1672107735548 0.6709248423576355 23869
1672107811296 0.6657074689865112 24086
1672107887378 0.6484888792037964 24303
1672107962741 0.6658685207366943 24520
1672108038383 0.6569280624389648 24737
1672108114376 0.6608120203018188 24954
1672108189983 0.6487311720848083 25171
1672108266017 0.6570135354995728 25388
1672108342464 0.6622819900512695 25605
1672108417841 0.6547756791114807 25822
1672108493208 0.6589980721473694 26039
1672108569478 0.6577731966972351 26256
1672108644943 0.6656619906425476 26473
1672108720734 0.655697762966156 26690
1672108796124 0.6684530973434448 26907
1672108872039 0.66652911901474 27124
1672108948028 0.6483608484268188 27341
1672109023897 0.6552256941795349 27558
1672109100795 0.6546228528022766 27775
1672109176200 0.6638893485069275 27992
1672109252562 0.6528723239898682 28209
1672109328176 0.6562854051589966 28426
1672109404441 0.6679274439811707 28643
1672109480261 0.6581214070320129 28860
1672109555933 0.6613047122955322 29077
1672109631615 0.6601982116699219 29294
1672109707275 0.6702642440795898 29511
1672109783080 0.6653439998626709 29728
1672109858348 0.6732177734375 29945
1672109934498 0.6760349869728088 30162
1672110010415 0.6520107984542847 30379
1672110085501 0.6646655797958374 30596
1672110161091 0.661791980266571 30813
1672110237180 0.6552600264549255 31030
1672110311725 0.6599037051200867 31247
1672110384998 0.6703949570655823 31464
1672110458728 0.6664271354675293 31681
1672110532609 0.6653509140014648 31898
1672110606510 0.6478227972984314 32115
1672110682500 0.6633250117301941 32332
1672110757748 0.659877598285675 32549
