1671601921785 22.0 22
1671601935664 22.0 45
1671601949661 17.0 68
1671601963676 19.75 91
1671601977737 19.75 114
1671601991847 19.75 137
1671602006123 17.0 160
1671602020509 22.0 183
1671602034769 22.0 206
1671602048998 22.0 229
1671602063054 19.75 252
1671602077126 19.75 275
1671602091068 22.0 298
1671602105495 19.75 321
1671602119532 19.75 344
1671602133596 19.75 367
1671602147793 19.75 390
1671602162028 19.75 413
1671602176243 19.75 436
1671602190624 21.75 459
1671602204620 22.0 482
1671602219025 19.75 505
1671602233376 22.0 528
1671602247494 21.75 551
1671602261878 21.75 574
1671602276101 19.75 597
1671602290443 22.0 620
1671602304396 22.0 643
1671602318898 22.0 666
1671602333030 19.75 689
1671602346977 22.0 712
1671602361106 22.0 735
1671602375669 19.75 758
1671602389946 22.0 781
1671602404201 22.0 804
1671602418197 19.5 827
1671602432219 19.75 850
1671602446377 21.75 873
1671602461031 22.0 896
1671602475207 19.75 919
1671602489462 20.0 942
1671602503793 22.0 965
1671602517717 22.0 988
1671602531835 22.0 1011
1671602546207 22.0 1034
1671602560223 22.0 1057
1671602574370 22.0 1080
1671602588553 22.0 1103
1671602602628 22.0 1126
1671602616624 22.0 1149
1671602630711 22.0 1172
1671602644954 20.0 1195
1671602658929 21.75 1218
1671602672869 22.0 1241
1671602686947 22.0 1264
1671602701218 22.0 1287
1671602715572 22.0 1310
1671602729461 22.0 1333
1671602743694 22.0 1356
1671602757797 22.0 1379
1671602771924 22.0 1402
1671602786011 22.0 1425
1671602799960 22.0 1448
1671602814103 22.0 1471
1671602828276 22.0 1494
1671602842423 19.75 1517
1671602856678 21.25 1540
1671602871192 21.75 1563
1671602885309 21.75 1586
1671602899524 19.75 1609
1671602913721 19.75 1632
1671602927785 19.75 1655
1671602942222 22.0 1678
1671602956461 22.0 1701
1671602970566 22.0 1724
1671602984719 19.75 1747
1671602998765 22.0 1770
1671603012756 21.0 1793
1671603027012 20.75 1816
1671603041579 19.5 1839
1671603055710 21.75 1862
1671603070109 21.5 1885
1671603084678 21.75 1908
1671603098857 21.75 1931
1671603113065 21.75 1954
1671603127158 21.75 1977
1671603141750 21.75 2000
1671603155896 21.75 2023
1671603170344 21.75 2046
1671603184404 20.75 2069
1671603198460 21.75 2092
1671603212793 21.75 2115
1671603227211 21.75 2138
1671603241449 21.75 2161
1671603255656 19.5 2184
1671603269703 21.5 2207
1671603283976 21.75 2230
1671603297974 21.75 2253
1671603312243 21.75 2276
1671603326159 21.75 2299
1671603340351 21.5 2322
1671603354732 21.75 2345
1671603369001 21.5 2368
1671603383092 21.75 2391
1671603397437 21.75 2414
1671603411594 21.75 2437
1671603425828 20.75 2460
1671603440017 21.5 2483
1671603454430 21.75 2506
1671603468594 19.5 2529
1671603482817 19.0 2552
1671603496752 21.5 2575
1671603510895 19.5 2598
1671603525109 21.5 2621
1671603539524 21.5 2644
1671603553810 21.5 2667
1671603567781 21.5 2690
1671603581753 21.5 2713
1671603596184 21.5 2736
1671603610332 21.25 2759
1671603624250 21.5 2782
1671603638513 21.5 2805
1671603652640 21.5 2828
1671603666931 21.5 2851
1671603680984 21.5 2874
1671603695176 21.5 2897
1671603709344 21.5 2920
1671603723505 21.5 2943
1671603738168 19.75 2966
1671603752450 21.5 2989
1671603766715 19.5 3012
1671603780839 21.5 3035
1671603794850 21.5 3058
1671603809009 21.5 3081
1671603823142 21.25 3104
1671603837273 19.75 3127
1671603851413 19.5 3150
1671603865914 19.75 3173
1671603879961 21.5 3196
1671603894097 21.25 3219
1671603908278 19.5 3242
1671603922347 21.5 3265
1671603936658 19.5 3288
1671603951152 19.5 3311
1671603965296 21.5 3334
1671603979401 20.0 3357
1671603993628 19.0 3380
1671604007753 19.5 3403
1671604021998 21.25 3426
1671604036196 21.5 3449
