1671601921785 0 22
1671601924670 1 22
1671601935664 1 45
1671601938744 2 45
1671601940554 2 49
1671601949661 2 68
1671601952783 3 68
1671601963676 3 91
1671601966816 4 91
1671601969758 4 99
1671601977737 4 114
1671601980893 5 114
1671601991847 5 137
1671601995016 6 137
1671601999113 6 149
1671602006123 6 160
1671602009287 7 160
1671602020509 7 183
1671602023752 8 183
1671602029048 8 199
1671602034769 8 206
1671602037982 9 206
1671602048998 9 229
1671602052168 10 229
1671602058519 10 249
1671602063054 10 252
1671602066185 11 252
1671602077126 11 275
1671602080261 12 275
1671602091068 12 298
1671602094235 13 298
1671602095193 13 299
1671602105495 13 321
1671602108549 14 321
1671602119532 14 344
1671602122702 15 344
1671602124778 15 349
1671602133596 15 367
1671602136746 16 367
1671602147793 16 390
1671602150952 17 390
1671602154178 17 399
1671602162028 17 413
1671602165232 18 413
1671602176243 18 436
1671602179430 19 436
1671602183953 19 449
1671602190624 19 459
1671602193770 20 459
1671602204620 20 482
1671602208008 21 482
1671602213498 21 499
1671602219025 21 505
1671602222401 22 505
1671602233376 22 528
1671602236544 23 528
1671602243175 23 549
1671602247494 23 551
1671602251017 24 551
1671602261878 24 574
1671602265165 25 574
1671602276101 25 597
1671602279455 26 597
1671602280622 26 599
1671602290443 26 620
1671602293599 27 620
1671602304396 27 643
1671602307786 28 643
1671602310141 28 649
1671602318898 28 666
1671602322060 29 666
1671602333030 29 689
1671602336182 30 689
1671602339702 30 699
1671602346977 30 712
1671602350085 31 712
1671602361106 31 735
1671602364355 32 735
1671602369227 32 749
1671602375669 32 758
1671602378882 33 758
1671602389946 33 781
1671602393156 34 781
1671602398925 34 799
1671602404201 34 804
1671602407296 35 804
1671602418197 35 827
1671602421353 36 827
1671602428225 36 849
1671602432219 36 850
1671602435533 37 850
1671602446377 37 873
1671602449602 38 873
1671602461031 38 896
1671602464342 39 896
1671602465843 39 899
1671602475207 39 919
1671602478482 40 919
1671602489462 40 942
1671602492599 41 942
1671602495307 41 949
1671602503793 41 965
1671602506928 42 965
1671602517717 42 988
1671602520845 43 988
1671602524645 43 999
1671602531835 43 1011
1671602535023 44 1011
1671602546207 44 1034
1671602549422 45 1034
1671602554344 45 1049
1671602560223 45 1057
1671602563398 46 1057
1671602574370 46 1080
1671602577540 47 1080
1671602583647 47 1099
1671602588553 47 1103
1671602591741 48 1103
1671602602628 48 1126
1671602605813 49 1126
1671602612800 49 1149
1671602616624 49 1149
1671602619815 50 1149
1671602630711 50 1172
1671602634175 51 1172
1671602644954 51 1195
1671602648136 52 1195
1671602649858 52 1199
1671602658929 52 1218
1671602662079 53 1218
1671602672869 53 1241
1671602676018 54 1241
1671602678901 54 1249
1671602686947 54 1264
1671602690177 55 1264
1671602701218 55 1287
1671602704436 56 1287
1671602708473 56 1299
1671602715572 56 1310
1671602718566 57 1310
1671602729461 57 1333
1671602732637 58 1333
1671602737837 58 1349
1671602743694 58 1356
1671602746912 59 1356
1671602757797 59 1379
1671602760863 60 1379
1671602767261 60 1399
1671602771924 60 1402
1671602775145 61 1402
1671602786011 61 1425
1671602789260 62 1425
1671602799960 62 1448
1671602803044 63 1448
1671602803953 63 1449
1671602814103 63 1471
1671602817380 64 1471
1671602828276 64 1494
1671602831431 65 1494
1671602833511 65 1499
1671602842423 65 1517
1671602845646 66 1517
1671602856678 66 1540
1671602860010 67 1540
1671602863356 67 1549
1671602871192 67 1563
1671602874374 68 1563
1671602885309 68 1586
1671602888492 69 1586
1671602892841 69 1599
1671602899524 69 1609
1671602902792 70 1609
1671602913721 70 1632
1671602916901 71 1632
1671602922393 71 1649
1671602927785 71 1655
1671602931046 72 1655
1671602942222 72 1678
1671602945466 73 1678
1671602952124 73 1699
1671602956461 73 1701
1671602959577 74 1701
1671602970566 74 1724
1671602973783 75 1724
1671602984719 75 1747
1671602987872 76 1747
1671602989095 76 1749
1671602998765 76 1770
1671603001977 77 1770
1671603012756 77 1793
1671603016076 78 1793
1671603018430 78 1799
1671603027012 78 1816
1671603030271 79 1816
1671603041579 79 1839
1671603044822 80 1839
1671603048346 80 1849
1671603055710 80 1862
1671603058909 81 1862
1671603070109 81 1885
1671603073310 82 1885
1671603078196 82 1899
1671603084678 82 1908
1671603087807 83 1908
1671603098857 83 1931
1671603102137 84 1931
1671603107915 84 1949
1671603113065 84 1954
1671603116390 85 1954
1671603127158 85 1977
1671603130573 86 1977
1671603137500 86 1999
1671603141750 86 2000
1671603145049 87 2000
1671603155896 87 2023
1671603159061 88 2023
1671603170344 88 2046
1671603173533 89 2046
1671603175090 89 2049
1671603184404 89 2069
1671603187601 90 2069
1671603198460 90 2092
1671603201661 91 2092
1671603204488 91 2099
1671603212793 91 2115
1671603216197 92 2115
1671603227211 92 2138
1671603230358 93 2138
1671603234165 93 2149
1671603241449 93 2161
1671603244600 94 2161
1671603255656 94 2184
1671603258813 95 2184
1671603263693 95 2199
1671603269703 95 2207
1671603272885 96 2207
1671603283976 96 2230
1671603287154 97 2230
1671603293208 97 2249
1671603297974 97 2253
1671603301182 98 2253
1671603312243 98 2276
1671603315383 99 2276
1671603322340 99 2299
1671603326159 99 2299
1671603329380 100 2299
1671603340351 100 2322
1671603343785 101 2322
1671603354732 101 2345
1671603357924 102 2345
1671603359732 102 2349
1671603369001 102 2368
1671603372181 103 2368
1671603383092 103 2391
1671603386311 104 2391
1671603389283 104 2399
1671603397437 104 2414
1671603400613 105 2414
1671603411594 105 2437
1671603414770 106 2437
1671603418856 106 2449
1671603425828 106 2460
1671603429108 107 2460
1671603440017 107 2483
1671603443291 108 2483
1671603448628 108 2499
1671603454430 108 2506
1671603457575 109 2506
1671603468594 109 2529
1671603471939 110 2529
1671603478244 110 2549
1671603482817 110 2552
1671603485974 111 2552
1671603496752 111 2575
1671603499944 112 2575
1671603510895 112 2598
1671603514109 113 2598
1671603515045 113 2599
1671603525109 113 2621
1671603528327 114 2621
1671603539524 114 2644
1671603542760 115 2644
1671603544882 115 2649
1671603553810 115 2667
1671603556954 116 2667
1671603567781 116 2690
1671603570961 117 2690
1671603574170 117 2699
1671603581753 117 2713
1671603585096 118 2713
1671603596184 118 2736
1671603599362 119 2736
1671603603760 119 2749
1671603610332 119 2759
1671603613501 120 2759
1671603624250 120 2782
1671603627545 121 2782
1671603633142 121 2799
1671603638513 121 2805
1671603641815 122 2805
1671603652640 122 2828
1671603655757 123 2828
1671603662412 123 2849
1671603666931 123 2851
1671603670088 124 2851
1671603680984 124 2874
1671603684105 125 2874
1671603695176 125 2897
1671603698302 126 2897
1671603699518 126 2899
1671603709344 126 2920
1671603712558 127 2920
1671603723505 127 2943
1671603726800 128 2943
1671603729201 128 2949
1671603738168 128 2966
1671603741396 129 2966
1671603752450 129 2989
1671603755670 130 2989
1671603759248 130 2999
1671603766715 130 3012
1671603769873 131 3012
1671603780839 131 3035
1671603783933 132 3035
1671603788546 132 3049
1671603794850 132 3058
1671603798067 133 3058
1671603809009 133 3081
1671603812246 134 3081
1671603818071 134 3099
1671603823142 134 3104
1671603826418 135 3104
1671603837273 135 3127
1671603840481 136 3127
1671603847426 136 3149
1671603851413 136 3150
1671603854688 137 3150
1671603865914 137 3173
1671603869129 138 3173
1671603879961 138 3196
1671603883093 139 3196
1671603884653 139 3199
1671603894097 139 3219
1671603897278 140 3219
1671603908278 140 3242
1671603911467 141 3242
1671603914153 141 3249
1671603922347 141 3265
1671603925651 142 3265
1671603936658 142 3288
1671603939807 143 3288
1671603943654 143 3299
1671603951152 143 3311
1671603954316 144 3311
1671603965296 144 3334
1671603968486 145 3334
1671603973427 145 3349
1671603979401 145 3357
1671603982621 146 3357
1671603993628 146 3380
1671603996834 147 3380
1671604002930 147 3399
1671604007753 147 3403
1671604010877 148 3403
1671604021998 148 3426
1671604025139 149 3426
1671604032265 149 3449
1671604036196 149 3449
1671604039181 150 3449
