1671601921785 0.0 22
1671601935664 0.0 45
1671601949661 5.0 68
1671601963676 2.25 91
1671601977737 2.25 114
1671601991847 2.25 137
1671602006123 5.0 160
1671602020509 0.0 183
1671602034769 0.0 206
1671602048998 0.0 229
1671602063054 2.25 252
1671602077126 2.25 275
1671602091068 0.0 298
1671602105495 2.25 321
1671602119532 2.25 344
1671602133596 2.25 367
1671602147793 2.25 390
1671602162028 2.25 413
1671602176243 2.25 436
1671602190624 0.25 459
1671602204620 0.0 482
1671602219025 2.25 505
1671602233376 0.0 528
1671602247494 0.25 551
1671602261878 0.25 574
1671602276101 2.25 597
1671602290443 0.0 620
1671602304396 0.0 643
1671602318898 0.0 666
1671602333030 2.25 689
1671602346977 0.0 712
1671602361106 0.0 735
1671602375669 2.25 758
1671602389946 0.0 781
1671602404201 0.0 804
1671602418197 2.5 827
1671602432219 2.25 850
1671602446377 0.25 873
1671602461031 0.0 896
1671602475207 2.25 919
1671602489462 2.0 942
1671602503793 0.0 965
1671602517717 0.0 988
1671602531835 0.0 1011
1671602546207 0.0 1034
1671602560223 0.0 1057
1671602574370 0.0 1080
1671602588553 0.0 1103
1671602602628 0.0 1126
1671602616624 0.0 1149
1671602630711 0.0 1172
1671602644954 2.0 1195
1671602658929 0.25 1218
1671602672869 0.0 1241
1671602686947 0.0 1264
1671602701218 0.0 1287
1671602715572 0.0 1310
1671602729461 0.0 1333
1671602743694 0.0 1356
1671602757797 0.0 1379
1671602771924 0.0 1402
1671602786011 0.0 1425
1671602799960 0.0 1448
1671602814103 0.0 1471
1671602828276 0.0 1494
1671602842423 2.25 1517
1671602856678 0.75 1540
1671602871192 0.25 1563
1671602885309 0.25 1586
1671602899524 2.25 1609
1671602913721 2.25 1632
1671602927785 2.25 1655
1671602942222 0.0 1678
1671602956461 0.0 1701
1671602970566 0.0 1724
1671602984719 2.25 1747
1671602998765 0.0 1770
1671603012756 1.0 1793
1671603027012 1.25 1816
1671603041579 2.5 1839
1671603055710 0.25 1862
1671603070109 0.5 1885
1671603084678 0.25 1908
1671603098857 0.25 1931
1671603113065 0.25 1954
1671603127158 0.25 1977
1671603141750 0.25 2000
1671603155896 0.25 2023
1671603170344 0.25 2046
1671603184404 1.25 2069
1671603198460 0.25 2092
1671603212793 0.25 2115
1671603227211 0.25 2138
1671603241449 0.25 2161
1671603255656 2.5 2184
1671603269703 0.5 2207
1671603283976 0.25 2230
1671603297974 0.25 2253
1671603312243 0.25 2276
1671603326159 0.25 2299
1671603340351 0.5 2322
1671603354732 0.25 2345
1671603369001 0.5 2368
1671603383092 0.25 2391
1671603397437 0.25 2414
1671603411594 0.25 2437
1671603425828 1.25 2460
1671603440017 0.5 2483
1671603454430 0.25 2506
1671603468594 2.5 2529
1671603482817 3.0 2552
1671603496752 0.5 2575
1671603510895 2.5 2598
1671603525109 0.5 2621
1671603539524 0.5 2644
1671603553810 0.5 2667
1671603567781 0.5 2690
1671603581753 0.5 2713
1671603596184 0.5 2736
1671603610332 0.75 2759
1671603624250 0.5 2782
1671603638513 0.5 2805
1671603652640 0.5 2828
1671603666931 0.5 2851
1671603680984 0.5 2874
1671603695176 0.5 2897
1671603709344 0.5 2920
1671603723505 0.5 2943
1671603738168 2.25 2966
1671603752450 0.5 2989
1671603766715 2.5 3012
1671603780839 0.5 3035
1671603794850 0.5 3058
1671603809009 0.5 3081
1671603823142 0.75 3104
1671603837273 2.25 3127
1671603851413 2.5 3150
1671603865914 2.25 3173
1671603879961 0.5 3196
1671603894097 0.75 3219
1671603908278 2.5 3242
1671603922347 0.5 3265
1671603936658 2.5 3288
1671603951152 2.5 3311
1671603965296 0.5 3334
1671603979401 2.0 3357
1671603993628 3.0 3380
1671604007753 2.5 3403
1671604021998 0.75 3426
1671604036196 0.5 3449
