1671601940554 0.6875000596046448 49
1671601969758 0.42370128631591797 99
1671601999113 0.7277930378913879 149
1671602029048 0.699999988079071 199
1671602058519 0.8095238208770752 249
1671602095193 0.699999988079071 299
1671602124778 0.5404762029647827 349
1671602154178 0.6970238089561462 399
1671602183953 0.5211039185523987 449
1671602213498 0.4318181872367859 499
1671602243175 0.6564394235610962 549
1671602280622 0.49166667461395264 599
1671602310141 0.6367965340614319 649
1671602339702 0.7351190447807312 699
1671602369227 0.574999988079071 749
1671602398925 0.6041666865348816 799
1671602428225 0.6180555820465088 849
1671602465843 0.6496753096580505 899
1671602495307 0.6347222328186035 949
1671602524645 0.615079402923584 999
1671602554344 0.5773809552192688 1049
1671602583647 0.766865074634552 1099
1671602612800 0.5 1149
1671602649858 0.7193182110786438 1199
1671602678901 0.6805555820465088 1249
1671602708473 0.6041666865348816 1299
1671602737837 0.5333333611488342 1349
1671602767261 0.5436508059501648 1399
1671602803953 0.6799242496490479 1449
1671602833511 0.5833333730697632 1499
1671602863356 0.6166666746139526 1549
1671602892841 0.849494993686676 1599
1671602922393 0.6309523582458496 1649
1671602952124 0.648809552192688 1699
1671602989095 0.6736111044883728 1749
1671603018430 0.7638888955116272 1799
1671603048346 0.6583333015441895 1849
1671603078196 0.3986111283302307 1899
1671603107915 0.7023809552192688 1949
1671603137500 0.6761904954910278 1999
1671603175090 0.638888955116272 2049
1671603204488 0.5791666507720947 2099
1671603234165 0.7684524059295654 2149
1671603263693 0.5734127163887024 2199
1671603293208 0.7124999761581421 2249
1671603322340 0.25 2299
1671603359732 0.6803571581840515 2349
1671603389283 0.6407203674316406 2399
1671603418856 0.7182539701461792 2449
1671603448628 0.675000011920929 2499
1671603478244 0.7539682388305664 2549
1671603515045 0.6791666746139526 2599
1671603544882 0.6900793313980103 2649
1671603574170 0.8365079164505005 2699
1671603603760 0.7595238089561462 2749
1671603633142 0.7611263394355774 2799
1671603662412 0.6166666746139526 2849
1671603699518 0.7849358916282654 2899
1671603729201 0.6814393997192383 2949
1671603759248 0.6672619581222534 2999
1671603788546 0.16249999403953552 3049
1671603818071 0.7291666865348816 3099
1671603847426 0.7470238208770752 3149
1671603884653 0.5928571224212646 3199
1671603914153 0.5484848618507385 3249
1671603943654 0.7142857313156128 3299
1671603973427 0.7763888835906982 3349
1671604002930 0.699999988079071 3399
1671604032265 0.25 3449
