1671601940554 2.1660712281402597 49
1671601969758 2.4966989319613457 99
1671601999113 2.1365886909539045 149
1671602029048 2.1509675719298933 199
1671602058519 2.4971651458283706 249
1671602095193 2.0614842615140336 299
1671602124778 2.1026029793920618 349
1671602154178 2.389757736978286 399
1671602183953 2.4778677606526482 449
1671602213498 1.9107154963612216 499
1671602243175 2.1606113584005815 549
1671602280622 2.1911331352762238 599
1671602310141 2.79597767463399 649
1671602339702 2.481343586955259 699
1671602369227 2.0335165476312893 749
1671602398925 2.3462772037094908 799
1671602428225 2.1068741228923544 849
1671602465843 2.14656598191846 899
1671602495307 2.0280302971177484 949
1671602524645 2.0060872181290863 999
1671602554344 2.202588674623018 1049
1671602583647 2.250116096672542 1099
1671602612800 1.9744924383641644 1149
1671602649858 2.1865370706780336 1199
1671602678901 2.261283289141984 1249
1671602708473 2.3888424456159436 1299
1671602737837 1.9832071257640518 1349
1671602767261 2.193879177493814 1399
1671602803953 2.2048103756869346 1449
1671602833511 2.365237343435771 1499
1671602863356 2.4880748100515797 1549
1671602892841 2.3151523905360962 1599
1671602922393 2.410070414070329 1649
1671602952124 2.3783215612914796 1699
1671602989095 2.249507978162288 1749
1671603018430 1.773756487970693 1799
1671603048346 2.1162905055403756 1849
1671603078196 2.229224356400949 1899
1671603107915 2.270320901651785 1949
1671603137500 2.389383609049258 1999
1671603175090 2.0946022999988596 2049
1671603204488 2.0815291935769866 2099
1671603234165 2.154974484834378 2149
1671603263693 2.2117409090926 2199
1671603293208 2.476620553808217 2249
1671603322340 1.5665160318675015 2299
1671603359732 2.4945183711778456 2349
1671603389283 2.111569112386472 2399
1671603418856 2.323753500227601 2449
1671603448628 2.3238416612397423 2499
1671603478244 2.0830282139563967 2549
1671603515045 1.970760251261456 2599
1671603544882 1.9901435474352347 2649
1671603574170 2.14331491228114 2699
1671603603760 2.2100804258026754 2749
1671603633142 2.2144275390056656 2799
1671603662412 2.215373799390669 2849
1671603699518 2.2640005490282444 2899
1671603729201 2.377101293859 2949
1671603759248 2.2694551932774973 2999
1671603788546 2.2252687598630336 3049
1671603818071 2.1433452436687417 3099
1671603847426 2.1282512966665474 3149
1671603884653 2.3002264652380138 3199
1671603914153 2.2929133725554074 3249
1671603943654 2.3676738621986244 3299
1671603973427 2.246425206760529 3349
1671604002930 2.3654830515942926 3399
1671604032265 1.7206608183725585 3449
