1671601940554 0.5249999761581421 49
1671601969758 0.3583333492279053 99
1671601999113 0.5892857313156128 149
1671602029048 0.5833333134651184 199
1671602058519 0.75 249
1671602095193 0.6000000238418579 299
1671602124778 0.4000000059604645 349
1671602154178 0.6083333492279053 399
1671602183953 0.4761905074119568 449
1671602213498 0.3095238208770752 499
1671602243175 0.5357142686843872 549
1671602280622 0.3750000298023224 599
1671602310141 0.6458333134651184 649
1671602339702 0.6541666984558105 699
1671602369227 0.4583333432674408 749
1671602398925 0.4833333492279053 799
1671602428225 0.5583333373069763 849
1671602465843 0.4928571581840515 899
1671602495307 0.4958333373069763 949
1671602524645 0.550000011920929 999
1671602554344 0.42499998211860657 1049
1671602583647 0.6625000238418579 1099
1671602612800 0.5 1149
1671602649858 0.6053571701049805 1199
1671602678901 0.550000011920929 1249
1671602708473 0.4625000059604645 1299
1671602737837 0.4583333730697632 1349
1671602767261 0.40833336114883423 1399
1671602803953 0.5636904835700989 1449
1671602833511 0.5583333373069763 1499
1671602863356 0.5416666865348816 1549
1671602892841 0.7916666865348816 1599
1671602922393 0.5410714149475098 1649
1671602952124 0.4958333373069763 1699
1671602989095 0.5964285731315613 1749
1671603018430 0.625 1799
1671603048346 0.5666666626930237 1849
1671603078196 0.2839285731315613 1899
1671603107915 0.6458333134651184 1949
1671603137500 0.5416666865348816 1999
1671603175090 0.5083333253860474 2049
1671603204488 0.4208333492279053 2099
1671603234165 0.6291667222976685 2149
1671603263693 0.4333333373069763 2199
1671603293208 0.6500000357627869 2249
1671603322340 0.25 2299
1671603359732 0.5833333730697632 2349
1671603389283 0.5062499642372131 2399
1671603418856 0.637499988079071 2449
1671603448628 0.6041666865348816 2499
1671603478244 0.6666666865348816 2549
1671603515045 0.5625 2599
1671603544882 0.550000011920929 2649
1671603574170 0.7208333611488342 2699
1671603603760 0.6416666507720947 2749
1671603633142 0.6309523582458496 2799
1671603662412 0.4583333730697632 2849
1671603699518 0.7392857074737549 2899
1671603729201 0.6083333492279053 2949
1671603759248 0.6202380657196045 2999
1671603788546 0.0982142835855484 3049
1671603818071 0.5750000476837158 3099
1671603847426 0.6499999761581421 3149
1671603884653 0.5166667103767395 3199
1671603914153 0.4345238208770752 3249
1671603943654 0.6041666865348816 3299
1671603973427 0.675000011920929 3349
1671604002930 0.5666666626930237 3399
1671604032265 0.25 3449
