1671601924670 0.7231638431549072 22
1671601938744 0.7161017060279846 45
1671601952783 0.7146892547607422 68
1671601966816 0.7146892547607422 91
1671601980893 0.7161017060279846 114
1671601995016 0.7161017060279846 137
1671602009287 0.7161017060279846 160
1671602023752 0.7161017060279846 183
1671602037982 0.7146892547607422 206
1671602052168 0.7161017060279846 229
1671602066185 0.7161017060279846 252
1671602080261 0.7146892547607422 275
1671602094235 0.7161017060279846 298
1671602108549 0.7161017060279846 321
1671602122702 0.7146892547607422 344
1671602136746 0.7146892547607422 367
1671602150952 0.7161017060279846 390
1671602165232 0.7161017060279846 413
1671602179430 0.7146892547607422 436
1671602193770 0.7161017060279846 459
1671602208008 0.7161017060279846 482
1671602222401 0.7161017060279846 505
1671602236544 0.7161017060279846 528
1671602251017 0.7146892547607422 551
1671602265165 0.7161017060279846 574
1671602279455 0.7175140976905823 597
1671602293599 0.7175140976905823 620
1671602307786 0.7175140976905823 643
1671602322060 0.7189265489578247 666
1671602336182 0.7175140976905823 689
1671602350085 0.7146892547607422 712
1671602364355 0.7203390002250671 735
1671602378882 0.7189265489578247 758
1671602393156 0.7189265489578247 781
1671602407296 0.7203390002250671 804
1671602421353 0.7189265489578247 827
1671602435533 0.7217513918876648 850
1671602449602 0.7189265489578247 873
1671602464342 0.7203390002250671 896
1671602478482 0.7203390002250671 919
1671602492599 0.7189265489578247 942
1671602506928 0.7217513918876648 965
1671602520845 0.7288135886192322 988
1671602535023 0.7231638431549072 1011
1671602549422 0.7231638431549072 1034
1671602563398 0.7245762944221497 1057
1671602577540 0.7274011373519897 1080
1671602591741 0.7245762944221497 1103
1671602605813 0.7259886860847473 1126
1671602619815 0.7288135886192322 1149
1671602634175 0.7302259802818298 1172
1671602648136 0.7316384315490723 1195
1671602662079 0.7288135886192322 1218
1671602676018 0.7288135886192322 1241
1671602690177 0.7288135886192322 1264
1671602704436 0.7316384315490723 1287
1671602718566 0.7344632744789124 1310
1671602732637 0.7387005686759949 1333
1671602746912 0.7344632744789124 1356
1671602760863 0.7288135886192322 1379
1671602775145 0.7344632744789124 1402
1671602789260 0.7387005686759949 1425
1671602803044 0.7316384315490723 1448
1671602817380 0.7344632744789124 1471
1671602831431 0.7330508232116699 1494
1671602845646 0.7344632744789124 1517
1671602860010 0.7387005686759949 1540
1671602874374 0.7372881174087524 1563
1671602888492 0.7387005686759949 1586
1671602902792 0.7387005686759949 1609
1671602916901 0.7344632744789124 1632
1671602931046 0.7358757257461548 1655
1671602945466 0.7344632744789124 1678
1671602959577 0.7344632744789124 1701
1671602973783 0.7372881174087524 1724
1671602987872 0.7401130199432373 1747
1671603001977 0.7387005686759949 1770
1671603016076 0.7401130199432373 1793
1671603030271 0.7372881174087524 1816
1671603044822 0.7429378628730774 1839
1671603058909 0.744350254535675 1862
1671603073310 0.7387005686759949 1885
1671603087807 0.7387005686759949 1908
1671603102137 0.7387005686759949 1931
1671603116390 0.741525411605835 1954
1671603130573 0.741525411605835 1977
1671603145049 0.7429378628730774 2000
1671603159061 0.7372881174087524 2023
1671603173533 0.7514124512672424 2046
1671603187601 0.7429378628730774 2069
1671603201661 0.7485875487327576 2092
1671603216197 0.7457627058029175 2115
1671603230358 0.741525411605835 2138
1671603244600 0.741525411605835 2161
1671603258813 0.744350254535675 2184
1671603272885 0.7401130199432373 2207
1671603287154 0.75 2230
1671603301182 0.744350254535675 2253
1671603315383 0.7372881174087524 2276
1671603329380 0.741525411605835 2299
1671603343785 0.7485875487327576 2322
1671603357924 0.7485875487327576 2345
1671603372181 0.7401130199432373 2368
1671603386311 0.75 2391
1671603400613 0.7485875487327576 2414
1671603414770 0.7485875487327576 2437
1671603429108 0.7429378628730774 2460
1671603443291 0.7429378628730774 2483
1671603457575 0.7471751570701599 2506
1671603471939 0.7457627058029175 2529
1671603485974 0.7485875487327576 2552
1671603499944 0.744350254535675 2575
1671603514109 0.7471751570701599 2598
1671603528327 0.7528248429298401 2621
1671603542760 0.75 2644
1671603556954 0.75 2667
1671603570961 0.7485875487327576 2690
1671603585096 0.755649745464325 2713
1671603599362 0.7542372941970825 2736
1671603613501 0.7542372941970825 2759
1671603627545 0.75 2782
1671603641815 0.7429378628730774 2805
1671603655757 0.7542372941970825 2828
1671603670088 0.7471751570701599 2851
1671603684105 0.7471751570701599 2874
1671603698302 0.7514124512672424 2897
1671603712558 0.7485875487327576 2920
1671603726800 0.7457627058029175 2943
1671603741396 0.7542372941970825 2966
1671603755670 0.7471751570701599 2989
1671603769873 0.7542372941970825 3012
1671603783933 0.7485875487327576 3035
1671603798067 0.7528248429298401 3058
1671603812246 0.7485875487327576 3081
1671603826418 0.7471751570701599 3104
1671603840481 0.7485875487327576 3127
1671603854688 0.7457627058029175 3150
1671603869129 0.7471751570701599 3173
1671603883093 0.7514124512672424 3196
1671603897278 0.7485875487327576 3219
1671603911467 0.7528248429298401 3242
1671603925651 0.755649745464325 3265
1671603939807 0.7514124512672424 3288
1671603954316 0.7528248429298401 3311
1671603968486 0.7528248429298401 3334
1671603982621 0.7528248429298401 3357
1671603996834 0.7542372941970825 3380
1671604010877 0.75 3403
1671604025139 0.7514124512672424 3426
1671604039181 0.7528248429298401 3449
