1671601940554 1.0 49
1671601969758 0.5416666865348816 99
1671601999113 1.0 149
1671602029048 1.0 199
1671602058519 0.9375 249
1671602095193 0.9166666865348816 299
1671602124778 1.0 349
1671602154178 0.875 399
1671602183953 0.6875 449
1671602213498 0.75 499
1671602243175 1.0 549
1671602280622 0.75 599
1671602310141 0.7916666865348816 649
1671602339702 0.8541666865348816 699
1671602369227 1.0 749
1671602398925 0.875 799
1671602428225 0.7083333134651184 849
1671602465843 1.0 899
1671602495307 1.0 949
1671602524645 0.75 999
1671602554344 0.9166666865348816 1049
1671602583647 0.9166666865348816 1099
1671602612800 0.5 1149
1671602649858 1.0 1199
1671602678901 0.9166666865348816 1249
1671602708473 0.875 1299
1671602737837 0.6666666865348816 1349
1671602767261 1.0 1399
1671602803953 0.875 1449
1671602833511 0.7916666865348816 1499
1671602863356 0.75 1549
1671602892841 0.949999988079071 1599
1671602922393 0.875 1649
1671602952124 1.0 1699
1671602989095 0.875 1749
1671603018430 1.0 1799
1671603048346 0.9166666865348816 1849
1671603078196 0.75 1899
1671603107915 0.9166666865348816 1949
1671603137500 0.9166666865348816 1999
1671603175090 0.9166666865348816 2049
1671603204488 1.0 2099
1671603234165 1.0 2149
1671603263693 1.0 2199
1671603293208 0.9166666865348816 2249
1671603322340 0.25 2299
1671603359732 0.875 2349
1671603389283 1.0 2399
1671603418856 0.875 2449
1671603448628 0.875 2499
1671603478244 0.9166666865348816 2549
1671603515045 0.9375 2599
1671603544882 1.0 2649
1671603574170 1.0 2699
1671603603760 1.0 2749
1671603633142 1.0 2799
1671603662412 1.0 2849
1671603699518 0.9166666865348816 2899
1671603729201 0.8333333134651184 2949
1671603759248 0.9166666865348816 2999
1671603788546 0.5 3049
1671603818071 1.0 3099
1671603847426 0.9166666865348816 3149
1671603884653 0.75 3199
1671603914153 0.75 3249
1671603943654 1.0 3299
1671603973427 0.949999988079071 3349
1671604002930 0.9375 3399
1671604032265 0.25 3449
