1671601940554 0.71875 49
1671601969758 0.59375 99
1671601999113 0.75 149
1671602029048 0.8125 199
1671602058519 0.84375 249
1671602095193 0.75 299
1671602124778 0.65625 349
1671602154178 0.71875 399
1671602183953 0.75 449
1671602213498 0.5 499
1671602243175 0.65625 549
1671602280622 0.65625 599
1671602310141 0.75 649
1671602339702 0.75 699
1671602369227 0.65625 749
1671602398925 0.6875 799
1671602428225 0.71875 849
1671602465843 0.71875 899
1671602495307 0.6875 949
1671602524645 0.84375 999
1671602554344 0.59375 1049
1671602583647 0.78125 1099
1671602612800 0.75 1149
1671602649858 0.75 1199
1671602678901 0.75 1249
1671602708473 0.71875 1299
1671602737837 0.625 1349
1671602767261 0.625 1399
1671602803953 0.6875 1449
1671602833511 0.6875 1499
1671602863356 0.875 1549
1671602892841 0.84375 1599
1671602922393 0.71875 1649
1671602952124 0.65625 1699
1671602989095 0.71875 1749
1671603018430 0.75 1799
1671603048346 0.6875 1849
1671603078196 0.625 1899
1671603107915 0.75 1949
1671603137500 0.75 1999
1671603175090 0.71875 2049
1671603204488 0.6875 2099
1671603234165 0.75 2149
1671603263693 0.6875 2199
1671603293208 0.6875 2249
1671603322340 0.5 2299
1671603359732 0.75 2349
1671603389283 0.65625 2399
1671603418856 0.71875 2449
1671603448628 0.78125 2499
1671603478244 0.78125 2549
1671603515045 0.65625 2599
1671603544882 0.78125 2649
1671603574170 0.875 2699
1671603603760 0.8125 2749
1671603633142 0.78125 2799
1671603662412 0.71875 2849
1671603699518 0.78125 2899
1671603729201 0.78125 2949
1671603759248 0.6875 2999
1671603788546 0.59375 3049
1671603818071 0.75 3099
1671603847426 0.78125 3149
1671603884653 0.78125 3199
1671603914153 0.71875 3249
1671603943654 0.75 3299
1671603973427 0.8125 3349
1671604002930 0.71875 3399
1671604032265 0.5 3449
