1671601924670 2.6572466613799213 22
1671601938744 2.2456247957320032 45
1671601952783 2.2282181200537714 68
1671601966816 2.228957149464365 91
1671601980893 2.233220717859634 114
1671601995016 2.226114097468872 137
1671602009287 2.228582713624747 160
1671602023752 2.231581338811533 183
1671602037982 2.228348428491786 206
1671602052168 2.226518381066122 229
1671602066185 2.2262367451304326 252
1671602080261 2.2355585811805536 275
1671602094235 2.23064417368064 298
1671602108549 2.22193200752154 321
1671602122702 2.223084277857887 344
1671602136746 2.2304802324316855 367
1671602150952 2.228483711987883 390
1671602165232 2.2256069513162062 413
1671602179430 2.2220431142819725 436
1671602193770 2.2250630132798577 459
1671602208008 2.2220408529874573 482
1671602222401 2.2214414277059316 505
1671602236544 2.2267452995711645 528
1671602251017 2.2230270141225836 551
1671602265165 2.223571719802428 574
1671602279455 2.22587032706707 597
1671602293599 2.2291964878304555 620
1671602307786 2.2204285203078062 643
1671602322060 2.220557527901227 666
1671602336182 2.2215166069263463 689
1671602350085 2.2290890352025907 712
1671602364355 2.2192640519896925 735
1671602378882 2.217869376516518 758
1671602393156 2.2261631992008053 781
1671602407296 2.219820957810052 804
1671602421353 2.21354011458782 827
1671602435533 2.22285016710554 850
1671602449602 2.2255785121635525 873
1671602464342 2.2216911576717124 896
1671602478482 2.2143894402550925 919
1671602492599 2.220128902616828 942
1671602506928 2.2161418019673036 965
1671602520845 2.213950477680349 988
1671602535023 2.217373507795725 1011
1671602549422 2.2192670532374548 1034
1671602563398 2.216271837371978 1057
1671602577540 2.222155740460958 1080
1671602591741 2.2155453924476816 1103
1671602605813 2.211969243887274 1126
1671602619815 2.217345421470073 1149
1671602634175 2.2122471741893923 1172
1671602648136 2.2151821128623967 1195
1671602662079 2.213081403302716 1218
1671602676018 2.2098707313016965 1241
1671602690177 2.2167250356730395 1264
1671602704436 2.206992031601127 1287
1671602718566 2.212229053551291 1310
1671602732637 2.205277107382985 1333
1671602746912 2.212501849448784 1356
1671602760863 2.216542484659547 1379
1671602775145 2.214342508484871 1402
1671602789260 2.2132648896469833 1425
1671602803044 2.2103679820441924 1448
1671602817380 2.209199999878576 1471
1671602831431 2.2055012491032717 1494
1671602845646 2.2091103009693804 1517
1671602860010 2.224145971225617 1540
1671602874374 2.211041595890275 1563
1671602888492 2.206515274725481 1586
1671602902792 2.2054387918233407 1609
1671602916901 2.2067416197407317 1632
1671602931046 2.213885406824716 1655
1671602945466 2.2019459551310088 1678
1671602959577 2.2065302383703007 1701
1671602973783 2.2026027020062093 1724
1671602987872 2.2006077306263183 1747
1671603001977 2.207558655504048 1770
1671603016076 2.2051030718685922 1793
1671603030271 2.203693314110878 1816
1671603044822 2.2058742598123597 1839
1671603058909 2.2074068254771437 1862
1671603073310 2.201998690765914 1885
1671603087807 2.203927309139084 1908
1671603102137 2.2022283122217106 1931
1671603116390 2.198522845703498 1954
1671603130573 2.204476783789464 1977
1671603145049 2.19843600637555 2000
1671603159061 2.198620597028686 2023
1671603173533 2.1981483652986684 2046
1671603187601 2.202317197422341 2069
1671603201661 2.1968096075516392 2092
1671603216197 2.197278502091235 2115
1671603230358 2.202821480530333 2138
1671603244600 2.2000040857167575 2161
1671603258813 2.200509391796159 2184
1671603272885 2.210648177752433 2207
1671603287154 2.203972167944741 2230
1671603301182 2.1995302864576813 2253
1671603315383 2.201932537115789 2276
1671603329380 2.2058749616559115 2299
1671603343785 2.1943742732345157 2322
1671603357924 2.198087936917128 2345
1671603372181 2.199078690281295 2368
1671603386311 2.1960751982608997 2391
1671603400613 2.200838269302494 2414
1671603414770 2.196475004392206 2437
1671603429108 2.20859426191613 2460
1671603443291 2.2010244920502866 2483
1671603457575 2.195317417876279 2506
1671603471939 2.1921895322493032 2529
1671603485974 2.2023794183319922 2552
1671603499944 2.19934441071883 2575
1671603514109 2.1922246176536158 2598
1671603528327 2.1939734154602872 2621
1671603542760 2.1920417561126455 2644
1671603556954 2.196798545401241 2667
1671603570961 2.1922100922598915 2690
1671603585096 2.193425569760421 2713
1671603599362 2.2003150719454383 2736
1671603613501 2.1941442004134144 2759
1671603627545 2.2009708095541543 2782
1671603641815 2.193833016924492 2805
1671603655757 2.1963595851598994 2828
1671603670088 2.1964234088063854 2851
1671603684105 2.190252239912866 2874
1671603698302 2.201300370198244 2897
1671603712558 2.1922099203281356 2920
1671603726800 2.2051294264055805 2943
1671603741396 2.1950549433979276 2966
1671603755670 2.1916272922769893 2989
1671603769873 2.1889110145541983 3012
1671603783933 2.192379658750557 3035
1671603798067 2.1922052396191685 3058
1671603812246 2.195609374440618 3081
1671603826418 2.192780764181077 3104
1671603840481 2.194591715479859 3127
1671603854688 2.196195168549407 3150
1671603869129 2.1935485423372194 3173
1671603883093 2.1951839832630884 3196
1671603897278 2.1866796972043456 3219
1671603911467 2.1909106624865298 3242
1671603925651 2.189885460257015 3265
1671603939807 2.1973405982785996 3288
1671603954316 2.188694812148411 3311
1671603968486 2.188739835070014 3334
1671603982621 2.1908196664939465 3357
1671603996834 2.194598580798632 3380
1671604010877 2.191714846719686 3403
1671604025139 2.1846251146132905 3426
1671604039181 2.1877943665058233 3449
