1671601924670 0.628329336643219 22
1671601938744 0.6617217659950256 45
1671601952783 0.6473535895347595 68
1671601966816 0.6560425162315369 91
1671601980893 0.6598666906356812 114
1671601995016 0.6615424752235413 137
1671602009287 0.6504677534103394 160
1671602023752 0.6606606841087341 183
1671602037982 0.6739367246627808 206
1671602052168 0.6679640412330627 229
1671602066185 0.6602360010147095 252
1671602080261 0.6754376888275146 275
1671602094235 0.6577420830726624 298
1671602108549 0.671116828918457 321
1671602122702 0.6747075915336609 344
1671602136746 0.6542063355445862 367
1671602150952 0.6654396057128906 390
1671602165232 0.6714093685150146 413
1671602179430 0.6641674041748047 436
1671602193770 0.6551920771598816 459
1671602208008 0.6720934510231018 482
1671602222401 0.6625478863716125 505
1671602236544 0.6586315631866455 528
1671602251017 0.6643598079681396 551
1671602265165 0.6622684001922607 574
1671602279455 0.6708418130874634 597
1671602293599 0.6676490902900696 620
1671602307786 0.6609880924224854 643
1671602322060 0.6635434627532959 666
1671602336182 0.6659741401672363 689
1671602350085 0.6518905758857727 712
1671602364355 0.6747899055480957 735
1671602378882 0.6637253165245056 758
1671602393156 0.6690790057182312 781
1671602407296 0.6654161214828491 804
1671602421353 0.6577633023262024 827
1671602435533 0.6688559651374817 850
1671602449602 0.6518761515617371 873
1671602464342 0.6529277563095093 896
1671602478482 0.6623706221580505 919
1671602492599 0.6575705409049988 942
1671602506928 0.6457571983337402 965
1671602520845 0.6875517964363098 988
1671602535023 0.6556733846664429 1011
1671602549422 0.6637598872184753 1034
1671602563398 0.6596754789352417 1057
1671602577540 0.6789888739585876 1080
1671602591741 0.6576998829841614 1103
1671602605813 0.6786232590675354 1126
1671602619815 0.6800835132598877 1149
1671602634175 0.6684114336967468 1172
1671602648136 0.668813169002533 1195
1671602662079 0.6657354831695557 1218
1671602676018 0.6694102883338928 1241
1671602690177 0.6643882989883423 1264
1671602704436 0.6644899845123291 1287
1671602718566 0.6853042244911194 1310
1671602732637 0.6921104788780212 1333
1671602746912 0.6732228398323059 1356
1671602760863 0.6671389937400818 1379
1671602775145 0.6727189421653748 1402
1671602789260 0.6768064498901367 1425
1671602803044 0.6767927408218384 1448
1671602817380 0.6721627712249756 1471
1671602831431 0.6614614129066467 1494
1671602845646 0.6943747401237488 1517
1671602860010 0.6845726370811462 1540
1671602874374 0.6821200847625732 1563
1671602888492 0.6624883413314819 1586
1671602902792 0.6832237243652344 1609
1671602916901 0.6622013449668884 1632
1671602931046 0.6884527802467346 1655
1671602945466 0.6596179008483887 1678
1671602959577 0.6732726097106934 1701
1671602973783 0.6626077890396118 1724
1671602987872 0.6878583431243896 1747
1671603001977 0.6625002026557922 1770
1671603016076 0.6937596201896667 1793
1671603030271 0.6825379729270935 1816
1671603044822 0.6842769980430603 1839
1671603058909 0.6844398975372314 1862
1671603073310 0.6852193474769592 1885
1671603087807 0.675555408000946 1908
1671603102137 0.6943584084510803 1931
1671603116390 0.6687046885490417 1954
1671603130573 0.6727909445762634 1977
1671603145049 0.6751588582992554 2000
1671603159061 0.6618742346763611 2023
1671603173533 0.6977943778038025 2046
1671603187601 0.6693884134292603 2069
1671603201661 0.675758421421051 2092
1671603216197 0.6704666018486023 2115
1671603230358 0.6592744588851929 2138
1671603244600 0.6835677623748779 2161
1671603258813 0.6850898265838623 2184
1671603272885 0.6875991821289062 2207
1671603287154 0.6855468153953552 2230
1671603301182 0.6513742804527283 2253
1671603315383 0.6772885322570801 2276
1671603329380 0.6686615347862244 2299
1671603343785 0.6743940711021423 2322
1671603357924 0.6928982138633728 2345
1671603372181 0.6688665747642517 2368
1671603386311 0.6722609400749207 2391
1671603400613 0.6788672804832458 2414
1671603414770 0.6878786683082581 2437
1671603429108 0.6812010407447815 2460
1671603443291 0.6814867854118347 2483
1671603457575 0.6896713972091675 2506
1671603471939 0.6954699754714966 2529
1671603485974 0.6623958349227905 2552
1671603499944 0.6928167939186096 2575
1671603514109 0.6868258118629456 2598
1671603528327 0.6839044690132141 2621
1671603542760 0.7053859829902649 2644
1671603556954 0.6947726607322693 2667
1671603570961 0.6723399758338928 2690
1671603585096 0.6688919067382812 2713
1671603599362 0.6935586929321289 2736
1671603613501 0.7070418000221252 2759
1671603627545 0.6844103336334229 2782
1671603641815 0.66862952709198 2805
1671603655757 0.6838504672050476 2828
1671603670088 0.6890658140182495 2851
1671603684105 0.674196720123291 2874
1671603698302 0.674047589302063 2897
1671603712558 0.6792944669723511 2920
1671603726800 0.6712374091148376 2943
1671603741396 0.6986096501350403 2966
1671603755670 0.6786556839942932 2989
1671603769873 0.6971641778945923 3012
1671603783933 0.6688053607940674 3035
1671603798067 0.6789023280143738 3058
1671603812246 0.6764518022537231 3081
1671603826418 0.6862605214118958 3104
1671603840481 0.6954997181892395 3127
1671603854688 0.6771977543830872 3150
1671603869129 0.6816478371620178 3173
1671603883093 0.6863206624984741 3196
1671603897278 0.6684515476226807 3219
1671603911467 0.6866077780723572 3242
1671603925651 0.6822144389152527 3265
1671603939807 0.6803041696548462 3288
1671603954316 0.693115234375 3311
1671603968486 0.6970555782318115 3334
1671603982621 0.6873273253440857 3357
1671603996834 0.691523015499115 3380
1671604010877 0.6930540800094604 3403
1671604025139 0.6704409718513489 3426
1671604039181 0.6766180992126465 3449
