1671601924670 0.7880414724349976 22
1671601938744 0.9266477823257446 45
1671601952783 0.9102636575698853 68
1671601966816 0.9035646915435791 91
1671601980893 0.9067796468734741 114
1671601995016 0.9120258688926697 137
1671602009287 0.9261771440505981 160
1671602023752 0.9265536665916443 183
1671602037982 0.9553672075271606 206
1671602052168 0.9113935828208923 229
1671602066185 0.9162900447845459 252
1671602080261 0.9440678358078003 275
1671602094235 0.9042372107505798 298
1671602108549 0.9328625202178955 321
1671602122702 0.9322975277900696 344
1671602136746 0.90451979637146 367
1671602150952 0.9114878177642822 390
1671602165232 0.952730655670166 413
1671602179430 0.923150360584259 436
1671602193770 0.9102636575698853 459
1671602208008 0.9385122656822205 482
1671602222401 0.9050847291946411 505
1671602236544 0.9101694226264954 528
1671602251017 0.9054613709449768 551
1671602265165 0.9164783954620361 574
1671602279455 0.9320016503334045 597
1671602293599 0.9196798801422119 620
1671602307786 0.897363543510437 643
1671602322060 0.9256120920181274 666
1671602336182 0.9100753664970398 689
1671602350085 0.8968926668167114 712
1671602364355 0.9508474469184875 735
1671602378882 0.9402071237564087 758
1671602393156 0.9276835918426514 781
1671602407296 0.9207156896591187 804
1671602421353 0.8997175097465515 827
1671602435533 0.9201506972312927 850
1671602449602 0.8839924931526184 873
1671602464342 0.9307909607887268 896
1671602478482 0.9114877581596375 919
1671602492599 0.9158192276954651 942
1671602506928 0.8889830112457275 965
1671602520845 0.9423729181289673 988
1671602535023 0.9050847887992859 1011
1671602549422 0.9227871894836426 1034
1671602563398 0.9163841605186462 1057
1671602577540 0.9265536665916443 1080
1671602591741 0.9163841009140015 1103
1671602605813 0.9351223707199097 1126
1671602619815 0.9175142049789429 1149
1671602634175 0.8865348696708679 1172
1671602648136 0.9050847291946411 1195
1671602662079 0.9209039807319641 1218
1671602676018 0.9172316789627075 1241
1671602690177 0.8993408679962158 1264
1671602704436 0.8951035737991333 1287
1671602718566 0.93267422914505 1310
1671602732637 0.9421845078468323 1333
1671602746912 0.8976460099220276 1356
1671602760863 0.9126176834106445 1379
1671602775145 0.9040490388870239 1402
1671602789260 0.9227737784385681 1425
1671602803044 0.9380414485931396 1448
1671602817380 0.9040489196777344 1471
1671602831431 0.8969867825508118 1494
1671602845646 0.928625226020813 1517
1671602860010 0.9346516132354736 1540
1671602874374 0.92146897315979 1563
1671602888492 0.9035781025886536 1586
1671602902792 0.9168549180030823 1609
1671602916901 0.9006456136703491 1632
1671602931046 0.9256120920181274 1655
1671602945466 0.8828625082969666 1678
1671602959577 0.9187382459640503 1701
1671602973783 0.9025423526763916 1724
1671602987872 0.9370056986808777 1747
1671603001977 0.8878530859947205 1770
1671603016076 0.9394538402557373 1793
1671603030271 0.9333333373069763 1816
1671603044822 0.937664806842804 1839
1671603058909 0.9244821071624756 1862
1671603073310 0.9087570905685425 1885
1671603087807 0.9158192276954651 1908
1671603102137 0.9369115233421326 1931
1671603116390 0.9001883864402771 1954
1671603130573 0.8913370966911316 1977
1671603145049 0.9220339059829712 2000
1671603159061 0.88201504945755 2023
1671603173533 0.9249528646469116 2046
1671603187601 0.8921846151351929 2069
1671603201661 0.9041430950164795 2092
1671603216197 0.8821092247962952 2115
1671603230358 0.8815442323684692 2138
1671603244600 0.9156308770179749 2161
1671603258813 0.9065913558006287 2184
1671603272885 0.9389829635620117 2207
1671603287154 0.9064972400665283 2230
1671603301182 0.8722221851348877 2253
1671603315383 0.9198680520057678 2276
1671603329380 0.8983992338180542 2299
1671603343785 0.9058245420455933 2322
1671603357924 0.9314501285552979 2345
1671603372181 0.9093220233917236 2368
1671603386311 0.8941619396209717 2391
1671603400613 0.9205273389816284 2414
1671603414770 0.9210922122001648 2437
1671603429108 0.8951035141944885 2460
1671603443291 0.9012240767478943 2483
1671603457575 0.9276837110519409 2506
1671603471939 0.9272128343582153 2529
1671603485974 0.8859697580337524 2552
1671603499944 0.9418078660964966 2575
1671603514109 0.9328625202178955 2598
1671603528327 0.8871939182281494 2621
1671603542760 0.9483051300048828 2644
1671603556954 0.9379472732543945 2667
1671603570961 0.9025423526763916 2690
1671603585096 0.8893596529960632 2713
1671603599362 0.9018832445144653 2736
1671603613501 0.9419021010398865 2759
1671603627545 0.9110976457595825 2782
1671603641815 0.8979284167289734 2805
1671603655757 0.9086628556251526 2828
1671603670088 0.92693030834198 2851
1671603684105 0.8899246454238892 2874
1671603698302 0.8658192157745361 2897
1671603712558 0.9159134030342102 2920
1671603726800 0.9002825021743774 2943
1671603741396 0.9113935828208923 2966
1671603755670 0.8964218497276306 2989
1671603769873 0.9251412153244019 3012
1671603783933 0.8933145403862 3035
1671603798067 0.8970809578895569 3058
1671603812246 0.9091337323188782 3081
1671603826418 0.9003766775131226 3104
1671603840481 0.9261770248413086 3127
1671603854688 0.912146806716919 3150
1671603869129 0.9171374440193176 3173
1671603883093 0.9179849624633789 3196
1671603897278 0.896704375743866 3219
1671603911467 0.903470516204834 3242
1671603925651 0.9047080874443054 3265
1671603939807 0.9000000357627869 3288
1671603954316 0.9159134030342102 3311
1671603968486 0.9125235080718994 3334
1671603982621 0.9149718284606934 3357
1671603996834 0.9195722341537476 3380
1671604010877 0.9077212810516357 3403
1671604025139 0.8768361210823059 3426
1671604039181 0.8872880935668945 3449
