1672112125163 0.0 216
1672112198583 0.0 433
1672112272791 0.0 650
1672112346827 0.0 867
1672112421142 0.0 1084
1672112495212 0.0 1301
1672112569876 0.0 1518
1672112644217 0.0 1735
1672112718441 0.0 1952
1672112793743 3.25 2169
1672112867867 8.75 2386
1672112942388 26.75 2603
1672113016493 22.5 2820
1672113091524 1.0 3037
1672113166311 21.0 3254
1672113241018 2.75 3471
1672113315250 20.0 3688
1672113389579 21.25 3905
1672113464319 25.5 4122
1672113538938 23.25 4339
1672113613761 26.25 4556
1672113688631 26.75 4773
1672113763168 25.0 4990
1672113837905 33.75 5207
1672113912294 15.5 5424
1672113986840 31.75 5641
1672114061477 26.75 5858
1672114136418 23.0 6075
1672114211406 20.0 6292
1672114286120 26.0 6509
1672114360598 19.75 6726
1672114435123 24.75 6943
1672114509768 14.75 7160
1672114584438 21.75 7377
1672114659189 24.0 7594
1672114733789 26.25 7811
1672114808338 18.0 8028
1672114882994 22.75 8245
1672114957545 23.0 8462
1672115030922 23.0 8679
1672115104171 26.5 8896
1672115176855 23.75 9113
1672115250286 23.0 9330
1672115324039 23.25 9547
1672115397211 26.25 9764
1672115470990 24.5 9981
1672115543787 23.5 10198
1672115617160 22.0 10415
1672115690325 24.25 10632
1672115763639 23.0 10849
1672115836439 23.0 11066
1672115910071 24.5 11283
1672115983224 23.0 11500
1672116056487 24.25 11717
1672116129782 25.5 11934
1672116202687 25.0 12151
1672116275899 24.0 12368
1672116349139 23.5 12585
1672116422595 24.0 12802
1672116495585 22.25 13019
1672116568601 24.0 13236
1672116641885 23.75 13453
1672116715628 25.75 13670
1672116788662 25.5 13887
1672116861618 23.5 14104
1672116934701 25.5 14321
1672117007683 23.5 14538
1672117080581 22.25 14755
1672117154486 23.75 14972
1672117227457 26.5 15189
1672117300428 25.25 15406
1672117373584 22.25 15623
1672117446836 24.0 15840
1672117519656 24.0 16057
1672117592998 23.75 16274
1672117666518 23.5 16491
1672117739462 25.0 16708
1672117812455 24.0 16925
1672117885286 23.25 17142
1672117958419 23.75 17359
1672118031701 23.5 17576
1672118104751 23.5 17793
1672118177593 23.75 18010
1672118250230 25.0 18227
1672118323471 23.5 18444
1672118396529 25.0 18661
1672118469524 23.5 18878
1672118542800 24.5 19095
1672118615315 23.75 19312
1672118688880 23.5 19529
1672118761913 23.75 19746
1672118834689 25.0 19963
1672118907605 23.5 20180
1672118980714 24.25 20397
1672119053956 24.0 20614
1672119127641 23.0 20831
1672119200574 23.75 21048
1672119273914 24.0 21265
1672119347270 23.0 21482
1672119421043 23.75 21699
1672119494359 23.5 21916
1672119567945 23.75 22133
1672119640877 23.5 22350
1672119713719 23.75 22567
1672119786884 23.75 22784
1672119859928 23.5 23001
1672119933360 23.75 23218
1672120006943 23.75 23435
1672120080329 23.5 23652
1672120154148 23.5 23869
1672120227608 23.5 24086
1672120301122 23.5 24303
1672120374450 23.75 24520
1672120447483 19.25 24737
1672120520483 22.0 24954
1672120593767 23.5 25171
1672120666923 23.5 25388
1672120740471 16.75 25605
1672120814281 23.75 25822
1672120887559 23.25 26039
1672120961222 23.75 26256
1672121034439 23.75 26473
1672121108626 24.5 26690
1672121181841 24.25 26907
1672121255195 23.75 27124
1672121328288 23.75 27341
1672121401825 24.0 27558
1672121475209 24.25 27775
1672121548428 23.75 27992
1672121621563 20.0 28209
1672121694909 23.75 28426
1672121767873 24.25 28643
1672121841185 23.75 28860
1672121914790 24.0 29077
1672121987623 23.75 29294
1672122060858 24.5 29511
1672122134175 21.25 29728
1672122207613 24.5 29945
1672122281025 23.75 30162
1672122353898 24.5 30379
1672122426779 22.25 30596
1672122500048 24.75 30813
1672122572914 24.0 31030
1672122645767 23.75 31247
1672122719179 23.75 31464
1672122792387 23.75 31681
1672122865788 23.5 31898
1672122938631 24.0 32115
1672123012179 23.75 32332
1672123085479 23.5 32549
