1672112125163 217.0 216
1672112198583 217.0 433
1672112272791 217.0 650
1672112346827 217.0 867
1672112421142 217.0 1084
1672112495212 217.0 1301
1672112569876 214.0 1518
1672112644217 217.0 1735
1672112718441 215.5 1952
1672112793743 213.75 2169
1672112867867 206.0 2386
1672112942388 188.5 2603
1672113016493 194.25 2820
1672113091524 216.0 3037
1672113166311 196.0 3254
1672113241018 214.25 3471
1672113315250 196.0 3688
1672113389579 195.75 3905
1672113464319 191.25 4122
1672113538938 191.5 4339
1672113613761 190.25 4556
1672113688631 189.25 4773
1672113763168 191.0 4990
1672113837905 182.25 5207
1672113912294 199.5 5424
1672113986840 183.75 5641
1672114061477 188.75 5858
1672114136418 193.0 6075
1672114211406 195.75 6292
1672114286120 189.75 6509
1672114360598 195.75 6726
1672114435123 190.75 6943
1672114509768 200.75 7160
1672114584438 193.75 7377
1672114659189 191.0 7594
1672114733789 188.75 7811
1672114808338 197.0 8028
1672114882994 192.75 8245
1672114957545 192.0 8462
1672115030922 192.0 8679
1672115104171 188.5 8896
1672115176855 191.75 9113
1672115250286 192.25 9330
1672115324039 191.25 9547
1672115397211 189.0 9764
1672115470990 190.5 9981
1672115543787 191.75 10198
1672115617160 193.25 10415
1672115690325 191.0 10632
1672115763639 191.5 10849
1672115836439 188.0 11066
1672115910071 190.75 11283
1672115983224 191.0 11500
1672116056487 185.0 11717
1672116129782 189.25 11934
1672116202687 189.75 12151
1672116275899 190.5 12368
1672116349139 190.0 12585
1672116422595 187.5 12802
1672116495585 183.75 13019
1672116568601 189.0 13236
1672116641885 189.5 13453
1672116715628 188.0 13670
1672116788662 188.0 13887
1672116861618 188.75 14104
1672116934701 184.5 14321
1672117007683 189.75 14538
1672117080581 189.75 14755
1672117154486 186.75 14972
1672117227457 187.0 15189
1672117300428 187.75 15406
1672117373584 190.75 15623
1672117446836 188.0 15840
1672117519656 187.5 16057
1672117592998 187.0 16274
1672117666518 188.75 16491
1672117739462 186.5 16708
1672117812455 188.0 16925
1672117885286 188.0 17142
1672117958419 187.5 17359
1672118031701 188.5 17576
1672118104751 187.5 17793
1672118177593 189.25 18010
1672118250230 186.75 18227
1672118323471 187.0 18444
1672118396529 184.5 18661
1672118469524 186.5 18878
1672118542800 188.5 19095
1672118615315 186.25 19312
1672118688880 189.5 19529
1672118761913 187.5 19746
1672118834689 185.5 19963
1672118907605 186.5 20180
1672118980714 174.75 20397
1672119053956 183.75 20614
1672119127641 189.0 20831
1672119200574 189.0 21048
1672119273914 188.75 21265
1672119347270 189.75 21482
1672119421043 183.25 21699
1672119494359 186.25 21916
1672119567945 187.0 22133
1672119640877 183.75 22350
1672119713719 185.5 22567
1672119786884 186.25 22784
1672119859928 187.5 23001
1672119933360 188.75 23218
1672120006943 185.25 23435
1672120080329 188.0 23652
1672120154148 189.5 23869
1672120227608 184.5 24086
1672120301122 189.25 24303
1672120374450 186.0 24520
1672120447483 192.25 24737
1672120520483 181.25 24954
1672120593767 180.75 25171
1672120666923 186.25 25388
1672120740471 193.75 25605
1672120814281 185.75 25822
1672120887559 188.25 26039
1672120961222 186.5 26256
1672121034439 186.25 26473
1672121108626 188.25 26690
1672121181841 186.5 26907
1672121255195 186.25 27124
1672121328288 183.25 27341
1672121401825 179.5 27558
1672121475209 183.75 27775
1672121548428 189.75 27992
1672121621563 190.5 28209
1672121694909 177.5 28426
1672121767873 185.75 28643
1672121841185 186.5 28860
1672121914790 187.25 29077
1672121987623 181.5 29294
1672122060858 185.0 29511
1672122134175 188.75 29728
1672122207613 188.0 29945
1672122281025 183.75 30162
1672122353898 184.0 30379
1672122426779 188.75 30596
1672122500048 183.5 30813
1672122572914 185.5 31030
1672122645767 187.5 31247
1672122719179 186.25 31464
1672122792387 184.0 31681
1672122865788 186.25 31898
1672122938631 184.0 32115
1672123012179 188.75 32332
1672123085479 186.75 32549
