1672112069808 0 49
1672112084251 0 99
1672112099029 0 149
1672112113447 0 199
1672112125163 0 216
1672112128271 1 216
1672112138559 1 249
1672112153072 1 299
1672112167590 1 349
1672112182187 1 399
1672112198583 1 433
1672112201977 2 433
1672112207339 2 449
1672112222020 2 499
1672112236568 2 549
1672112251415 2 599
1672112265906 2 649
1672112272791 2 650
1672112276110 3 650
1672112291133 3 699
1672112305682 3 749
1672112320239 3 799
1672112334817 3 849
1672112346827 3 867
1672112350151 4 867
1672112360385 4 899
1672112375010 4 949
1672112389808 4 999
1672112404632 4 1049
1672112421142 4 1084
1672112424425 5 1084
1672112429599 5 1099
1672112444197 5 1149
1672112458802 5 1199
1672112473414 5 1249
1672112488012 5 1299
1672112495212 5 1301
1672112498539 6 1301
1672112513664 6 1349
1672112528352 6 1399
1672112543140 6 1449
1672112557751 6 1499
1672112569876 6 1518
1672112573224 7 1518
1672112583006 7 1549
1672112597603 7 1599
1672112612169 7 1649
1672112626760 7 1699
1672112644217 7 1735
1672112647543 8 1735
1672112652559 8 1749
1672112667128 8 1799
1672112681686 8 1849
1672112696209 8 1899
1672112710800 8 1949
1672112718441 8 1952
1672112721664 9 1952
1672112736233 9 1999
1672112750988 9 2049
1672112765935 9 2099
1672112780903 9 2149
1672112793743 9 2169
1672112797003 10 2169
1672112806556 10 2199
1672112821198 10 2249
1672112835795 10 2299
1672112850449 10 2349
1672112867867 10 2386
1672112871192 11 2386
1672112875738 11 2399
1672112890327 11 2449
1672112904886 11 2499
1672112919660 11 2549
1672112934690 11 2599
1672112942388 11 2603
1672112945743 12 2603
1672112959957 12 2649
1672112974582 12 2699
1672112989229 12 2749
1672113003818 12 2799
1672113016493 12 2820
1672113019801 13 2820
1672113028992 13 2849
1672113043765 13 2899
1672113058892 13 2949
1672113073674 13 2999
1672113091524 13 3037
1672113094889 14 3037
1672113099176 14 3049
1672113113834 14 3099
1672113128583 14 3149
1672113143271 14 3199
1672113158108 14 3249
1672113166311 14 3254
1672113169711 15 3254
1672113183565 15 3299
1672113198362 15 3349
1672113213105 15 3399
1672113227834 15 3449
1672113241018 15 3471
1672113244319 16 3471
1672113253216 16 3499
1672113267846 16 3549
1672113282516 16 3599
1672113297241 16 3649
1672113315250 16 3688
1672113318611 17 3688
1672113322585 17 3699
1672113337175 17 3749
1672113352116 17 3799
1672113366868 17 3849
1672113381446 17 3899
1672113389579 17 3905
1672113392946 18 3905
1672113406535 18 3949
1672113421213 18 3999
1672113435906 18 4049
1672113450721 18 4099
1672113464319 18 4122
1672113467610 19 4122
1672113476244 19 4149
1672113491178 19 4199
1672113505978 19 4249
1672113520582 19 4299
1672113538938 19 4339
1672113542339 20 4339
1672113546109 20 4349
1672113560768 20 4399
1672113575609 20 4449
1672113590219 20 4499
1672113604987 20 4549
1672113613761 20 4556
1672113617200 21 4556
1672113630654 21 4599
1672113645378 21 4649
1672113660128 21 4699
1672113674778 21 4749
1672113688631 21 4773
1672113691952 22 4773
1672113700416 22 4799
1672113715009 22 4849
1672113729652 22 4899
1672113744335 22 4949
1672113763168 22 4990
1672113766544 23 4990
1672113770061 23 4999
1672113784665 23 5049
1672113799377 23 5099
1672113814121 23 5149
1672113828722 23 5199
1672113837905 23 5207
1672113841256 24 5207
1672113854269 24 5249
1672113868953 24 5299
1672113883578 24 5349
1672113898353 24 5399
1672113912294 24 5424
1672113915560 25 5424
1672113923679 25 5449
1672113938321 25 5499
1672113952958 25 5549
1672113967627 25 5599
1672113986840 25 5641
1672113990111 26 5641
1672113993193 26 5649
1672114007980 26 5699
1672114022801 26 5749
1672114037517 26 5799
1672114052321 26 5849
1672114061477 26 5858
1672114064892 27 5858
1672114077726 27 5899
1672114092482 27 5949
1672114107179 27 5999
1672114122119 27 6049
1672114136418 27 6075
1672114139725 28 6075
1672114147674 28 6099
1672114162367 28 6149
1672114177224 28 6199
1672114191957 28 6249
1672114211406 28 6292
1672114214779 29 6292
1672114217614 29 6299
1672114232340 29 6349
1672114246881 29 6399
1672114261430 29 6449
1672114276370 29 6499
1672114286120 29 6509
1672114289474 30 6509
1672114301903 30 6549
1672114316685 30 6599
1672114331263 30 6649
1672114346043 30 6699
1672114360598 30 6726
1672114363973 31 6726
1672114371428 31 6749
1672114386016 31 6799
1672114400648 31 6849
1672114415555 31 6899
1672114435123 31 6943
1672114438467 32 6943
1672114440987 32 6949
1672114455555 32 6999
1672114470199 32 7049
1672114485084 32 7099
1672114499862 32 7149
1672114509768 32 7160
1672114513101 33 7160
1672114525365 33 7199
1672114540022 33 7249
1672114554701 33 7299
1672114569633 33 7349
1672114584438 33 7377
1672114587813 34 7377
1672114594972 34 7399
1672114609765 34 7449
1672114624506 34 7499
1672114639305 34 7549
1672114659189 34 7594
1672114662536 35 7594
1672114664738 35 7599
1672114679535 35 7649
1672114694368 35 7699
1672114708994 35 7749
1672114723679 35 7799
1672114733789 35 7811
1672114737219 36 7811
1672114749058 36 7849
1672114763663 36 7899
1672114778568 36 7949
1672114793163 36 7999
1672114808338 36 8028
1672114811659 37 8028
1672114818603 37 8049
1672114833413 37 8099
1672114848051 37 8149
1672114862770 37 8199
1672114882994 37 8245
1672114886420 38 8245
1672114888317 38 8249
1672114902913 38 8299
1672114917664 38 8349
1672114932417 38 8399
1672114946936 38 8449
1672114957545 38 8462
1672114960841 39 8462
1672114972618 39 8499
1672114987112 39 8549
1672115001537 39 8599
1672115015877 39 8649
1672115030922 39 8679
1672115034128 40 8679
1672115040600 40 8699
1672115055309 40 8749
1672115069788 40 8799
1672115084100 40 8849
1672115104171 40 8896
1672115107426 41 8896
1672115108953 41 8899
1672115123298 41 8949
1672115137644 41 8999
1672115151959 41 9049
1672115166287 41 9099
1672115176855 41 9113
1672115180140 42 9113
1672115191470 42 9149
1672115205937 42 9199
1672115220491 42 9249
1672115234928 42 9299
1672115250286 42 9330
1672115253593 43 9330
1672115259943 43 9349
1672115274377 43 9399
1672115288848 43 9449
1672115303455 43 9499
1672115324039 43 9547
1672115327463 44 9547
1672115328715 44 9549
1672115343079 44 9599
1672115357587 44 9649
1672115371906 44 9699
1672115386203 44 9749
1672115397211 44 9764
1672115400443 45 9764
1672115411238 45 9799
1672115425898 45 9849
1672115440378 45 9899
1672115454785 45 9949
1672115470990 45 9981
1672115474185 46 9981
1672115479996 46 9999
1672115494382 46 10049
1672115508755 46 10099
1672115523237 46 10149
1672115543787 46 10198
1672115546994 47 10198
1672115547978 47 10199
1672115562386 47 10249
1672115576828 47 10299
1672115591412 47 10349
1672115606182 47 10399
1672115617160 47 10415
1672115620429 48 10415
1672115630830 48 10449
1672115645207 48 10499
1672115659606 48 10549
1672115673992 48 10599
1672115690325 48 10632
1672115693545 49 10632
1672115699101 49 10649
1672115713517 49 10699
1672115728204 49 10749
1672115742703 49 10799
1672115756866 49 10849
1672115763639 49 10849
1672115766891 50 10849
1672115781935 50 10899
1672115796264 50 10949
1672115810666 50 10999
1672115825010 50 11049
1672115836439 50 11066
1672115839721 51 11066
1672115850144 51 11099
1672115864716 51 11149
1672115879267 51 11199
1672115893767 51 11249
1672115910071 51 11283
1672115913293 52 11283
1672115918602 52 11299
1672115933009 52 11349
1672115947396 52 11399
1672115961948 52 11449
1672115976411 52 11499
1672115983224 52 11500
1672115986463 53 11500
1672116001405 53 11549
1672116015764 53 11599
1672116030139 53 11649
1672116044568 53 11699
1672116056487 53 11717
1672116059733 54 11717
1672116069638 54 11749
1672116084098 54 11799
1672116098799 54 11849
1672116113226 54 11899
1672116129782 54 11934
1672116133093 55 11934
1672116138231 55 11949
1672116152586 55 11999
1672116166923 55 12049
1672116181409 55 12099
1672116195708 55 12149
1672116202687 55 12151
1672116205930 56 12151
1672116220440 56 12199
1672116234997 56 12249
1672116249462 56 12299
1672116263996 56 12349
1672116275899 56 12368
1672116279163 57 12368
1672116288813 57 12399
1672116303380 57 12449
1672116317978 57 12499
1672116332407 57 12549
1672116349139 57 12585
1672116352412 58 12585
1672116357242 58 12599
1672116372019 58 12649
1672116386376 58 12699
1672116400850 58 12749
1672116415258 58 12799
1672116422595 58 12802
1672116425839 59 12802
1672116440183 59 12849
1672116454675 59 12899
1672116469049 59 12949
1672116483539 59 12999
1672116495585 59 13019
1672116498877 60 13019
1672116508305 60 13049
1672116522707 60 13099
1672116537074 60 13149
1672116551621 60 13199
1672116568601 60 13236
1672116571822 61 13236
1672116576560 61 13249
1672116590935 61 13299
1672116605388 61 13349
1672116619870 61 13399
1672116634260 61 13449
1672116641885 61 13453
1672116645180 62 13453
1672116659440 62 13499
1672116673913 62 13549
1672116688299 62 13599
1672116702998 62 13649
1672116715628 62 13670
1672116718958 63 13670
1672116728007 63 13699
1672116742406 63 13749
1672116756777 63 13799
1672116771160 63 13849
1672116788662 63 13887
1672116791875 64 13887
1672116796134 64 13899
1672116810483 64 13949
1672116824772 64 13999
1672116839074 64 14049
1672116853639 64 14099
1672116861618 64 14104
1672116864884 65 14104
1672116878504 65 14149
1672116893061 65 14199
1672116907467 65 14249
1672116921889 65 14299
1672116934701 65 14321
1672116937912 66 14321
1672116946657 66 14349
1672116961073 66 14399
1672116975751 66 14449
1672116990202 66 14499
1672117007683 66 14538
1672117010943 67 14538
1672117014803 67 14549
1672117029101 67 14599
1672117043574 67 14649
1672117057921 67 14699
1672117072368 67 14749
1672117080581 67 14755
1672117083830 68 14755
1672117097429 68 14799
1672117111989 68 14849
1672117126512 68 14899
1672117141048 68 14949
1672117154486 68 14972
1672117157746 69 14972
1672117166148 69 14999
1672117180746 69 15049
1672117195107 69 15099
1672117209618 69 15149
1672117227457 69 15189
1672117230648 70 15189
1672117234202 70 15199
1672117248566 70 15249
1672117262993 70 15299
1672117277500 70 15349
1672117291891 70 15399
1672117300428 70 15406
1672117303688 71 15406
1672117316828 71 15449
1672117331349 71 15499
1672117345712 71 15549
1672117360053 71 15599
1672117373584 71 15623
1672117376855 72 15623
1672117384984 72 15649
1672117399498 72 15699
1672117413863 72 15749
1672117428442 72 15799
1672117446836 72 15840
1672117450099 73 15840
1672117453418 73 15849
1672117467739 73 15899
1672117482052 73 15949
1672117496400 73 15999
1672117510920 73 16049
1672117519656 73 16057
1672117522907 74 16057
1672117535679 74 16099
1672117550059 74 16149
1672117564596 74 16199
1672117579251 74 16249
1672117592998 74 16274
1672117596364 75 16274
1672117604244 75 16299
1672117618670 75 16349
1672117633073 75 16399
1672117647543 75 16449
1672117666518 75 16491
1672117669765 76 16491
1672117672855 76 16499
1672117687232 76 16549
1672117701603 76 16599
1672117716110 76 16649
1672117730467 76 16699
1672117739462 76 16708
1672117742685 77 16708
1672117755145 77 16749
1672117769510 77 16799
1672117784025 77 16849
1672117798529 77 16899
1672117812455 77 16925
1672117815755 78 16925
1672117823343 78 16949
1672117837637 78 16999
1672117852078 78 17049
1672117866535 78 17099
1672117885286 78 17142
1672117888531 79 17142
1672117891255 79 17149
1672117905614 79 17199
1672117920115 79 17249
1672117934651 79 17299
1672117949089 79 17349
1672117958419 79 17359
1672117961649 80 17359
1672117973830 80 17399
1672117988398 80 17449
1672118002932 80 17499
1672118017468 80 17549
1672118031701 80 17576
1672118034970 81 17576
1672118042229 81 17599
1672118056791 81 17649
1672118071155 81 17699
1672118085527 81 17749
1672118104751 81 17793
1672118107972 82 17793
1672118110406 82 17799
1672118124784 82 17849
1672118139219 82 17899
1672118153695 82 17949
1672118167987 82 17999
1672118177593 82 18010
1672118180925 83 18010
1672118192751 83 18049
1672118207075 83 18099
1672118221432 83 18149
1672118235891 83 18199
1672118250230 83 18227
1672118253444 84 18227
1672118260389 84 18249
1672118274973 84 18299
1672118289544 84 18349
1672118303942 84 18399
1672118323471 84 18444
1672118326724 85 18444
1672118328896 85 18449
1672118343409 85 18499
1672118357731 85 18549
1672118372057 85 18599
1672118386337 85 18649
1672118396529 85 18661
1672118399857 86 18661
1672118411582 86 18699
1672118425938 86 18749
1672118440286 86 18799
1672118454618 86 18849
1672118469524 86 18878
1672118472771 87 18878
1672118479508 87 18899
1672118494031 87 18949
1672118508887 87 18999
1672118523293 87 19049
1672118542800 87 19095
1672118545837 88 19095
1672118547661 88 19099
1672118562036 88 19149
1672118576386 88 19199
1672118590754 88 19249
1672118605161 88 19299
1672118615315 88 19312
1672118618521 89 19312
1672118630138 89 19349
1672118644726 89 19399
1672118659150 89 19449
1672118673750 89 19499
1672118688880 89 19529
1672118692191 90 19529
1672118698692 90 19549
1672118713071 90 19599
1672118727448 90 19649
1672118741795 90 19699
1672118761913 90 19746
1672118765135 91 19746
1672118766637 91 19749
1672118780927 91 19799
1672118795517 91 19849
1672118809990 91 19899
1672118824314 91 19949
1672118834689 91 19963
1672118837933 92 19963
1672118848937 92 19999
1672118863295 92 20049
1672118877647 92 20099
1672118892126 92 20149
1672118907605 92 20180
1672118910814 93 20180
1672118916958 93 20199
1672118931492 93 20249
1672118946028 93 20299
1672118960445 93 20349
1672118980714 93 20397
1672118984009 94 20397
1672118985231 94 20399
1672118999608 94 20449
1672119014021 94 20499
1672119028723 94 20549
1672119043112 94 20599
1672119053956 94 20614
1672119057201 95 20614
1672119067990 95 20649
1672119082481 95 20699
1672119097164 95 20749
1672119111770 95 20799
1672119127641 95 20831
1672119130881 96 20831
1672119136719 96 20849
1672119151069 96 20899
1672119165587 96 20949
1672119180140 96 20999
1672119200574 96 21048
1672119203821 97 21048
1672119204783 97 21049
1672119219375 97 21099
1672119233950 97 21149
1672119248342 97 21199
1672119262907 97 21249
1672119273914 97 21265
1672119277199 98 21265
1672119287614 98 21299
1672119302007 98 21349
1672119316579 98 21399
1672119331144 98 21449
1672119347270 98 21482
1672119350566 99 21482
1672119356202 99 21499
1672119370765 99 21549
1672119385356 99 21599
1672119399870 99 21649
1672119414161 99 21699
1672119421043 99 21699
1672119424289 100 21699
1672119439494 100 21749
1672119453930 100 21799
1672119468412 100 21849
1672119482924 100 21899
1672119494359 100 21916
1672119497682 101 21916
1672119508037 101 21949
1672119522526 101 21999
1672119536990 101 22049
1672119551621 101 22099
1672119567945 101 22133
1672119571129 102 22133
1672119576419 102 22149
1672119590797 102 22199
1672119605309 102 22249
1672119619869 102 22299
1672119634212 102 22349
1672119640877 102 22350
1672119644064 103 22350
1672119658950 103 22399
1672119673308 103 22449
1672119687819 103 22499
1672119702175 103 22549
1672119713719 103 22567
1672119716880 104 22567
1672119726791 104 22599
1672119741215 104 22649
1672119755756 104 22699
1672119770315 104 22749
1672119786884 104 22784
1672119790074 105 22784
1672119795095 105 22799
1672119809584 105 22849
1672119824073 105 22899
1672119838470 105 22949
1672119852862 105 22999
1672119859928 105 23001
1672119863213 106 23001
1672119878075 106 23049
1672119892499 106 23099
1672119906886 106 23149
1672119921295 106 23199
1672119933360 106 23218
1672119936643 107 23218
1672119946413 107 23249
1672119960983 107 23299
1672119975437 107 23349
1672119989837 107 23399
1672120006943 107 23435
1672120010367 108 23435
1672120015127 108 23449
1672120029633 108 23499
1672120044060 108 23549
1672120058569 108 23599
1672120072936 108 23649
1672120080329 108 23652
1672120083727 109 23652
1672120098054 109 23699
1672120112653 109 23749
1672120127117 109 23799
1672120141548 109 23849
1672120154148 109 23869
1672120157450 110 23869
1672120166792 110 23899
1672120181328 110 23949
1672120195700 110 23999
1672120210082 110 24049
1672120227608 110 24086
1672120230960 111 24086
1672120235360 111 24099
1672120249731 111 24149
1672120264242 111 24199
1672120278598 111 24249
1672120293496 111 24299
1672120301122 111 24303
1672120304391 112 24303
1672120318306 112 24349
1672120332803 112 24399
1672120347335 112 24449
1672120361799 112 24499
1672120374450 112 24520
1672120377794 113 24520
1672120386776 113 24549
1672120401465 113 24599
1672120415807 113 24649
1672120430142 113 24699
1672120447483 113 24737
1672120450667 114 24737
1672120454787 114 24749
1672120469199 114 24799
1672120483579 114 24849
1672120497972 114 24899
1672120512552 114 24949
1672120520483 114 24954
1672120523799 115 24954
1672120537611 115 24999
1672120552311 115 25049
1672120566703 115 25099
1672120581111 115 25149
1672120593767 115 25171
1672120597109 116 25171
1672120605847 116 25199
1672120620168 116 25249
1672120634664 116 25299
1672120649130 116 25349
1672120666923 116 25388
1672120670265 117 25388
1672120674274 117 25399
1672120688888 117 25449
1672120703354 117 25499
1672120717779 117 25549
1672120732229 117 25599
1672120740471 117 25605
1672120743799 118 25605
1672120757141 118 25649
1672120771680 118 25699
1672120786294 118 25749
1672120800840 118 25799
1672120814281 118 25822
1672120817666 119 25822
1672120826298 119 25849
1672120840658 119 25899
1672120855065 119 25949
1672120869475 119 25999
1672120887559 119 26039
1672120890843 120 26039
1672120894398 120 26049
1672120908834 120 26099
1672120923573 120 26149
1672120938172 120 26199
1672120952585 120 26249
1672120961222 120 26256
1672120964594 121 26256
1672120977711 121 26299
1672120992277 121 26349
1672121006725 121 26399
1672121021125 121 26449
1672121034439 121 26473
1672121037731 122 26473
1672121046036 122 26499
1672121060704 122 26549
1672121075298 122 26599
1672121089960 122 26649
1672121108626 122 26690
1672121111920 123 26690
1672121115208 123 26699
1672121129603 123 26749
1672121144054 123 26799
1672121158455 123 26849
1672121173024 123 26899
1672121181841 123 26907
1672121185095 124 26907
1672121197986 124 26949
1672121212658 124 26999
1672121227077 124 27049
1672121241496 124 27099
1672121255195 124 27124
1672121258462 125 27124
1672121266321 125 27149
1672121280679 125 27199
1672121295137 125 27249
1672121309631 125 27299
1672121328288 125 27341
1672121331581 126 27341
1672121334515 126 27349
1672121349385 126 27399
1672121363794 126 27449
1672121378204 126 27499
1672121392677 126 27549
1672121401825 126 27558
1672121405153 127 27558
1672121417659 127 27599
1672121432249 127 27649
1672121446850 127 27699
1672121461284 127 27749
1672121475209 127 27775
1672121478431 128 27775
1672121485996 128 27799
1672121500491 128 27849
1672121515034 128 27899
1672121529472 128 27949
1672121548428 128 27992
1672121551715 129 27992
1672121554398 129 27999
1672121568769 129 28049
1672121583214 129 28099
1672121597776 129 28149
1672121612144 129 28199
1672121621563 129 28209
1672121624853 130 28209
1672121637025 130 28249
1672121651538 130 28299
1672121665902 130 28349
1672121680359 130 28399
1672121694909 130 28426
1672121698178 131 28426
1672121705498 131 28449
1672121719879 131 28499
1672121734224 131 28549
1672121748725 131 28599
1672121767873 131 28643
1672121771177 132 28643
1672121773585 132 28649
1672121788259 132 28699
1672121802648 132 28749
1672121817226 132 28799
1672121831611 132 28849
1672121841185 132 28860
1672121844440 133 28860
1672121856486 133 28899
1672121870921 133 28949
1672121885486 133 28999
1672121900238 133 29049
1672121914790 133 29077
1672121918086 134 29077
1672121925086 134 29099
1672121939407 134 29149
1672121953733 134 29199
1672121968180 134 29249
1672121987623 134 29294
1672121990918 135 29294
1672121993020 135 29299
1672122007562 135 29349
1672122022016 135 29399
1672122036311 135 29449
1672122050756 135 29499
1672122060858 135 29511
1672122064189 136 29511
1672122075841 136 29549
1672122090186 136 29599
1672122104548 136 29649
1672122119079 136 29699
1672122134175 136 29728
1672122137450 137 29728
1672122144126 137 29749
1672122158563 137 29799
1672122172985 137 29849
1672122187554 137 29899
1672122207613 137 29945
1672122210872 138 29945
1672122212744 138 29949
1672122227194 138 29999
1672122241772 138 30049
1672122256228 138 30099
1672122270802 138 30149
1672122281025 138 30162
1672122284257 139 30162
1672122295506 139 30199
1672122309933 139 30249
1672122324535 139 30299
1672122338888 139 30349
1672122353898 139 30379
1672122357197 140 30379
1672122363677 140 30399
1672122378030 140 30449
1672122392532 140 30499
1672122406999 140 30549
1672122426779 140 30596
1672122430097 141 30596
1672122431614 141 30599
1672122446000 141 30649
1672122460658 141 30699
1672122475041 141 30749
1672122489446 141 30799
1672122500048 141 30813
1672122503393 142 30813
1672122514384 142 30849
1672122528731 142 30899
1672122543275 142 30949
1672122557630 142 30999
1672122572914 142 31030
1672122576219 143 31030
1672122582337 143 31049
1672122596887 143 31099
1672122611369 143 31149
1672122625697 143 31199
1672122645767 143 31247
1672122649068 144 31247
1672122650306 144 31249
1672122664805 144 31299
1672122679202 144 31349
1672122693719 144 31399
1672122708233 144 31449
1672122719179 144 31464
1672122722487 145 31464
1672122733360 145 31499
1672122747738 145 31549
1672122762091 145 31599
1672122776465 145 31649
1672122792387 145 31681
1672122795665 146 31681
1672122801532 146 31699
1672122815945 146 31749
1672122830393 146 31799
1672122845074 146 31849
1672122865788 146 31898
1672122869046 147 31898
1672122870059 147 31899
1672122884447 147 31949
1672122898841 147 31999
1672122913396 147 32049
1672122927777 147 32099
1672122938631 147 32115
1672122941891 148 32115
1672122952385 148 32149
1672122966896 148 32199
1672122981638 148 32249
1672122996105 148 32299
1672123012179 148 32332
1672123015521 149 32332
1672123021101 149 32349
1672123035632 149 32399
1672123050046 149 32449
1672123064478 149 32499
1672123078708 149 32549
1672123085479 149 32549
1672123088620 150 32549
