1672112125163 0.0 216
1672112198583 0.0 433
1672112272791 0.0 650
1672112346827 0.0 867
1672112421142 0.0 1084
1672112495212 0.0 1301
1672112569876 3.0 1518
1672112644217 0.0 1735
1672112718441 1.5 1952
1672112793743 0.0 2169
1672112867867 2.25 2386
1672112942388 1.75 2603
1672113016493 0.25 2820
1672113091524 0.0 3037
1672113166311 0.0 3254
1672113241018 0.0 3471
1672113315250 1.0 3688
1672113389579 0.0 3905
1672113464319 0.25 4122
1672113538938 2.25 4339
1672113613761 0.5 4556
1672113688631 1.0 4773
1672113763168 1.0 4990
1672113837905 1.0 5207
1672113912294 2.0 5424
1672113986840 1.5 5641
1672114061477 1.5 5858
1672114136418 1.0 6075
1672114211406 1.25 6292
1672114286120 1.25 6509
1672114360598 1.5 6726
1672114435123 1.5 6943
1672114509768 1.5 7160
1672114584438 1.5 7377
1672114659189 2.0 7594
1672114733789 2.0 7811
1672114808338 2.0 8028
1672114882994 1.5 8245
1672114957545 2.0 8462
1672115030922 2.0 8679
1672115104171 2.0 8896
1672115176855 1.5 9113
1672115250286 1.75 9330
1672115324039 2.5 9547
1672115397211 1.75 9764
1672115470990 2.0 9981
1672115543787 1.75 10198
1672115617160 1.75 10415
1672115690325 1.75 10632
1672115763639 2.5 10849
1672115836439 6.0 11066
1672115910071 1.75 11283
1672115983224 3.0 11500
1672116056487 7.75 11717
1672116129782 2.25 11934
1672116202687 2.25 12151
1672116275899 2.5 12368
1672116349139 3.5 12585
1672116422595 5.5 12802
1672116495585 11.0 13019
1672116568601 4.0 13236
1672116641885 3.75 13453
1672116715628 3.25 13670
1672116788662 3.5 13887
1672116861618 4.75 14104
1672116934701 7.0 14321
1672117007683 3.75 14538
1672117080581 5.0 14755
1672117154486 6.5 14972
1672117227457 3.5 15189
1672117300428 4.0 15406
1672117373584 4.0 15623
1672117446836 5.0 15840
1672117519656 5.5 16057
1672117592998 6.25 16274
1672117666518 4.75 16491
1672117739462 5.5 16708
1672117812455 5.0 16925
1672117885286 5.75 17142
1672117958419 5.75 17359
1672118031701 5.0 17576
1672118104751 6.0 17793
1672118177593 4.0 18010
1672118250230 5.25 18227
1672118323471 6.5 18444
1672118396529 7.5 18661
1672118469524 7.0 18878
1672118542800 4.0 19095
1672118615315 7.0 19312
1672118688880 4.0 19529
1672118761913 5.75 19746
1672118834689 6.5 19963
1672118907605 7.0 20180
1672118980714 18.0 20397
1672119053956 9.25 20614
1672119127641 5.0 20831
1672119200574 4.25 21048
1672119273914 4.25 21265
1672119347270 4.25 21482
1672119421043 10.0 21699
1672119494359 7.25 21916
1672119567945 6.25 22133
1672119640877 9.75 22350
1672119713719 7.75 22567
1672119786884 7.0 22784
1672119859928 6.0 23001
1672119933360 4.5 23218
1672120006943 8.0 23435
1672120080329 5.5 23652
1672120154148 4.0 23869
1672120227608 9.0 24086
1672120301122 4.25 24303
1672120374450 7.25 24520
1672120447483 5.5 24737
1672120520483 13.75 24954
1672120593767 12.75 25171
1672120666923 7.25 25388
1672120740471 6.5 25605
1672120814281 7.5 25822
1672120887559 5.5 26039
1672120961222 6.75 26256
1672121034439 7.0 26473
1672121108626 4.25 26690
1672121181841 6.25 26907
1672121255195 7.0 27124
1672121328288 10.0 27341
1672121401825 13.5 27558
1672121475209 9.0 27775
1672121548428 3.5 27992
1672121621563 6.5 28209
1672121694909 15.75 28426
1672121767873 7.0 28643
1672121841185 6.75 28860
1672121914790 5.75 29077
1672121987623 11.75 29294
1672122060858 7.5 29511
1672122134175 7.0 29728
1672122207613 4.5 29945
1672122281025 9.5 30162
1672122353898 8.5 30379
1672122426779 6.0 30596
1672122500048 8.75 30813
1672122572914 7.5 31030
1672122645767 5.75 31247
1672122719179 7.0 31464
1672122792387 9.25 31681
1672122865788 7.25 31898
1672122938631 9.0 32115
1672123012179 4.5 32332
1672123085479 6.75 32549
