1672112069808 0.7083333730697632 49
1672112084251 0.9166666865348816 99
1672112099029 0.75 149
1672112113447 0.75 199
1672112138559 0.8333333134651184 249
1672112153072 0.75 299
1672112167590 0.875 349
1672112182187 0.6875 399
1672112207339 0.5625 449
1672112222020 0.9166666865348816 499
1672112236568 0.7916666865348816 549
1672112251415 0.75 599
1672112265906 0.7916666865348816 649
1672112291133 0.625 699
1672112305682 0.8125 749
1672112320239 0.6666666865348816 799
1672112334817 0.2916666865348816 849
1672112360385 0.8333333730697632 899
1672112375010 0.5874999761581421 949
1672112389808 0.6666666865348816 999
1672112404632 0.949999988079071 1049
1672112429599 0.8541666865348816 1099
1672112444197 0.6666666865348816 1149
1672112458802 0.6875 1199
1672112473414 0.6875 1249
1672112488012 0.75 1299
1672112513664 0.9375 1349
1672112528352 0.6041666865348816 1399
1672112543140 1.0 1449
1672112557751 0.6666666865348816 1499
1672112583006 0.9166666865348816 1549
1672112597603 0.9166666865348816 1599
1672112612169 0.7916666865348816 1649
1672112626760 0.4000000059604645 1699
1672112652559 0.5249999761581421 1749
1672112667128 0.8333333730697632 1799
1672112681686 1.0 1849
1672112696209 0.9375 1899
1672112710800 0.9583333134651184 1949
1672112736233 0.875 1999
1672112750988 0.8541666865348816 2049
1672112765935 0.6166666746139526 2099
1672112780903 1.0 2149
1672112806556 0.7333333492279053 2199
1672112821198 0.8333333730697632 2249
1672112835795 0.625 2299
1672112850449 0.9375 2349
1672112875738 0.9166666865348816 2399
1672112890327 0.9375 2449
1672112904886 0.949999988079071 2499
1672112919660 0.8333333730697632 2549
1672112934690 0.75 2599
1672112959957 0.5 2649
1672112974582 0.75 2699
1672112989229 0.8125 2749
1672113003818 0.75 2799
1672113028992 0.8333333730697632 2849
1672113043765 0.5 2899
1672113058892 0.75 2949
1672113073674 0.9166666865348816 2999
1672113099176 0.8541666865348816 3049
1672113113834 0.6875 3099
1672113128583 0.875 3149
1672113143271 0.75 3199
1672113158108 0.6666666865348816 3249
1672113183565 0.625 3299
1672113198362 0.9166666865348816 3349
1672113213105 0.6499999761581421 3399
1672113227834 0.375 3449
1672113253216 0.9375 3499
1672113267846 1.0 3549
1672113282516 0.9375 3599
1672113297241 0.9166666865348816 3649
1672113322585 0.25 3699
1672113337175 0.6708333492279053 3749
1672113352116 1.0 3799
1672113366868 0.6666666865348816 3849
1672113381446 0.8333333730697632 3899
1672113406535 0.875 3949
1672113421213 0.8999999761581421 3999
1672113435906 0.75 4049
1672113450721 0.6875 4099
1672113476244 0.9166666865348816 4149
1672113491178 0.9375 4199
1672113505978 1.0 4249
1672113520582 1.0 4299
1672113546109 1.0 4349
1672113560768 0.9166666865348816 4399
1672113575609 0.75 4449
1672113590219 1.0 4499
1672113604987 0.7916666865348816 4549
1672113630654 0.9166666865348816 4599
1672113645378 1.0 4649
1672113660128 0.9166666865348816 4699
1672113674778 0.75 4749
1672113700416 0.75 4799
1672113715009 0.574999988079071 4849
1672113729652 1.0 4899
1672113744335 0.6000000238418579 4949
1672113770061 0.7708333134651184 4999
1672113784665 0.75 5049
1672113799377 0.6666666865348816 5099
1672113814121 0.8333333730697632 5149
1672113828722 0.7916666865348816 5199
1672113854269 1.0 5249
1672113868953 0.7916666865348816 5299
1672113883578 0.9166666865348816 5349
1672113898353 0.5249999761581421 5399
1672113923679 0.6666666865348816 5449
1672113938321 0.7916666865348816 5499
1672113952958 1.0 5549
1672113967627 0.6666666865348816 5599
1672113993193 0.5208333730697632 5649
1672114007980 0.875 5699
1672114022801 1.0 5749
1672114037517 0.8541666865348816 5799
1672114052321 0.8333333134651184 5849
1672114077726 0.875 5899
1672114092482 1.0 5949
1672114107179 0.875 5999
1672114122119 0.6666666865348816 6049
1672114147674 0.375 6099
1672114162367 0.6666666865348816 6149
1672114177224 0.5 6199
1672114191957 0.9375 6249
1672114217614 0.75 6299
1672114232340 0.625 6349
1672114246881 0.7291666865348816 6399
1672114261430 0.625 6449
1672114276370 0.9375 6499
1672114301903 0.875 6549
1672114316685 0.875 6599
1672114331263 0.5833333134651184 6649
1672114346043 0.75 6699
1672114371428 0.949999988079071 6749
1672114386016 0.625 6799
1672114400648 0.875 6849
1672114415555 0.887499988079071 6899
1672114440987 0.875 6949
1672114455555 0.5416666865348816 6999
1672114470199 0.6666666865348816 7049
1672114485084 0.5 7099
1672114499862 1.0 7149
1672114525365 0.7500000596046448 7199
1672114540022 0.949999988079071 7249
1672114554701 0.625 7299
1672114569633 0.9166666865348816 7349
1672114594972 1.0 7399
1672114609765 0.8666666746139526 7449
1672114624506 0.4166666865348816 7499
1672114639305 0.75 7549
1672114664738 0.6666666865348816 7599
1672114679535 0.9166666865348816 7649
1672114694368 0.875 7699
1672114708994 0.4166666865348816 7749
1672114723679 0.6666666865348816 7799
1672114749058 0.625 7849
1672114763663 0.75 7899
1672114778568 0.75 7949
1672114793163 1.0 7999
1672114818603 0.9375 8049
1672114833413 0.6875 8099
1672114848051 0.7708333730697632 8149
1672114862770 0.8333333134651184 8199
1672114888317 0.5833333134651184 8249
1672114902913 0.9375 8299
1672114917664 0.9166666865348816 8349
1672114932417 0.5833333730697632 8399
1672114946936 0.625 8449
1672114972618 0.875 8499
1672114987112 0.6666666865348816 8549
1672115001537 1.0 8599
1672115015877 1.0 8649
1672115040600 1.0 8699
1672115055309 0.25 8749
1672115069788 0.8125 8799
1672115084100 1.0 8849
1672115108953 0.8333333134651184 8899
1672115123298 0.5833333730697632 8949
1672115137644 0.375 8999
1672115151959 0.9375 9049
1672115166287 0.875 9099
1672115191470 0.9375 9149
1672115205937 0.8999999761581421 9199
1672115220491 0.9166666865348816 9249
1672115234928 0.75 9299
1672115259943 0.699999988079071 9349
1672115274377 1.0 9399
1672115288848 0.7083333730697632 9449
1672115303455 0.8541666865348816 9499
1672115328715 1.0 9549
1672115343079 0.875 9599
1672115357587 0.875 9649
1672115371906 0.75 9699
1672115386203 0.75 9749
1672115411238 0.5 9799
1672115425898 0.875 9849
1672115440378 0.887499988079071 9899
1672115454785 0.9166666865348816 9949
1672115479996 0.9166666865348816 9999
1672115494382 0.625 10049
1672115508755 1.0 10099
1672115523237 0.875 10149
1672115547978 1.0 10199
1672115562386 0.6875 10249
1672115576828 0.6875 10299
1672115591412 0.6666666865348816 10349
1672115606182 0.4166666865348816 10399
1672115630830 0.8541666865348816 10449
1672115645207 0.875 10499
1672115659606 0.625 10549
1672115673992 0.5416666865348816 10599
1672115699101 0.875 10649
1672115713517 1.0 10699
1672115728204 0.875 10749
1672115742703 0.75 10799
1672115756866 0.5 10849
1672115781935 0.75 10899
1672115796264 0.7916666865348816 10949
1672115810666 0.4166666865348816 10999
1672115825010 0.75 11049
1672115850144 0.75 11099
1672115864716 0.9375 11149
1672115879267 1.0 11199
1672115893767 0.9375 11249
1672115918602 0.8999999761581421 11299
1672115933009 0.4166666865348816 11349
1672115947396 1.0 11399
1672115961948 1.0 11449
1672115976411 0.9166666865348816 11499
1672116001405 0.6666666865348816 11549
1672116015764 0.75 11599
1672116030139 0.6041666865348816 11649
1672116044568 0.9166666865348816 11699
1672116069638 0.7291666865348816 11749
1672116084098 0.5 11799
1672116098799 0.75 11849
1672116113226 0.7916666865348816 11899
1672116138231 0.8166666626930237 11949
1672116152586 0.5416666865348816 11999
1672116166923 0.8166667222976685 12049
1672116181409 0.9166666865348816 12099
1672116195708 0.5625 12149
1672116220440 0.9375 12199
1672116234997 0.75 12249
1672116249462 0.6875 12299
1672116263996 0.5 12349
1672116288813 0.875 12399
1672116303380 1.0 12449
1672116317978 0.9166666865348816 12499
1672116332407 0.4375 12549
1672116357242 0.625 12599
1672116372019 0.6666666865348816 12649
1672116386376 1.0 12699
1672116400850 0.9375 12749
1672116415258 1.0 12799
1672116440183 1.0 12849
1672116454675 0.75 12899
1672116469049 0.6875 12949
1672116483539 0.375 12999
1672116508305 0.9166666865348816 13049
1672116522707 0.8166666626930237 13099
1672116537074 0.7083333730697632 13149
1672116551621 0.9166666865348816 13199
1672116576560 0.9166666865348816 13249
1672116590935 0.75 13299
1672116605388 0.7083333134651184 13349
1672116619870 0.7916666865348816 13399
1672116634260 0.2916666865348816 13449
1672116659440 0.875 13499
1672116673913 0.8999999761581421 13549
1672116688299 0.9375 13599
1672116702998 0.9166666865348816 13649
1672116728007 0.8333333134651184 13699
1672116742406 0.9375 13749
1672116756777 0.5666666626930237 13799
1672116771160 0.9166666865348816 13849
1672116796134 0.7916666865348816 13899
1672116810483 0.5625 13949
1672116824772 0.7916666865348816 13999
1672116839074 0.625 14049
1672116853639 0.625 14099
1672116878504 0.75 14149
1672116893061 0.75 14199
1672116907467 0.4833333492279053 14249
1672116921889 0.5416666865348816 14299
1672116946657 0.4583333432674408 14349
1672116961073 1.0 14399
1672116975751 0.75 14449
1672116990202 0.875 14499
1672117014803 0.5625 14549
1672117029101 0.75 14599
1672117043574 1.0 14649
1672117057921 0.75 14699
1672117072368 0.824999988079071 14749
1672117097429 0.7291666865348816 14799
1672117111989 0.8333333730697632 14849
1672117126512 0.6666666865348816 14899
1672117141048 0.9166666865348816 14949
1672117166148 0.625 14999
1672117180746 0.875 15049
1672117195107 0.4375 15099
1672117209618 0.699999988079071 15149
1672117234202 0.75 15199
1672117248566 0.6666666865348816 15249
1672117262993 0.5666667222976685 15299
1672117277500 0.824999988079071 15349
1672117291891 0.9375 15399
1672117316828 0.5833333730697632 15449
1672117331349 0.7500000596046448 15499
1672117345712 0.9166666865348816 15549
1672117360053 0.9583333134651184 15599
1672117384984 0.7291666865348816 15649
1672117399498 0.949999988079071 15699
1672117413863 0.9375 15749
1672117428442 0.8041666746139526 15799
1672117453418 0.6666666865348816 15849
1672117467739 0.75 15899
1672117482052 0.75 15949
1672117496400 0.75 15999
1672117510920 0.6666666865348816 16049
1672117535679 0.699999988079071 16099
1672117550059 0.5 16149
1672117564596 0.9166666865348816 16199
1672117579251 0.6666666865348816 16249
1672117604244 0.5833333134651184 16299
1672117618670 0.625 16349
1672117633073 0.8666666746139526 16399
1672117647543 0.75 16449
1672117672855 0.6666666865348816 16499
1672117687232 0.625 16549
1672117701603 0.7333333492279053 16599
1672117716110 1.0 16649
1672117730467 0.3125 16699
1672117755145 0.75 16749
1672117769510 0.75 16799
1672117784025 0.875 16849
1672117798529 1.0 16899
1672117823343 0.8125 16949
1672117837637 1.0 16999
1672117852078 0.9166666865348816 17049
1672117866535 0.7916666865348816 17099
1672117891255 0.8541666865348816 17149
1672117905614 0.6666666865348816 17199
1672117920115 0.6666666865348816 17249
1672117934651 0.4375 17299
1672117949089 0.6666666865348816 17349
1672117973830 1.0 17399
1672117988398 0.875 17449
1672118002932 0.7708333730697632 17499
1672118017468 0.75 17549
1672118042229 0.9166666865348816 17599
1672118056791 0.625 17649
1672118071155 0.8333333134651184 17699
1672118085527 0.8333333730697632 17749
1672118110406 0.9375 17799
1672118124784 0.949999988079071 17849
1672118139219 1.0 17899
1672118153695 0.5833333134651184 17949
1672118167987 0.5249999761581421 17999
1672118192751 0.625 18049
1672118207075 0.75 18099
1672118221432 0.9166666865348816 18149
1672118235891 1.0 18199
1672118260389 1.0 18249
1672118274973 0.6875 18299
1672118289544 0.5 18349
1672118303942 0.6875 18399
1672118328896 0.6666666865348816 18449
1672118343409 0.875 18499
1672118357731 1.0 18549
1672118372057 0.75 18599
1672118386337 1.0 18649
1672118411582 0.7291666865348816 18699
1672118425938 1.0 18749
1672118440286 0.8999999761581421 18799
1672118454618 0.8666666746139526 18849
1672118479508 0.875 18899
1672118494031 0.5333333015441895 18949
1672118508887 0.8374999761581421 18999
1672118523293 0.4000000059604645 19049
1672118547661 0.75 19099
1672118562036 0.7916666865348816 19149
1672118576386 0.6666666865348816 19199
1672118590754 0.9583333134651184 19249
1672118605161 0.4583333432674408 19299
1672118630138 0.875 19349
1672118644726 1.0 19399
1672118659150 0.875 19449
1672118673750 0.8333333730697632 19499
1672118698692 0.8666666746139526 19549
1672118713071 0.9375 19599
1672118727448 0.699999988079071 19649
1672118741795 0.6666666865348816 19699
1672118766637 0.699999988079071 19749
1672118780927 0.7916666865348816 19799
1672118795517 0.625 19849
1672118809990 0.8666666746139526 19899
1672118824314 0.949999988079071 19949
1672118848937 0.7916666865348816 19999
1672118863295 0.7916666865348816 20049
1672118877647 1.0 20099
1672118892126 0.9375 20149
1672118916958 0.9375 20199
1672118931492 0.7250000238418579 20249
1672118946028 0.8125 20299
1672118960445 0.875 20349
1672118985231 0.6666666865348816 20399
1672118999608 0.875 20449
1672119014021 0.5625 20499
1672119028723 0.75 20549
1672119043112 0.75 20599
1672119067990 0.7916666865348816 20649
1672119082481 0.7083333730697632 20699
1672119097164 0.625 20749
1672119111770 0.5416666865348816 20799
1672119136719 0.5833333730697632 20849
1672119151069 0.5416666865348816 20899
1672119165587 0.75 20949
1672119180140 0.875 20999
1672119204783 0.875 21049
1672119219375 0.7083333730697632 21099
1672119233950 0.7291666865348816 21149
1672119248342 0.75 21199
1672119262907 0.5416666865348816 21249
1672119287614 0.8333333730697632 21299
1672119302007 0.75 21349
1672119316579 0.3750000298023224 21399
1672119331144 0.5416666865348816 21449
1672119356202 0.7916666865348816 21499
1672119370765 0.75 21549
1672119385356 0.8333333730697632 21599
1672119399870 1.0 21649
1672119414161 0.0 21699
1672119439494 1.0 21749
1672119453930 0.9375 21799
1672119468412 0.8125 21849
1672119482924 0.7083333730697632 21899
1672119508037 0.6166666746139526 21949
1672119522526 0.75 21999
1672119536990 0.6666666865348816 22049
1672119551621 0.7500000596046448 22099
1672119576419 0.7916666865348816 22149
1672119590797 0.75 22199
1672119605309 0.75 22249
1672119619869 0.875 22299
1672119634212 0.625 22349
1672119658950 0.6458333730697632 22399
1672119673308 0.9166666865348816 22449
1672119687819 0.699999988079071 22499
1672119702175 0.75 22549
1672119726791 0.9166666865348816 22599
1672119741215 1.0 22649
1672119755756 0.4583333432674408 22699
1672119770315 0.75 22749
1672119795095 0.5476190447807312 22799
1672119809584 0.7916666865348816 22849
1672119824073 0.5416666865348816 22899
1672119838470 0.8333333730697632 22949
1672119852862 0.7083333730697632 22999
1672119878075 0.875 23049
1672119892499 0.7916666865348816 23099
1672119906886 0.9166666865348816 23149
1672119921295 0.699999988079071 23199
1672119946413 0.6875 23249
1672119960983 0.1666666716337204 23299
1672119975437 0.875 23349
1672119989837 0.75 23399
1672120015127 0.75 23449
1672120029633 0.6041666865348816 23499
1672120044060 0.5416666865348816 23549
1672120058569 0.625 23599
1672120072936 0.8125 23649
1672120098054 0.9375 23699
1672120112653 0.9166666865348816 23749
1672120127117 0.824999988079071 23799
1672120141548 0.8166666626930237 23849
1672120166792 1.0 23899
1672120181328 1.0 23949
1672120195700 1.0 23999
1672120210082 0.7250000238418579 24049
1672120235360 0.9375 24099
1672120249731 0.8333333730697632 24149
1672120264242 0.8333333134651184 24199
1672120278598 1.0 24249
1672120293496 0.875 24299
1672120318306 0.75 24349
1672120332803 0.875 24399
1672120347335 0.75 24449
1672120361799 0.5 24499
1672120386776 1.0 24549
1672120401465 0.6875 24599
1672120415807 0.875 24649
1672120430142 0.9285714626312256 24699
1672120454787 0.7916666865348816 24749
1672120469199 0.5 24799
1672120483579 0.6166666746139526 24849
1672120497972 0.6499999761581421 24899
1672120512552 1.0 24949
1672120537611 1.0 24999
1672120552311 0.75 25049
1672120566703 0.9375 25099
1672120581111 0.6666666865348816 25149
1672120605847 0.6499999761581421 25199
1672120620168 0.5625 25249
1672120634664 0.7916666865348816 25299
1672120649130 0.9375 25349
1672120674274 1.0 25399
1672120688888 0.762499988079071 25449
1672120703354 0.7083333134651184 25499
1672120717779 0.6666666865348816 25549
1672120732229 0.625 25599
1672120757141 1.0 25649
1672120771680 0.9166666865348816 25699
1672120786294 0.875 25749
1672120800840 0.625 25799
1672120826298 0.75 25849
1672120840658 0.7749999761581421 25899
1672120855065 0.75 25949
1672120869475 0.875 25999
1672120894398 0.8125 26049
1672120908834 0.5833333730697632 26099
1672120923573 0.625 26149
1672120938172 0.5 26199
1672120952585 0.6666666865348816 26249
1672120977711 0.5416666865348816 26299
1672120992277 0.8541666865348816 26349
1672121006725 0.8333333730697632 26399
1672121021125 0.875 26449
1672121046036 0.6666666865348816 26499
1672121060704 0.875 26549
1672121075298 0.5625 26599
1672121089960 0.8125 26649
1672121115208 0.8333333730697632 26699
1672121129603 0.8333333134651184 26749
1672121144054 0.625 26799
1672121158455 0.9166666865348816 26849
1672121173024 0.9375 26899
1672121197986 0.8666666746139526 26949
1672121212658 0.44999998807907104 26999
1672121227077 0.8333333134651184 27049
1672121241496 0.75 27099
1672121266321 0.949999988079071 27149
1672121280679 0.5625 27199
1672121295137 0.5 27249
1672121309631 0.75 27299
1672121334515 0.9166666865348816 27349
1672121349385 1.0 27399
1672121363794 0.949999988079071 27449
1672121378204 1.0 27499
1672121392677 0.7833333611488342 27549
1672121417659 0.49166667461395264 27599
1672121432249 0.875 27649
1672121446850 1.0 27699
1672121461284 1.0 27749
1672121485996 0.8125 27799
1672121500491 0.875 27849
1672121515034 0.7916666865348816 27899
1672121529472 0.75 27949
1672121554398 0.75 27999
1672121568769 0.949999988079071 28049
1672121583214 1.0 28099
1672121597776 0.9375 28149
1672121612144 0.7916666865348816 28199
1672121637025 0.6875 28249
1672121651538 0.5 28299
1672121665902 0.8125 28349
1672121680359 0.9166666865348816 28399
1672121705498 0.8666666746139526 28449
1672121719879 1.0 28499
1672121734224 0.5 28549
1672121748725 0.887499988079071 28599
1672121773585 1.0 28649
1672121788259 1.0 28699
1672121802648 0.699999988079071 28749
1672121817226 0.5 28799
1672121831611 0.7083333134651184 28849
1672121856486 0.75 28899
1672121870921 0.8125 28949
1672121885486 0.6666666865348816 28999
1672121900238 0.7916666865348816 29049
1672121925086 0.5 29099
1672121939407 0.75 29149
1672121953733 0.75 29199
1672121968180 0.7833333611488342 29249
1672121993020 1.0 29299
1672122007562 0.625 29349
1672122022016 0.8333333730697632 29399
1672122036311 0.824999988079071 29449
1672122050756 0.5 29499
1672122075841 0.75 29549
1672122090186 0.9375 29599
1672122104548 0.7916666865348816 29649
1672122119079 0.75 29699
1672122144126 0.625 29749
1672122158563 0.75 29799
1672122172985 0.8125 29849
1672122187554 0.5625 29899
1672122212744 0.75 29949
1672122227194 0.9375 29999
1672122241772 1.0 30049
1672122256228 0.875 30099
1672122270802 0.7875000238418579 30149
1672122295506 0.7916666865348816 30199
1672122309933 0.625 30249
1672122324535 0.875 30299
1672122338888 0.875 30349
1672122363677 1.0 30399
1672122378030 0.7083333134651184 30449
1672122392532 0.875 30499
1672122406999 0.6875 30549
1672122431614 0.5 30599
1672122446000 0.9166666865348816 30649
1672122460658 0.75 30699
1672122475041 0.8166666626930237 30749
1672122489446 0.75 30799
1672122514384 0.5 30849
1672122528731 0.4833333492279053 30899
1672122543275 0.8125 30949
1672122557630 1.0 30999
1672122582337 1.0 31049
1672122596887 1.0 31099
1672122611369 0.5833333730697632 31149
1672122625697 0.6041666865348816 31199
1672122650306 0.875 31249
1672122664805 0.9166666865348816 31299
1672122679202 0.6875 31349
1672122693719 0.7916666865348816 31399
1672122708233 0.4166666865348816 31449
1672122733360 0.5625 31499
1672122747738 0.75 31549
1672122762091 1.0 31599
1672122776465 0.9166666865348816 31649
1672122801532 1.0 31699
1672122815945 0.6666666865348816 31749
1672122830393 0.375 31799
1672122845074 0.7083333730697632 31849
1672122870059 0.9375 31899
1672122884447 0.375 31949
1672122898841 1.0 31999
1672122913396 0.625 32049
1672122927777 0.8333333134651184 32099
1672122952385 0.7833333611488342 32149
1672122966896 1.0 32199
1672122981638 0.875 32249
1672122996105 0.8374999761581421 32299
1672123021101 1.0 32349
1672123035632 0.6666666865348816 32399
1672123050046 0.5416666865348816 32449
1672123064478 0.7083333730697632 32499
1672123078708 0.25 32549
