1672112128271 1.8786424738290195 216
1672112201977 1.861639124832531 433
1672112276110 1.8599274811243642 650
1672112350151 1.8577370207564905 867
1672112424425 1.8507391994579485 1084
1672112498539 1.8476656785486696 1301
1672112573224 1.8395346912741608 1518
1672112647543 1.836666148619657 1735
1672112721664 1.8289813129918187 1952
1672112797003 1.8205648692477332 2169
1672112871192 1.8168618212154966 2386
1672112945743 1.8205338166161518 2603
1672113019801 1.8129959137439995 2820
1672113094889 1.8157316454578494 3037
1672113169711 1.8091852867924436 3254
1672113244319 1.8037732710152687 3471
1672113318611 1.8039873398023318 3688
1672113392946 1.799613274520243 3905
1672113467610 1.794118813979439 4122
1672113542339 1.7928179410487215 4339
1672113617200 1.7935664878215272 4556
1672113691952 1.7896911005529494 4773
1672113766544 1.7935476557851284 4990
1672113841256 1.7865988891532631 5207
1672113915560 1.7905803068835473 5424
1672113990111 1.7815716140937892 5641
1672114064892 1.783272539074772 5858
1672114139725 1.7840606988158219 6075
1672114214779 1.7796543732221413 6292
1672114289474 1.7758171228946045 6509
1672114363973 1.7773538135824272 6726
1672114438467 1.775352345516731 6943
1672114513101 1.7749403790397102 7160
1672114587813 1.7763622095735032 7377
1672114662536 1.7707215657319064 7594
1672114737219 1.765563527152699 7811
1672114811659 1.7697422197596482 8028
1672114886420 1.7678637030698823 8245
1672114960841 1.7627157352186407 8462
1672115034128 1.7636613942662085 8679
1672115107426 1.763433572544277 8896
1672115180140 1.760143783458208 9113
1672115253593 1.7572309251944285 9330
1672115327463 1.7594043739895842 9547
1672115400443 1.7618881445640626 9764
1672115474185 1.7534660182708042 9981
1672115546994 1.7564440097366043 10198
1672115620429 1.7550129574013242 10415
1672115693545 1.75357983071664 10632
1672115766891 1.7491557456195677 10849
1672115839721 1.7461891948606252 11066
1672115913293 1.7521860408550334 11283
1672115986463 1.7480793377243593 11500
1672116059733 1.7448717670876404 11717
1672116133093 1.7447903404835714 11934
1672116205930 1.7472696449529148 12151
1672116279163 1.7482073406695036 12368
1672116352412 1.7417849894796569 12585
1672116425839 1.7411675562721234 12802
1672116498877 1.7410258763709983 13019
1672116571822 1.7378338462496883 13236
1672116645180 1.7413577916551246 13453
1672116718958 1.7379288960053416 13670
1672116791875 1.738893190876616 13887
1672116864884 1.7392092772034589 14104
1672116937912 1.7344487600948206 14321
1672117010943 1.7361100626025308 14538
1672117083830 1.729917006258243 14755
1672117157746 1.732709279851074 14972
1672117230648 1.73368646197444 15189
1672117303688 1.7352807476622245 15406
1672117376855 1.7313751617336872 15623
1672117450099 1.7337344272487287 15840
1672117522907 1.731958277613536 16057
1672117596364 1.729496300593095 16274
1672117669765 1.726852420799245 16491
1672117742685 1.7273482181321826 16708
1672117815755 1.7253935064796915 16925
1672117888531 1.726472036801383 17142
1672117961649 1.7300157199788433 17359
1672118034970 1.728735678792695 17576
1672118107972 1.7300710290393206 17793
1672118180925 1.7280889100073282 18010
1672118253444 1.7240959141472947 18227
1672118326724 1.7238974359049015 18444
1672118399857 1.7276722216599 18661
1672118472771 1.7246915017660749 18878
1672118545837 1.7255609865095958 19095
1672118618521 1.7196395228109143 19312
1672118692191 1.7235420316078502 19529
1672118765135 1.719912857063025 19746
1672118837933 1.7229381136023563 19963
1672118910814 1.7262765543636847 20180
1672118984009 1.7206317067308945 20397
1672119057201 1.724080183548643 20614
1672119130881 1.7188725231723503 20831
1672119203821 1.7149720551588663 21048
1672119277199 1.7248233984336114 21265
1672119350566 1.7137870736401002 21482
1672119424289 1.716935936557766 21699
1672119497682 1.7177709009192315 21916
1672119571129 1.7166830688433927 22133
1672119644064 1.7131758572649065 22350
1672119716880 1.7183208157779826 22567
1672119790074 1.717589590441235 22784
1672119863213 1.716881424109502 23001
1672119936643 1.7181490067961447 23218
1672120010367 1.7122552251380931 23435
1672120083727 1.7129323796311853 23652
1672120157450 1.7130814722838845 23869
1672120230960 1.7151308170060628 24086
1672120304391 1.7135547743487196 24303
1672120377794 1.7127575155090708 24520
1672120450667 1.7132176517740036 24737
1672120523799 1.7106597667648493 24954
1672120597109 1.7137239585849764 25171
1672120670265 1.7106176227431407 25388
1672120743799 1.7127580603397623 25605
1672120817666 1.7126575816008591 25822
1672120890843 1.7064572309863988 26039
1672120964594 1.710878537507427 26256
1672121037731 1.7043054907743735 26473
1672121111920 1.7073380340464896 26690
1672121185095 1.708558982536379 26907
1672121258462 1.7060975656964918 27124
1672121331581 1.704964737047419 27341
1672121405153 1.7049789964490105 27558
1672121478431 1.706984764817837 27775
1672121551715 1.7033297741469693 27992
1672121624853 1.7087699886523404 28209
1672121698178 1.7042705438939525 28426
1672121771177 1.7041678631593509 28643
1672121844440 1.7015824139784355 28860
1672121918086 1.6998429948643072 29077
1672121990918 1.7018209177431682 29294
1672122064189 1.7003675538600398 29511
1672122137450 1.706265005206776 29728
1672122210872 1.701581607522087 29945
1672122284257 1.6993336499762806 30162
1672122357197 1.7005922657066834 30379
1672122430097 1.7007510358767741 30596
1672122503393 1.6963546879993348 30813
1672122576219 1.6987493503179016 31030
1672122649068 1.6990125140238117 31247
1672122722487 1.6989904807712517 31464
1672122795665 1.7003732567533265 31681
1672122869046 1.701237031737724 31898
1672122941891 1.6981465111487029 32115
1672123015521 1.696364125556416 32332
1672123088620 1.698519464848896 32549
