1672112069808 0.78125 49
1672112084251 0.75 99
1672112099029 0.875 149
1672112113447 0.875 199
1672112138559 0.8125 249
1672112153072 0.875 299
1672112167590 0.8125 349
1672112182187 0.75 399
1672112207339 0.875 449
1672112222020 0.84375 499
1672112236568 0.71875 549
1672112251415 0.71875 599
1672112265906 0.78125 649
1672112291133 0.75 699
1672112305682 0.75 749
1672112320239 0.65625 799
1672112334817 0.71875 849
1672112360385 0.75 899
1672112375010 0.75 949
1672112389808 0.84375 999
1672112404632 0.75 1049
1672112429599 0.71875 1099
1672112444197 0.875 1149
1672112458802 0.90625 1199
1672112473414 0.8125 1249
1672112488012 0.90625 1299
1672112513664 0.9375 1349
1672112528352 0.78125 1399
1672112543140 0.75 1449
1672112557751 0.8125 1499
1672112583006 0.84375 1549
1672112597603 0.71875 1599
1672112612169 0.84375 1649
1672112626760 0.6875 1699
1672112652559 0.71875 1749
1672112667128 0.78125 1799
1672112681686 0.875 1849
1672112696209 0.75 1899
1672112710800 0.875 1949
1672112736233 0.8125 1999
1672112750988 0.8125 2049
1672112765935 0.84375 2099
1672112780903 0.8125 2149
1672112806556 0.78125 2199
1672112821198 0.6875 2249
1672112835795 0.78125 2299
1672112850449 0.78125 2349
1672112875738 0.6875 2399
1672112890327 0.90625 2449
1672112904886 0.84375 2499
1672112919660 0.78125 2549
1672112934690 0.65625 2599
1672112959957 0.90625 2649
1672112974582 0.78125 2699
1672112989229 0.78125 2749
1672113003818 0.75 2799
1672113028992 0.75 2849
1672113043765 0.65625 2899
1672113058892 0.8125 2949
1672113073674 0.84375 2999
1672113099176 0.75 3049
1672113113834 0.8125 3099
1672113128583 0.8125 3149
1672113143271 0.84375 3199
1672113158108 0.8125 3249
1672113183565 0.75 3299
1672113198362 0.71875 3349
1672113213105 0.78125 3399
1672113227834 0.71875 3449
1672113253216 0.90625 3499
1672113267846 1.0 3549
1672113282516 0.71875 3599
1672113297241 0.875 3649
1672113322585 0.8125 3699
1672113337175 0.6875 3749
1672113352116 0.90625 3799
1672113366868 0.78125 3849
1672113381446 0.8125 3899
1672113406535 0.6875 3949
1672113421213 0.78125 3999
1672113435906 0.8125 4049
1672113450721 0.8125 4099
1672113476244 0.75 4149
1672113491178 0.78125 4199
1672113505978 0.8125 4249
1672113520582 0.78125 4299
1672113546109 0.875 4349
1672113560768 0.96875 4399
1672113575609 0.75 4449
1672113590219 0.78125 4499
1672113604987 0.78125 4549
1672113630654 0.8125 4599
1672113645378 0.875 4649
1672113660128 0.78125 4699
1672113674778 0.8125 4749
1672113700416 0.8125 4799
1672113715009 0.78125 4849
1672113729652 0.75 4899
1672113744335 0.75 4949
1672113770061 0.75 4999
1672113784665 0.84375 5049
1672113799377 0.78125 5099
1672113814121 0.875 5149
1672113828722 0.65625 5199
1672113854269 0.8125 5249
1672113868953 0.875 5299
1672113883578 0.8125 5349
1672113898353 0.6875 5399
1672113923679 0.65625 5449
1672113938321 0.875 5499
1672113952958 0.90625 5549
1672113967627 0.59375 5599
1672113993193 0.8125 5649
1672114007980 0.84375 5699
1672114022801 0.75 5749
1672114037517 0.84375 5799
1672114052321 0.8125 5849
1672114077726 0.84375 5899
1672114092482 0.90625 5949
1672114107179 0.78125 5999
1672114122119 0.78125 6049
1672114147674 0.6875 6099
1672114162367 0.6875 6149
1672114177224 0.75 6199
1672114191957 0.8125 6249
1672114217614 0.78125 6299
1672114232340 0.8125 6349
1672114246881 0.65625 6399
1672114261430 0.75 6449
1672114276370 0.8125 6499
1672114301903 0.9375 6549
1672114316685 0.9375 6599
1672114331263 0.75 6649
1672114346043 0.71875 6699
1672114371428 0.875 6749
1672114386016 0.8125 6799
1672114400648 0.8125 6849
1672114415555 0.90625 6899
1672114440987 0.875 6949
1672114455555 0.75 6999
1672114470199 0.75 7049
1672114485084 0.875 7099
1672114499862 0.90625 7149
1672114525365 0.78125 7199
1672114540022 0.78125 7249
1672114554701 0.875 7299
1672114569633 0.84375 7349
1672114594972 0.84375 7399
1672114609765 0.6875 7449
1672114624506 0.78125 7499
1672114639305 0.84375 7549
1672114664738 0.71875 7599
1672114679535 0.90625 7649
1672114694368 0.71875 7699
1672114708994 0.71875 7749
1672114723679 0.6875 7799
1672114749058 0.78125 7849
1672114763663 0.78125 7899
1672114778568 0.875 7949
1672114793163 0.75 7999
1672114818603 0.8125 8049
1672114833413 0.84375 8099
1672114848051 0.8125 8149
1672114862770 0.875 8199
1672114888317 0.75 8249
1672114902913 0.8125 8299
1672114917664 0.90625 8349
1672114932417 0.6875 8399
1672114946936 0.78125 8449
1672114972618 0.84375 8499
1672114987112 0.78125 8549
1672115001537 0.84375 8599
1672115015877 0.875 8649
1672115040600 0.8125 8699
1672115055309 0.84375 8749
1672115069788 0.71875 8799
1672115084100 0.9375 8849
1672115108953 0.8125 8899
1672115123298 0.78125 8949
1672115137644 0.75 8999
1672115151959 0.84375 9049
1672115166287 0.75 9099
1672115191470 0.9375 9149
1672115205937 0.875 9199
1672115220491 0.84375 9249
1672115234928 0.75 9299
1672115259943 0.84375 9349
1672115274377 0.875 9399
1672115288848 0.84375 9449
1672115303455 0.90625 9499
1672115328715 0.90625 9549
1672115343079 0.875 9599
1672115357587 0.71875 9649
1672115371906 0.90625 9699
1672115386203 0.875 9749
1672115411238 0.8125 9799
1672115425898 0.84375 9849
1672115440378 0.875 9899
1672115454785 0.84375 9949
1672115479996 0.84375 9999
1672115494382 0.75 10049
1672115508755 0.9375 10099
1672115523237 0.8125 10149
1672115547978 0.90625 10199
1672115562386 0.75 10249
1672115576828 0.78125 10299
1672115591412 0.8125 10349
1672115606182 0.8125 10399
1672115630830 0.875 10449
1672115645207 0.90625 10499
1672115659606 0.75 10549
1672115673992 0.75 10599
1672115699101 0.90625 10649
1672115713517 0.8125 10699
1672115728204 0.75 10749
1672115742703 0.75 10799
1672115756866 0.625 10849
1672115781935 0.78125 10899
1672115796264 0.8125 10949
1672115810666 0.78125 10999
1672115825010 0.71875 11049
1672115850144 0.84375 11099
1672115864716 0.65625 11149
1672115879267 0.8125 11199
1672115893767 0.8125 11249
1672115918602 0.84375 11299
1672115933009 0.75 11349
1672115947396 0.8125 11399
1672115961948 0.8125 11449
1672115976411 0.875 11499
1672116001405 0.84375 11549
1672116015764 0.9375 11599
1672116030139 0.8125 11649
1672116044568 0.875 11699
1672116069638 0.75 11749
1672116084098 0.84375 11799
1672116098799 0.90625 11849
1672116113226 0.75 11899
1672116138231 0.6875 11949
1672116152586 0.78125 11999
1672116166923 0.75 12049
1672116181409 0.875 12099
1672116195708 0.71875 12149
1672116220440 0.8125 12199
1672116234997 0.84375 12249
1672116249462 0.71875 12299
1672116263996 0.6875 12349
1672116288813 0.84375 12399
1672116303380 0.9375 12449
1672116317978 0.8125 12499
1672116332407 0.75 12549
1672116357242 0.84375 12599
1672116372019 0.84375 12649
1672116386376 0.90625 12699
1672116400850 0.875 12749
1672116415258 0.90625 12799
1672116440183 0.90625 12849
1672116454675 0.875 12899
1672116469049 0.84375 12949
1672116483539 0.78125 12999
1672116508305 0.875 13049
1672116522707 0.78125 13099
1672116537074 0.75 13149
1672116551621 0.90625 13199
1672116576560 0.90625 13249
1672116590935 0.78125 13299
1672116605388 0.8125 13349
1672116619870 0.6875 13399
1672116634260 0.65625 13449
1672116659440 0.84375 13499
1672116673913 0.84375 13549
1672116688299 0.875 13599
1672116702998 0.78125 13649
1672116728007 0.8125 13699
1672116742406 0.78125 13749
1672116756777 0.84375 13799
1672116771160 0.8125 13849
1672116796134 0.90625 13899
1672116810483 0.78125 13949
1672116824772 0.71875 13999
1672116839074 0.6875 14049
1672116853639 0.75 14099
1672116878504 0.875 14149
1672116893061 0.875 14199
1672116907467 0.6875 14249
1672116921889 0.75 14299
1672116946657 0.71875 14349
1672116961073 0.90625 14399
1672116975751 0.875 14449
1672116990202 0.8125 14499
1672117014803 0.6875 14549
1672117029101 0.875 14599
1672117043574 0.6875 14649
1672117057921 0.84375 14699
1672117072368 0.90625 14749
1672117097429 0.8125 14799
1672117111989 0.8125 14849
1672117126512 0.71875 14899
1672117141048 0.8125 14949
1672117166148 0.875 14999
1672117180746 0.84375 15049
1672117195107 0.71875 15099
1672117209618 0.90625 15149
1672117234202 0.65625 15199
1672117248566 0.6875 15249
1672117262993 0.6875 15299
1672117277500 0.8125 15349
1672117291891 0.71875 15399
1672117316828 0.71875 15449
1672117331349 0.8125 15499
1672117345712 0.90625 15549
1672117360053 0.875 15599
1672117384984 0.6875 15649
1672117399498 0.84375 15699
1672117413863 0.8125 15749
1672117428442 0.84375 15799
1672117453418 0.90625 15849
1672117467739 0.8125 15899
1672117482052 0.8125 15949
1672117496400 0.78125 15999
1672117510920 0.75 16049
1672117535679 0.875 16099
1672117550059 0.875 16149
1672117564596 0.875 16199
1672117579251 0.78125 16249
1672117604244 0.78125 16299
1672117618670 0.78125 16349
1672117633073 0.84375 16399
1672117647543 0.8125 16449
1672117672855 0.8125 16499
1672117687232 0.90625 16549
1672117701603 0.8125 16599
1672117716110 0.875 16649
1672117730467 0.6875 16699
1672117755145 0.84375 16749
1672117769510 0.90625 16799
1672117784025 0.84375 16849
1672117798529 0.875 16899
1672117823343 0.90625 16949
1672117837637 0.84375 16999
1672117852078 0.71875 17049
1672117866535 0.875 17099
1672117891255 0.8125 17149
1672117905614 0.78125 17199
1672117920115 0.875 17249
1672117934651 0.8125 17299
1672117949089 0.8125 17349
1672117973830 0.78125 17399
1672117988398 0.84375 17449
1672118002932 0.78125 17499
1672118017468 0.9375 17549
1672118042229 0.96875 17599
1672118056791 0.75 17649
1672118071155 0.90625 17699
1672118085527 0.8125 17749
1672118110406 0.90625 17799
1672118124784 0.875 17849
1672118139219 0.90625 17899
1672118153695 0.8125 17949
1672118167987 0.8125 17999
1672118192751 0.8125 18049
1672118207075 0.84375 18099
1672118221432 0.875 18149
1672118235891 0.875 18199
1672118260389 0.8125 18249
1672118274973 0.78125 18299
1672118289544 0.875 18349
1672118303942 0.8125 18399
1672118328896 0.78125 18449
1672118343409 0.875 18499
1672118357731 0.875 18549
1672118372057 0.71875 18599
1672118386337 0.8125 18649
1672118411582 0.71875 18699
1672118425938 0.84375 18749
1672118440286 0.875 18799
1672118454618 0.84375 18849
1672118479508 0.96875 18899
1672118494031 0.84375 18949
1672118508887 0.84375 18999
1672118523293 0.59375 19049
1672118547661 0.8125 19099
1672118562036 0.8125 19149
1672118576386 0.75 19199
1672118590754 0.90625 19249
1672118605161 0.75 19299
1672118630138 0.8125 19349
1672118644726 0.84375 19399
1672118659150 0.9375 19449
1672118673750 0.8125 19499
1672118698692 0.71875 19549
1672118713071 0.90625 19599
1672118727448 0.84375 19649
1672118741795 0.75 19699
1672118766637 0.78125 19749
1672118780927 0.875 19799
1672118795517 0.875 19849
1672118809990 0.8125 19899
1672118824314 0.875 19949
1672118848937 0.84375 19999
1672118863295 0.78125 20049
1672118877647 0.9375 20099
1672118892126 0.71875 20149
1672118916958 0.8125 20199
1672118931492 0.75 20249
1672118946028 0.875 20299
1672118960445 0.9375 20349
1672118985231 0.8125 20399
1672118999608 0.84375 20449
1672119014021 0.6875 20499
1672119028723 0.84375 20549
1672119043112 0.78125 20599
1672119067990 0.8125 20649
1672119082481 0.65625 20699
1672119097164 0.78125 20749
1672119111770 0.75 20799
1672119136719 0.71875 20849
1672119151069 0.75 20899
1672119165587 0.78125 20949
1672119180140 0.8125 20999
1672119204783 0.90625 21049
1672119219375 0.78125 21099
1672119233950 0.78125 21149
1672119248342 0.78125 21199
1672119262907 0.84375 21249
1672119287614 0.8125 21299
1672119302007 0.84375 21349
1672119316579 0.65625 21399
1672119331144 0.75 21449
1672119356202 0.6875 21499
1672119370765 0.875 21549
1672119385356 0.71875 21599
1672119399870 0.9375 21649
1672119414161 1.0 21699
1672119439494 0.84375 21749
1672119453930 0.8125 21799
1672119468412 0.90625 21849
1672119482924 0.71875 21899
1672119508037 0.84375 21949
1672119522526 0.8125 21999
1672119536990 0.78125 22049
1672119551621 0.8125 22099
1672119576419 0.84375 22149
1672119590797 0.875 22199
1672119605309 0.9375 22249
1672119619869 0.78125 22299
1672119634212 0.75 22349
1672119658950 0.78125 22399
1672119673308 0.90625 22449
1672119687819 0.78125 22499
1672119702175 0.84375 22549
1672119726791 0.78125 22599
1672119741215 0.90625 22649
1672119755756 0.8125 22699
1672119770315 0.8125 22749
1672119795095 0.84375 22799
1672119809584 0.71875 22849
1672119824073 0.75 22899
1672119838470 0.71875 22949
1672119852862 0.875 22999
1672119878075 0.84375 23049
1672119892499 0.78125 23099
1672119906886 0.8125 23149
1672119921295 0.90625 23199
1672119946413 0.84375 23249
1672119960983 0.625 23299
1672119975437 0.78125 23349
1672119989837 0.90625 23399
1672120015127 0.8125 23449
1672120029633 0.8125 23499
1672120044060 0.65625 23549
1672120058569 0.75 23599
1672120072936 0.8125 23649
1672120098054 0.875 23699
1672120112653 0.875 23749
1672120127117 0.75 23799
1672120141548 0.84375 23849
1672120166792 0.9375 23899
1672120181328 0.875 23949
1672120195700 0.875 23999
1672120210082 0.875 24049
1672120235360 0.875 24099
1672120249731 0.90625 24149
1672120264242 0.78125 24199
1672120278598 0.9375 24249
1672120293496 0.875 24299
1672120318306 0.875 24349
1672120332803 0.875 24399
1672120347335 0.8125 24449
1672120361799 0.78125 24499
1672120386776 0.8125 24549
1672120401465 0.9375 24599
1672120415807 0.75 24649
1672120430142 0.78125 24699
1672120454787 0.8125 24749
1672120469199 0.90625 24799
1672120483579 0.8125 24849
1672120497972 0.78125 24899
1672120512552 0.90625 24949
1672120537611 0.8125 24999
1672120552311 0.96875 25049
1672120566703 0.78125 25099
1672120581111 0.6875 25149
1672120605847 0.625 25199
1672120620168 0.875 25249
1672120634664 0.84375 25299
1672120649130 0.84375 25349
1672120674274 0.875 25399
1672120688888 0.75 25449
1672120703354 0.84375 25499
1672120717779 0.875 25549
1672120732229 0.875 25599
1672120757141 0.96875 25649
1672120771680 0.90625 25699
1672120786294 0.84375 25749
1672120800840 0.84375 25799
1672120826298 0.84375 25849
1672120840658 0.78125 25899
1672120855065 0.71875 25949
1672120869475 0.90625 25999
1672120894398 0.8125 26049
1672120908834 0.78125 26099
1672120923573 0.84375 26149
1672120938172 0.8125 26199
1672120952585 0.8125 26249
1672120977711 0.75 26299
1672120992277 0.90625 26349
1672121006725 0.71875 26399
1672121021125 0.875 26449
1672121046036 0.8125 26499
1672121060704 0.90625 26549
1672121075298 0.8125 26599
1672121089960 0.78125 26649
1672121115208 0.75 26699
1672121129603 0.90625 26749
1672121144054 0.8125 26799
1672121158455 0.84375 26849
1672121173024 0.8125 26899
1672121197986 0.75 26949
1672121212658 0.84375 26999
1672121227077 0.71875 27049
1672121241496 0.90625 27099
1672121266321 0.90625 27149
1672121280679 0.84375 27199
1672121295137 0.84375 27249
1672121309631 0.75 27299
1672121334515 0.90625 27349
1672121349385 0.90625 27399
1672121363794 0.8125 27449
1672121378204 0.90625 27499
1672121392677 0.75 27549
1672121417659 0.8125 27599
1672121432249 0.8125 27649
1672121446850 0.8125 27699
1672121461284 0.71875 27749
1672121485996 0.8125 27799
1672121500491 0.8125 27849
1672121515034 0.84375 27899
1672121529472 0.75 27949
1672121554398 0.90625 27999
1672121568769 0.75 28049
1672121583214 0.875 28099
1672121597776 0.96875 28149
1672121612144 0.84375 28199
1672121637025 0.8125 28249
1672121651538 0.8125 28299
1672121665902 0.875 28349
1672121680359 0.875 28399
1672121705498 0.875 28449
1672121719879 0.9375 28499
1672121734224 0.8125 28549
1672121748725 0.8125 28599
1672121773585 0.9375 28649
1672121788259 0.90625 28699
1672121802648 0.78125 28749
1672121817226 0.78125 28799
1672121831611 0.8125 28849
1672121856486 0.84375 28899
1672121870921 0.875 28949
1672121885486 0.875 28999
1672121900238 0.875 29049
1672121925086 0.84375 29099
1672121939407 0.8125 29149
1672121953733 0.75 29199
1672121968180 0.75 29249
1672121993020 0.875 29299
1672122007562 0.78125 29349
1672122022016 0.90625 29399
1672122036311 0.84375 29449
1672122050756 0.8125 29499
1672122075841 0.78125 29549
1672122090186 0.84375 29599
1672122104548 0.8125 29649
1672122119079 0.875 29699
1672122144126 0.78125 29749
1672122158563 0.75 29799
1672122172985 0.875 29849
1672122187554 0.78125 29899
1672122212744 0.84375 29949
1672122227194 0.8125 29999
1672122241772 0.9375 30049
1672122256228 0.875 30099
1672122270802 0.75 30149
1672122295506 0.625 30199
1672122309933 0.78125 30249
1672122324535 0.90625 30299
1672122338888 0.78125 30349
1672122363677 0.875 30399
1672122378030 0.875 30449
1672122392532 0.75 30499
1672122406999 0.8125 30549
1672122431614 0.8125 30599
1672122446000 0.75 30649
1672122460658 0.9375 30699
1672122475041 0.8125 30749
1672122489446 0.84375 30799
1672122514384 0.78125 30849
1672122528731 0.71875 30899
1672122543275 0.8125 30949
1672122557630 0.875 30999
1672122582337 0.90625 31049
1672122596887 0.96875 31099
1672122611369 0.75 31149
1672122625697 0.65625 31199
1672122650306 0.96875 31249
1672122664805 0.84375 31299
1672122679202 0.8125 31349
1672122693719 0.75 31399
1672122708233 0.6875 31449
1672122733360 0.75 31499
1672122747738 0.71875 31549
1672122762091 0.8125 31599
1672122776465 0.90625 31649
1672122801532 1.0 31699
1672122815945 0.71875 31749
1672122830393 0.875 31799
1672122845074 0.78125 31849
1672122870059 0.84375 31899
1672122884447 0.71875 31949
1672122898841 0.9375 31999
1672122913396 0.84375 32049
1672122927777 0.8125 32099
1672122952385 0.75 32149
1672122966896 0.8125 32199
1672122981638 0.90625 32249
1672122996105 0.90625 32299
1672123021101 0.84375 32349
1672123035632 0.8125 32399
1672123050046 0.78125 32449
1672123064478 0.78125 32499
1672123078708 0.875 32549
