1672112069808 0.6666666865348816 49
1672112084251 0.4583333432674408 99
1672112099029 0.512499988079071 149
1672112113447 0.6875 199
1672112138559 0.7083333134651184 249
1672112153072 0.5416666865348816 299
1672112167590 0.7500000596046448 349
1672112182187 0.5666667222976685 399
1672112207339 0.6499999761581421 449
1672112222020 0.7291666865348816 499
1672112236568 0.5083333253860474 549
1672112251415 0.4375 599
1672112265906 0.5416666865348816 649
1672112291133 0.5625 699
1672112305682 0.7249999642372131 749
1672112320239 0.5625 799
1672112334817 0.375 849
1672112360385 0.5833333730697632 899
1672112375010 0.574999988079071 949
1672112389808 0.5416666865348816 999
1672112404632 0.625 1049
1672112429599 0.6458333134651184 1099
1672112444197 0.625 1149
1672112458802 0.6875 1199
1672112473414 0.5625 1249
1672112488012 0.625 1299
1672112513664 0.9375 1349
1672112528352 0.8541666865348816 1399
1672112543140 0.5249999761581421 1449
1672112557751 0.6458333134651184 1499
1672112583006 0.6875000596046448 1549
1672112597603 0.550000011920929 1599
1672112612169 0.7291666865348816 1649
1672112626760 0.3125 1699
1672112652559 0.5446428656578064 1749
1672112667128 0.5833333730697632 1799
1672112681686 0.7333333492279053 1849
1672112696209 0.6946429014205933 1899
1672112710800 0.7916666865348816 1949
1672112736233 0.6666666865348816 1999
1672112750988 0.6875 2049
1672112765935 0.6666666865348816 2099
1672112780903 0.612500011920929 2149
1672112806556 0.7708333730697632 2199
1672112821198 0.5583333373069763 2249
1672112835795 0.4375 2299
1672112850449 0.6083333492279053 2349
1672112875738 0.512499988079071 2399
1672112890327 0.875 2449
1672112904886 0.7916666865348816 2499
1672112919660 0.6041666865348816 2549
1672112934690 0.38333332538604736 2599
1672112959957 0.4166666865348816 2649
1672112974582 0.4333333373069763 2699
1672112989229 0.6041666269302368 2749
1672113003818 0.6000000238418579 2799
1672113028992 0.574999988079071 2849
1672113043765 0.2708333432674408 2899
1672113058892 0.5166666507720947 2949
1672113073674 0.6875 2999
1672113099176 0.6541666984558105 3049
1672113113834 0.5208333730697632 3099
1672113128583 0.6083333492279053 3149
1672113143271 0.6499999761581421 3199
1672113158108 0.6666666865348816 3249
1672113183565 0.625 3299
1672113198362 0.5583333373069763 3349
1672113213105 0.4833333492279053 3399
1672113227834 0.4166666865348816 3449
1672113253216 0.8541666865348816 3499
1672113267846 1.0 3549
1672113282516 0.5874999761581421 3599
1672113297241 0.875 3649
1672113322585 0.1666666716337204 3699
1672113337175 0.6708333492279053 3749
1672113352116 0.8125 3799
1672113366868 0.45000001788139343 3849
1672113381446 0.6250000596046448 3899
1672113406535 0.5416666865348816 3949
1672113421213 0.7166666984558105 3999
1672113435906 0.5625 4049
1672113450721 0.4583333432674408 4099
1672113476244 0.49166667461395264 4149
1672113491178 0.625 4199
1672113505978 0.6428571343421936 4249
1672113520582 0.6904761791229248 4299
1672113546109 0.6250000596046448 4349
1672113560768 1.0 4399
1672113575609 0.4541666507720947 4449
1672113590219 0.6000000238418579 4499
1672113604987 0.5625 4549
1672113630654 0.625 4599
1672113645378 0.699999988079071 4649
1672113660128 0.6041666865348816 4699
1672113674778 0.375 4749
1672113700416 0.5 4799
1672113715009 0.6166666746139526 4849
1672113729652 0.5333333611488342 4899
1672113744335 0.6875 4949
1672113770061 0.6458333134651184 4999
1672113784665 0.4791666865348816 5049
1672113799377 0.4791666865348816 5099
1672113814121 0.7916666865348816 5149
1672113828722 0.5285714268684387 5199
1672113854269 0.625 5249
1672113868953 0.8333333730697632 5299
1672113883578 0.7083333134651184 5349
1672113898353 0.5208333134651184 5399
1672113923679 0.3916666805744171 5449
1672113938321 0.875 5499
1672113952958 0.8166666626930237 5549
1672113967627 0.4958333373069763 5599
1672113993193 0.5 5649
1672114007980 0.625 5699
1672114022801 0.5291666388511658 5749
1672114037517 0.8166667222976685 5799
1672114052321 0.6666666865348816 5849
1672114077726 0.8166667222976685 5899
1672114092482 0.75 5949
1672114107179 0.75 5999
1672114122119 0.4375 6049
1672114147674 0.28333333134651184 6099
1672114162367 0.4375 6149
1672114177224 0.2916666865348816 6199
1672114191957 0.637499988079071 6249
1672114217614 0.7875000238418579 6299
1672114232340 0.5625 6349
1672114246881 0.5333333015441895 6399
1672114261430 0.3958333432674408 6449
1672114276370 0.75 6499
1672114301903 0.9166666865348816 6549
1672114316685 0.875 6599
1672114331263 0.5249999761581421 6649
1672114346043 0.5375000238418579 6699
1672114371428 0.8166666626930237 6749
1672114386016 0.6499999761581421 6799
1672114400648 0.5625 6849
1672114415555 0.949999988079071 6899
1672114440987 0.75 6949
1672114455555 0.3791666626930237 6999
1672114470199 0.6666666865348816 7049
1672114485084 0.5 7099
1672114499862 0.8125 7149
1672114525365 0.7083333730697632 7199
1672114540022 0.6000000238418579 7249
1672114554701 0.625 7299
1672114569633 0.7875000238418579 7349
1672114594972 0.6666666865348816 7399
1672114609765 0.5999999642372131 7449
1672114624506 0.3166666626930237 7499
1672114639305 0.5833333134651184 7549
1672114664738 0.5833333730697632 7599
1672114679535 0.75 7649
1672114694368 0.612500011920929 7699
1672114708994 0.22499999403953552 7749
1672114723679 0.4749999940395355 7799
1672114749058 0.3750000298023224 7849
1672114763663 0.8374999761581421 7899
1672114778568 0.4625000059604645 7949
1672114793163 0.6000000238418579 7999
1672114818603 0.6875 8049
1672114833413 0.5416666865348816 8099
1672114848051 0.8374999761581421 8149
1672114862770 0.875 8199
1672114888317 0.4583333432674408 8249
1672114902913 0.7083333134651184 8299
1672114917664 0.7916666865348816 8349
1672114932417 0.3958333432674408 8399
1672114946936 0.46190476417541504 8449
1672114972618 0.5833333730697632 8499
1672114987112 0.5666666626930237 8549
1672115001537 0.574999988079071 8599
1672115015877 0.7249999642372131 8649
1672115040600 0.7250000238418579 8699
1672115055309 0.10000000149011612 8749
1672115069788 0.5 8799
1672115084100 0.875 8849
1672115108953 0.6916666626930237 8899
1672115123298 0.4375 8949
1672115137644 0.2666666805744171 8999
1672115151959 0.7333333492279053 9049
1672115166287 0.6041666865348816 9099
1672115191470 0.9166666865348816 9149
1672115205937 0.875 9199
1672115220491 0.7541667222976685 9249
1672115234928 0.38749998807907104 9299
1672115259943 0.824999988079071 9349
1672115274377 0.6875 9399
1672115288848 0.8541666865348816 9449
1672115303455 0.9375 9499
1672115328715 0.7916666865348816 9549
1672115343079 0.625 9599
1672115357587 0.5375000238418579 9649
1672115371906 0.5833333730697632 9699
1672115386203 0.5416666865348816 9749
1672115411238 0.5416666865348816 9799
1672115425898 0.6583333015441895 9849
1672115440378 0.887499988079071 9899
1672115454785 0.6875 9949
1672115479996 0.7083333730697632 9999
1672115494382 0.625 10049
1672115508755 0.9166666865348816 10099
1672115523237 0.6666666865348816 10149
1672115547978 0.7708333730697632 10199
1672115562386 0.6666666865348816 10249
1672115576828 0.4833333492279053 10299
1672115591412 0.6041666865348816 10349
1672115606182 0.4166666865348816 10399
1672115630830 0.8541666865348816 10449
1672115645207 0.824999988079071 10499
1672115659606 0.5 10549
1672115673992 0.5625 10599
1672115699101 0.8125 10649
1672115713517 0.6619048118591309 10699
1672115728204 0.5666666626930237 10749
1672115742703 0.625 10799
1672115756866 0.5 10849
1672115781935 0.4583333730697632 10899
1672115796264 0.7749999761581421 10949
1672115810666 0.4166666865348816 10999
1672115825010 0.6708332896232605 11049
1672115850144 0.625 11099
1672115864716 0.42500001192092896 11149
1672115879267 0.6499999761581421 11199
1672115893767 0.6708332896232605 11249
1672115918602 0.7291666865348816 11299
1672115933009 0.5416666865348816 11349
1672115947396 0.5833333730697632 11399
1672115961948 0.6625000238418579 11449
1672115976411 0.7291666865348816 11499
1672116001405 0.75 11549
1672116015764 0.75 11599
1672116030139 0.4791666865348816 11649
1672116044568 0.7916666865348816 11699
1672116069638 0.5833333134651184 11749
1672116084098 0.4166666865348816 11799
1672116098799 0.6875 11849
1672116113226 0.6083333492279053 11899
1672116138231 0.5791666507720947 11949
1672116152586 0.6000000238418579 11999
1672116166923 0.6916667222976685 12049
1672116181409 0.7291666865348816 12099
1672116195708 0.574999988079071 12149
1672116220440 0.6583333015441895 12199
1672116234997 0.5541666746139526 12249
1672116249462 0.6499999761581421 12299
1672116263996 0.375 12349
1672116288813 0.7678571343421936 12399
1672116303380 0.8333333730697632 12449
1672116317978 0.625 12499
1672116332407 0.4583333432674408 12549
1672116357242 0.6875 12599
1672116372019 0.6666666865348816 12649
1672116386376 0.75 12699
1672116400850 0.7916666865348816 12749
1672116415258 0.75 12799
1672116440183 0.8500000238418579 12849
1672116454675 0.6875 12899
1672116469049 0.5 12949
1672116483539 0.375 12999
1672116508305 0.7916666865348816 13049
1672116522707 0.699999988079071 13099
1672116537074 0.6666666865348816 13149
1672116551621 0.8125 13199
1672116576560 0.7916666865348816 13249
1672116590935 0.4333333373069763 13299
1672116605388 0.6875 13349
1672116619870 0.4958333373069763 13399
1672116634260 0.25 13449
1672116659440 0.7678571343421936 13499
1672116673913 0.7749999761581421 13549
1672116688299 0.8125 13599
1672116702998 0.6916667222976685 13649
1672116728007 0.5833333730697632 13699
1672116742406 0.5874999761581421 13749
1672116756777 0.6666666865348816 13799
1672116771160 0.762499988079071 13849
1672116796134 0.9166666865348816 13899
1672116810483 0.4833333492279053 13949
1672116824772 0.6666666269302368 13999
1672116839074 0.4208333492279053 14049
1672116853639 0.3708333373069763 14099
1672116878504 0.5041667222976685 14149
1672116893061 0.6000000238418579 14199
1672116907467 0.5 14249
1672116921889 0.625 14299
1672116946657 0.625 14349
1672116961073 0.8374999761581421 14399
1672116975751 0.6499999761581421 14449
1672116990202 0.6499999761581421 14499
1672117014803 0.36250001192092896 14549
1672117029101 0.9375 14599
1672117043574 0.512499988079071 14649
1672117057921 0.6666666865348816 14699
1672117072368 1.0 14749
1672117097429 0.7749999761581421 14799
1672117111989 0.7083333730697632 14849
1672117126512 0.5416666865348816 14899
1672117141048 0.6041666865348816 14949
1672117166148 0.5 14999
1672117180746 0.6666666865348816 15049
1672117195107 0.5625 15099
1672117209618 0.699999988079071 15149
1672117234202 0.3916666507720947 15199
1672117248566 0.4375 15249
1672117262993 0.4375 15299
1672117277500 0.6166666746139526 15349
1672117291891 0.550000011920929 15399
1672117316828 0.3958333432674408 15449
1672117331349 0.7708333730697632 15499
1672117345712 0.875 15549
1672117360053 0.762499988079071 15599
1672117384984 0.5 15649
1672117399498 0.7833333611488342 15699
1672117413863 0.7416666746139526 15749
1672117428442 0.7916666865348816 15799
1672117453418 0.5416666865348816 15849
1672117467739 0.625 15899
1672117482052 0.4333333373069763 15949
1672117496400 0.4333333373069763 15999
1672117510920 0.5714285373687744 16049
1672117535679 0.625 16099
1672117550059 0.4166666865348816 16149
1672117564596 0.75 16199
1672117579251 0.40833333134651184 16249
1672117604244 0.5 16299
1672117618670 0.3333333432674408 16349
1672117633073 0.75 16399
1672117647543 0.5809524059295654 16449
1672117672855 0.6666666865348816 16499
1672117687232 0.625 16549
1672117701603 0.875 16599
1672117716110 0.7083333730697632 16649
1672117730467 0.2916666865348816 16699
1672117755145 0.512499988079071 16749
1672117769510 0.5 16799
1672117784025 0.7875000238418579 16849
1672117798529 0.7333333492279053 16899
1672117823343 0.949999988079071 16949
1672117837637 0.5416666865348816 16999
1672117852078 0.5583333373069763 17049
1672117866535 0.9166666865348816 17099
1672117891255 0.7333333492279053 17149
1672117905614 0.3499999940395355 17199
1672117920115 0.6875 17249
1672117934651 0.5625 17299
1672117949089 0.5416666865348816 17349
1672117973830 0.5625 17399
1672117988398 0.7708333730697632 17449
1672118002932 0.7333333492279053 17499
1672118017468 0.6666666865348816 17549
1672118042229 1.0 17599
1672118056791 0.574999988079071 17649
1672118071155 0.9166666865348816 17699
1672118085527 0.8125 17749
1672118110406 0.824999988079071 17799
1672118124784 0.8374999761581421 17849
1672118139219 0.8125 17899
1672118153695 0.4583333432674408 17949
1672118167987 0.5 17999
1672118192751 0.5833333134651184 18049
1672118207075 0.9375 18099
1672118221432 0.8333333730697632 18149
1672118235891 0.8041666746139526 18199
1672118260389 0.5833333134651184 18249
1672118274973 0.7708333134651184 18299
1672118289544 0.5 18349
1672118303942 0.4375 18399
1672118328896 0.5416666865348816 18449
1672118343409 0.8333333730697632 18499
1672118357731 0.6666666865348816 18549
1672118372057 0.5833333730697632 18599
1672118386337 0.637499988079071 18649
1672118411582 0.5666666626930237 18699
1672118425938 0.7083333134651184 18749
1672118440286 0.8333333730697632 18799
1672118454618 0.8041666746139526 18849
1672118479508 1.0 18899
1672118494031 0.574999988079071 18949
1672118508887 0.9017857313156128 18999
1672118523293 0.3928571343421936 19049
1672118547661 0.4583333730697632 19099
1672118562036 0.6875 19149
1672118576386 0.512499988079071 19199
1672118590754 0.8999999761581421 19249
1672118605161 0.3958333432674408 19299
1672118630138 0.7875000238418579 19349
1672118644726 0.6625000238418579 19399
1672118659150 0.949999988079071 19449
1672118673750 0.7333333492279053 19499
1672118698692 0.6166666746139526 19549
1672118713071 0.887499988079071 19599
1672118727448 0.625 19649
1672118741795 0.4791666865348816 19699
1672118766637 0.6499999761581421 19749
1672118780927 0.9375 19799
1672118795517 0.699999988079071 19849
1672118809990 0.7708333730697632 19899
1672118824314 0.7083333134651184 19949
1672118848937 0.8166666626930237 19999
1672118863295 0.7708333730697632 20049
1672118877647 0.875 20099
1672118892126 0.40000003576278687 20149
1672118916958 0.6875 20199
1672118931492 0.5833333730697632 20249
1672118946028 0.8333333134651184 20299
1672118960445 0.875 20349
1672118985231 0.8333333730697632 20399
1672118999608 0.7083333730697632 20449
1672119014021 0.4791666865348816 20499
1672119028723 0.4833333194255829 20549
1672119043112 0.5 20599
1672119067990 0.7083333730697632 20649
1672119082481 0.5458333492279053 20699
1672119097164 0.4166666865348816 20749
1672119111770 0.5625 20799
1672119136719 0.44999998807907104 20849
1672119151069 0.5416666865348816 20899
1672119165587 0.7291666865348816 20949
1672119180140 0.7458333373069763 20999
1672119204783 0.8541666865348816 21049
1672119219375 0.8125 21099
1672119233950 0.8125 21149
1672119248342 0.5833333730697632 21199
1672119262907 0.6666666865348816 21249
1672119287614 0.7749999761581421 21299
1672119302007 0.550000011920929 21349
1672119316579 0.4166666865348816 21399
1672119331144 0.4791666865348816 21449
1672119356202 0.5375000238418579 21499
1672119370765 0.5249999761581421 21549
1672119385356 0.5416666865348816 21599
1672119399870 0.875 21649
1672119414161 0.0 21699
1672119439494 0.6458333730697632 21749
1672119453930 0.6041666865348816 21799
1672119468412 0.875 21849
1672119482924 0.6000000238418579 21899
1672119508037 0.6666666865348816 21949
1672119522526 0.4333333373069763 21999
1672119536990 0.6041666865348816 22049
1672119551621 0.7083333730697632 22099
1672119576419 0.7083333730697632 22149
1672119590797 0.5 22199
1672119605309 0.625 22249
1672119619869 0.5 22299
1672119634212 0.4166666865348816 22349
1672119658950 0.7916666865348816 22399
1672119673308 0.8125 22449
1672119687819 0.46666666865348816 22499
1672119702175 0.824999988079071 22549
1672119726791 0.6666666865348816 22599
1672119741215 0.6666666865348816 22649
1672119755756 0.625 22699
1672119770315 0.46666669845581055 22749
1672119795095 0.75 22799
1672119809584 0.4833333492279053 22849
1672119824073 0.4583333432674408 22899
1672119838470 0.5166666507720947 22949
1672119852862 0.875 22999
1672119878075 0.6583333611488342 23049
1672119892499 0.6000000238418579 23099
1672119906886 0.5833333730697632 23149
1672119921295 0.6875 23199
1672119946413 0.637499988079071 23249
1672119960983 0.125 23299
1672119975437 0.6000000238418579 23349
1672119989837 0.5833333730697632 23399
1672120015127 0.4583333432674408 23449
1672120029633 0.8333333134651184 23499
1672120044060 0.5416666865348816 23549
1672120058569 0.6041666865348816 23599
1672120072936 0.6666666865348816 23649
1672120098054 0.8500000238418579 23699
1672120112653 0.7416666746139526 23749
1672120127117 0.574999988079071 23799
1672120141548 0.8541666865348816 23849
1672120166792 0.887499988079071 23899
1672120181328 0.75 23949
1672120195700 0.7291666865348816 23999
1672120210082 1.0 24049
1672120235360 0.7749999761581421 24099
1672120249731 1.0 24149
1672120264242 0.5416666865348816 24199
1672120278598 0.8333333730697632 24249
1672120293496 0.7083333730697632 24299
1672120318306 0.6041666865348816 24349
1672120332803 0.8333333730697632 24399
1672120347335 0.4166666865348816 24449
1672120361799 0.75 24499
1672120386776 0.625 24549
1672120401465 0.625 24599
1672120415807 0.4375 24649
1672120430142 0.6041666865348816 24699
1672120454787 0.6666666865348816 24749
1672120469199 0.375 24799
1672120483579 0.5333333611488342 24849
1672120497972 0.625 24899
1672120512552 0.7749999761581421 24949
1672120537611 0.6208333373069763 24999
1672120552311 0.6875 25049
1672120566703 0.7303571701049805 25099
1672120581111 0.3125 25149
1672120605847 0.4791666865348816 25199
1672120620168 0.625 25249
1672120634664 0.7083333730697632 25299
1672120649130 0.7749999761581421 25349
1672120674274 0.6875000596046448 25399
1672120688888 0.7124999761581421 25449
1672120703354 0.875 25499
1672120717779 0.5833333134651184 25549
1672120732229 0.625 25599
1672120757141 0.9375 25649
1672120771680 0.8333333134651184 25699
1672120786294 0.5833333730697632 25749
1672120800840 0.4166666865348816 25799
1672120826298 0.625 25849
1672120840658 0.7916666865348816 25899
1672120855065 0.4583333432674408 25949
1672120869475 0.8125 25999
1672120894398 0.7124999761581421 26049
1672120908834 0.4166666865348816 26099
1672120923573 0.5 26149
1672120938172 0.4375 26199
1672120952585 0.5 26249
1672120977711 0.625 26299
1672120992277 0.9166666865348816 26349
1672121006725 0.5500000715255737 26399
1672121021125 0.6875 26449
1672121046036 0.4375 26499
1672121060704 0.7916666865348816 26549
1672121075298 0.5625 26599
1672121089960 0.5833333730697632 26649
1672121115208 0.6041666865348816 26699
1672121129603 0.875 26749
1672121144054 0.574999988079071 26799
1672121158455 0.6875 26849
1672121173024 0.6708332896232605 26899
1672121197986 0.6666666865348816 26949
1672121212658 0.4000000059604645 26999
1672121227077 0.4375 27049
1672121241496 0.75 27099
1672121266321 0.8999999761581421 27149
1672121280679 0.5833333730697632 27199
1672121295137 0.4375 27249
1672121309631 0.5625 27299
1672121334515 0.824999988079071 27349
1672121349385 0.7749999761581421 27399
1672121363794 0.675000011920929 27449
1672121378204 0.7916666865348816 27499
1672121392677 0.7250000238418579 27549
1672121417659 0.5833333730697632 27599
1672121432249 0.5249999761581421 27649
1672121446850 0.6083333492279053 27699
1672121461284 0.3541666865348816 27749
1672121485996 0.7291666865348816 27799
1672121500491 0.5416666865348816 27849
1672121515034 0.75 27899
1672121529472 0.4333333373069763 27949
1672121554398 0.5833333730697632 27999
1672121568769 0.6904762387275696 28049
1672121583214 0.7083333134651184 28099
1672121597776 1.0 28149
1672121612144 0.6666666865348816 28199
1672121637025 0.5625 28249
1672121651538 0.375 28299
1672121665902 0.7916666865348816 28349
1672121680359 0.7749999761581421 28399
1672121705498 0.8666666746139526 28449
1672121719879 0.8125 28499
1672121734224 0.5416666865348816 28549
1672121748725 0.699999988079071 28599
1672121773585 0.8999999761581421 28649
1672121788259 0.7416666746139526 28699
1672121802648 0.6000000238418579 28749
1672121817226 0.3125 28799
1672121831611 0.6875 28849
1672121856486 0.6875 28899
1672121870921 0.8333333730697632 28949
1672121885486 0.75 28999
1672121900238 0.9375 29049
1672121925086 0.25 29099
1672121939407 0.4749999940395355 29149
1672121953733 0.5416666865348816 29199
1672121968180 0.699999988079071 29249
1672121993020 0.6458333134651184 29299
1672122007562 0.574999988079071 29349
1672122022016 0.9166666865348816 29399
1672122036311 0.699999988079071 29449
1672122050756 0.5 29499
1672122075841 0.7250000238418579 29549
1672122090186 0.7291666865348816 29599
1672122104548 0.8374999761581421 29649
1672122119079 0.5874999761581421 29699
1672122144126 0.5208333134651184 29749
1672122158563 0.3125 29799
1672122172985 0.8333333134651184 29849
1672122187554 0.6041666865348816 29899
1672122212744 0.7083333134651184 29949
1672122227194 0.7166666984558105 29999
1672122241772 0.887499988079071 30049
1672122256228 0.887499988079071 30099
1672122270802 0.7416666746139526 30149
1672122295506 0.4791666865348816 30199
1672122309933 0.5833333134651184 30249
1672122324535 0.8333333730697632 30299
1672122338888 0.5416666865348816 30349
1672122363677 0.6666666865348816 30399
1672122378030 0.875 30449
1672122392532 0.6666666865348816 30499
1672122406999 0.8125 30549
1672122431614 0.2916666865348816 30599
1672122446000 0.6083333492279053 30649
1672122460658 0.6041666865348816 30699
1672122475041 0.7916666865348816 30749
1672122489446 0.7916666865348816 30799
1672122514384 0.6041666865348816 30849
1672122528731 0.5625 30899
1672122543275 0.7749999761581421 30949
1672122557630 0.6875 30999
1672122582337 0.7083333730697632 31049
1672122596887 0.9166666865348816 31099
1672122611369 0.375 31149
1672122625697 0.4124999940395355 31199
1672122650306 1.0 31249
1672122664805 0.7083333730697632 31299
1672122679202 0.3958333432674408 31349
1672122693719 0.5833333730697632 31399
1672122708233 0.2916666865348816 31449
1672122733360 0.4583333432674408 31499
1672122747738 0.6083332896232605 31549
1672122762091 0.6166666746139526 31599
1672122776465 0.8333333730697632 31649
1672122801532 1.0 31699
1672122815945 0.5416666865348816 31749
1672122830393 0.5 31799
1672122845074 0.6458333134651184 31849
1672122870059 0.7124999761581421 31899
1672122884447 0.3750000298023224 31949
1672122898841 0.8541666865348816 31999
1672122913396 0.5833333134651184 32049
1672122927777 0.8452380895614624 32099
1672122952385 0.6875 32149
1672122966896 0.6833333373069763 32199
1672122981638 0.8125 32249
1672122996105 1.0 32299
1672123021101 0.5208333730697632 32349
1672123035632 0.5 32399
1672123050046 0.5833333730697632 32449
1672123064478 0.7291666865348816 32499
1672123078708 0.25 32549
