1672112069808 1.9101063572072947 49
1672112084251 1.914819319578862 99
1672112099029 1.6998718347304043 149
1672112113447 1.5027532259198102 199
1672112138559 1.6218774203188673 249
1672112153072 1.5306569365340463 299
1672112167590 2.357861155757717 349
1672112182187 1.7117311932622168 399
1672112207339 1.7189162432758218 449
1672112222020 1.790412254349294 499
1672112236568 1.6636736794550728 549
1672112251415 1.6248907756301572 599
1672112265906 1.9087809913570877 649
1672112291133 1.622316598093576 699
1672112305682 1.7488747914934681 749
1672112320239 1.9720109826757986 799
1672112334817 1.5983531173326586 849
1672112360385 2.0119565092871046 899
1672112375010 1.9880669539084075 949
1672112389808 1.6839333410787904 999
1672112404632 2.1088084343166047 1049
1672112429599 1.9944530161229024 1099
1672112444197 1.3418340555385015 1149
1672112458802 2.0967711361588894 1199
1672112473414 1.762361513623046 1249
1672112488012 1.4679616997165852 1299
1672112513664 1.4527906819464853 1349
1672112528352 2.1354678317194518 1399
1672112543140 2.291702005606253 1449
1672112557751 2.0096841569706103 1499
1672112583006 1.7158144846476502 1549
1672112597603 2.224020660898274 1599
1672112612169 1.9622126861970055 1649
1672112626760 1.733147960176787 1699
1672112652559 2.022121003832659 1749
1672112667128 2.0508172621985095 1799
1672112681686 1.3453452481317412 1849
1672112696209 2.267940105402581 1899
1672112710800 1.964074001783319 1949
1672112736233 1.897724248509959 1999
1672112750988 1.5119371707319131 2049
1672112765935 1.6309168893095882 2099
1672112780903 1.8551459057888797 2149
1672112806556 1.674569004123199 2199
1672112821198 2.1559080958670065 2249
1672112835795 1.780446600083902 2299
1672112850449 1.8019324944900381 2349
1672112875738 2.1779536490539306 2399
1672112890327 2.2116022779987663 2449
1672112904886 1.8832665417876104 2499
1672112919660 1.4819484567301673 2549
1672112934690 1.709985666979669 2599
1672112959957 1.4744116760503565 2649
1672112974582 1.5650362917330258 2699
1672112989229 1.5417974409655133 2749
1672113003818 2.0819891553211263 2799
1672113028992 1.913601362070013 2849
1672113043765 1.9938132425287867 2899
1672113058892 1.621382854793344 2949
1672113073674 2.3299387754491594 2999
1672113099176 2.1999442965569833 3049
1672113113834 1.9405059612571054 3099
1672113128583 1.6641701491357852 3149
1672113143271 1.966996405333573 3199
1672113158108 1.434411189972366 3249
1672113183565 1.5213565480653846 3299
1672113198362 2.2561021995669623 3349
1672113213105 1.5990427394557134 3399
1672113227834 1.6326667244798514 3449
1672113253216 1.5672505386776927 3499
1672113267846 1.8043911620886552 3549
1672113282516 2.014622126605854 3599
1672113297241 1.6924458084275296 3649
1672113322585 1.358551689607869 3699
1672113337175 1.994657430205896 3749
1672113352116 2.0073477455131687 3799
1672113366868 1.5199866626164453 3849
1672113381446 1.9224465221643452 3899
1672113406535 2.0823648172271865 3949
1672113421213 1.6712888637515586 3999
1672113435906 1.894286198583718 4049
1672113450721 2.154307509882303 4099
1672113476244 1.8473968788124733 4149
1672113491178 1.8777890648761526 4199
1672113505978 2.0757579882422994 4249
1672113520582 1.965791095525605 4299
1672113546109 1.7531685076537857 4349
1672113560768 1.8289243846023222 4399
1672113575609 2.1256879487513984 4449
1672113590219 1.8177240510409716 4499
1672113604987 2.1590977493220693 4549
1672113630654 1.4944386548245894 4599
1672113645378 1.9454841529419649 4649
1672113660128 2.3230342961935255 4699
1672113674778 1.523796965475091 4749
1672113700416 1.6908652282444465 4799
1672113715009 1.601520369724467 4849
1672113729652 2.0627135719854914 4899
1672113744335 2.2868403794684564 4949
1672113770061 1.8651542524280478 4999
1672113784665 1.4566501488030037 5049
1672113799377 1.7160221883738034 5099
1672113814121 2.0187535141004544 5149
1672113828722 2.0130859522929723 5199
1672113854269 1.6852921442757538 5249
1672113868953 1.8028220843578817 5299
1672113883578 2.224099587154823 5349
1672113898353 1.7869418969761166 5399
1672113923679 1.7070749674265522 5449
1672113938321 1.5444401041538462 5499
1672113952958 1.4498182135749966 5549
1672113967627 1.9211195642226655 5599
1672113993193 1.8116753659769214 5649
1672114007980 1.6174490805178094 5699
1672114022801 1.7988671650863097 5749
1672114037517 1.7936836433433154 5799
1672114052321 1.743024800302792 5849
1672114077726 1.7537581224459187 5899
1672114092482 1.5006095769537224 5949
1672114107179 2.272088971182752 5999
1672114122119 1.8615919152954863 6049
1672114147674 1.6658156521190723 6099
1672114162367 1.8610686856422558 6149
1672114177224 1.394569644502641 6199
1672114191957 1.5804893286346053 6249
1672114217614 2.0592820552392452 6299
1672114232340 1.6683356541868928 6349
1672114246881 2.1724724639939588 6399
1672114261430 1.7613418704716222 6449
1672114276370 2.007661326655489 6499
1672114301903 2.121424054235967 6549
1672114316685 1.6118860333483234 6599
1672114331263 1.4978461584789056 6649
1672114346043 2.0301967226808566 6699
1672114371428 1.7420566939137343 6749
1672114386016 1.9020655532852204 6799
1672114400648 1.737182316457608 6849
1672114415555 1.9982008000172997 6899
1672114440987 1.647007978349295 6949
1672114455555 1.7300724793966593 6999
1672114470199 2.2531208466481365 7049
1672114485084 1.3673879726427194 7099
1672114499862 1.341930611768972 7149
1672114525365 1.6539947018813719 7199
1672114540022 1.9985085977437524 7249
1672114554701 1.7109921751852633 7299
1672114569633 1.7963907996572261 7349
1672114594972 1.9490283721399368 7399
1672114609765 2.2997525079608994 7449
1672114624506 1.7404710369924765 7499
1672114639305 1.706561135887711 7549
1672114664738 1.8359893793544084 7599
1672114679535 1.6528918026390917 7649
1672114694368 1.929107815292917 7699
1672114708994 1.7034738986409876 7749
1672114723679 1.8233674441672847 7799
1672114749058 1.6210857040555293 7849
1672114763663 1.9154469213578063 7899
1672114778568 1.5523520917622222 7949
1672114793163 1.7164403812624527 7999
1672114818603 1.6354869309819646 8049
1672114833413 1.3538820436621293 8099
1672114848051 2.0795502968745847 8149
1672114862770 1.5368174114978337 8199
1672114888317 1.848901541953039 8249
1672114902913 1.7320458958462297 8299
1672114917664 1.6194406966025827 8349
1672114932417 1.991046320163612 8399
1672114946936 1.8836170698518502 8449
1672114972618 1.3402197716454134 8499
1672114987112 1.508220018119206 8549
1672115001537 1.589440572442391 8599
1672115015877 1.990715834044408 8649
1672115040600 1.663778250826307 8699
1672115055309 1.3128858580723586 8749
1672115069788 1.7958381604247116 8799
1672115084100 1.5201024757377446 8849
1672115108953 1.8310630434738517 8899
1672115123298 1.9787544402325972 8949
1672115137644 1.6523065460710074 8999
1672115151959 2.1125213898454174 9049
1672115166287 1.8144813236747315 9099
1672115191470 1.9194434710525257 9149
1672115205937 1.8168689793191068 9199
1672115220491 1.8747853985540206 9249
1672115234928 1.3239633696405382 9299
1672115259943 2.008948627501284 9349
1672115274377 1.7703686296916792 9399
1672115288848 1.5756638104846772 9449
1672115303455 1.6334904046088174 9499
1672115328715 1.7568181227135926 9549
1672115343079 2.0509458739860698 9599
1672115357587 2.1151372367723305 9649
1672115371906 1.3711532093392247 9699
1672115386203 1.3717067844501298 9749
1672115411238 1.635608753743443 9799
1672115425898 1.885001306876059 9849
1672115440378 1.7842561160883663 9899
1672115454785 1.4860212062278366 9949
1672115479996 1.794462525180533 9999
1672115494382 2.0293512674981207 10049
1672115508755 1.696207731559325 10099
1672115523237 1.788627921296352 10149
1672115547978 1.7833150554963024 10199
1672115562386 1.8631370959517501 10249
1672115576828 1.5988435649858141 10299
1672115591412 1.631296845732001 10349
1672115606182 1.5088112250831158 10399
1672115630830 2.0535189619245426 10449
1672115645207 1.8042313394492377 10499
1672115659606 1.6651958333565728 10549
1672115673992 1.867259459981327 10599
1672115699101 1.405799297286039 10649
1672115713517 1.7352223978090822 10699
1672115728204 2.1096498390670515 10749
1672115742703 2.0764070482893655 10799
1672115756866 2.2388490400750385 10849
1672115781935 1.8053875600816545 10899
1672115796264 1.7315725682039014 10949
1672115810666 1.5569639729914022 10999
1672115825010 1.8031136817942257 11049
1672115850144 2.0901181872102126 11099
1672115864716 1.5654678440063892 11149
1672115879267 1.9032182151622654 11199
1672115893767 2.100571384212703 11249
1672115918602 1.9490976612737587 11299
1672115933009 1.8879730274343627 11349
1672115947396 1.9828689010738183 11399
1672115961948 1.6917524357859026 11449
1672115976411 1.7204010731980495 11499
1672116001405 1.6748790030386513 11549
1672116015764 1.5837869039692536 11599
1672116030139 1.3236243114731767 11649
1672116044568 1.9567893822647213 11699
1672116069638 1.2751995950331696 11749
1672116084098 1.3968451118598404 11799
1672116098799 1.67675988343208 11849
1672116113226 1.6977510114552488 11899
1672116138231 2.3190522290459388 11949
1672116152586 1.785689847818739 11999
1672116166923 1.89390635341916 12049
1672116181409 2.0873123130951923 12099
1672116195708 2.0864275874573655 12149
1672116220440 1.9165720827967534 12199
1672116234997 1.9319560890214271 12249
1672116249462 1.7897372106753249 12299
1672116263996 2.0152583518936362 12349
1672116288813 1.8812674133343008 12399
1672116303380 1.5048096569726217 12449
1672116317978 1.5737997457472437 12499
1672116332407 1.35596238936353 12549
1672116357242 1.504459392690421 12599
1672116372019 1.731424367337178 12649
1672116386376 1.5756584120716957 12699
1672116400850 2.176858999001395 12749
1672116415258 1.9016263115421026 12799
1672116440183 1.5022782344777075 12849
1672116454675 1.7832936237582733 12899
1672116469049 1.7657293523009503 12949
1672116483539 1.6439787009937696 12999
1672116508305 1.8182045096866646 13049
1672116522707 2.058668235799284 13099
1672116537074 2.278508810745814 13149
1672116551621 1.4816858152781138 13199
1672116576560 1.4499864122019765 13249
1672116590935 1.5212775712641236 13299
1672116605388 1.5657419097894199 13349
1672116619870 1.7776178057706746 13399
1672116634260 1.6177376569328616 13449
1672116659440 2.293496400794996 13499
1672116673913 1.569284008467887 13549
1672116688299 1.6877555804437763 13599
1672116702998 1.7611290803090398 13649
1672116728007 1.7694807190845219 13699
1672116742406 1.7058639798876218 13749
1672116756777 1.6125060983450104 13799
1672116771160 2.169731529164174 13849
1672116796134 1.2513762868015124 13899
1672116810483 1.474590450967804 13949
1672116824772 1.9659021464920423 13999
1672116839074 1.8200943973527643 14049
1672116853639 1.6547984541801468 14099
1672116878504 1.567360102184444 14149
1672116893061 1.4657062111504149 14199
1672116907467 1.961568940332637 14249
1672116921889 1.6979110438235376 14299
1672116946657 1.639283595067813 14349
1672116961073 1.883653849742747 14399
1672116975751 1.7111490269225829 14449
1672116990202 1.6637798174406142 14499
1672117014803 1.956115673817476 14549
1672117029101 2.1116898637416375 14599
1672117043574 2.0980045670920258 14649
1672117057921 1.6848700007598798 14699
1672117072368 1.5184876717923066 14749
1672117097429 1.8570536496035541 14799
1672117111989 2.032645445677371 14849
1672117126512 1.932574771297328 14899
1672117141048 1.3547452965108804 14949
1672117166148 1.9847663473880608 14999
1672117180746 1.5191419292527804 15049
1672117195107 1.3972426671446039 15099
1672117209618 1.7490065332276472 15149
1672117234202 2.116380183030119 15199
1672117248566 1.6483899878730648 15249
1672117262993 1.5940625098973777 15299
1672117277500 2.049416086684383 15349
1672117291891 1.8365256231496918 15399
1672117316828 2.0503287113597035 15449
1672117331349 1.6318657844996303 15499
1672117345712 1.6186418920682364 15549
1672117360053 1.847476411614755 15599
1672117384984 2.3298105334934323 15649
1672117399498 1.9863315222362892 15699
1672117413863 1.693934690253478 15749
1672117428442 1.8635482885472177 15799
1672117453418 1.245224368406958 15849
1672117467739 1.6590319326803569 15899
1672117482052 1.5445533333568877 15949
1672117496400 1.7325717784574326 15999
1672117510920 1.739814445025314 16049
1672117535679 2.103494625889041 16099
1672117550059 1.374726338978798 16149
1672117564596 1.6054780785365237 16199
1672117579251 1.647844731394791 16249
1672117604244 1.5952361625559812 16299
1672117618670 1.7632467522362902 16349
1672117633073 1.9303812245223018 16399
1672117647543 2.271936103762516 16449
1672117672855 1.7655991019395223 16499
1672117687232 1.5832042462083735 16549
1672117701603 1.925109118041198 16599
1672117716110 1.5006914656695638 16649
1672117730467 1.9009904527416115 16699
1672117755145 1.8338522747695682 16749
1672117769510 1.4126937643542747 16799
1672117784025 1.7257997402743717 16849
1672117798529 1.776935377572494 16899
1672117823343 1.339646765579607 16949
1672117837637 1.6974694270985198 16999
1672117852078 2.2110983358498957 17049
1672117866535 1.5791764750224608 17099
1672117891255 1.837429812395571 17149
1672117905614 1.7740038945631051 17199
1672117920115 1.4347224353673858 17249
1672117934651 1.6372094782798912 17299
1672117949089 2.101141503548781 17349
1672117973830 1.6175233757719236 17399
1672117988398 2.123670875801354 17449
1672118002932 1.5409716656380525 17499
1672118017468 1.6689607750099646 17549
1672118042229 1.8147411261617976 17599
1672118056791 1.6776837513777285 17649
1672118071155 1.538304534005795 17699
1672118085527 2.08796156539277 17749
1672118110406 1.8131247874862626 17799
1672118124784 1.825538978568011 17849
1672118139219 1.7580896722849138 17899
1672118153695 1.60116217562998 17949
1672118167987 1.6543563022861867 17999
1672118192751 1.6327344952462846 18049
1672118207075 1.400034121904616 18099
1672118221432 2.064767310890688 18149
1672118235891 2.1028516985674104 18199
1672118260389 1.7529295755581702 18249
1672118274973 2.0502110918426686 18299
1672118289544 1.4851218074803265 18349
1672118303942 1.8072709092483852 18399
1672118328896 2.042019907575219 18449
1672118343409 1.5742066915481718 18499
1672118357731 1.2961861697277886 18549
1672118372057 2.006220711419347 18599
1672118386337 2.02325025356963 18649
1672118411582 1.993419264828002 18699
1672118425938 1.3283385301997144 18749
1672118440286 1.5441050971089858 18799
1672118454618 2.1649127039522322 18849
1672118479508 1.8258613937038513 18899
1672118494031 1.5550633866436145 18949
1672118508887 2.211792495609798 18999
1672118523293 2.0170316895736367 19049
1672118547661 1.5122831727788926 19099
1672118562036 2.0009450021592774 19149
1672118576386 1.539661845094084 19199
1672118590754 2.487171219028029 19249
1672118605161 1.7669084799047785 19299
1672118630138 2.057551269859731 19349
1672118644726 1.7696469445749983 19399
1672118659150 1.1636874439664828 19449
1672118673750 1.559634746922535 19499
1672118698692 2.142261641424602 19549
1672118713071 1.555742446092017 19599
1672118727448 1.598629571629387 19649
1672118741795 1.6692866162919113 19699
1672118766637 2.2633350169853452 19749
1672118780927 1.763395033153632 19799
1672118795517 1.6903114256589626 19849
1672118809990 1.7059955490591459 19899
1672118824314 1.554093169134179 19949
1672118848937 1.59586243722465 19999
1672118863295 1.7552161092572247 20049
1672118877647 1.613793725386558 20099
1672118892126 1.578161535316971 20149
1672118916958 1.7423668892399413 20199
1672118931492 1.868847101112236 20249
1672118946028 1.7389382588252889 20299
1672118960445 1.3758027325480378 20349
1672118985231 1.4732553165611022 20399
1672118999608 1.6987780333968416 20449
1672119014021 1.8462886037168738 20499
1672119028723 1.74702886456034 20549
1672119043112 1.9944263714636732 20599
1672119067990 2.0211362057226054 20649
1672119082481 2.0185451170810187 20699
1672119097164 1.4039145316844812 20749
1672119111770 1.6889343809916602 20799
1672119136719 1.6853421139614162 20849
1672119151069 1.7088452007053032 20899
1672119165587 1.9166410150503652 20949
1672119180140 1.9630250567736032 20999
1672119204783 1.9216467386838052 21049
1672119219375 1.941702281933015 21099
1672119233950 1.6423801650592107 21149
1672119248342 1.8867477997969222 21199
1672119262907 1.5825635092102937 21249
1672119287614 1.7672812054659146 21299
1672119302007 1.4327156473836458 21349
1672119316579 1.8503348704933051 21399
1672119331144 1.8898812995024865 21449
1672119356202 1.7034547548777508 21499
1672119370765 1.6044630583738684 21549
1672119385356 1.786848874564499 21599
1672119399870 1.3289853708238568 21649
1672119414161 0.6402154184469795 21699
1672119439494 1.5052548950209004 21749
1672119453930 1.6972591838410265 21799
1672119468412 1.7490748084667511 21849
1672119482924 1.8487467552023067 21899
1672119508037 1.866644233772962 21949
1672119522526 1.5999946496593902 21999
1672119536990 1.723920735672334 22049
1672119551621 1.7223014744203902 22099
1672119576419 1.5872783835422184 22149
1672119590797 1.448845705778736 22199
1672119605309 1.113132777440244 22249
1672119619869 1.8592239482182205 22299
1672119634212 1.746346088430827 22349
1672119658950 2.175965223018343 22399
1672119673308 1.7249763302967902 22449
1672119687819 1.2423384392673282 22499
1672119702175 1.4824545192783267 22549
1672119726791 1.9454009376587484 22599
1672119741215 1.792901251950565 22649
1672119755756 1.7135238857189914 22699
1672119770315 1.6796398925375444 22749
1672119795095 1.4291119167166437 22799
1672119809584 1.811634229351684 22849
1672119824073 1.3605653209731352 22899
1672119838470 1.6653898829991214 22949
1672119852862 1.5259400722088576 22999
1672119878075 1.9323752420758789 23049
1672119892499 1.749650215388804 23099
1672119906886 1.696447369679392 23149
1672119921295 1.5407193790559461 23199
1672119946413 1.9529184903198114 23249
1672119960983 1.8879050037792426 23299
1672119975437 1.7437584138778672 23349
1672119989837 1.6694802137858762 23399
1672120015127 1.4077650920416531 23449
1672120029633 1.48085245762947 23499
1672120044060 2.0078526053012506 23549
1672120058569 1.6923992252736202 23599
1672120072936 1.7601670908915144 23649
1672120098054 1.8267962327417708 23699
1672120112653 1.9079759559434617 23749
1672120127117 1.7372656053213014 23799
1672120141548 1.6263192044629802 23849
1672120166792 1.444481080152672 23899
1672120181328 1.7813350723267585 23949
1672120195700 1.89490362797757 23999
1672120210082 1.8051479176380585 24049
1672120235360 2.3861579294031503 24099
1672120249731 1.804156126783617 24149
1672120264242 1.6302719109161306 24199
1672120278598 1.1964500709251933 24249
1672120293496 1.2568408398104092 24299
1672120318306 1.495050171617709 24349
1672120332803 1.6527889699099438 24399
1672120347335 1.464858003175881 24449
1672120361799 1.7041446146479626 24499
1672120386776 1.9389468662108134 24549
1672120401465 1.4932990692690071 24599
1672120415807 1.8248458139007133 24649
1672120430142 1.5392541679080876 24699
1672120454787 1.5575659228878698 24749
1672120469199 1.4896658850608842 24799
1672120483579 1.9537286483921577 24849
1672120497972 2.0578217282360303 24899
1672120512552 1.735754135835284 24949
1672120537611 1.7840205244193432 24999
1672120552311 1.5362777668648857 25049
1672120566703 1.9780697969610908 25099
1672120581111 1.8054797280741 25149
1672120605847 1.943168681261865 25199
1672120620168 1.4741874134823827 25249
1672120634664 1.4639314939873926 25299
1672120649130 1.7956901877942428 25349
1672120674274 1.7919943484850824 25399
1672120688888 1.859413362426808 25449
1672120703354 1.4371634537819844 25499
1672120717779 1.7879748128526962 25549
1672120732229 1.7988938453076981 25599
1672120757141 1.5511840858274384 25649
1672120771680 1.245366044626163 25699
1672120786294 1.9537255058239773 25749
1672120800840 1.4899771046884693 25799
1672120826298 1.4866524394399199 25849
1672120840658 1.5721290394510115 25899
1672120855065 2.0687968124885594 25949
1672120869475 1.442400783137423 25999
1672120894398 1.6190490721354371 26049
1672120908834 1.5987627114017506 26099
1672120923573 1.5570320749723536 26149
1672120938172 1.4965056215873682 26199
1672120952585 1.637241238325366 26249
1672120977711 1.8441672659500545 26299
1672120992277 1.8776068639384658 26349
1672121006725 1.9266662754656636 26399
1672121021125 1.5539987359849698 26449
1672121046036 1.6160513243226957 26499
1672121060704 1.2471970455936678 26549
1672121075298 1.8300317385929845 26599
1672121089960 1.7477264775714179 26649
1672121115208 1.8735555931982792 26699
1672121129603 1.5872308190736462 26749
1672121144054 1.7146605762003124 26799
1672121158455 1.8211649814889952 26849
1672121173024 1.871859940893288 26899
1672121197986 1.7351383118398007 26949
1672121212658 1.8166147059146547 26999
1672121227077 1.9027135089077722 27049
1672121241496 1.7928156961502133 27099
1672121266321 1.872488588093389 27149
1672121280679 1.6069666890261083 27199
1672121295137 1.2566393894546204 27249
1672121309631 2.008494814122389 27299
1672121334515 1.7967593079146797 27349
1672121349385 1.5915857805083546 27399
1672121363794 1.9570344447125056 27449
1672121378204 1.6712027327699046 27499
1672121392677 1.7955632090169504 27549
1672121417659 1.5792318407760277 27599
1672121432249 1.2605832563483326 27649
1672121446850 1.6800887280115147 27699
1672121461284 2.001948503182226 27749
1672121485996 1.7344989668410502 27799
1672121500491 1.4974020771687446 27849
1672121515034 2.284657364204862 27899
1672121529472 1.532169678245527 27949
1672121554398 1.4117024367618771 27999
1672121568769 1.7540962937597553 28049
1672121583214 1.9369455351944902 28099
1672121597776 1.963053894047606 28149
1672121612144 1.8325988808206928 28199
1672121637025 1.450446459547075 28249
1672121651538 1.6252693966711964 28299
1672121665902 1.4044806851941196 28349
1672121680359 1.6156543379444437 28399
1672121705498 1.5970454313217122 28449
1672121719879 1.3528846193479778 28499
1672121734224 1.5101925205881894 28549
1672121748725 1.4658023406327731 28599
1672121773585 2.3719552804247526 28649
1672121788259 1.8775062135256637 28699
1672121802648 1.7519521574403014 28749
1672121817226 1.4526905430151564 28799
1672121831611 1.6190613648571428 28849
1672121856486 1.5755315126812186 28899
1672121870921 1.5101268771740428 28949
1672121885486 1.4683144675982671 28999
1672121900238 1.8440793903921673 29049
1672121925086 1.4621415672337856 29099
1672121939407 1.7231832983688535 29149
1672121953733 1.7934041547362898 29199
1672121968180 1.7237113312112269 29249
1672121993020 1.3453136458099975 29299
1672122007562 1.649853799482826 29349
1672122022016 1.2588516171981639 29399
1672122036311 1.5128962705800513 29449
1672122050756 1.3761547405067616 29499
1672122075841 1.881109532674377 29549
1672122090186 1.615307673282534 29599
1672122104548 2.198620136898146 29649
1672122119079 1.9337758693206237 29699
1672122144126 1.6967689012072094 29749
1672122158563 1.9511720936134733 29799
1672122172985 1.6889713436608633 29849
1672122187554 1.725544129029038 29899
1672122212744 1.2884044609710807 29949
1672122227194 1.4222490967143697 29999
1672122241772 1.217867491780836 30049
1672122256228 1.7155019049340123 30099
1672122270802 2.021275414682734 30149
1672122295506 2.464459786054931 30199
1672122309933 1.638691936066093 30249
1672122324535 1.7035325620729422 30299
1672122338888 1.7933313016717518 30349
1672122363677 1.8060045790239643 30399
1672122378030 1.1765250023314868 30449
1672122392532 1.8746505771267887 30499
1672122406999 1.9387434999408089 30549
1672122431614 1.1979570882456314 30599
1672122446000 1.9448794583818958 30649
1672122460658 2.0031804024156346 30699
1672122475041 2.0207425582763032 30749
1672122489446 1.4774230224744358 30799
1672122514384 1.479915515595179 30849
1672122528731 1.842741373342427 30899
1672122543275 1.5339963990319436 30949
1672122557630 1.5186415514169056 30999
1672122582337 1.539140173112772 31049
1672122596887 1.8920724754876326 31099
1672122611369 1.6834304234534447 31149
1672122625697 1.7684193555362158 31199
1672122650306 1.1128355359332727 31249
1672122664805 1.6735147844155178 31299
1672122679202 1.478191075811353 31349
1672122693719 1.9151614657951097 31399
1672122708233 1.5484805719655195 31449
1672122733360 1.597492454357782 31499
1672122747738 2.1044394033793843 31549
1672122762091 2.0020420448345457 31599
1672122776465 1.3654677862793312 31649
1672122801532 1.623938133547906 31699
1672122815945 1.7712061492410522 31749
1672122830393 1.2501841380678873 31799
1672122845074 2.314723155954246 31849
1672122870059 1.6809743598151767 31899
1672122884447 1.730120071746567 31949
1672122898841 1.449713612191478 31999
1672122913396 1.7835260212954887 32049
1672122927777 2.1250716996158623 32099
1672122952385 2.0649810460884837 32149
1672122966896 1.8949907672518354 32199
1672122981638 1.5875641739279178 32249
1672122996105 1.3603579828634709 32299
1672123021101 1.473209738997614 32349
1672123035632 2.047084453748983 32399
1672123050046 1.8494782725248382 32449
1672123064478 1.6560656850363922 32499
1672123078708 1.3725790742236383 32549
