1672112128271 0.7687861323356628 216
1672112201977 0.780202329158783 433
1672112276110 0.7804913520812988 650
1672112350151 0.7803468108177185 867
1672112424425 0.7799133062362671 1084
1672112498539 0.780202329158783 1301
1672112573224 0.7800577878952026 1518
1672112647543 0.7797687649726868 1735
1672112721664 0.7803468108177185 1952
1672112797003 0.7804913520812988 2169
1672112871192 0.7822254300117493 2386
1672112945743 0.7833815217018127 2603
1672113019801 0.7842485308647156 2820
1672113094889 0.788294792175293 3037
1672113169711 0.7859826683998108 3254
1672113244319 0.793208122253418 3471
1672113318611 0.7940751314163208 3688
1672113392946 0.7962427735328674 3905
1672113467610 0.7992774844169617 4122
1672113542339 0.8010115623474121 4339
1672113617200 0.8021676540374756 4556
1672113691952 0.8010115623474121 4773
1672113766544 0.8017340898513794 4990
1672113841256 0.8034682273864746 5207
1672113915560 0.801300585269928 5424
1672113990111 0.8023121356964111 5641
1672114064892 0.8018786311149597 5858
1672114139725 0.8088150024414062 6075
1672114214779 0.8086705207824707 6292
1672114289474 0.8085260391235352 6509
1672114363973 0.8098266124725342 6726
1672114438467 0.81011563539505 6943
1672114513101 0.8086705207824707 7160
1672114587813 0.8065028786659241 7377
1672114662536 0.805202305316925 7594
1672114737219 0.8137283325195312 7811
1672114811659 0.8118497133255005 8028
1672114886420 0.8104045987129211 8245
1672114960841 0.8127167820930481 8462
1672115034128 0.8141618371009827 8679
1672115107426 0.8072254061698914 8896
1672115180140 0.8151733875274658 9113
1672115253593 0.8124277591705322 9330
1672115327463 0.8105491399765015 9547
1672115400443 0.809393048286438 9764
1672115474185 0.8115606904029846 9981
1672115546994 0.8118497133255005 10198
1672115620429 0.8186416029930115 10415
1672115693545 0.8108381628990173 10632
1672115766891 0.814306378364563 10849
1672115839721 0.81488436460495 11066
1672115913293 0.8141618371009827 11283
1672115986463 0.8164739608764648 11500
1672116059733 0.8163294792175293 11717
1672116133093 0.813005805015564 11934
1672116205930 0.813005805015564 12151
1672116279163 0.8171965479850769 12368
1672116352412 0.8166185021400452 12585
1672116425839 0.8170520067214966 12802
1672116498877 0.8176300525665283 13019
1672116571822 0.8193641901016235 13236
1672116645180 0.8124277591705322 13453
1672116718958 0.8167629837989807 13670
1672116791875 0.8182080984115601 13887
1672116864884 0.8180635571479797 14104
1672116937912 0.8153179287910461 14321
1672117010943 0.8179190754890442 14538
1672117083830 0.8195086717605591 14755
1672117157746 0.8170520067214966 14972
1672117230648 0.8158959746360779 15189
1672117303688 0.8186416029930115 15406
1672117376855 0.8215317726135254 15623
1672117450099 0.8193641901016235 15840
1672117522907 0.8183525800704956 16057
1672117596364 0.8150289058685303 16274
1672117669765 0.8170520067214966 16491
1672117742685 0.8206647634506226 16708
1672117815755 0.8167629837989807 16925
1672117888531 0.8206647634506226 17142
1672117961649 0.8196531534194946 17359
1672118034970 0.8189306259155273 17576
1672118107972 0.8180635571479797 17793
1672118180925 0.8219653367996216 18010
1672118253444 0.8190751671791077 18227
1672118326724 0.8231213688850403 18444
1672118399857 0.8183525800704956 18661
1672118472771 0.8235549330711365 18878
1672118545837 0.8135837912559509 19095
1672118618521 0.8239884376525879 19312
1672118692191 0.8205202221870422 19529
1672118765135 0.8251445293426514 19746
1672118837933 0.8176300525665283 19963
1672118910814 0.8216763138771057 20180
1672118984009 0.8228323459625244 20397
1672119057201 0.8241329193115234 20614
1672119130881 0.8213872909545898 20831
1672119203821 0.8244219422340393 21048
1672119277199 0.8163294792175293 21265
1672119350566 0.8252890110015869 21482
1672119424289 0.8187861442565918 21699
1672119497682 0.8247109651565552 21916
1672119571129 0.822398841381073 22133
1672119644064 0.821098268032074 22350
1672119716880 0.8209537863731384 22567
1672119790074 0.8234103918075562 22784
1672119863213 0.8234103918075562 23001
1672119936643 0.8216763138771057 23218
1672120010367 0.8216763138771057 23435
1672120083727 0.8241329193115234 23652
1672120157450 0.8245664834976196 23869
1672120230960 0.8225433230400085 24086
1672120304391 0.8241329193115234 24303
1672120377794 0.8251445293426514 24520
1672120450667 0.8254335522651672 24737
1672120523799 0.8254335522651672 24954
1672120597109 0.8203757405281067 25171
1672120670265 0.8251445293426514 25388
1672120743799 0.8257225155830383 25605
1672120817666 0.8192196488380432 25822
1672120890843 0.8280346989631653 26039
1672120964594 0.8231213688850403 26256
1672121037731 0.8248555064201355 26473
1672121111920 0.8245664834976196 26690
1672121185095 0.8263005614280701 26907
1672121258462 0.8261560797691345 27124
1672121331581 0.8244219422340393 27341
1672121405153 0.8242774605751038 27558
1672121478431 0.8232659101486206 27775
1672121551715 0.8274566531181335 27992
1672121624853 0.8245664834976196 28209
1672121698178 0.8232659101486206 28426
1672121771177 0.8229768872261047 28643
1672121844440 0.8228323459625244 28860
1672121918086 0.8284682035446167 29077
1672121990918 0.8264451026916504 29294
1672122064189 0.8261560797691345 29511
1672122137450 0.824999988079071 29728
1672122210872 0.8235549330711365 29945
1672122284257 0.8290462493896484 30162
1672122357197 0.8254335522651672 30379
1672122430097 0.8290462493896484 30596
1672122503393 0.8254335522651672 30813
1672122576219 0.8251445293426514 31030
1672122649068 0.8267341256141663 31247
1672122722487 0.8268786072731018 31464
1672122795665 0.8261560797691345 31681
1672122869046 0.8255780339241028 31898
1672122941891 0.8254335522651672 32115
1672123015521 0.8263005614280701 32332
1672123088620 0.8297687768936157 32549
