1672112128271 0.5721731781959534 216
1672112201977 0.5909785628318787 433
1672112276110 0.590341329574585 650
1672112350151 0.6032878756523132 867
1672112424425 0.6017835736274719 1084
1672112498539 0.5883181691169739 1301
1672112573224 0.5842747092247009 1518
1672112647543 0.5805160403251648 1735
1672112721664 0.5941040515899658 1952
1672112797003 0.5979809761047363 2169
1672112871192 0.5918276906013489 2386
1672112945743 0.6037186980247498 2603
1672113019801 0.5995844006538391 2820
1672113094889 0.6021235585212708 3037
1672113169711 0.605381190776825 3254
1672113244319 0.610132098197937 3471
1672113318611 0.6085893511772156 3688
1672113392946 0.6083815097808838 3905
1672113467610 0.6239417195320129 4122
1672113542339 0.6205037832260132 4339
1672113617200 0.6214504837989807 4556
1672113691952 0.6231131553649902 4773
1672113766544 0.621467113494873 4990
1672113841256 0.628194272518158 5207
1672113915560 0.6183278560638428 5424
1672113990111 0.6214739084243774 5641
1672114064892 0.6215662360191345 5858
1672114139725 0.630927562713623 6075
1672114214779 0.6389608979225159 6292
1672114289474 0.6343353390693665 6509
1672114363973 0.6413089036941528 6726
1672114438467 0.6309551000595093 6943
1672114513101 0.6369267702102661 7160
1672114587813 0.626544177532196 7377
1672114662536 0.6279741525650024 7594
1672114737219 0.6372419595718384 7811
1672114811659 0.6390752196311951 8028
1672114886420 0.6360417604446411 8245
1672114960841 0.6365028619766235 8462
1672115034128 0.6429576277732849 8679
1672115107426 0.6304762363433838 8896
1672115180140 0.6272942423820496 9113
1672115253593 0.6342059373855591 9330
1672115327463 0.6394232511520386 9547
1672115400443 0.6325598359107971 9764
1672115474185 0.6483567357063293 9981
1672115546994 0.638678789138794 10198
1672115620429 0.644354522228241 10415
1672115693545 0.6349835991859436 10632
1672115766891 0.6402615904808044 10849
1672115839721 0.6452697515487671 11066
1672115913293 0.635744571685791 11283
1672115986463 0.648973286151886 11500
1672116059733 0.6326562166213989 11717
1672116133093 0.6377471089363098 11934
1672116205930 0.6311575174331665 12151
1672116279163 0.6421248316764832 12368
1672116352412 0.6516528725624084 12585
1672116425839 0.6442623138427734 12802
1672116498877 0.6381199359893799 13019
1672116571822 0.6569322943687439 13236
1672116645180 0.6424469351768494 13453
1672116718958 0.6524484753608704 13670
1672116791875 0.6424539089202881 13887
1672116864884 0.6513184905052185 14104
1672116937912 0.6424896121025085 14321
1672117010943 0.64971923828125 14538
1672117083830 0.6372309327125549 14755
1672117157746 0.6437435150146484 14972
1672117230648 0.6419887542724609 15189
1672117303688 0.6453867554664612 15406
1672117376855 0.6556069254875183 15623
1672117450099 0.6491315364837646 15840
1672117522907 0.639592707157135 16057
1672117596364 0.6360006332397461 16274
1672117669765 0.6412661075592041 16491
1672117742685 0.6439224481582642 16708
1672117815755 0.6471070647239685 16925
1672117888531 0.6454170942306519 17142
1672117961649 0.6477992534637451 17359
1672118034970 0.6472364664077759 17576
1672118107972 0.6376960873603821 17793
1672118180925 0.6541289687156677 18010
1672118253444 0.6532259583473206 18227
1672118326724 0.6492431163787842 18444
1672118399857 0.6422158479690552 18661
1672118472771 0.6564684510231018 18878
1672118545837 0.6428214311599731 19095
1672118618521 0.6515538096427917 19312
1672118692191 0.6435123085975647 19529
1672118765135 0.6724359393119812 19746
1672118837933 0.6468456387519836 19963
1672118910814 0.659997284412384 20180
1672118984009 0.6565057039260864 20397
1672119057201 0.6458409428596497 20614
1672119130881 0.6404857635498047 20831
1672119203821 0.6633182168006897 21048
1672119277199 0.6388687491416931 21265
1672119350566 0.6636361479759216 21482
1672119424289 0.6383897066116333 21699
1672119497682 0.6714643239974976 21916
1672119571129 0.6524469256401062 22133
1672119644064 0.6458725333213806 22350
1672119716880 0.6530993580818176 22567
1672119790074 0.6598775386810303 22784
1672119863213 0.6513898968696594 23001
1672119936643 0.6605450510978699 23218
1672120010367 0.6503000259399414 23435
1672120083727 0.6625626087188721 23652
1672120157450 0.6671234965324402 23869
1672120230960 0.6622103452682495 24086
1672120304391 0.6473134756088257 24303
1672120377794 0.6648610234260559 24520
1672120450667 0.6545884609222412 24737
1672120523799 0.6554858088493347 24954
1672120597109 0.6440490484237671 25171
1672120670265 0.6559152603149414 25388
1672120743799 0.6581007838249207 25605
1672120817666 0.650820255279541 25822
1672120890843 0.6571676731109619 26039
1672120964594 0.6540682315826416 26256
1672121037731 0.6627854704856873 26473
1672121111920 0.6525322794914246 26690
1672121185095 0.6698981523513794 26907
1672121258462 0.6634462475776672 27124
1672121331581 0.6464065909385681 27341
1672121405153 0.6474635004997253 27558
1672121478431 0.6549503803253174 27775
1672121551715 0.6599903702735901 27992
1672121624853 0.6492912173271179 28209
1672121698178 0.6544480919837952 28426
1672121771177 0.6581007838249207 28643
1672121844440 0.6544027328491211 28860
1672121918086 0.6622351408004761 29077
1672121990918 0.6586430668830872 29294
1672122064189 0.6667079925537109 29511
1672122137450 0.6630319356918335 29728
1672122210872 0.6647399067878723 29945
1672122284257 0.6726080775260925 30162
1672122357197 0.6512786149978638 30379
1672122430097 0.6662840247154236 30596
1672122503393 0.6567245125770569 30813
1672122576219 0.6505917906761169 31030
1672122649068 0.6554142236709595 31247
1672122722487 0.665635883808136 31464
1672122795665 0.6591466665267944 31681
1672122869046 0.6628818511962891 31898
1672122941891 0.6469640731811523 32115
1672123015521 0.656548261642456 32332
1672123088620 0.6599381566047668 32549
