1672112128271 0.6240258812904358 216
1672112201977 0.6442793011665344 433
1672112276110 0.646421492099762 650
1672112350151 0.6524540781974792 867
1672112424425 0.6526282429695129 1084
1672112498539 0.6406638622283936 1301
1672112573224 0.637133002281189 1518
1672112647543 0.6322821378707886 1735
1672112721664 0.6419682502746582 1952
1672112797003 0.648537814617157 2169
1672112871192 0.6434943079948425 2386
1672112945743 0.6530230641365051 2603
1672113019801 0.644961953163147 2820
1672113094889 0.6500887870788574 3037
1672113169711 0.6504538655281067 3254
1672113244319 0.6560471653938293 3471
1672113318611 0.6524728536605835 3688
1672113392946 0.6536714434623718 3905
1672113467610 0.6657407283782959 4122
1672113542339 0.6648441553115845 4339
1672113617200 0.664605438709259 4556
1672113691952 0.668989896774292 4773
1672113766544 0.659817636013031 4990
1672113841256 0.668638288974762 5207
1672113915560 0.6586859226226807 5424
1672113990111 0.6626439690589905 5641
1672114064892 0.6615283489227295 5858
1672114139725 0.665574312210083 6075
1672114214779 0.6790893077850342 6292
1672114289474 0.6709383726119995 6509
1672114363973 0.6767704486846924 6726
1672114438467 0.6648793816566467 6943
1672114513101 0.6716192364692688 7160
1672114587813 0.6667848825454712 7377
1672114662536 0.6671947836875916 7594
1672114737219 0.6698474287986755 7811
1672114811659 0.6730991005897522 8028
1672114886420 0.6729896664619446 8245
1672114960841 0.6679573059082031 8462
1672115034128 0.6728904247283936 8679
1672115107426 0.6646466255187988 8896
1672115180140 0.6596546769142151 9113
1672115253593 0.6708055734634399 9330
1672115327463 0.672347903251648 9547
1672115400443 0.6667250990867615 9764
1672115474185 0.6804409623146057 9981
1672115546994 0.6700150966644287 10198
1672115620429 0.6724298000335693 10415
1672115693545 0.664992094039917 10632
1672115766891 0.6752903461456299 10849
1672115839721 0.6756154298782349 11066
1672115913293 0.6668102741241455 11283
1672115986463 0.6754273772239685 11500
1672116059733 0.6636307239532471 11717
1672116133093 0.6667459011077881 11934
1672116205930 0.6650617122650146 12151
1672116279163 0.6722860336303711 12368
1672116352412 0.6809462904930115 12585
1672116425839 0.6752126812934875 12802
1672116498877 0.6679571866989136 13019
1672116571822 0.6866438984870911 13236
1672116645180 0.673191249370575 13453
1672116718958 0.6792368292808533 13670
1672116791875 0.6700674891471863 13887
1672116864884 0.6775366067886353 14104
1672116937912 0.671053946018219 14321
1672117010943 0.6798442602157593 14538
1672117083830 0.6681790351867676 14755
1672117157746 0.6740779876708984 14972
1672117230648 0.6678482294082642 15189
1672117303688 0.6740522980690002 15406
1672117376855 0.6759491562843323 15623
1672117450099 0.6792061924934387 15840
1672117522907 0.6653028726577759 16057
1672117596364 0.6609528660774231 16274
1672117669765 0.6692809462547302 16491
1672117742685 0.6709105968475342 16708
1672117815755 0.6735559701919556 16925
1672117888531 0.6677461266517639 17142
1672117961649 0.6706981658935547 17359
1672118034970 0.6715104579925537 17576
1672118107972 0.6630077362060547 17793
1672118180925 0.6822516918182373 18010
1672118253444 0.6816890239715576 18227
1672118326724 0.6796735525131226 18444
1672118399857 0.664446234703064 18661
1672118472771 0.6810621023178101 18878
1672118545837 0.6726256012916565 19095
1672118618521 0.6808169484138489 19312
1672118692191 0.6693528890609741 19529
1672118765135 0.6955662369728088 19746
1672118837933 0.6723349094390869 19963
1672118910814 0.6840985417366028 20180
1672118984009 0.680890679359436 20397
1672119057201 0.6759430170059204 20614
1672119130881 0.6677525639533997 20831
1672119203821 0.6842527985572815 21048
1672119277199 0.6626598238945007 21265
1672119350566 0.682965099811554 21482
1672119424289 0.6662387251853943 21699
1672119497682 0.687120795249939 21916
1672119571129 0.6768963932991028 22133
1672119644064 0.6729586720466614 22350
1672119716880 0.6746488809585571 22567
1672119790074 0.6847140192985535 22784
1672119863213 0.6742157936096191 23001
1672119936643 0.6857327222824097 23218
1672120010367 0.6745334267616272 23435
1672120083727 0.6795329451560974 23652
1672120157450 0.6930515766143799 23869
1672120230960 0.6828309893608093 24086
1672120304391 0.6730993986129761 24303
1672120377794 0.6837992072105408 24520
1672120450667 0.6785375475883484 24737
1672120523799 0.6811766028404236 24954
1672120597109 0.671381950378418 25171
1672120670265 0.6780661344528198 25388
1672120743799 0.679665744304657 25605
1672120817666 0.6749635934829712 25822
1672120890843 0.6836049556732178 26039
1672120964594 0.6754990220069885 26256
1672121037731 0.6805921196937561 26473
1672121111920 0.679253101348877 26690
1672121185095 0.6893923282623291 26907
1672121258462 0.688025951385498 27124
1672121331581 0.6713136434555054 27341
1672121405153 0.6724614500999451 27558
1672121478431 0.6816271543502808 27775
1672121551715 0.6835871338844299 27992
1672121624853 0.6720477342605591 28209
1672121698178 0.6783829927444458 28426
1672121771177 0.6812652349472046 28643
1672121844440 0.6770181059837341 28860
1672121918086 0.6835549473762512 29077
1672121990918 0.6826009154319763 29294
1672122064189 0.6831757426261902 29511
1672122137450 0.6850453019142151 29728
1672122210872 0.6855999231338501 29945
1672122284257 0.6930299997329712 30162
1672122357197 0.6729584336280823 30379
1672122430097 0.6852378249168396 30596
1672122503393 0.6802883744239807 30813
1672122576219 0.6725030541419983 31030
1672122649068 0.6771757006645203 31247
1672122722487 0.6871762871742249 31464
1672122795665 0.6823967695236206 31681
1672122869046 0.6819028258323669 31898
1672122941891 0.6693286895751953 32115
1672123015521 0.6770983934402466 32332
1672123088620 0.6814455389976501 32549
