1671588678849 22.0 22
1671588692647 22.0 45
1671588706707 17.0 68
1671588720761 19.75 91
1671588734622 19.75 114
1671588748600 19.75 137
1671588762731 17.0 160
1671588777205 22.0 183
1671588791211 22.0 206
1671588805266 22.0 229
1671588819463 19.75 252
1671588833729 19.75 275
1671588847891 22.0 298
1671588862021 19.75 321
1671588876182 19.75 344
1671588890382 19.75 367
1671588904458 19.75 390
1671588918544 19.75 413
1671588932697 19.75 436
1671588946877 21.75 459
1671588961049 22.0 482
1671588974891 19.75 505
1671588988852 22.0 528
1671589002866 21.75 551
1671589017044 21.75 574
1671589031260 19.75 597
1671589045451 22.0 620
1671589059667 22.0 643
1671589073842 22.0 666
1671589088059 19.75 689
1671589102140 22.0 712
1671589116407 22.0 735
1671589130629 19.75 758
1671589144711 22.0 781
1671589158764 22.0 804
1671589172886 19.5 827
1671589187129 19.75 850
1671589201018 21.75 873
1671589215071 22.0 896
1671589229093 19.75 919
1671589243304 20.0 942
1671589257400 22.0 965
1671589271865 22.0 988
1671589286435 22.0 1011
1671589300581 22.0 1034
1671589314790 22.0 1057
1671589329018 22.0 1080
1671589343173 22.0 1103
1671589357457 22.0 1126
1671589371793 22.0 1149
1671589386016 22.0 1172
1671589400347 20.0 1195
1671589414499 21.75 1218
1671589428809 22.0 1241
1671589443209 22.0 1264
1671589457269 22.0 1287
1671589471692 22.0 1310
1671589485802 22.0 1333
1671589500058 22.0 1356
1671589514282 22.0 1379
1671589528540 22.0 1402
1671589542657 22.0 1425
1671589556811 22.0 1448
1671589571027 22.0 1471
1671589585345 22.0 1494
1671589599580 19.75 1517
1671589614369 21.75 1540
1671589628557 21.75 1563
1671589642717 21.5 1586
1671589657033 19.75 1609
1671589671124 20.0 1632
1671589685272 19.75 1655
1671589699301 22.0 1678
1671589713354 22.0 1701
1671589727815 22.0 1724
1671589742147 19.75 1747
1671589756457 22.0 1770
1671589770780 21.5 1793
1671589784974 21.5 1816
1671589799463 19.5 1839
1671589813683 21.75 1862
1671589828137 21.75 1885
1671589842424 21.75 1908
1671589856610 21.75 1931
1671589870734 21.75 1954
1671589884895 21.75 1977
1671589899205 21.75 2000
1671589913178 21.75 2023
1671589927457 21.75 2046
1671589941611 20.75 2069
1671589956116 21.75 2092
1671589970374 21.75 2115
1671589984741 21.75 2138
1671589998815 21.75 2161
1671590012903 19.5 2184
1671590027218 21.5 2207
1671590041232 21.75 2230
1671590055595 21.75 2253
1671590069780 21.75 2276
1671590083718 21.75 2299
1671590097777 21.5 2322
1671590112051 21.75 2345
1671590126383 21.5 2368
1671590140581 21.75 2391
1671590154789 21.75 2414
1671590169037 21.75 2437
1671590183024 20.5 2460
1671590197136 21.5 2483
1671590211284 21.75 2506
1671590225272 19.5 2529
1671590239643 18.75 2552
1671590253997 21.5 2575
1671590268195 19.5 2598
1671590282303 21.5 2621
1671590296601 21.5 2644
1671590310931 21.5 2667
1671590325230 21.5 2690
1671590339633 21.0 2713
1671590353703 21.5 2736
1671590367854 21.25 2759
1671590382161 21.5 2782
1671590396303 21.5 2805
1671590410288 21.5 2828
1671590424553 21.5 2851
1671590438606 21.5 2874
1671590452649 21.5 2897
1671590466934 21.5 2920
1671590481280 21.5 2943
1671590495519 19.75 2966
1671590510072 21.5 2989
1671590524381 19.5 3012
1671590538525 21.5 3035
1671590552577 21.5 3058
1671590566652 21.5 3081
1671590580914 20.75 3104
1671590595100 19.5 3127
1671590609458 19.5 3150
1671590623675 19.5 3173
1671590637995 21.5 3196
1671590651947 21.25 3219
1671590666090 19.5 3242
1671590680398 21.5 3265
1671590694556 19.5 3288
1671590708990 19.5 3311
1671590723150 21.5 3334
1671590737245 19.75 3357
1671590751345 19.25 3380
1671590765641 19.5 3403
1671590779884 21.5 3426
1671590794267 21.5 3449
1671590808513 21.5 3472
1671590822832 21.5 3495
1671590837076 19.75 3518
1671590851524 21.5 3541
1671590865725 21.5 3564
1671590880122 19.5 3587
1671590894407 17.0 3610
1671590908396 21.5 3633
1671590922414 19.75 3656
1671590936567 21.75 3679
1671590950841 21.5 3702
1671590964943 19.75 3725
1671590979224 16.0 3748
1671590993247 19.0 3771
1671591007344 19.75 3794
1671591021560 21.5 3817
1671591035787 20.0 3840
1671591050150 21.5 3863
1671591064195 19.75 3886
1671591078145 19.5 3909
1671591092357 21.25 3932
1671591106582 19.75 3955
1671591120547 19.75 3978
1671591134632 21.0 4001
1671591149051 19.75 4024
1671591163169 19.25 4047
1671591177324 21.25 4070
1671591191444 21.5 4093
1671591205668 19.5 4116
1671591219742 19.5 4139
1671591233882 21.25 4162
1671591248041 19.0 4185
1671591261972 18.5 4208
1671591276252 21.25 4231
1671591290423 21.5 4254
1671591304695 21.5 4277
1671591319156 19.75 4300
1671591333275 21.5 4323
1671591347274 21.5 4346
1671591361262 19.75 4369
1671591375682 19.25 4392
1671591390095 19.5 4415
1671591404264 20.0 4438
1671591418505 19.75 4461
1671591432557 21.25 4484
1671591446727 21.5 4507
1671591460915 21.5 4530
1671591475053 18.5 4553
1671591489093 19.25 4576
1671591503102 21.5 4599
1671591517332 21.5 4622
1671591531634 19.75 4645
1671591546094 18.75 4668
1671591560390 19.25 4691
1671591574426 19.75 4714
1671591588719 19.25 4737
1671591602864 21.0 4760
1671591616999 19.75 4783
1671591631288 19.0 4806
1671591645744 21.0 4829
1671591659938 19.5 4852
1671591674023 19.5 4875
1671591688097 18.5 4898
1671591702681 19.0 4921
1671591716974 19.25 4944
1671591731288 20.25 4967
1671591745522 19.25 4990
1671591759871 21.5 5013
1671591774102 19.0 5036
1671591788291 18.5 5059
1671591802666 21.0 5082
1671591816678 15.75 5105
1671591830879 16.5 5128
1671591845090 19.5 5151
1671591859434 19.5 5174
1671591873839 19.5 5197
1671591887941 19.5 5220
1671591901950 21.25 5243
1671591916378 16.75 5266
1671591930596 21.0 5289
1671591944699 21.5 5312
1671591959127 21.25 5335
1671591973566 21.25 5358
1671591987920 21.25 5381
1671592002302 21.25 5404
1671592016738 21.5 5427
1671592031012 19.5 5450
1671592045298 20.25 5473
1671592059723 19.5 5496
1671592074064 16.5 5519
1671592088461 19.0 5542
1671592102931 16.75 5565
1671592117310 19.25 5588
1671592131704 19.25 5611
1671592146305 20.0 5634
1671592160569 18.5 5657
1671592174883 18.5 5680
1671592189172 16.75 5703
1671592203527 19.0 5726
1671592217737 19.5 5749
1671592232209 19.5 5772
1671592246448 19.25 5795
1671592260900 19.5 5818
1671592275671 18.5 5841
1671592290068 18.75 5864
1671592304344 21.0 5887
1671592318500 16.75 5910
1671592332790 19.25 5933
1671592346810 19.5 5956
1671592361151 19.25 5979
1671592375312 19.25 6002
1671592389599 16.25 6025
1671592404077 15.75 6048
1671592418390 21.0 6071
1671592432787 19.5 6094
1671592447188 19.5 6117
1671592461378 21.0 6140
1671592475759 21.25 6163
1671592490000 18.75 6186
1671592504044 18.5 6209
1671592518548 19.5 6232
1671592532845 19.75 6255
1671592547174 19.5 6278
1671592561800 18.5 6301
1671592576169 18.5 6324
1671592590255 16.25 6347
1671592604531 19.0 6370
1671592618822 18.75 6393
1671592633118 18.5 6416
1671592647423 19.5 6439
1671592661757 18.5 6462
1671592676020 18.5 6485
1671592690328 19.5 6508
1671592704571 19.0 6531
1671592718895 18.5 6554
1671592733162 19.5 6577
1671592747555 19.5 6600
1671592761552 21.25 6623
1671592775595 20.5 6646
1671592789982 21.0 6669
1671592804213 21.25 6692
1671592818348 18.5 6715
1671592832552 16.25 6738
1671592846762 18.5 6761
1671592861119 21.25 6784
1671592875251 20.75 6807
1671592889586 15.25 6830
1671592903897 16.0 6853
1671592918161 14.75 6876
1671592932396 19.5 6899
1671592946582 18.75 6922
1671592960747 18.75 6945
1671592975003 19.25 6968
1671592989377 18.5 6991
1671593003562 15.75 7014
1671593017611 16.25 7037
1671593031828 16.25 7060
1671593045907 21.0 7083
1671593060184 18.75 7106
1671593074486 19.5 7129
1671593088807 21.0 7152
1671593103097 15.25 7175
1671593117276 15.0 7198
1671593131573 14.75 7221
1671593145699 19.25 7244
1671593160006 19.25 7267
1671593174488 19.25 7290
1671593189017 15.75 7313
1671593203272 15.0 7336
1671593217319 15.0 7359
1671593231386 18.75 7382
1671593245795 18.75 7405
1671593259933 19.5 7428
1671593274285 19.0 7451
1671593288658 19.75 7474
1671593302958 18.75 7497
1671593317293 19.0 7520
1671593331285 19.0 7543
1671593345649 19.5 7566
1671593359891 21.0 7589
1671593373982 14.25 7612
1671593387997 18.25 7635
1671593402158 19.5 7658
1671593416332 15.25 7681
1671593430353 19.5 7704
1671593444771 15.0 7727
1671593459189 18.0 7750
1671593473662 19.5 7773
1671593487721 21.0 7796
1671593502001 19.5 7819
1671593515961 19.5 7842
1671593530289 20.75 7865
1671593544470 16.0 7888
1671593558781 18.5 7911
1671593572855 19.5 7934
1671593587024 15.5 7957
1671593601093 19.25 7980
1671593615108 21.0 8003
1671593629465 19.5 8026
1671593643717 16.5 8049
1671593658017 20.0 8072
1671593672055 15.5 8095
1671593686247 16.0 8118
1671593700477 18.75 8141
1671593714946 14.75 8164
1671593728989 15.5 8187
1671593743275 16.0 8210
1671593757425 19.25 8233
1671593771999 18.75 8256
1671593786171 15.0 8279
1671593800552 19.5 8302
1671593814861 19.25 8325
1671593829179 18.75 8348
1671593843315 19.5 8371
1671593857504 19.5 8394
1671593871714 19.5 8417
1671593885840 19.75 8440
1671593900022 14.5 8463
1671593914256 19.5 8486
1671593928673 19.0 8509
1671593942790 18.75 8532
1671593957179 19.0 8555
1671593971270 15.25 8578
1671593985384 15.75 8601
1671593999680 11.25 8624
1671594013958 19.0 8647
1671594028409 19.5 8670
1671594042394 13.75 8693
1671594056740 18.75 8716
1671594071120 19.5 8739
1671594085276 15.25 8762
1671594099539 15.5 8785
1671594113789 21.0 8808
1671594127862 19.25 8831
1671594142009 13.5 8854
1671594156213 15.75 8877
1671594170592 18.5 8900
1671594184897 12.0 8923
1671594199119 16.25 8946
1671594213491 17.5 8969
1671594227773 19.5 8992
1671594242161 16.25 9015
1671594256618 21.25 9038
1671594270800 21.25 9061
1671594285110 19.25 9084
1671594299407 21.0 9107
1671594313622 16.5 9130
1671594327925 21.25 9153
1671594342443 18.0 9176
1671594356716 19.5 9199
1671594371081 19.0 9222
1671594385800 17.75 9245
1671594399985 14.25 9268
1671594414162 17.5 9291
1671594428397 19.0 9314
1671594442807 19.0 9337
1671594456979 18.75 9360
1671594471285 18.5 9383
1671594485517 16.5 9406
1671594499958 18.25 9429
1671594514263 18.75 9452
1671594528876 11.25 9475
1671594543210 16.0 9498
1671594557288 18.25 9521
1671594571395 18.0 9544
1671594585738 19.75 9567
1671594599960 16.25 9590
1671594614228 18.5 9613
1671594628564 19.0 9636
1671594642768 17.75 9659
1671594657050 19.5 9682
1671594671454 19.0 9705
1671594685658 12.5 9728
1671594700127 16.0 9751
1671594714299 16.25 9774
1671594728649 14.5 9797
1671594743052 15.25 9820
1671594757334 11.75 9843
1671594771872 15.75 9866
1671594786368 16.5 9889
1671594800598 17.75 9912
1671594814786 18.25 9935
1671594829218 18.25 9958
1671594843484 12.75 9981
1671594857765 14.0 10004
1671594872183 14.25 10027
1671594886512 19.0 10050
1671594900645 16.0 10073
1671594914948 19.5 10096
1671594929355 18.0 10119
1671594943812 11.5 10142
1671594957880 13.0 10165
1671594972089 18.5 10188
1671594986293 13.0 10211
1671595000630 16.75 10234
1671595015240 13.5 10257
1671595029652 19.0 10280
1671595043925 21.25 10303
1671595058141 21.25 10326
1671595072542 21.0 10349
1671595086574 21.0 10372
1671595100752 19.75 10395
1671595115129 18.0 10418
1671595129403 18.25 10441
1671595143872 18.5 10464
1671595157931 17.5 10487
1671595172260 17.0 10510
1671595186749 19.0 10533
1671595201035 17.5 10556
1671595215299 19.0 10579
1671595229731 19.0 10602
1671595243892 19.25 10625
1671595257978 17.75 10648
1671595272434 19.0 10671
1671595286728 19.5 10694
1671595300798 16.75 10717
1671595314968 19.0 10740
1671595329331 20.75 10763
1671595343585 18.0 10786
1671595358135 17.5 10809
1671595372447 16.0 10832
1671595387198 10.75 10855
1671595401784 17.25 10878
1671595416431 19.5 10901
1671595430694 21.25 10924
1671595445051 16.5 10947
1671595459652 18.25 10970
1671595474498 17.75 10993
1671595488782 21.25 11016
1671595503014 21.0 11039
1671595517557 21.0 11062
1671595531915 19.25 11085
1671595546541 16.0 11108
1671595560779 16.75 11131
1671595575081 18.0 11154
1671595589381 18.75 11177
1671595603435 18.25 11200
1671595617810 17.25 11223
1671595632014 17.75 11246
1671595646320 18.0 11269
1671595660578 15.75 11292
1671595674979 16.25 11315
1671595689284 19.5 11338
1671595703760 19.0 11361
1671595718081 18.25 11384
1671595732264 11.25 11407
1671595746586 18.75 11430
1671595760862 18.0 11453
1671595775081 14.0 11476
1671595789370 16.75 11499
