1671588678849 0.0 22
1671588692647 0.0 45
1671588706707 5.0 68
1671588720761 2.25 91
1671588734622 2.25 114
1671588748600 2.25 137
1671588762731 5.0 160
1671588777205 0.0 183
1671588791211 0.0 206
1671588805266 0.0 229
1671588819463 2.25 252
1671588833729 2.25 275
1671588847891 0.0 298
1671588862021 2.25 321
1671588876182 2.25 344
1671588890382 2.25 367
1671588904458 2.25 390
1671588918544 2.25 413
1671588932697 2.25 436
1671588946877 0.25 459
1671588961049 0.0 482
1671588974891 2.25 505
1671588988852 0.0 528
1671589002866 0.25 551
1671589017044 0.25 574
1671589031260 2.25 597
1671589045451 0.0 620
1671589059667 0.0 643
1671589073842 0.0 666
1671589088059 2.25 689
1671589102140 0.0 712
1671589116407 0.0 735
1671589130629 2.25 758
1671589144711 0.0 781
1671589158764 0.0 804
1671589172886 2.5 827
1671589187129 2.25 850
1671589201018 0.25 873
1671589215071 0.0 896
1671589229093 2.25 919
1671589243304 2.0 942
1671589257400 0.0 965
1671589271865 0.0 988
1671589286435 0.0 1011
1671589300581 0.0 1034
1671589314790 0.0 1057
1671589329018 0.0 1080
1671589343173 0.0 1103
1671589357457 0.0 1126
1671589371793 0.0 1149
1671589386016 0.0 1172
1671589400347 2.0 1195
1671589414499 0.25 1218
1671589428809 0.0 1241
1671589443209 0.0 1264
1671589457269 0.0 1287
1671589471692 0.0 1310
1671589485802 0.0 1333
1671589500058 0.0 1356
1671589514282 0.0 1379
1671589528540 0.0 1402
1671589542657 0.0 1425
1671589556811 0.0 1448
1671589571027 0.0 1471
1671589585345 0.0 1494
1671589599580 2.25 1517
1671589614369 0.25 1540
1671589628557 0.25 1563
1671589642717 0.5 1586
1671589657033 2.25 1609
1671589671124 2.0 1632
1671589685272 2.25 1655
1671589699301 0.0 1678
1671589713354 0.0 1701
1671589727815 0.0 1724
1671589742147 2.25 1747
1671589756457 0.0 1770
1671589770780 0.5 1793
1671589784974 0.5 1816
1671589799463 2.5 1839
1671589813683 0.25 1862
1671589828137 0.25 1885
1671589842424 0.25 1908
1671589856610 0.25 1931
1671589870734 0.25 1954
1671589884895 0.25 1977
1671589899205 0.25 2000
1671589913178 0.25 2023
1671589927457 0.25 2046
1671589941611 1.25 2069
1671589956116 0.25 2092
1671589970374 0.25 2115
1671589984741 0.25 2138
1671589998815 0.25 2161
1671590012903 2.5 2184
1671590027218 0.5 2207
1671590041232 0.25 2230
1671590055595 0.25 2253
1671590069780 0.25 2276
1671590083718 0.25 2299
1671590097777 0.5 2322
1671590112051 0.25 2345
1671590126383 0.5 2368
1671590140581 0.25 2391
1671590154789 0.25 2414
1671590169037 0.25 2437
1671590183024 1.5 2460
1671590197136 0.5 2483
1671590211284 0.25 2506
1671590225272 2.5 2529
1671590239643 3.25 2552
1671590253997 0.5 2575
1671590268195 2.5 2598
1671590282303 0.5 2621
1671590296601 0.5 2644
1671590310931 0.5 2667
1671590325230 0.5 2690
1671590339633 1.0 2713
1671590353703 0.5 2736
1671590367854 0.75 2759
1671590382161 0.5 2782
1671590396303 0.5 2805
1671590410288 0.5 2828
1671590424553 0.5 2851
1671590438606 0.5 2874
1671590452649 0.5 2897
1671590466934 0.5 2920
1671590481280 0.5 2943
1671590495519 2.25 2966
1671590510072 0.5 2989
1671590524381 2.5 3012
1671590538525 0.5 3035
1671590552577 0.5 3058
1671590566652 0.5 3081
1671590580914 1.25 3104
1671590595100 2.5 3127
1671590609458 2.5 3150
1671590623675 2.5 3173
1671590637995 0.5 3196
1671590651947 0.75 3219
1671590666090 2.5 3242
1671590680398 0.5 3265
1671590694556 2.5 3288
1671590708990 2.5 3311
1671590723150 0.5 3334
1671590737245 2.25 3357
1671590751345 2.75 3380
1671590765641 2.5 3403
1671590779884 0.5 3426
1671590794267 0.5 3449
1671590808513 0.5 3472
1671590822832 0.5 3495
1671590837076 2.25 3518
1671590851524 0.5 3541
1671590865725 0.5 3564
1671590880122 2.5 3587
1671590894407 5.0 3610
1671590908396 0.5 3633
1671590922414 2.25 3656
1671590936567 0.25 3679
1671590950841 0.5 3702
1671590964943 2.25 3725
1671590979224 6.0 3748
1671590993247 3.0 3771
1671591007344 2.25 3794
1671591021560 0.5 3817
1671591035787 2.0 3840
1671591050150 0.5 3863
1671591064195 2.25 3886
1671591078145 2.5 3909
1671591092357 0.75 3932
1671591106582 2.25 3955
1671591120547 2.25 3978
1671591134632 1.0 4001
1671591149051 2.25 4024
1671591163169 2.75 4047
1671591177324 0.75 4070
1671591191444 0.5 4093
1671591205668 2.5 4116
1671591219742 2.5 4139
1671591233882 0.75 4162
1671591248041 3.0 4185
1671591261972 3.5 4208
1671591276252 0.75 4231
1671591290423 0.5 4254
1671591304695 0.5 4277
1671591319156 2.25 4300
1671591333275 0.5 4323
1671591347274 0.5 4346
1671591361262 2.25 4369
1671591375682 2.75 4392
1671591390095 2.5 4415
1671591404264 2.0 4438
1671591418505 2.25 4461
1671591432557 0.75 4484
1671591446727 0.5 4507
1671591460915 0.5 4530
1671591475053 3.5 4553
1671591489093 2.75 4576
1671591503102 0.5 4599
1671591517332 0.5 4622
1671591531634 2.25 4645
1671591546094 3.25 4668
1671591560390 2.75 4691
1671591574426 2.25 4714
1671591588719 2.75 4737
1671591602864 1.0 4760
1671591616999 2.25 4783
1671591631288 3.0 4806
1671591645744 1.0 4829
1671591659938 2.5 4852
1671591674023 2.5 4875
1671591688097 3.5 4898
1671591702681 3.0 4921
1671591716974 2.75 4944
1671591731288 1.75 4967
1671591745522 2.75 4990
1671591759871 0.5 5013
1671591774102 3.0 5036
1671591788291 3.5 5059
1671591802666 1.0 5082
1671591816678 6.25 5105
1671591830879 5.5 5128
1671591845090 2.5 5151
1671591859434 2.5 5174
1671591873839 2.5 5197
1671591887941 2.5 5220
1671591901950 0.75 5243
1671591916378 5.25 5266
1671591930596 1.0 5289
1671591944699 0.5 5312
1671591959127 0.75 5335
1671591973566 0.75 5358
1671591987920 0.75 5381
1671592002302 0.75 5404
1671592016738 0.5 5427
1671592031012 2.5 5450
1671592045298 1.75 5473
1671592059723 2.5 5496
1671592074064 5.5 5519
1671592088461 3.0 5542
1671592102931 5.25 5565
1671592117310 2.75 5588
1671592131704 2.75 5611
1671592146305 2.0 5634
1671592160569 3.5 5657
1671592174883 3.5 5680
1671592189172 5.25 5703
1671592203527 3.0 5726
1671592217737 2.5 5749
1671592232209 2.5 5772
1671592246448 2.75 5795
1671592260900 2.5 5818
1671592275671 3.5 5841
1671592290068 3.25 5864
1671592304344 1.0 5887
1671592318500 5.25 5910
1671592332790 2.75 5933
1671592346810 2.5 5956
1671592361151 2.75 5979
1671592375312 2.75 6002
1671592389599 5.75 6025
1671592404077 6.25 6048
1671592418390 1.0 6071
1671592432787 2.5 6094
1671592447188 2.5 6117
1671592461378 1.0 6140
1671592475759 0.75 6163
1671592490000 3.25 6186
1671592504044 3.5 6209
1671592518548 2.5 6232
1671592532845 2.25 6255
1671592547174 2.5 6278
1671592561800 3.5 6301
1671592576169 3.5 6324
1671592590255 5.75 6347
1671592604531 3.0 6370
1671592618822 3.25 6393
1671592633118 3.5 6416
1671592647423 2.5 6439
1671592661757 3.5 6462
1671592676020 3.5 6485
1671592690328 2.5 6508
1671592704571 3.0 6531
1671592718895 3.5 6554
1671592733162 2.5 6577
1671592747555 2.5 6600
1671592761552 0.75 6623
1671592775595 1.5 6646
1671592789982 1.0 6669
1671592804213 0.75 6692
1671592818348 3.5 6715
1671592832552 5.75 6738
1671592846762 3.5 6761
1671592861119 0.75 6784
1671592875251 1.25 6807
1671592889586 6.75 6830
1671592903897 6.0 6853
1671592918161 7.25 6876
1671592932396 2.5 6899
1671592946582 3.25 6922
1671592960747 3.25 6945
1671592975003 2.75 6968
1671592989377 3.5 6991
1671593003562 6.25 7014
1671593017611 5.75 7037
1671593031828 5.75 7060
1671593045907 1.0 7083
1671593060184 3.25 7106
1671593074486 2.5 7129
1671593088807 1.0 7152
1671593103097 6.75 7175
1671593117276 7.0 7198
1671593131573 7.25 7221
1671593145699 2.75 7244
1671593160006 2.75 7267
1671593174488 2.75 7290
1671593189017 6.25 7313
1671593203272 7.0 7336
1671593217319 7.0 7359
1671593231386 3.25 7382
1671593245795 3.25 7405
1671593259933 2.5 7428
1671593274285 3.0 7451
1671593288658 2.25 7474
1671593302958 3.25 7497
1671593317293 3.0 7520
1671593331285 3.0 7543
1671593345649 2.5 7566
1671593359891 1.0 7589
1671593373982 7.75 7612
1671593387997 3.75 7635
1671593402158 2.5 7658
1671593416332 6.75 7681
1671593430353 2.5 7704
1671593444771 7.0 7727
1671593459189 4.0 7750
1671593473662 2.5 7773
1671593487721 1.0 7796
1671593502001 2.5 7819
1671593515961 2.5 7842
1671593530289 1.25 7865
1671593544470 6.0 7888
1671593558781 3.5 7911
1671593572855 2.5 7934
1671593587024 6.5 7957
1671593601093 2.75 7980
1671593615108 1.0 8003
1671593629465 2.5 8026
1671593643717 5.5 8049
1671593658017 2.0 8072
1671593672055 6.5 8095
1671593686247 6.0 8118
1671593700477 3.25 8141
1671593714946 7.25 8164
1671593728989 6.5 8187
1671593743275 6.0 8210
1671593757425 2.75 8233
1671593771999 3.25 8256
1671593786171 7.0 8279
1671593800552 2.5 8302
1671593814861 2.75 8325
1671593829179 3.25 8348
1671593843315 2.5 8371
1671593857504 2.5 8394
1671593871714 2.5 8417
1671593885840 2.25 8440
1671593900022 7.5 8463
1671593914256 2.5 8486
1671593928673 3.0 8509
1671593942790 3.25 8532
1671593957179 3.0 8555
1671593971270 6.75 8578
1671593985384 6.25 8601
1671593999680 10.75 8624
1671594013958 3.0 8647
1671594028409 2.5 8670
1671594042394 8.25 8693
1671594056740 3.25 8716
1671594071120 2.5 8739
1671594085276 6.75 8762
1671594099539 6.5 8785
1671594113789 1.0 8808
1671594127862 2.75 8831
1671594142009 8.5 8854
1671594156213 6.25 8877
1671594170592 3.5 8900
1671594184897 10.0 8923
1671594199119 5.75 8946
1671594213491 4.5 8969
1671594227773 2.5 8992
1671594242161 5.75 9015
1671594256618 0.75 9038
1671594270800 0.75 9061
1671594285110 2.75 9084
1671594299407 1.0 9107
1671594313622 5.5 9130
1671594327925 0.75 9153
1671594342443 4.0 9176
1671594356716 2.5 9199
1671594371081 3.0 9222
1671594385800 4.25 9245
1671594399985 7.75 9268
1671594414162 4.5 9291
1671594428397 3.0 9314
1671594442807 3.0 9337
1671594456979 3.25 9360
1671594471285 3.5 9383
1671594485517 5.5 9406
1671594499958 3.75 9429
1671594514263 3.25 9452
1671594528876 10.75 9475
1671594543210 6.0 9498
1671594557288 3.75 9521
1671594571395 4.0 9544
1671594585738 2.25 9567
1671594599960 5.75 9590
1671594614228 3.5 9613
1671594628564 3.0 9636
1671594642768 4.25 9659
1671594657050 2.5 9682
1671594671454 3.0 9705
1671594685658 9.5 9728
1671594700127 6.0 9751
1671594714299 5.75 9774
1671594728649 7.5 9797
1671594743052 6.75 9820
1671594757334 10.25 9843
1671594771872 6.25 9866
1671594786368 5.5 9889
1671594800598 4.25 9912
1671594814786 3.75 9935
1671594829218 3.75 9958
1671594843484 9.25 9981
1671594857765 8.0 10004
1671594872183 7.75 10027
1671594886512 3.0 10050
1671594900645 6.0 10073
1671594914948 2.5 10096
1671594929355 4.0 10119
1671594943812 10.5 10142
1671594957880 9.0 10165
1671594972089 3.5 10188
1671594986293 9.0 10211
1671595000630 5.25 10234
1671595015240 8.5 10257
1671595029652 3.0 10280
1671595043925 0.75 10303
1671595058141 0.75 10326
1671595072542 1.0 10349
1671595086574 1.0 10372
1671595100752 2.25 10395
1671595115129 4.0 10418
1671595129403 3.75 10441
1671595143872 3.5 10464
1671595157931 4.5 10487
1671595172260 5.0 10510
1671595186749 3.0 10533
1671595201035 4.5 10556
1671595215299 3.0 10579
1671595229731 3.0 10602
1671595243892 2.75 10625
1671595257978 4.25 10648
1671595272434 3.0 10671
1671595286728 2.5 10694
1671595300798 5.25 10717
1671595314968 3.0 10740
1671595329331 1.25 10763
1671595343585 4.0 10786
1671595358135 4.5 10809
1671595372447 6.0 10832
1671595387198 11.25 10855
1671595401784 4.75 10878
1671595416431 2.5 10901
1671595430694 0.75 10924
1671595445051 5.5 10947
1671595459652 3.75 10970
1671595474498 4.25 10993
1671595488782 0.75 11016
1671595503014 1.0 11039
1671595517557 1.0 11062
1671595531915 2.75 11085
1671595546541 6.0 11108
1671595560779 5.25 11131
1671595575081 4.0 11154
1671595589381 3.25 11177
1671595603435 3.75 11200
1671595617810 4.75 11223
1671595632014 4.25 11246
1671595646320 4.0 11269
1671595660578 6.25 11292
1671595674979 5.75 11315
1671595689284 2.5 11338
1671595703760 3.0 11361
1671595718081 3.75 11384
1671595732264 10.75 11407
1671595746586 3.25 11430
1671595760862 4.0 11453
1671595775081 8.0 11476
1671595789370 5.25 11499
