1671588681733 0.5886736512184143 22
1671588695819 0.5420634746551514 45
1671588709775 0.5322840809822083 68
1671588723910 0.5451170206069946 91
1671588737786 0.5514124631881714 114
1671588751731 0.5503632426261902 137
1671588765896 0.5355932116508484 160
1671588780333 0.5390638113021851 183
1671588794435 0.5538606643676758 206
1671588808481 0.5534705519676208 229
1671588822700 0.5434356331825256 252
1671588836874 0.5598735213279724 275
1671588851056 0.5414178967475891 298
1671588865167 0.5525019764900208 321
1671588879341 0.5661420822143555 344
1671588893543 0.5476190447807312 367
1671588907669 0.5585687756538391 390
1671588921643 0.5498385429382324 413
1671588936001 0.557990312576294 436
1671588949978 0.5358084440231323 459
1671588964146 0.5494619607925415 482
1671588977976 0.551869809627533 505
1671588992074 0.551358699798584 528
1671589006076 0.5605461597442627 551
1671589020261 0.550309419631958 574
1671589034322 0.5498386025428772 597
1671589048565 0.555394172668457 620
1671589062857 0.5565375089645386 643
1671589077038 0.5507667660713196 666
1671589091257 0.5508340001106262 689
1671589105302 0.5447403788566589 712
1671589119602 0.5605326890945435 735
1671589133767 0.5470002293586731 758
1671589147874 0.555259644985199 781
1671589161892 0.5507398247718811 804
1671589176170 0.5496771335601807 827
1671589190221 0.5606133937835693 850
1671589204127 0.5495022535324097 873
1671589218252 0.5369518399238586 896
1671589232202 0.5461797118186951 919
1671589246462 0.5441888570785522 942
1671589260566 0.5373554229736328 965
1671589275058 0.569155216217041 988
1671589289571 0.5423325300216675 1011
1671589303818 0.5521253347396851 1034
1671589317946 0.5499327778816223 1057
1671589332144 0.5672988891601562 1080
1671589346380 0.5399650931358337 1103
1671589360644 0.5622679591178894 1126
1671589374919 0.5714420676231384 1149
1671589389247 0.5643529891967773 1172
1671589403490 0.5566451549530029 1195
1671589417725 0.5581517219543457 1218
1671589431950 0.5620527267456055 1241
1671589446353 0.5490987300872803 1264
1671589460453 0.5492870807647705 1287
1671589474815 0.5702313780784607 1310
1671589489016 0.5767419934272766 1333
1671589503371 0.5714420676231384 1356
1671589517503 0.556255042552948 1379
1671589531708 0.5768361687660217 1402
1671589545793 0.5682135820388794 1425
1671589560015 0.567984938621521 1448
1671589574156 0.5584208369255066 1471
1671589588505 0.5507802367210388 1494
1671589602955 0.5805219411849976 1517
1671589617594 0.5721818804740906 1540
1671589631668 0.5729216933250427 1563
1671589645949 0.5590261220932007 1586
1671589660184 0.5812617540359497 1609
1671589674287 0.5636938810348511 1632
1671589688351 0.5818939805030823 1655
1671589702436 0.5578423738479614 1678
1671589716619 0.5608016848564148 1701
1671589731004 0.5587167739868164 1724
1671589745340 0.577724039554596 1747
1671589759608 0.5627522468566895 1770
1671589773971 0.5854049324989319 1793
1671589788125 0.5708367228507996 1816
1671589802644 0.5691820383071899 1839
1671589816869 0.5765671133995056 1862
1671589831335 0.5836158394813538 1885
1671589845558 0.5710788369178772 1908
1671589859778 0.5894134640693665 1931
1671589873931 0.5609631538391113 1954
1671589888037 0.5814635157585144 1977
1671589902326 0.5599408149719238 2000
1671589916374 0.5605461597442627 2023
1671589930578 0.592615008354187 2046
1671589944816 0.5676755905151367 2069
1671589959211 0.5798493027687073 2092
1671589973611 0.5709174871444702 2115
1671589987887 0.55777508020401 2138
1671590001963 0.5826472640037537 2161
1671590016124 0.5834275484085083 2184
1671590030389 0.5765402317047119 2207
1671590044520 0.5822303295135498 2230
1671590058707 0.5513720512390137 2253
1671590072903 0.5674334168434143 2276
1671590086840 0.5710250735282898 2299
1671590100931 0.5687516927719116 2322
1671590115303 0.5931665301322937 2345
1671590129640 0.5616222620010376 2368
1671590143961 0.5686843991279602 2391
1671590157926 0.5715765953063965 2414
1671590172134 0.5827279686927795 2437
1671590186125 0.5805488228797913 2460
1671590200345 0.5808044075965881 2483
1671590214430 0.5893597602844238 2506
1671590228402 0.5918347835540771 2529
1671590243011 0.5614339709281921 2552
1671590257254 0.5845036506652832 2575
1671590271308 0.5840597152709961 2598
1671590285497 0.5875437259674072 2621
1671590299802 0.600955069065094 2644
1671590314070 0.5814231634140015 2667
1671590328429 0.5770513415336609 2690
1671590342860 0.5643125772476196 2713
1671590356895 0.5906645059585571 2736
1671590371021 0.594659686088562 2759
1671590385291 0.5856873989105225 2782
1671590399424 0.571025013923645 2805
1671590413488 0.5828624963760376 2828
1671590427753 0.5833736658096313 2851
1671590441650 0.5729082822799683 2874
1671590455820 0.5784369111061096 2897
1671590470046 0.5769303441047668 2920
1671590484497 0.5636938810348511 2943
1671590498682 0.595359206199646 2966
1671590513191 0.5760425329208374 2989
1671590527569 0.5879876017570496 3012
1671590541637 0.5654963254928589 3035
1671590555671 0.5796476006507874 3058
1671590569757 0.5752623081207275 3081
1671590584038 0.5890772342681885 3104
1671590598311 0.595829963684082 3127
1671590612611 0.5701775550842285 3150
1671590626766 0.5792709589004517 3173
1671590641169 0.5864138007164001 3196
1671590655199 0.5677562355995178 3219
1671590669256 0.5878665447235107 3242
1671590683486 0.5804278254508972 3265
1671590697778 0.5717244744300842 3288
1671590712154 0.5868711471557617 3311
1671590726341 0.5993543267250061 3334
1671590740415 0.5742400288581848 3357
1671590754455 0.5931396484375 3380
1671590768742 0.5893194079399109 3403
1671590783026 0.5723029375076294 3426
1671590797411 0.5848129987716675 3449
1671590811787 0.573890209197998 3472
1671590826040 0.5857008099555969 3495
1671590840276 0.5903148055076599 3518
1671590854701 0.5830104947090149 3541
1671590868921 0.5755178928375244 3564
1671590883412 0.5826607346534729 3587
1671590897542 0.5721818804740906 3610
1671590911531 0.5828355550765991 3633
1671590925563 0.5853107571601868 3656
1671590939714 0.6006591320037842 3679
1671590954012 0.5917810201644897 3702
1671590968154 0.5815308094024658 3725
1671590982262 0.5827683806419373 3748
1671590996370 0.5708367228507996 3771
1671591010540 0.5979149341583252 3794
1671591024767 0.5816518664360046 3817
1671591039038 0.6037799119949341 3840
1671591053301 0.5896959900856018 3863
1671591067380 0.5953187942504883 3886
1671591081326 0.5769437551498413 3909
1671591095582 0.5791902542114258 3932
1671591109694 0.582095742225647 3955
1671591123759 0.5903282761573792 3978
1671591137726 0.5895615220069885 4001
1671591152285 0.5915658473968506 4024
1671591166311 0.5767285823822021 4047
1671591180408 0.5891848206520081 4070
1671591194607 0.5801721811294556 4093
1671591208786 0.5763787627220154 4116
1671591222948 0.596704363822937 4139
1671591236990 0.5928437113761902 4162
1671591251167 0.5660479068756104 4185
1671591265118 0.5779930353164673 4208
1671591279468 0.5788000822067261 4231
1671591293534 0.6003631949424744 4254
1671591307812 0.5759483575820923 4277
1671591322268 0.5718052983283997 4300
1671591336379 0.5728275179862976 4323
1671591350369 0.5835889577865601 4346
1671591364438 0.5765401721000671 4369
1671591378881 0.5904896855354309 4392
1671591393301 0.5930051207542419 4415
1671591407399 0.5714554190635681 4438
1671591421664 0.58193439245224 4461
1671591435806 0.575450599193573 4484
1671591450009 0.5918483138084412 4507
1671591464132 0.5869922041893005 4530
1671591478227 0.5943772196769714 4553
1671591492182 0.5804412364959717 4576
1671591506303 0.5936374068260193 4599
1671591520602 0.5875168442726135 4622
1671591534793 0.5919962525367737 4645
1671591549203 0.5888485908508301 4668
1671591563466 0.5933548808097839 4691
1671591577668 0.5946730971336365 4714
1671591591876 0.5858891606330872 4737
1671591605871 0.5822975635528564 4760
1671591620205 0.582459032535553 4783
1671591634447 0.5869114995002747 4806
1671591649037 0.5845036506652832 4829
1671591663192 0.5899112224578857 4852
1671591677187 0.5978342890739441 4875
1671591691367 0.5843960642814636 4898
1671591705925 0.5922114253044128 4921
1671591720217 0.6133306622505188 4944
1671591734389 0.5927495360374451 4967
1671591748651 0.5830373764038086 4990
1671591762942 0.5831719040870667 5013
1671591777258 0.6018428802490234 5036
1671591791494 0.589104175567627 5059
1671591805771 0.5725315809249878 5082
1671591819806 0.6004573702812195 5105
1671591834080 0.5700430870056152 5128
1671591848362 0.5769841074943542 5151
1671591862597 0.5862792730331421 5174
1671591877068 0.5904762148857117 5197
1671591891055 0.5835082530975342 5220
1671591905132 0.5865752100944519 5243
1671591919517 0.5828087329864502 5266
1671591933691 0.5820285081863403 5289
1671591947882 0.5938794612884521 5312
1671591962424 0.5666128396987915 5335
1671591976933 0.5789750218391418 5358
1671591991181 0.6061608791351318 5381
1671592005489 0.5989911556243896 5404
1671592019920 0.5759617686271667 5427
1671592034160 0.5805891752243042 5450
1671592048505 0.5963411331176758 5473
1671592062947 0.5881086587905884 5496
1671592077258 0.5920634865760803 5519
1671592091665 0.5926823019981384 5542
1671592106161 0.5829836130142212 5565
1671592120531 0.5884718894958496 5588
1671592134957 0.6031880974769592 5611
1671592149533 0.5926553606987 5634
1671592163692 0.597565233707428 5657
1671592178092 0.6042776703834534 5680
1671592192337 0.5782486200332642 5703
1671592206726 0.5855662822723389 5726
1671592220989 0.5664917826652527 5749
1671592235378 0.5789481401443481 5772
1671592249715 0.5810061693191528 5795
1671592264073 0.5940543413162231 5818
1671592278968 0.5736212134361267 5841
1671592293221 0.5803470611572266 5864
1671592307508 0.5814904570579529 5887
1671592321692 0.6002824902534485 5910
1671592335895 0.603874146938324 5933
1671592350053 0.5850013494491577 5956
1671592364342 0.5792843699455261 5979
1671592378595 0.5966908931732178 6002
1671592392698 0.5869383811950684 6025
1671592407271 0.5771186351776123 6048
1671592421548 0.5746569633483887 6071
1671592435958 0.5882431864738464 6094
1671592450409 0.6044929027557373 6117
1671592464661 0.5866155624389648 6140
1671592478993 0.6015335321426392 6163
1671592493132 0.5993946194648743 6186
1671592507202 0.5770514011383057 6209
1671592521740 0.5944713950157166 6232
1671592536045 0.5811676383018494 6255
1671592550384 0.5921846032142639 6278
1671592565032 0.5941216349601746 6301
1671592579371 0.572719931602478 6324
1671592593382 0.5956954956054688 6347
1671592607889 0.5837503671646118 6370
1671592622020 0.5925208330154419 6393
1671592636331 0.6059994697570801 6416
1671592650645 0.596045196056366 6439
1671592664919 0.5886601805686951 6462
1671592679252 0.5992870330810547 6485
1671592693584 0.5817998647689819 6508
1671592707780 0.6016276478767395 6531
1671592722084 0.5928168296813965 6554
1671592736421 0.6079768538475037 6577
1671592750717 0.5961124897003174 6600
1671592764629 0.5853914618492126 6623
1671592778832 0.5871536135673523 6646
1671592793159 0.5985472798347473 6669
1671592807449 0.5817056894302368 6692
1671592821567 0.6006187796592712 6715
1671592835700 0.5906779766082764 6738
1671592850009 0.5804681181907654 6761
1671592864293 0.5963411331176758 6784
1671592878461 0.5927361249923706 6807
1671592892750 0.5968523621559143 6830
1671592907069 0.5726795792579651 6853
1671592921302 0.5989642143249512 6876
1671592935495 0.5810868740081787 6899
1671592949769 0.5904896855354309 6922
1671592963910 0.5738229751586914 6945
1671592978207 0.5818671584129333 6968
1671592992580 0.5631422996520996 6991
1671593006728 0.6210788488388062 7014
1671593020705 0.6002017855644226 7037
1671593034987 0.6041162610054016 7060
1671593049111 0.6086360216140747 7083
1671593063279 0.6012778878211975 7106
1671593077702 0.6055958867073059 7129
1671593091961 0.6080037951469421 7152
1671593106318 0.5934893488883972 7175
1671593120410 0.597524881362915 7198
1671593134739 0.5959241390228271 7221
1671593148922 0.5797955393791199 7244
1671593163201 0.5843825936317444 7267
1671593177699 0.5925881266593933 7290
1671593192146 0.5858488082885742 7313
1671593206483 0.596354603767395 7336
1671593220519 0.5884718894958496 7359
1671593234564 0.6043853163719177 7382
1671593248977 0.6071832180023193 7405
1671593263096 0.6010761260986328 7428
1671593277465 0.6195454001426697 7451
1671593291921 0.5730831623077393 7474
1671593306179 0.5776835680007935 7497
1671593320407 0.5930858254432678 7520
1671593334423 0.5964487195014954 7543
1671593348812 0.5957357883453369 7566
1671593363076 0.6096583604812622 7589
1671593377204 0.5960586667060852 7612
1671593391079 0.5518159866333008 7635
1671593405283 0.5874630212783813 7658
1671593419514 0.5927630662918091 7681
1671593433418 0.6037260890007019 7704
1671593447994 0.5998385548591614 7727
1671593462363 0.5897632241249084 7750
1671593476878 0.590274453163147 7773
1671593490848 0.5992063879966736 7796
1671593505164 0.6073715090751648 7819
1671593519192 0.5912563800811768 7842
1671593533502 0.594525158405304 7865
1671593547663 0.6111111640930176 7888
1671593561995 0.58856600522995 7911
1671593576096 0.574764609336853 7934
1671593590248 0.6027172803878784 7957
1671593604226 0.5969464778900146 7980
1671593618293 0.602515459060669 8003
1671593632759 0.6114071011543274 8026
1671593646937 0.5916599631309509 8049
1671593661126 0.5784369707107544 8072
1671593675188 0.5906376242637634 8095
1671593689422 0.5922249555587769 8118
1671593703728 0.596879243850708 8141
1671593718163 0.6073042750358582 8164
1671593732155 0.6059994697570801 8187
1671593746503 0.6121065616607666 8210
1671593760540 0.6113263368606567 8233
1671593775196 0.6017756462097168 8256
1671593789387 0.5857142806053162 8279
1671593803790 0.5913774967193604 8302
1671593818075 0.5922653079032898 8325
1671593832353 0.5883238911628723 8348
1671593846441 0.6070352792739868 8371
1671593860642 0.5960586667060852 8394
1671593874842 0.5644471645355225 8417
1671593889061 0.5969734191894531 8440
1671593903209 0.5950093865394592 8463
1671593917461 0.5812482833862305 8486
1671593931834 0.6074926257133484 8509
1671593946005 0.6045870184898376 8532
1671593960376 0.5868711471557617 8555
1671593974421 0.5766478776931763 8578
1671593988504 0.6050847172737122 8601
1671594002906 0.6104923486709595 8624
1671594017132 0.5913505554199219 8647
1671594031682 0.5930858254432678 8670
1671594045604 0.6147162318229675 8693
1671594060002 0.5821899771690369 8716
1671594074316 0.6000807881355286 8739
1671594088356 0.606914222240448 8762
1671594102752 0.5836158394813538 8785
1671594116970 0.5934086441993713 8808
1671594131028 0.5937718749046326 8831
1671594145174 0.5779526829719543 8854
1671594159308 0.5916330814361572 8877
1671594173793 0.5971348285675049 8900
1671594188079 0.5973634719848633 8923
1671594202463 0.5883104801177979 8946
1671594216703 0.5925343632698059 8969
1671594231002 0.5966101884841919 8992
1671594245411 0.5804815888404846 9015
1671594259821 0.607734739780426 9038
1671594274003 0.6034840941429138 9061
1671594288283 0.5984933972358704 9084
1671594302649 0.6000134348869324 9107
1671594316873 0.5750605463981628 9130
1671594331079 0.6058918833732605 9153
1671594345731 0.5928975343704224 9176
1671594359915 0.5997040271759033 9199
1671594374333 0.6184826493263245 9222
1671594388915 0.6081652045249939 9245
1671594403189 0.6088243126869202 9268
1671594417343 0.5935028195381165 9291
1671594431600 0.5989776849746704 9314
1671594445977 0.6095507144927979 9337
1671594460202 0.579190194606781 9360
1671594474519 0.5861851572990417 9383
1671594488672 0.5770648717880249 9406
1671594503150 0.5931261777877808 9429
1671594517489 0.6030939221382141 9452
1671594532088 0.608784019947052 9475
1671594546357 0.6038740873336792 9498
1671594560414 0.6085956692695618 9521
1671594574600 0.5875974893569946 9544
1671594589007 0.6134651303291321 9567
1671594603255 0.6015200614929199 9590
1671594617399 0.596394956111908 9613
1671594631832 0.6202313303947449 9636
1671594645957 0.5925881266593933 9659
1671594660263 0.6130885481834412 9682
1671594674659 0.6020446419715881 9705
1671594688789 0.5813289880752563 9728
1671594703324 0.5937315225601196 9751
1671594717538 0.6114071011543274 9774
1671594731900 0.6154695153236389 9797
1671594746320 0.5893058776855469 9820
1671594760534 0.6005380749702454 9843
1671594775115 0.5943233966827393 9866
1671594789579 0.6060532927513123 9889
1671594803846 0.6107614040374756 9912
1671594818030 0.5863599181175232 9935
1671594832471 0.5964890718460083 9958
1671594846784 0.5888620018959045 9981
1671594860989 0.6076136827468872 10004
1671594875419 0.6023539900779724 10027
1671594889740 0.5896825194358826 10050
1671594903893 0.606550931930542 10073
1671594918196 0.5932607054710388 10096
1671594932580 0.5911353230476379 10119
1671594947002 0.610949695110321 10142
1671594961056 0.5849206447601318 10165
1671594975351 0.6089454293251038 10188
1671594989399 0.6107075810432434 10211
1671595003849 0.6255986094474792 10234
1671595018467 0.6012914180755615 10257
1671595032883 0.6141781210899353 10280
1671595047142 0.6195454001426697 10303
1671595061372 0.6046005487442017 10326
1671595075749 0.6018832325935364 10349
1671595089750 0.6115550398826599 10372
1671595103950 0.5877186059951782 10395
1671595118408 0.6031073927879333 10418
1671595132612 0.6185094714164734 10441
1671595147022 0.6027845144271851 10464
1671595161183 0.5881490707397461 10487
1671595175481 0.6135863065719604 10510
1671595189992 0.622249186038971 10533
1671595204266 0.6123217344284058 10556
1671595218583 0.5680252909660339 10579
1671595232914 0.5748453140258789 10602
1671595247040 0.583763837814331 10625
1671595261135 0.6013451814651489 10648
1671595275586 0.606214702129364 10671
1671595289842 0.6165321469306946 10694
1671595303988 0.5815173983573914 10717
1671595318154 0.605340301990509 10740
1671595332559 0.59839928150177 10763
1671595346777 0.6037126779556274 10786
1671595361367 0.6140973567962646 10809
1671595375675 0.6149717569351196 10832
1671595390428 0.6123756170272827 10855
1671595405017 0.6101291179656982 10878
1671595419630 0.5995965003967285 10901
1671595433890 0.5944579243659973 10924
1671595448167 0.619114875793457 10947
1671595463331 0.6044794321060181 10970
1671595477783 0.5770379900932312 10993
1671595492000 0.6048291921615601 11016
1671595506210 0.5986279249191284 11039
1671595520755 0.5740785598754883 11062
1671595535221 0.5918213725090027 11085
1671595549846 0.6169357299804688 11108
1671595564054 0.6169626712799072 11131
1671595578358 0.6017756462097168 11154
1671595592502 0.5863195657730103 11177
1671595606655 0.6016276478767395 11200
1671595620985 0.6126312017440796 11223
1671595635260 0.6146892309188843 11246
1671595649589 0.6047350168228149 11269
1671595663792 0.5913640260696411 11292
1671595678207 0.6163169145584106 11315
1671595692549 0.6088646650314331 11338
1671595706999 0.5846785306930542 11361
1671595721342 0.5915254354476929 11384
1671595735514 0.5900188088417053 11407
1671595749738 0.6022733449935913 11430
1671595764072 0.6027710437774658 11453
1671595778296 0.6009819507598877 11476
1671595792454 0.5978073477745056 11499
