1671588697585 0.5249999761581421 49
1671588726851 0.3583333492279053 99
1671588755816 0.5892857313156128 149
1671588785611 0.5833333134651184 199
1671588814871 0.75 249
1671588852034 0.6000000238418579 299
1671588881415 0.4000000059604645 349
1671588910865 0.6083333492279053 399
1671588940379 0.4761905074119568 449
1671588969629 0.3095238208770752 499
1671588998719 0.5357142686843872 549
1671589035611 0.3750000298023224 599
1671589065211 0.6458333134651184 649
1671589094804 0.6541666984558105 699
1671589124248 0.4583333432674408 749
1671589153689 0.4833333492279053 799
1671589183156 0.5583333373069763 849
1671589219784 0.4928571581840515 899
1671589249175 0.4958333373069763 949
1671589279087 0.550000011920929 999
1671589308765 0.42499998211860657 1049
1671589338299 0.6625000238418579 1099
1671589367709 0.5 1149
1671589405314 0.6053571701049805 1199
1671589435095 0.550000011920929 1249
1671589464666 0.4625000059604645 1299
1671589494273 0.4583333730697632 1349
1671589523898 0.40833336114883423 1399
1671589560926 0.5636904835700989 1449
1671589590633 0.5583333373069763 1499
1671589620845 0.5416666865348816 1549
1671589650343 0.7916666865348816 1599
1671589679870 0.5410714149475098 1649
1671589709119 0.4958333373069763 1699
1671589746607 0.5964285731315613 1749
1671589776518 0.625 1799
1671589806190 0.5916666984558105 1849
1671589836017 0.2839285731315613 1899
1671589865576 0.6458333134651184 1949
1671589894995 0.5416666865348816 1999
1671589932134 0.5083333253860474 2049
1671589961891 0.4208333492279053 2099
1671589991681 0.6291667222976685 2149
1671590021077 0.4333333373069763 2199
1671590050647 0.6380952596664429 2249
1671590079915 0.25 2299
1671590117094 0.5833333730697632 2349
1671590146913 0.5062499642372131 2399
1671590176237 0.637499988079071 2449
1671590205623 0.6041666865348816 2499
1671590234833 0.6666666865348816 2549
1671590272220 0.5625 2599
1671590301886 0.550000011920929 2649
1671590331955 0.7208333611488342 2699
1671590361292 0.6416666507720947 2749
1671590390848 0.6309523582458496 2799
1671590420194 0.4583333730697632 2849
1671590457043 0.7392857074737549 2899
1671590486896 0.6083333492279053 2949
1671590516781 0.6202380657196045 2999
1671590546388 0.0982142835855484 3049
1671590575614 0.550000011920929 3099
1671590605304 0.6499999761581421 3149
1671590642697 0.5166667103767395 3199
1671590671924 0.4345238208770752 3249
1671590701617 0.6041666865348816 3299
1671590731312 0.675000011920929 3349
1671590760619 0.5666666626930237 3399
1671590790093 0.25 3449
1671590827919 0.6499999761581421 3499
1671590857672 0.5208333730697632 3549
1671590887544 0.5 3599
1671590916762 0.5249999761581421 3649
1671590946298 0.5916666984558105 3699
1671590983197 0.574999988079071 3749
1671591012777 0.7708333134651184 3799
1671591042270 0.6595238447189331 3849
1671591071788 0.6291666626930237 3899
1671591101151 0.40119048953056335 3949
1671591130447 0.6875 3999
1671591167507 0.6583333015441895 4049
1671591197151 0.5041666626930237 4099
1671591226437 0.6976190805435181 4149
1671591255829 0.7541666626930237 4199
1671591285297 0.5416666865348816 4249
1671591314930 0.48750001192092896 4299
1671591351908 0.6083333492279053 4349
1671591381580 0.6166666746139526 4399
1671591411239 0.6196428537368774 4449
1671591440754 0.6208332777023315 4499
1671591470243 0.8166666626930237 4549
1671591499231 0.0 4599
1671591536632 0.6916667222976685 4649
1671591566450 0.5708333253860474 4699
1671591595921 0.7249999642372131 4749
1671591625488 0.699999988079071 4799
1671591655511 0.6500000357627869 4849
1671591692341 0.6916666626930237 4899
1671591722354 0.7202381491661072 4949
1671591751914 0.3854166865348816 4999
1671591781702 0.5208333730697632 5049
1671591811288 0.6000000238418579 5099
1671591840882 0.4761904776096344 5149
1671591878302 0.5874999761581421 5199
1671591907531 0.3708333373069763 5249
1671591937224 0.5625 5299
1671591967116 0.6666666865348816 5349
1671591996964 0.637499988079071 5399
1671592026882 0.6541666984558105 5449
1671592064474 0.5833333730697632 5499
1671592094375 0.612500011920929 5549
1671592124316 0.3125 5599
1671592154546 0.7249999642372131 5649
1671592184351 0.6666666865348816 5699
1671592213731 0.5 5749
1671592251511 0.550000011920929 5799
1671592281980 0.5791666507720947 5849
1671592311732 0.5916666984558105 5899
1671592341169 0.4583333432674408 5949
1671592370744 0.5964285731315613 5999
1671592408209 0.6428571343421936 6049
1671592438109 0.574999988079071 6099
1671592467926 0.3708333373069763 6149
1671592497563 0.6916666626930237 6199
1671592527310 0.5416666269302368 6249
1671592557360 0.7541667222976685 6299
1671592594626 0.5982142686843872 6349
1671592624480 0.637499988079071 6399
1671592654282 0.6708333492279053 6449
1671592683885 0.7916666865348816 6499
1671592713632 0.6202381253242493 6549
1671592743522 0.375 6599
1671592780478 0.5666667222976685 6649
1671592810064 0.75 6699
1671592839518 0.5 6749
1671592869252 0.7166666984558105 6799
1671592898903 0.550000011920929 6849
1671592928461 0.25 6899
1671592965733 0.3333333432674408 6949
1671592995559 0.6625000238418579 6999
1671593024850 0.5249999761581421 7049
1671593054379 0.65625 7099
1671593084217 0.7916666865348816 7149
1671593121351 0.6625000238418579 7199
1671593150997 0.7541666626930237 7249
1671593181097 0.601190447807312 7299
1671593210821 0.5833333134651184 7349
1671593240242 0.4583333432674408 7399
1671593269754 0.6041666865348816 7449
1671593307393 0.7708333730697632 7499
1671593336868 0.7749999761581421 7549
1671593366637 0.43541669845581055 7599
1671593395764 0.6625000238418579 7649
1671593425359 0.5541666746139526 7699
1671593454974 0.5892857313156128 7749
1671593492461 0.6000000238418579 7799
1671593521820 0.6875 7849
1671593551494 0.75 7899
1671593581076 0.4000000059604645 7949
1671593610301 0.3916666805744171 7999
1671593639831 0.5 8049
1671593676993 0.762499988079071 8099
1671593706657 0.762499988079071 8149
1671593736226 0.7571428418159485 8199
1671593765978 0.46666669845581055 8249
1671593795869 0.6916667222976685 8299
1671593833288 0.6875 8349
1671593862878 0.6499999761581421 8399
1671593892288 0.699999988079071 8449
1671593921817 0.7428571581840515 8499
1671593951590 0.5 8549
1671593981056 0.5089285373687744 8599
1671594018362 0.625 8649
1671594047927 0.375 8699
1671594077837 0.5166666507720947 8749
1671594107405 0.7916666865348816 8799
1671594136823 0.5083333253860474 8849
1671594166598 0.5166667103767395 8899
1671594203947 0.3571428656578064 8949
1671594233673 0.737500011920929 8999
1671594263624 0.6416667103767395 9049
1671594293290 0.5874999761581421 9099
1671594323153 0.7875000238418579 9149
1671594352780 0.5 9199
1671594390740 0.44166669249534607 9249
1671594420362 0.2916666865348816 9299
1671594450079 0.4749999940395355 9349
1671594479795 0.4749999940395355 9399
1671594509569 0.6071428656578064 9449
1671594547333 0.6000000238418579 9499
1671594576837 0.5958333015441895 9549
1671594606494 0.48750001192092896 9599
1671594636243 0.5625 9649
1671594665894 0.7083333730697632 9699
1671594695775 0.5333333015441895 9749
1671594733213 0.7124999761581421 9799
1671594762938 0.6625000238418579 9849
1671594793142 0.7916666865348816 9899
1671594822706 0.5 9949
1671594852583 0.625 9999
1671594882372 0.5166667103767395 10049
1671594919701 0.550000011920929 10099
1671594949640 0.6416667103767395 10149
1671594979197 0.4375 10199
1671595009004 0.6333333253860474 10249
1671595039018 0.42916667461395264 10299
1671595068417 0.75 10349
1671595105776 0.5375000238418579 10399
1671595135662 0.6880952715873718 10449
1671595165351 0.5875000357627869 10499
1671595195272 0.5458333492279053 10549
1671595224976 0.5 10599
1671595262095 0.75 10649
1671595291916 0.4625000059604645 10699
1671595321418 0.5 10749
1671595351408 0.6666666865348816 10799
1671595381219 0.5249999761581421 10849
1671595412017 0.6166666746139526 10899
1671595449589 0.4333333373069763 10949
1671595480167 0.699999988079071 10999
1671595509821 0.6666666865348816 11049
1671595540020 0.625 11099
1671595569884 0.8035714626312256 11149
1671595599492 0.75 11199
1671595636973 0.5833333134651184 11249
1671595666484 0.5874999761581421 11299
1671595696512 0.4375000298023224 11349
1671595726275 0.5874999761581421 11399
1671595755982 0.6083333492279053 11449
1671595785356 0.25 11499
