1671588697585 2.166068641388792 49
1671588726851 2.4968827144429504 99
1671588755816 2.136452620965272 149
1671588785611 2.151426010179109 199
1671588814871 2.4968597935999837 249
1671588852034 2.0615685062071125 299
1671588881415 2.1025061258236826 349
1671588910865 2.3900147115520833 399
1671588940379 2.4777061260303777 449
1671588969629 1.910076524206453 499
1671588998719 2.1609402456382636 549
1671589035611 2.1910432420640835 599
1671589065211 2.795891960455797 649
1671589094804 2.4805397176696795 699
1671589124248 2.034728403664655 749
1671589153689 2.346391920117008 799
1671589183156 2.1082052724474414 849
1671589219784 2.1463042075201724 899
1671589249175 2.028800565592078 949
1671589279087 2.0048262410236433 999
1671589308765 2.2033418738258503 1049
1671589338299 2.24972328420805 1099
1671589367709 1.9747139737207406 1149
1671589405314 2.1864583052479696 1199
1671589435095 2.2609609672053708 1249
1671589464666 2.3889704042554234 1299
1671589494273 1.984994150729408 1349
1671589523898 2.1961983626753625 1399
1671589560926 2.205491897279506 1449
1671589590633 2.3653756830168184 1499
1671589620845 2.4872219910008044 1549
1671589650343 2.3162807078416305 1599
1671589679870 2.4094161874816944 1649
1671589709119 2.3785884748196224 1699
1671589746607 2.249224144865527 1749
1671589776518 1.773353827081564 1799
1671589806190 2.1170990655325403 1849
1671589836017 2.2291548170421684 1899
1671589865576 2.269140401734887 1949
1671589894995 2.3894759792383544 1999
1671589932134 2.0928750197171113 2049
1671589961891 2.0822290568734783 2099
1671589991681 2.154345176911925 2149
1671590021077 2.209800158471099 2199
1671590050647 2.4772650115162285 2249
1671590079915 1.5697288988539675 2299
1671590117094 2.4938858877773447 2349
1671590146913 2.113339452848739 2399
1671590176237 2.3220943935996816 2449
1671590205623 2.3228172087964856 2499
1671590234833 2.0885340739275806 2549
1671590272220 1.970288188480809 2599
1671590301886 1.9898541661517433 2649
1671590331955 2.1401702319540457 2699
1671590361292 2.209298726396967 2749
1671590390848 2.2149139061975847 2799
1671590420194 2.2153368622925522 2849
1671590457043 2.2648120941156074 2899
1671590486896 2.3781400245766986 2949
1671590516781 2.2685324006203453 2999
1671590546388 2.2254013684064864 3049
1671590575614 2.143254996102973 3099
1671590605304 2.1298507039903334 3149
1671590642697 2.2993108816727728 3199
1671590671924 2.2944103259741104 3249
1671590701617 2.370867927911518 3299
1671590731312 2.2458925001878836 3349
1671590760619 2.3661330351167242 3399
1671590790093 1.7150529905411327 3449
1671590827919 1.8772346635608295 3499
1671590857672 2.3340797169413916 3549
1671590887544 2.111133413538571 3599
1671590916762 2.482783892810817 3649
1671590946298 2.0717001282332297 3699
1671590983197 2.562316393508113 3749
1671591012777 2.256937619329738 3799
1671591042270 2.2716356804922233 3849
1671591071788 2.0851013572025696 3899
1671591101151 2.027264453333318 3949
1671591130447 1.976843730372655 3999
1671591167507 2.327437198684341 4049
1671591197151 2.1628916838300984 4099
1671591226437 1.8426815378535806 4149
1671591255829 2.5286641772513008 4199
1671591285297 2.0119871135311183 4249
1671591314930 1.9207217469688818 4299
1671591351908 1.9283419218775273 4349
1671591381580 2.3639837372299426 4399
1671591411239 2.1539224646565964 4449
1671591440754 1.7643155468381975 4499
1671591470243 2.5515924481990337 4549
1671591499231 2.7585841929257966 4599
1671591536632 2.511713610278834 4649
1671591566450 2.320966689660467 4699
1671591595921 2.1776881626652678 4749
1671591625488 2.332110655578938 4799
1671591655511 2.1795796224252544 4849
1671591692341 2.3219482563241316 4899
1671591722354 2.066555655836563 4949
1671591751914 2.3570906061547703 4999
1671591781702 2.305818693165099 5049
1671591811288 2.1536618069107534 5099
1671591840882 1.9044302520040879 5149
1671591878302 2.547394444841441 5199
1671591907531 2.137466694757511 5249
1671591937224 2.0828060320675115 5299
1671591967116 2.330146205971734 5349
1671591996964 2.133251137780937 5399
1671592026882 2.1820823282567776 5449
1671592064474 2.0490952013999615 5499
1671592094375 2.2230149002365973 5549
1671592124316 2.5115090296469575 5599
1671592154546 2.1408848661862017 5649
1671592184351 2.6883246843117887 5699
1671592213731 1.7536965334184256 5749
1671592251511 2.073852493317776 5799
1671592281980 1.7572038079846428 5849
1671592311732 2.3025545720309006 5899
1671592341169 2.1296645312053917 5949
1671592370744 1.5693471764953566 5999
1671592408209 1.6289035845219415 6049
1671592438109 2.1972397293694756 6099
1671592467926 1.9612836591606824 6149
1671592497563 2.0626398922533102 6199
1671592527310 2.066650148580548 6249
1671592557360 2.0654375831917458 6299
1671592594626 2.048165817061449 6349
1671592624480 2.1294720702458907 6399
1671592654282 2.0493159427070884 6449
1671592683885 1.9782977773115595 6499
1671592713632 1.692786753906205 6549
1671592743522 2.185388874029046 6599
1671592780478 2.0862818467380775 6649
1671592810064 2.0249117106484693 6699
1671592839518 2.1803178539807644 6749
1671592869252 2.3373428251633763 6799
1671592898903 1.847267717840206 6849
1671592928461 2.313392153220768 6899
1671592965733 2.1391771669394837 6949
1671592995559 1.75757338153852 6999
1671593024850 2.5391934598043813 7049
1671593054379 2.340379649594345 7099
1671593084217 2.0730929384879992 7149
1671593121351 2.082114958678046 7199
1671593150997 1.966933178158524 7249
1671593181097 2.0724356356768188 7299
1671593210821 2.3804111426588603 7349
1671593240242 2.1195817888739334 7399
1671593269754 2.2542838261577707 7449
1671593307393 1.8023507405555241 7499
1671593336868 2.2357976368381207 7549
1671593366637 2.429217343261178 7599
1671593395764 2.17604460446809 7649
1671593425359 2.382901520907747 7699
1671593454974 2.479103599052539 7749
1671593492461 2.12049069404369 7799
1671593521820 2.484317670243845 7849
1671593551494 2.3282916352440073 7899
1671593581076 1.867121048683627 7949
1671593610301 2.048058223029882 7999
1671593639831 2.082280345780033 8049
1671593676993 2.372293292739518 8099
1671593706657 2.218415052286329 8149
1671593736226 1.9772475457046197 8199
1671593765978 2.169774623775859 8249
1671593795869 2.0036066369426906 8299
1671593833288 2.039466834843367 8349
1671593862878 2.015816911533766 8399
1671593892288 2.5252818695763954 8449
1671593921817 2.1173186364506247 8499
1671593951590 2.0902954448143554 8549
1671593981056 1.8970061691134903 8599
1671594018362 2.1094481053454404 8649
1671594047927 2.2173244165571995 8699
1671594077837 1.953100230604948 8749
1671594107405 2.0724567944640766 8799
1671594136823 2.0261749458298364 8849
1671594166598 2.1029005116235693 8899
1671594203947 2.4818349441262813 8949
1671594233673 2.089265611801056 8999
1671594263624 2.2588278286187626 9049
1671594293290 1.9351859441404764 9099
1671594323153 2.3386915741309604 9149
1671594352780 1.0800757724789072 9199
1671594390740 2.2462254017889625 9249
1671594420362 2.2957635360800417 9299
1671594450079 2.074514836620147 9349
1671594479795 1.9754576147675826 9399
1671594509569 2.133626148198216 9449
1671594547333 2.360883687215792 9499
1671594576837 2.427786406613926 9549
1671594606494 2.048043099781877 9599
1671594636243 1.7770293914442963 9649
1671594665894 1.9850324404384914 9699
1671594695775 2.337233123635069 9749
1671594733213 2.2657927910326494 9799
1671594762938 1.8977657772395256 9849
1671594793142 2.4711345638016877 9899
1671594822706 2.4393791205520703 9949
1671594852583 2.190687256173676 9999
1671594882372 2.123932538137342 10049
1671594919701 2.2064364892431265 10099
1671594949640 2.0871418492221268 10149
1671594979197 2.277464946994889 10199
1671595009004 2.0321826651854993 10249
1671595039018 2.3928445075667697 10299
1671595068417 2.3693471644318347 10349
1671595105776 1.9768737738264357 10399
1671595135662 2.3177465716460244 10449
1671595165351 2.555892352636153 10499
1671595195272 2.2685491842159546 10549
1671595224976 2.423649563364848 10599
1671595262095 2.0916761515522566 10649
1671595291916 2.1990739553224836 10699
1671595321418 2.3811562008346785 10749
1671595351408 2.0053900660563824 10799
1671595381219 2.277208129189303 10849
1671595412017 1.9995638499817172 10899
1671595449589 2.4600901900611243 10949
1671595480167 1.568825820538501 10999
1671595509821 2.018818096275701 11049
1671595540020 2.1746000091279836 11099
1671595569884 2.0466194716632162 11149
1671595599492 2.5016968426441117 11199
1671595636973 2.026554153804241 11249
1671595666484 2.2295669113698806 11299
1671595696512 2.1027130040126716 11349
1671595726275 2.3141619065015586 11399
1671595755982 2.1721701886512377 11449
1671595785356 2.1689223252729057 11499
