1671588681733 0.7231638431549072 22
1671588695819 0.7161017060279846 45
1671588709775 0.7146892547607422 68
1671588723910 0.7146892547607422 91
1671588737786 0.7161017060279846 114
1671588751731 0.7161017060279846 137
1671588765896 0.7161017060279846 160
1671588780333 0.7161017060279846 183
1671588794435 0.7146892547607422 206
1671588808481 0.7161017060279846 229
1671588822700 0.7161017060279846 252
1671588836874 0.7146892547607422 275
1671588851056 0.7161017060279846 298
1671588865167 0.7161017060279846 321
1671588879341 0.7146892547607422 344
1671588893543 0.7146892547607422 367
1671588907669 0.7161017060279846 390
1671588921643 0.7161017060279846 413
1671588936001 0.7146892547607422 436
1671588949978 0.7161017060279846 459
1671588964146 0.7161017060279846 482
1671588977976 0.7161017060279846 505
1671588992074 0.7161017060279846 528
1671589006076 0.7146892547607422 551
1671589020261 0.7161017060279846 574
1671589034322 0.7161017060279846 597
1671589048565 0.7175140976905823 620
1671589062857 0.7175140976905823 643
1671589077038 0.7189265489578247 666
1671589091257 0.7175140976905823 689
1671589105302 0.7146892547607422 712
1671589119602 0.7203390002250671 735
1671589133767 0.7189265489578247 758
1671589147874 0.7189265489578247 781
1671589161892 0.7203390002250671 804
1671589176170 0.7189265489578247 827
1671589190221 0.7231638431549072 850
1671589204127 0.7189265489578247 873
1671589218252 0.7203390002250671 896
1671589232202 0.7203390002250671 919
1671589246462 0.7189265489578247 942
1671589260566 0.7217513918876648 965
1671589275058 0.7274011373519897 988
1671589289571 0.7231638431549072 1011
1671589303818 0.7231638431549072 1034
1671589317946 0.7245762944221497 1057
1671589332144 0.7274011373519897 1080
1671589346380 0.7245762944221497 1103
1671589360644 0.7259886860847473 1126
1671589374919 0.7288135886192322 1149
1671589389247 0.7288135886192322 1172
1671589403490 0.7316384315490723 1195
1671589417725 0.7288135886192322 1218
1671589431950 0.7288135886192322 1241
1671589446353 0.7288135886192322 1264
1671589460453 0.7316384315490723 1287
1671589474815 0.7344632744789124 1310
1671589489016 0.7387005686759949 1333
1671589503371 0.7344632744789124 1356
1671589517503 0.7288135886192322 1379
1671589531708 0.7358757257461548 1402
1671589545793 0.7387005686759949 1425
1671589560015 0.7316384315490723 1448
1671589574156 0.7344632744789124 1471
1671589588505 0.7330508232116699 1494
1671589602955 0.7344632744789124 1517
1671589617594 0.7387005686759949 1540
1671589631668 0.7372881174087524 1563
1671589645949 0.7387005686759949 1586
1671589660184 0.7387005686759949 1609
1671589674287 0.7344632744789124 1632
1671589688351 0.7358757257461548 1655
1671589702436 0.7358757257461548 1678
1671589716619 0.7344632744789124 1701
1671589731004 0.7372881174087524 1724
1671589745340 0.7401130199432373 1747
1671589759608 0.7387005686759949 1770
1671589773971 0.7387005686759949 1793
1671589788125 0.7387005686759949 1816
1671589802644 0.7429378628730774 1839
1671589816869 0.7457627058029175 1862
1671589831335 0.7401130199432373 1885
1671589845558 0.7401130199432373 1908
1671589859778 0.7401130199432373 1931
1671589873931 0.741525411605835 1954
1671589888037 0.741525411605835 1977
1671589902326 0.7429378628730774 2000
1671589916374 0.7372881174087524 2023
1671589930578 0.7514124512672424 2046
1671589944816 0.7429378628730774 2069
1671589959211 0.7485875487327576 2092
1671589973611 0.7457627058029175 2115
1671589987887 0.741525411605835 2138
1671590001963 0.7429378628730774 2161
1671590016124 0.744350254535675 2184
1671590030389 0.7401130199432373 2207
1671590044520 0.75 2230
1671590058707 0.7429378628730774 2253
1671590072903 0.7372881174087524 2276
1671590086840 0.741525411605835 2299
1671590100931 0.7485875487327576 2322
1671590115303 0.7514124512672424 2345
1671590129640 0.7401130199432373 2368
1671590143961 0.75 2391
1671590157926 0.7485875487327576 2414
1671590172134 0.7471751570701599 2437
1671590186125 0.7429378628730774 2460
1671590200345 0.7429378628730774 2483
1671590214430 0.7471751570701599 2506
1671590228402 0.7457627058029175 2529
1671590243011 0.7485875487327576 2552
1671590257254 0.7429378628730774 2575
1671590271308 0.7471751570701599 2598
1671590285497 0.7514124512672424 2621
1671590299802 0.7514124512672424 2644
1671590314070 0.7485875487327576 2667
1671590328429 0.7485875487327576 2690
1671590342860 0.755649745464325 2713
1671590356895 0.7542372941970825 2736
1671590371021 0.7542372941970825 2759
1671590385291 0.75 2782
1671590399424 0.744350254535675 2805
1671590413488 0.7542372941970825 2828
1671590427753 0.7471751570701599 2851
1671590441650 0.7471751570701599 2874
1671590455820 0.7514124512672424 2897
1671590470046 0.7485875487327576 2920
1671590484497 0.7457627058029175 2943
1671590498682 0.7542372941970825 2966
1671590513191 0.7471751570701599 2989
1671590527569 0.7528248429298401 3012
1671590541637 0.7485875487327576 3035
1671590555671 0.7528248429298401 3058
1671590569757 0.7485875487327576 3081
1671590584038 0.744350254535675 3104
1671590598311 0.7485875487327576 3127
1671590612611 0.7457627058029175 3150
1671590626766 0.7485875487327576 3173
1671590641169 0.7528248429298401 3196
1671590655199 0.75 3219
1671590669256 0.7514124512672424 3242
1671590683486 0.7542372941970825 3265
1671590697778 0.7528248429298401 3288
1671590712154 0.7514124512672424 3311
1671590726341 0.75 3334
1671590740415 0.7514124512672424 3357
1671590754455 0.755649745464325 3380
1671590768742 0.7514124512672424 3403
1671590783026 0.7514124512672424 3426
1671590797411 0.7528248429298401 3449
1671590811787 0.75 3472
1671590826040 0.7570621371269226 3495
1671590840276 0.758474588394165 3518
1671590854701 0.7542372941970825 3541
1671590868921 0.7471751570701599 3564
1671590883412 0.7528248429298401 3587
1671590897542 0.7514124512672424 3610
1671590911531 0.75 3633
1671590925563 0.755649745464325 3656
1671590939714 0.755649745464325 3679
1671590954012 0.7471751570701599 3702
1671590968154 0.7485875487327576 3725
1671590982262 0.7485875487327576 3748
1671590996370 0.7514124512672424 3771
1671591010540 0.7570621371269226 3794
1671591024767 0.75 3817
1671591039038 0.758474588394165 3840
1671591053301 0.7514124512672424 3863
1671591067380 0.7542372941970825 3886
1671591081326 0.7514124512672424 3909
1671591095582 0.755649745464325 3932
1671591109694 0.7471751570701599 3955
1671591123759 0.7471751570701599 3978
1671591137726 0.758474588394165 4001
1671591152285 0.755649745464325 4024
1671591166311 0.75 4047
1671591180408 0.7514124512672424 4070
1671591194607 0.7514124512672424 4093
1671591208786 0.7485875487327576 4116
1671591222948 0.758474588394165 4139
1671591236990 0.755649745464325 4162
1671591251167 0.741525411605835 4185
1671591265118 0.75 4208
1671591279468 0.7514124512672424 4231
1671591293534 0.758474588394165 4254
1671591307812 0.7457627058029175 4277
1671591322268 0.75 4300
1671591336379 0.7570621371269226 4323
1671591350369 0.7485875487327576 4346
1671591364438 0.755649745464325 4369
1671591378881 0.744350254535675 4392
1671591393301 0.755649745464325 4415
1671591407399 0.741525411605835 4438
1671591421664 0.7457627058029175 4461
1671591435806 0.755649745464325 4484
1671591450009 0.758474588394165 4507
1671591464132 0.7570621371269226 4530
1671591478227 0.7528248429298401 4553
1671591492182 0.7528248429298401 4576
1671591506303 0.7542372941970825 4599
1671591520602 0.7528248429298401 4622
1671591534793 0.755649745464325 4645
1671591549203 0.7485875487327576 4668
1671591563466 0.7570621371269226 4691
1671591577668 0.7542372941970825 4714
1671591591876 0.755649745464325 4737
1671591605871 0.7598869800567627 4760
1671591620205 0.7542372941970825 4783
1671591634447 0.7542372941970825 4806
1671591649037 0.7598869800567627 4829
1671591663192 0.7570621371269226 4852
1671591677187 0.7542372941970825 4875
1671591691367 0.758474588394165 4898
1671591705925 0.758474588394165 4921
1671591720217 0.7570621371269226 4944
1671591734389 0.7542372941970825 4967
1671591748651 0.7528248429298401 4990
1671591762942 0.758474588394165 5013
1671591777258 0.755649745464325 5036
1671591791494 0.755649745464325 5059
1671591805771 0.7457627058029175 5082
1671591819806 0.755649745464325 5105
1671591834080 0.7514124512672424 5128
1671591848362 0.7471751570701599 5151
1671591862597 0.7528248429298401 5174
1671591877068 0.758474588394165 5197
1671591891055 0.755649745464325 5220
1671591905132 0.758474588394165 5243
1671591919517 0.7542372941970825 5266
1671591933691 0.7612994313240051 5289
1671591947882 0.7542372941970825 5312
1671591962424 0.7429378628730774 5335
1671591976933 0.75 5358
1671591991181 0.7570621371269226 5381
1671592005489 0.7612994313240051 5404
1671592019920 0.75 5427
1671592034160 0.7542372941970825 5450
1671592048505 0.7471751570701599 5473
1671592062947 0.7542372941970825 5496
1671592077258 0.755649745464325 5519
1671592091665 0.7612994313240051 5542
1671592106161 0.7514124512672424 5565
1671592120531 0.744350254535675 5588
1671592134957 0.755649745464325 5611
1671592149533 0.758474588394165 5634
1671592163692 0.758474588394165 5657
1671592178092 0.758474588394165 5680
1671592192337 0.7528248429298401 5703
1671592206726 0.758474588394165 5726
1671592220989 0.7528248429298401 5749
1671592235378 0.7542372941970825 5772
1671592249715 0.7542372941970825 5795
1671592264073 0.758474588394165 5818
1671592278968 0.7528248429298401 5841
1671592293221 0.7528248429298401 5864
1671592307508 0.7570621371269226 5887
1671592321692 0.7542372941970825 5910
1671592335895 0.758474588394165 5933
1671592350053 0.758474588394165 5956
1671592364342 0.7528248429298401 5979
1671592378595 0.758474588394165 6002
1671592392698 0.758474588394165 6025
1671592407271 0.7457627058029175 6048
1671592421548 0.7598869800567627 6071
1671592435958 0.755649745464325 6094
1671592450409 0.7598869800567627 6117
1671592464661 0.7598869800567627 6140
1671592478993 0.7598869800567627 6163
1671592493132 0.758474588394165 6186
1671592507202 0.7514124512672424 6209
1671592521740 0.7612994313240051 6232
1671592536045 0.7570621371269226 6255
1671592550384 0.7542372941970825 6278
1671592565032 0.7612994313240051 6301
1671592579371 0.7612994313240051 6324
1671592593382 0.758474588394165 6347
1671592607889 0.755649745464325 6370
1671592622020 0.758474588394165 6393
1671592636331 0.758474588394165 6416
1671592650645 0.758474588394165 6439
1671592664919 0.7598869800567627 6462
1671592679252 0.7612994313240051 6485
1671592693584 0.7528248429298401 6508
1671592707780 0.7612994313240051 6531
1671592722084 0.7627118825912476 6554
1671592736421 0.7598869800567627 6577
1671592750717 0.7570621371269226 6600
1671592764629 0.7612994313240051 6623
1671592778832 0.7570621371269226 6646
1671592793159 0.758474588394165 6669
1671592807449 0.7528248429298401 6692
1671592821567 0.7570621371269226 6715
1671592835700 0.7612994313240051 6738
1671592850009 0.758474588394165 6761
1671592864293 0.7598869800567627 6784
1671592878461 0.7570621371269226 6807
1671592892750 0.7598869800567627 6830
1671592907069 0.7485875487327576 6853
1671592921302 0.7514124512672424 6876
1671592935495 0.7542372941970825 6899
1671592949769 0.7598869800567627 6922
1671592963910 0.7570621371269226 6945
1671592978207 0.7641242742538452 6968
1671592992580 0.7641242742538452 6991
1671593006728 0.7627118825912476 7014
1671593020705 0.758474588394165 7037
1671593034987 0.7641242742538452 7060
1671593049111 0.7627118825912476 7083
1671593063279 0.758474588394165 7106
1671593077702 0.7627118825912476 7129
1671593091961 0.7612994313240051 7152
1671593106318 0.7598869800567627 7175
1671593120410 0.7612994313240051 7198
1671593134739 0.7627118825912476 7221
1671593148922 0.755649745464325 7244
1671593163201 0.7641242742538452 7267
1671593177699 0.7641242742538452 7290
1671593192146 0.758474588394165 7313
1671593206483 0.7641242742538452 7336
1671593220519 0.7598869800567627 7359
1671593234564 0.7598869800567627 7382
1671593248977 0.7641242742538452 7405
1671593263096 0.7641242742538452 7428
1671593277465 0.7612994313240051 7451
1671593291921 0.7612994313240051 7474
1671593306179 0.7598869800567627 7497
1671593320407 0.7598869800567627 7520
1671593334423 0.7570621371269226 7543
1671593348812 0.7641242742538452 7566
1671593363076 0.7570621371269226 7589
1671593377204 0.7598869800567627 7612
1671593391079 0.7429378628730774 7635
1671593405283 0.7612994313240051 7658
1671593419514 0.7641242742538452 7681
1671593433418 0.7641242742538452 7704
1671593447994 0.758474588394165 7727
1671593462363 0.758474588394165 7750
1671593476878 0.758474588394165 7773
1671593490848 0.7612994313240051 7796
1671593505164 0.7627118825912476 7819
1671593519192 0.7627118825912476 7842
1671593533502 0.7641242742538452 7865
1671593547663 0.7627118825912476 7888
1671593561995 0.755649745464325 7911
1671593576096 0.7641242742538452 7934
1671593590248 0.7669491767883301 7957
1671593604226 0.7655367255210876 7980
1671593618293 0.7627118825912476 8003
1671593632759 0.7641242742538452 8026
1671593646937 0.7485875487327576 8049
1671593661126 0.7528248429298401 8072
1671593675188 0.7570621371269226 8095
1671593689422 0.7641242742538452 8118
1671593703728 0.7627118825912476 8141
1671593718163 0.7669491767883301 8164
1671593732155 0.7627118825912476 8187
1671593746503 0.7683615684509277 8210
1671593760540 0.7683615684509277 8233
1671593775196 0.7655367255210876 8256
1671593789387 0.7542372941970825 8279
1671593803790 0.7669491767883301 8302
1671593818075 0.7598869800567627 8325
1671593832353 0.7627118825912476 8348
1671593846441 0.7683615684509277 8371
1671593860642 0.7669491767883301 8394
1671593874842 0.7598869800567627 8417
1671593889061 0.7641242742538452 8440
1671593903209 0.7655367255210876 8463
1671593917461 0.7641242742538452 8486
1671593931834 0.7570621371269226 8509
1671593946005 0.7641242742538452 8532
1671593960376 0.7641242742538452 8555
1671593974421 0.7641242742538452 8578
1671593988504 0.7641242742538452 8601
1671594002906 0.7655367255210876 8624
1671594017132 0.7627118825912476 8647
1671594031682 0.7655367255210876 8670
1671594045604 0.7655367255210876 8693
1671594060002 0.7669491767883301 8716
1671594074316 0.7627118825912476 8739
1671594088356 0.7655367255210876 8762
1671594102752 0.7655367255210876 8785
1671594116970 0.7669491767883301 8808
1671594131028 0.7612994313240051 8831
1671594145174 0.758474588394165 8854
1671594159308 0.7627118825912476 8877
1671594173793 0.7655367255210876 8900
1671594188079 0.7612994313240051 8923
1671594202463 0.7570621371269226 8946
1671594216703 0.7655367255210876 8969
1671594231002 0.7683615684509277 8992
1671594245411 0.7542372941970825 9015
1671594259821 0.7641242742538452 9038
1671594274003 0.7683615684509277 9061
1671594288283 0.7612994313240051 9084
1671594302649 0.7697740197181702 9107
1671594316873 0.75 9130
1671594331079 0.7641242742538452 9153
1671594345731 0.7612994313240051 9176
1671594359915 0.7612994313240051 9199
1671594374333 0.7612994313240051 9222
1671594388915 0.7669491767883301 9245
1671594403189 0.7598869800567627 9268
1671594417343 0.7669491767883301 9291
1671594431600 0.7669491767883301 9314
1671594445977 0.7669491767883301 9337
1671594460202 0.7683615684509277 9360
1671594474519 0.7612994313240051 9383
1671594488672 0.7627118825912476 9406
1671594503150 0.7641242742538452 9429
1671594517489 0.7683615684509277 9452
1671594532088 0.7669491767883301 9475
1671594546357 0.758474588394165 9498
1671594560414 0.7683615684509277 9521
1671594574600 0.7669491767883301 9544
1671594589007 0.7711864113807678 9567
1671594603255 0.7627118825912476 9590
1671594617399 0.7669491767883301 9613
1671594631832 0.7655367255210876 9636
1671594645957 0.7655367255210876 9659
1671594660263 0.7683615684509277 9682
1671594674659 0.7570621371269226 9705
1671594688789 0.7655367255210876 9728
1671594703324 0.7711864113807678 9751
1671594717538 0.7669491767883301 9774
1671594731900 0.7725988626480103 9797
1671594746320 0.7612994313240051 9820
1671594760534 0.7697740197181702 9843
1671594775115 0.7641242742538452 9866
1671594789579 0.7655367255210876 9889
1671594803846 0.7669491767883301 9912
1671594818030 0.7655367255210876 9935
1671594832471 0.7669491767883301 9958
1671594846784 0.7697740197181702 9981
1671594860989 0.7612994313240051 10004
1671594875419 0.7669491767883301 10027
1671594889740 0.7627118825912476 10050
1671594903893 0.7697740197181702 10073
1671594918196 0.7641242742538452 10096
1671594932580 0.7655367255210876 10119
1671594947002 0.7669491767883301 10142
1671594961056 0.7627118825912476 10165
1671594975351 0.7669491767883301 10188
1671594989399 0.7683615684509277 10211
1671595003849 0.7711864113807678 10234
1671595018467 0.7711864113807678 10257
1671595032883 0.7683615684509277 10280
1671595047142 0.7669491767883301 10303
1671595061372 0.7683615684509277 10326
1671595075749 0.7655367255210876 10349
1671595089750 0.7683615684509277 10372
1671595103950 0.7627118825912476 10395
1671595118408 0.7669491767883301 10418
1671595132612 0.7725988626480103 10441
1671595147022 0.7683615684509277 10464
1671595161183 0.7641242742538452 10487
1671595175481 0.7740113139152527 10510
1671595189992 0.7725988626480103 10533
1671595204266 0.7725988626480103 10556
1671595218583 0.7669491767883301 10579
1671595232914 0.7669491767883301 10602
1671595247040 0.7711864113807678 10625
1671595261135 0.7711864113807678 10648
1671595275586 0.7669491767883301 10671
1671595289842 0.7697740197181702 10694
1671595303988 0.7697740197181702 10717
1671595318154 0.7697740197181702 10740
1671595332559 0.7697740197181702 10763
1671595346777 0.7683615684509277 10786
1671595361367 0.7711864113807678 10809
1671595375675 0.7669491767883301 10832
1671595390428 0.7725988626480103 10855
1671595405017 0.7697740197181702 10878
1671595419630 0.7655367255210876 10901
1671595433890 0.7627118825912476 10924
1671595448167 0.7683615684509277 10947
1671595463331 0.7782486081123352 10970
1671595477783 0.7669491767883301 10993
1671595492000 0.7711864113807678 11016
1671595506210 0.7697740197181702 11039
1671595520755 0.7627118825912476 11062
1671595535221 0.7697740197181702 11085
1671595549846 0.7641242742538452 11108
1671595564054 0.7711864113807678 11131
1671595578358 0.7697740197181702 11154
1671595592502 0.7697740197181702 11177
1671595606655 0.7725988626480103 11200
1671595620985 0.7711864113807678 11223
1671595635260 0.7768361568450928 11246
1671595649589 0.7754237055778503 11269
1671595663792 0.7711864113807678 11292
1671595678207 0.7711864113807678 11315
1671595692549 0.7740113139152527 11338
1671595706999 0.7711864113807678 11361
1671595721342 0.7669491767883301 11384
1671595735514 0.7697740197181702 11407
1671595749738 0.7754237055778503 11430
1671595764072 0.7697740197181702 11453
1671595778296 0.7627118825912476 11476
1671595792454 0.7669491767883301 11499
