1671588697585 0.71875 49
1671588726851 0.59375 99
1671588755816 0.75 149
1671588785611 0.8125 199
1671588814871 0.84375 249
1671588852034 0.75 299
1671588881415 0.65625 349
1671588910865 0.71875 399
1671588940379 0.75 449
1671588969629 0.5 499
1671588998719 0.65625 549
1671589035611 0.65625 599
1671589065211 0.75 649
1671589094804 0.75 699
1671589124248 0.65625 749
1671589153689 0.6875 799
1671589183156 0.71875 849
1671589219784 0.71875 899
1671589249175 0.6875 949
1671589279087 0.84375 999
1671589308765 0.59375 1049
1671589338299 0.78125 1099
1671589367709 0.75 1149
1671589405314 0.75 1199
1671589435095 0.75 1249
1671589464666 0.71875 1299
1671589494273 0.625 1349
1671589523898 0.625 1399
1671589560926 0.6875 1449
1671589590633 0.6875 1499
1671589620845 0.875 1549
1671589650343 0.84375 1599
1671589679870 0.71875 1649
1671589709119 0.65625 1699
1671589746607 0.71875 1749
1671589776518 0.75 1799
1671589806190 0.71875 1849
1671589836017 0.625 1899
1671589865576 0.75 1949
1671589894995 0.75 1999
1671589932134 0.71875 2049
1671589961891 0.6875 2099
1671589991681 0.75 2149
1671590021077 0.6875 2199
1671590050647 0.65625 2249
1671590079915 0.5 2299
1671590117094 0.75 2349
1671590146913 0.65625 2399
1671590176237 0.71875 2449
1671590205623 0.78125 2499
1671590234833 0.78125 2549
1671590272220 0.65625 2599
1671590301886 0.78125 2649
1671590331955 0.875 2699
1671590361292 0.8125 2749
1671590390848 0.78125 2799
1671590420194 0.71875 2849
1671590457043 0.78125 2899
1671590486896 0.78125 2949
1671590516781 0.6875 2999
1671590546388 0.59375 3049
1671590575614 0.71875 3099
1671590605304 0.78125 3149
1671590642697 0.78125 3199
1671590671924 0.71875 3249
1671590701617 0.75 3299
1671590731312 0.8125 3349
1671590760619 0.71875 3399
1671590790093 0.5 3449
1671590827919 0.84375 3499
1671590857672 0.71875 3549
1671590887544 0.75 3599
1671590916762 0.75 3649
1671590946298 0.75 3699
1671590983197 0.71875 3749
1671591012777 0.8125 3799
1671591042270 0.75 3849
1671591071788 0.78125 3899
1671591101151 0.625 3949
1671591130447 0.78125 3999
1671591167507 0.8125 4049
1671591197151 0.71875 4099
1671591226437 0.78125 4149
1671591255829 0.8125 4199
1671591285297 0.78125 4249
1671591314930 0.71875 4299
1671591351908 0.84375 4349
1671591381580 0.75 4399
1671591411239 0.75 4449
1671591440754 0.78125 4499
1671591470243 0.8125 4549
1671591499231 0.0 4599
1671591536632 0.8125 4649
1671591566450 0.75 4699
1671591595921 0.8125 4749
1671591625488 0.78125 4799
1671591655511 0.75 4849
1671591692341 0.78125 4899
1671591722354 0.84375 4949
1671591751914 0.625 4999
1671591781702 0.71875 5049
1671591811288 0.75 5099
1671591840882 0.65625 5149
1671591878302 0.75 5199
1671591907531 0.65625 5249
1671591937224 0.75 5299
1671591967116 0.78125 5349
1671591996964 0.75 5399
1671592026882 0.71875 5449
1671592064474 0.8125 5499
1671592094375 0.78125 5549
1671592124316 0.65625 5599
1671592154546 0.84375 5649
1671592184351 0.875 5699
1671592213731 0.5 5749
1671592251511 0.78125 5799
1671592281980 0.6875 5849
1671592311732 0.78125 5899
1671592341169 0.71875 5949
1671592370744 0.6875 5999
1671592408209 0.71875 6049
1671592438109 0.75 6099
1671592467926 0.6875 6149
1671592497563 0.8125 6199
1671592527310 0.71875 6249
1671592557360 0.875 6299
1671592594626 0.6875 6349
1671592624480 0.78125 6399
1671592654282 0.8125 6449
1671592683885 0.90625 6499
1671592713632 0.71875 6549
1671592743522 0.59375 6599
1671592780478 0.71875 6649
1671592810064 0.8125 6699
1671592839518 0.75 6749
1671592869252 0.8125 6799
1671592898903 0.71875 6849
1671592928461 1.0 6899
1671592965733 0.75 6949
1671592995559 0.78125 6999
1671593024850 0.78125 7049
1671593054379 0.75 7099
1671593084217 0.84375 7149
1671593121351 0.8125 7199
1671593150997 0.84375 7249
1671593181097 0.75 7299
1671593210821 0.71875 7349
1671593240242 0.78125 7399
1671593269754 0.78125 7449
1671593307393 0.875 7499
1671593336868 0.84375 7549
1671593366637 0.65625 7599
1671593395764 0.78125 7649
1671593425359 0.6875 7699
1671593454974 0.78125 7749
1671593492461 0.71875 7799
1671593521820 0.8125 7849
1671593551494 0.875 7899
1671593581076 0.75 7949
1671593610301 0.65625 7999
1671593639831 0.75 8049
1671593676993 0.875 8099
1671593706657 0.84375 8149
1671593736226 0.8125 8199
1671593765978 0.6875 8249
1671593795869 0.8125 8299
1671593833288 0.78125 8349
1671593862878 0.78125 8399
1671593892288 0.8125 8449
1671593921817 0.8125 8499
1671593951590 0.625 8549
1671593981056 0.6875 8599
1671594018362 0.75 8649
1671594047927 0.625 8699
1671594077837 0.78125 8749
1671594107405 0.875 8799
1671594136823 0.6875 8849
1671594166598 0.71875 8899
1671594203947 0.65625 8949
1671594233673 0.78125 8999
1671594263624 0.78125 9049
1671594293290 0.8125 9099
1671594323153 0.875 9149
1671594352780 0.5 9199
1671594390740 0.65625 9249
1671594420362 0.6875 9299
1671594450079 0.71875 9349
1671594479795 0.65625 9399
1671594509569 0.75 9449
1671594547333 0.8125 9499
1671594576837 0.71875 9549
1671594606494 0.71875 9599
1671594636243 0.71875 9649
1671594665894 0.78125 9699
1671594695775 0.71875 9749
1671594733213 0.84375 9799
1671594762938 0.8125 9849
1671594793142 0.9375 9899
1671594822706 0.78125 9949
1671594852583 0.8125 9999
1671594882372 0.71875 10049
1671594919701 0.78125 10099
1671594949640 0.8125 10149
1671594979197 0.78125 10199
1671595009004 0.8125 10249
1671595039018 0.65625 10299
1671595068417 1.0 10349
1671595105776 0.75 10399
1671595135662 0.71875 10449
1671595165351 0.75 10499
1671595195272 0.78125 10549
1671595224976 0.6875 10599
1671595262095 0.84375 10649
1671595291916 0.71875 10699
1671595321418 0.78125 10749
1671595351408 0.78125 10799
1671595381219 0.71875 10849
1671595412017 0.75 10899
1671595449589 0.75 10949
1671595480167 0.75 10999
1671595509821 0.8125 11049
1671595540020 0.8125 11099
1671595569884 0.875 11149
1671595599492 0.9375 11199
1671595636973 0.75 11249
1671595666484 0.71875 11299
1671595696512 0.78125 11349
1671595726275 0.8125 11399
1671595755982 0.78125 11449
1671595785356 1.0 11499
