1671588681733 2.6572466768192227 22
1671588695819 2.245624675943333 45
1671588709775 2.2282087324299744 68
1671588723910 2.2289352141644203 91
1671588737786 2.233270997962914 114
1671588751731 2.2261366022501767 137
1671588765896 2.228672919346364 160
1671588780333 2.23151311472579 183
1671588794435 2.22850493065985 206
1671588808481 2.2265103733133302 229
1671588822700 2.2262518794142596 252
1671588836874 2.235638634391694 275
1671588851056 2.230524611904245 298
1671588865167 2.221927554506057 321
1671588879341 2.223106578227586 344
1671588893543 2.230655603947764 367
1671588907669 2.22844520469024 390
1671588921643 2.225577498634572 413
1671588936001 2.222092426393828 436
1671588949978 2.2250702334135353 459
1671588964146 2.2220666857493767 482
1671588977976 2.221444481444899 505
1671588992074 2.226827413982786 528
1671589006076 2.2231486327154224 551
1671589020261 2.2235714300729397 574
1671589034322 2.2259553451033294 597
1671589048565 2.229449020756029 620
1671589062857 2.220414262469472 643
1671589077038 2.2204717409135473 666
1671589091257 2.221492474608469 689
1671589105302 2.2290303650645944 712
1671589119602 2.219359158352264 735
1671589133767 2.2180803680654786 758
1671589147874 2.226857351835388 781
1671589161892 2.2200284468239 804
1671589176170 2.2135701363855182 827
1671589190221 2.222451806727995 850
1671589204127 2.2259218019394464 873
1671589218252 2.2219331063044736 896
1671589232202 2.2147437817489495 919
1671589246462 2.220472675671304 942
1671589260566 2.2165790796530263 965
1671589275058 2.21413007984753 988
1671589289571 2.217599190150147 1011
1671589303818 2.2196562039627223 1034
1671589317946 2.216572370693763 1057
1671589332144 2.222355851197612 1080
1671589346380 2.2157252223114567 1103
1671589360644 2.2123651356282235 1126
1671589374919 2.2174370214911585 1149
1671589389247 2.212758207813666 1172
1671589403490 2.215404695903351 1195
1671589417725 2.213243976425903 1218
1671589431950 2.210231736717491 1241
1671589446353 2.2169660803880746 1264
1671589460453 2.206847076499912 1287
1671589474815 2.2123955065144605 1310
1671589489016 2.205025168901609 1333
1671589503371 2.2124530632436206 1356
1671589517503 2.2169697483919126 1379
1671589531708 2.2147325239955813 1402
1671589545793 2.213476961407172 1425
1671589560015 2.2103979528692905 1448
1671589574156 2.209439373313532 1471
1671589588505 2.2055324950646145 1494
1671589602955 2.2091014239133826 1517
1671589617594 2.2244552415119974 1540
1671589631668 2.2109677388029745 1563
1671589645949 2.2062796704575307 1586
1671589660184 2.2053468965679905 1609
1671589674287 2.20665851199406 1632
1671589688351 2.2136680679397496 1655
1671589702436 2.2017868564243526 1678
1671589716619 2.2065588337087414 1701
1671589731004 2.2030051069521615 1724
1671589745340 2.200576674287891 1747
1671589759608 2.207675801846592 1770
1671589773971 2.205489319508358 1793
1671589788125 2.2031812104093214 1816
1671589802644 2.2049987749120445 1839
1671589816869 2.208544297283946 1862
1671589831335 2.2025000557259014 1885
1671589845558 2.2043304315239314 1908
1671589859778 2.202732317520513 1931
1671589873931 2.198525290875733 1954
1671589888037 2.204140261454301 1977
1671589902326 2.198827106369477 2000
1671589916374 2.1984214374417714 2023
1671589930578 2.198196530776544 2046
1671589944816 2.2022972300286843 2069
1671589959211 2.196802025548027 2092
1671589973611 2.197573069302746 2115
1671589987887 2.203208434092781 2138
1671590001963 2.1995110684181207 2161
1671590016124 2.2001177054750696 2184
1671590030389 2.2097788365705977 2207
1671590044520 2.2036417507595663 2230
1671590058707 2.1992901984886535 2253
1671590072903 2.202316429368517 2276
1671590086840 2.2057401482758556 2299
1671590100931 2.1943909097855245 2322
1671590115303 2.197404197608264 2345
1671590129640 2.1991626031817852 2368
1671590143961 2.195957723453571 2391
1671590157926 2.20067051266616 2414
1671590172134 2.1965019744746717 2437
1671590186125 2.208224408661332 2460
1671590200345 2.2009337174382475 2483
1671590214430 2.1952937180128442 2506
1671590228402 2.192348727090266 2529
1671590243011 2.2021690821963693 2552
1671590257254 2.1997982194214294 2575
1671590271308 2.191835894060043 2598
1671590285497 2.193657404259805 2621
1671590299802 2.1922406050279646 2644
1671590314070 2.197251014511452 2667
1671590328429 2.1921129913048056 2690
1671590342860 2.19336155979676 2713
1671590356895 2.2004124257914395 2736
1671590371021 2.1938863725894717 2759
1671590385291 2.2010374121843417 2782
1671590399424 2.1941860529050743 2805
1671590413488 2.19642029127067 2828
1671590427753 2.1962777905977093 2851
1671590441650 2.190675313766419 2874
1671590455820 2.202049865685123 2897
1671590470046 2.1923486679755926 2920
1671590484497 2.205528452196566 2943
1671590498682 2.1946226434134912 2966
1671590513191 2.191288015707991 2989
1671590527569 2.188675671397561 3012
1671590541637 2.19240372705982 3035
1671590555671 2.1918954020863897 3058
1671590569757 2.1959500151492484 3081
1671590584038 2.192945113020725 3104
1671590598311 2.194749018118797 3127
1671590612611 2.1961183147381385 3150
1671590626766 2.1934444338508614 3173
1671590641169 2.1953060366481356 3196
1671590655199 2.1866296242091545 3219
1671590669256 2.191665581379958 3242
1671590683486 2.1905368146817805 3265
1671590697778 2.1986307195074763 3288
1671590712154 2.1898123168646997 3311
1671590726341 2.18946718640579 3334
1671590740415 2.189982183284999 3357
1671590754455 2.194359618986155 3380
1671590768742 2.1916518542345407 3403
1671590783026 2.1846772783281705 3426
1671590797411 2.1878318906544836 3449
1671590811787 2.1880593919044315 3472
1671590826040 2.192602110446463 3495
1671590840276 2.1822133768294503 3518
1671590854701 2.190373961216553 3541
1671590868921 2.1935057303694445 3564
1671590883412 2.182369800100418 3587
1671590897542 2.200791777967221 3610
1671590911531 2.187077155273227 3633
1671590925563 2.1831734699178407 3656
1671590939714 2.184045267416127 3679
1671590954012 2.18973626188762 3702
1671590968154 2.1856728557277054 3725
1671590982262 2.188061008533137 3748
1671590996370 2.1973779114655514 3771
1671591010540 2.186223196901212 3794
1671591024767 2.182709286958675 3817
1671591039038 2.185640422728331 3840
1671591053301 2.187735833865985 3863
1671591067380 2.189586475757018 3886
1671591081326 2.1906230520755705 3909
1671591095582 2.1994414870759034 3932
1671591109694 2.1819362649681935 3955
1671591123759 2.1824286996817115 3978
1671591137726 2.1819990175783843 4001
1671591152285 2.1911121728331326 4024
1671591166311 2.191171626694457 4047
1671591180408 2.1804116197797696 4070
1671591194607 2.182304750826025 4093
1671591208786 2.1838417032312534 4116
1671591222948 2.1841186583829404 4139
1671591236990 2.1917786977426337 4162
1671591251167 2.193967186007477 4185
1671591265118 2.1837822574020547 4208
1671591279468 2.1792872260275127 4231
1671591293534 2.184855653803534 4254
1671591307812 2.1936595777360877 4277
1671591322268 2.181884865291241 4300
1671591336379 2.1770261269521116 4323
1671591350369 2.1901077910837183 4346
1671591364438 2.191668236958391 4369
1671591378881 2.1917550472741727 4392
1671591393301 2.1874778782953817 4415
1671591407399 2.2010220197181445 4438
1671591421664 2.188181853335452 4461
1671591435806 2.178724018315082 4484
1671591450009 2.179813763400195 4507
1671591464132 2.1823893132886694 4530
1671591478227 2.1833641566801405 4553
1671591492182 2.180556639524193 4576
1671591506303 2.178360977447049 4599
1671591520602 2.1860399017583023 4622
1671591534793 2.1840793533696963 4645
1671591549203 2.1800513806776607 4668
1671591563466 2.1797988897352636 4691
1671591577668 2.187980173050465 4714
1671591591876 2.175184733634149 4737
1671591605871 2.1799201417818495 4760
1671591620205 2.1837334113924975 4783
1671591634447 2.1780508607319584 4806
1671591649037 2.1753547222115923 4829
1671591663192 2.178177242139614 4852
1671591677187 2.179953641641833 4875
1671591691367 2.179038226189706 4898
1671591705925 2.1707219689614443 4921
1671591720217 2.181962162962469 4944
1671591734389 2.1832494506945017 4967
1671591748651 2.1779056469399904 4990
1671591762942 2.177229114458839 5013
1671591777258 2.175786842723249 5036
1671591791494 2.179577982144873 5059
1671591805771 2.1875016223940023 5082
1671591819806 2.175456740574282 5105
1671591834080 2.1905023204758036 5128
1671591848362 2.1756442552071715 5151
1671591862597 2.180405053362086 5174
1671591877068 2.1772142970569597 5197
1671591891055 2.1823482390694005 5220
1671591905132 2.169163686676245 5243
1671591919517 2.177007311756136 5266
1671591933691 2.178189852672404 5289
1671591947882 2.1775889582810066 5312
1671591962424 2.187276410434619 5335
1671591976933 2.18611147733809 5358
1671591991181 2.181491044395443 5381
1671592005489 2.177382204602579 5404
1671592019920 2.177848051400381 5427
1671592034160 2.182356129613866 5450
1671592048505 2.1816635705733685 5473
1671592062947 2.1783751668857247 5496
1671592077258 2.1796980026124992 5519
1671592091665 2.1718869215154086 5542
1671592106161 2.1780234268603516 5565
1671592120531 2.182561910069517 5588
1671592134957 2.1754037745568757 5611
1671592149533 2.1750546657777727 5634
1671592163692 2.171328891028085 5657
1671592178092 2.1743187853935857 5680
1671592192337 2.177741568890356 5703
1671592206726 2.1754948220887544 5726
1671592220989 2.1707807858898125 5749
1671592235378 2.173078146084848 5772
1671592249715 2.174291510482176 5795
1671592264073 2.183073376154683 5818
1671592278968 2.198418378800045 5841
1671592293221 2.182550160682925 5864
1671592307508 2.1711169798986676 5887
1671592321692 2.1749139733134513 5910
1671592335895 2.1707782620306855 5933
1671592350053 2.1705294509844393 5956
1671592364342 2.173542170718692 5979
1671592378595 2.171641192796409 6002
1671592392698 2.166539311464949 6025
1671592407271 2.186904754474614 6048
1671592421548 2.176803517541544 6071
1671592435958 2.1747641879835076 6094
1671592450409 2.170019932669726 6117
1671592464661 2.17841997696234 6140
1671592478993 2.167767973777419 6163
1671592493132 2.174358105783607 6186
1671592507202 2.1769187051479473 6209
1671592521740 2.1693122611205826 6232
1671592536045 2.1723908880147977 6255
1671592550384 2.171119271557654 6278
1671592565032 2.173020701414227 6301
1671592579371 2.166889032929359 6324
1671592593382 2.1704153185236494 6347
1671592607889 2.1701178336591873 6370
1671592622020 2.1707795090591366 6393
1671592636331 2.1673029780612443 6416
1671592650645 2.168482490685062 6439
1671592664919 2.1676667110752854 6462
1671592679252 2.171078761451695 6485
1671592693584 2.16741024287108 6508
1671592707780 2.1722220614309458 6531
1671592722084 2.1675393987301868 6554
1671592736421 2.164325419829684 6577
1671592750717 2.173942486689328 6600
1671592764629 2.1630745132543385 6623
1671592778832 2.168448535453945 6646
1671592793159 2.173320671378689 6669
1671592807449 2.173009285091901 6692
1671592821567 2.168806616662287 6715
1671592835700 2.168868144941055 6738
1671592850009 2.1700807172503533 6761
1671592864293 2.170387992275985 6784
1671592878461 2.164273323727622 6807
1671592892750 2.1714373910561036 6830
1671592907069 2.1784269663052718 6853
1671592921302 2.190158209267742 6876
1671592935495 2.1728056973112992 6899
1671592949769 2.1703466160271163 6922
1671592963910 2.175881692267856 6945
1671592978207 2.1690810615285705 6968
1671592992580 2.160771417738777 6991
1671593006728 2.1585825732533097 7014
1671593020705 2.165484948417677 7037
1671593034987 2.1649461970519215 7060
1671593049111 2.1582620483573933 7083
1671593063279 2.1667896492301395 7106
1671593077702 2.162659502848677 7129
1671593091961 2.1621312823683487 7152
1671593106318 2.174397466417468 7175
1671593120410 2.1668733415823915 7198
1671593134739 2.169131952902629 7221
1671593148922 2.165830584564075 7244
1671593163201 2.1615159243854674 7267
1671593177699 2.1593687413789793 7290
1671593192146 2.1702421680312423 7313
1671593206483 2.1609465587328356 7336
1671593220519 2.1675727930401956 7359
1671593234564 2.172224130079519 7382
1671593248977 2.1601006280208215 7405
1671593263096 2.156746948741194 7428
1671593277465 2.1615730506994124 7451
1671593291921 2.1669139948830907 7474
1671593306179 2.164425399289657 7497
1671593320407 2.1624717945649943 7520
1671593334423 2.164228361589252 7543
1671593348812 2.1504403975522273 7566
1671593363076 2.1759069350873887 7589
1671593377204 2.1613471081384854 7612
1671593391079 2.1912159951158405 7635
1671593405283 2.1611422497077526 7658
1671593419514 2.154525970064835 7681
1671593433418 2.1610042503295217 7704
1671593447994 2.15808654857549 7727
1671593462363 2.1631302588501367 7750
1671593476878 2.1660375182403837 7773
1671593490848 2.1582871660210468 7796
1671593505164 2.1576359923286605 7819
1671593519192 2.160521856823752 7842
1671593533502 2.162156753103337 7865
1671593547663 2.155922250094548 7888
1671593561995 2.164713030071737 7911
1671593576096 2.1558091636099523 7934
1671593590248 2.1560879079915902 7957
1671593604226 2.1613406607855756 7980
1671593618293 2.1561199245433897 8003
1671593632759 2.152718277208895 8026
1671593646937 2.1894730054286993 8049
1671593661126 2.1681436100262736 8072
1671593675188 2.1569497891283924 8095
1671593689422 2.156384727419506 8118
1671593703728 2.162237880660292 8141
1671593718163 2.161175546142093 8164
1671593732155 2.164176752926781 8187
1671593746503 2.159215076690717 8210
1671593760540 2.154220932155184 8233
1671593775196 2.1574218907810776 8256
1671593789387 2.1680331310637895 8279
1671593803790 2.153496197299155 8302
1671593818075 2.168945252189933 8325
1671593832353 2.1574798461764484 8348
1671593846441 2.1489159606147434 8371
1671593860642 2.1495153402702476 8394
1671593874842 2.1632633189429478 8417
1671593889061 2.152485113491897 8440
1671593903209 2.1517192964604606 8463
1671593917461 2.1577931323943154 8486
1671593931834 2.1607555064711352 8509
1671593946005 2.1588539930427935 8532
1671593960376 2.152204371475923 8555
1671593974421 2.1572927356919345 8578
1671593988504 2.153853620463157 8601
1671594002906 2.1571506327912697 8624
1671594017132 2.162794097536132 8647
1671594031682 2.152450821084325 8670
1671594045604 2.1555557064572834 8693
1671594060002 2.1512367038069162 8716
1671594074316 2.1579468725458626 8739
1671594088356 2.1507911136097126 8762
1671594102752 2.152080083794748 8785
1671594116970 2.150619497219085 8808
1671594131028 2.1575116004755195 8831
1671594145174 2.1639470227853317 8854
1671594159308 2.153825592666153 8877
1671594173793 2.152641866741548 8900
1671594188079 2.15248169333503 8923
1671594202463 2.173212724738268 8946
1671594216703 2.145977165569246 8969
1671594231002 2.1523510656838782 8992
1671594245411 2.1691082766379046 9015
1671594259821 2.1552173261775005 9038
1671594274003 2.1554758330550077 9061
1671594288283 2.164368021092444 9084
1671594302649 2.152591222369032 9107
1671594316873 2.1797672380788913 9130
1671594331079 2.154176691820159 9153
1671594345731 2.15297993280528 9176
1671594359915 2.1530569207124617 9199
1671594374333 2.1517535781677513 9222
1671594388915 2.1523165742253063 9245
1671594403189 2.1541818621008977 9268
1671594417343 2.15858720764769 9291
1671594431600 2.151470484104169 9314
1671594445977 2.148036313714532 9337
1671594460202 2.149496111631782 9360
1671594474519 2.1492907431699457 9383
1671594488672 2.1654576142498936 9406
1671594503150 2.1549761049658915 9429
1671594517489 2.1433077179256013 9452
1671594532088 2.1457261161613848 9475
1671594546357 2.166526446327152 9498
1671594560414 2.1501041594311543 9521
1671594574600 2.148712833738905 9544
1671594589007 2.154733309391118 9567
1671594603255 2.1502745110163377 9590
1671594617399 2.1582821682598428 9613
1671594631832 2.149155407320611 9636
1671594645957 2.1582608372993 9659
1671594660263 2.150311530281102 9682
1671594674659 2.158743055411645 9705
1671594688789 2.1502093376850593 9728
1671594703324 2.1523509726400496 9751
1671594717538 2.14969058785411 9774
1671594731900 2.1446426293967287 9797
1671594746320 2.148482288314284 9820
1671594760534 2.147878725169716 9843
1671594775115 2.167832756243642 9866
1671594789579 2.143564611877412 9889
1671594803846 2.147671909406949 9912
1671594818030 2.151661749149553 9935
1671594832471 2.1448877580057686 9958
1671594846784 2.153586114080398 9981
1671594860989 2.1563651056833146 10004
1671594875419 2.1469052730231004 10027
1671594889740 2.145303801592361 10050
1671594903893 2.142170445584727 10073
1671594918196 2.1560310422467057 10096
1671594932580 2.1450027687819797 10119
1671594947002 2.143242418823675 10142
1671594961056 2.160260103874852 10165
1671594975351 2.1534330140430993 10188
1671594989399 2.138876218707225 10211
1671595003849 2.149742838959052 10234
1671595018467 2.1463952665756802 10257
1671595032883 2.1423003405371897 10280
1671595047142 2.1514209709757557 10303
1671595061372 2.1501838704797205 10326
1671595075749 2.151927966923532 10349
1671595089750 2.1431735789031596 10372
1671595103950 2.151468528019125 10395
1671595118408 2.148273349855182 10418
1671595132612 2.1473719339932824 10441
1671595147022 2.1393907186885186 10464
1671595161183 2.149741562363017 10487
1671595175481 2.13874014360812 10510
1671595189992 2.146383327615976 10533
1671595204266 2.135340022935838 10556
1671595218583 2.1479885979732676 10579
1671595232914 2.1491404976866044 10602
1671595247040 2.1391516556567156 10625
1671595261135 2.1403133050867202 10648
1671595275586 2.1452437526673345 10671
1671595289842 2.1405180381710847 10694
1671595303988 2.1441931540841113 10717
1671595318154 2.1387983713379417 10740
1671595332559 2.1434096701115855 10763
1671595346777 2.1482911048776776 10786
1671595361367 2.1414091603559067 10809
1671595375675 2.144199631880762 10832
1671595390428 2.140588354669374 10855
1671595405017 2.158395024296238 10878
1671595419630 2.163083597401571 10901
1671595433890 2.1555251756855287 10924
1671595448167 2.142099207954246 10947
1671595463331 2.1393303111147968 10970
1671595477783 2.149882006385218 10993
1671595492000 2.1449631135613894 11016
1671595506210 2.1425930120553582 11039
1671595520755 2.144348602958825 11062
1671595535221 2.1460912966999826 11085
1671595549846 2.149239682815791 11108
1671595564054 2.1426649328602787 11131
1671595578358 2.1447300508315017 11154
1671595592502 2.136553860018931 11177
1671595606655 2.1339633533940243 11200
1671595620985 2.133286825223134 11223
1671595635260 2.1331430963251816 11246
1671595649589 2.1356631102185637 11269
1671595663792 2.1339091879702847 11292
1671595678207 2.147813826328467 11315
1671595692549 2.143523324947879 11338
1671595706999 2.1382799570299063 11361
1671595721342 2.1511678048236926 11384
1671595735514 2.1356111148179497 11407
1671595749738 2.1380043237455406 11430
1671595764072 2.134474775802119 11453
1671595778296 2.151075624781247 11476
1671595792454 2.140686829758762 11499
