1671588681733 0.628329336643219 22
1671588695819 0.6617217659950256 45
1671588709775 0.6473535895347595 68
1671588723910 0.6560425162315369 91
1671588737786 0.6598666906356812 114
1671588751731 0.6615424752235413 137
1671588765896 0.6504677534103394 160
1671588780333 0.6606606841087341 183
1671588794435 0.6739367246627808 206
1671588808481 0.6679640412330627 229
1671588822700 0.6602360010147095 252
1671588836874 0.6754376888275146 275
1671588851056 0.6577420830726624 298
1671588865167 0.671116828918457 321
1671588879341 0.6747075915336609 344
1671588893543 0.6542063355445862 367
1671588907669 0.6654396057128906 390
1671588921643 0.6714093685150146 413
1671588936001 0.6641674041748047 436
1671588949978 0.6551920771598816 459
1671588964146 0.6720934510231018 482
1671588977976 0.6625478863716125 505
1671588992074 0.6586315631866455 528
1671589006076 0.6643598079681396 551
1671589020261 0.6622684001922607 574
1671589034322 0.6696311235427856 597
1671589048565 0.6676490902900696 620
1671589062857 0.6609880924224854 643
1671589077038 0.6635434627532959 666
1671589091257 0.6659741401672363 689
1671589105302 0.6518905758857727 712
1671589119602 0.6747899055480957 735
1671589133767 0.6637253165245056 758
1671589147874 0.6690790057182312 781
1671589161892 0.6654161214828491 804
1671589176170 0.6577633023262024 827
1671589190221 0.6699320673942566 850
1671589204127 0.6518761515617371 873
1671589218252 0.6529277563095093 896
1671589232202 0.6623706221580505 919
1671589246462 0.6575705409049988 942
1671589260566 0.6457571983337402 965
1671589275058 0.6837853193283081 988
1671589289571 0.6556733846664429 1011
1671589303818 0.6637598872184753 1034
1671589317946 0.6596754789352417 1057
1671589332144 0.6789888739585876 1080
1671589346380 0.6576998829841614 1103
1671589360644 0.6786232590675354 1126
1671589374919 0.6800835132598877 1149
1671589389247 0.6676042675971985 1172
1671589403490 0.668813169002533 1195
1671589417725 0.6657354831695557 1218
1671589431950 0.6694102883338928 1241
1671589446353 0.6643882989883423 1264
1671589460453 0.6644899845123291 1287
1671589474815 0.6853042244911194 1310
1671589489016 0.6921104788780212 1333
1671589503371 0.6732228398323059 1356
1671589517503 0.6671389937400818 1379
1671589531708 0.6727189421653748 1402
1671589545793 0.6768064498901367 1425
1671589560015 0.6767927408218384 1448
1671589574156 0.6721627712249756 1471
1671589588505 0.6614614129066467 1494
1671589602955 0.6943747401237488 1517
1671589617594 0.6838193535804749 1540
1671589631668 0.6821200847625732 1563
1671589645949 0.6624883413314819 1586
1671589660184 0.6832237243652344 1609
1671589674287 0.6622013449668884 1632
1671589688351 0.6884527802467346 1655
1671589702436 0.6602342128753662 1678
1671589716619 0.6732726097106934 1701
1671589731004 0.6626077890396118 1724
1671589745340 0.6878583431243896 1747
1671589759608 0.6625002026557922 1770
1671589773971 0.6921454071998596 1793
1671589788125 0.6830759644508362 1816
1671589802644 0.6834698915481567 1839
1671589816869 0.6863232254981995 1862
1671589831335 0.6862237453460693 1885
1671589845558 0.6770619750022888 1908
1671589859778 0.6958650350570679 1931
1671589873931 0.6687046885490417 1954
1671589888037 0.6727909445762634 1977
1671589902326 0.6751588582992554 2000
1671589916374 0.6618742346763611 2023
1671589930578 0.6977943778038025 2046
1671589944816 0.6693884134292603 2069
1671589959211 0.675758421421051 2092
1671589973611 0.6704666018486023 2115
1671589987887 0.6592744588851929 2138
1671590001963 0.6843895316123962 2161
1671590016124 0.6851435899734497 2184
1671590030389 0.6875991821289062 2207
1671590044520 0.6855468153953552 2230
1671590058707 0.6507465839385986 2253
1671590072903 0.6772885322570801 2276
1671590086840 0.6686615347862244 2299
1671590100931 0.6743940711021423 2322
1671590115303 0.6950504779815674 2345
1671590129640 0.6688665747642517 2368
1671590143961 0.6722609400749207 2391
1671590157926 0.6788672804832458 2414
1671590172134 0.6866679787635803 2437
1671590186125 0.6812010407447815 2460
1671590200345 0.6814867854118347 2483
1671590214430 0.6896713972091675 2506
1671590228402 0.6954699754714966 2529
1671590243011 0.6623958945274353 2552
1671590257254 0.6913102269172668 2575
1671590271308 0.6868258118629456 2598
1671590285497 0.6833664178848267 2621
1671590299802 0.7076458930969238 2644
1671590314070 0.6935171484947205 2667
1671590328429 0.6723399758338928 2690
1671590342860 0.6688919067382812 2713
1671590356895 0.6923032402992249 2736
1671590371021 0.7070418000221252 2759
1671590385291 0.683405876159668 2782
1671590399424 0.6723960638046265 2805
1671590413488 0.6838504672050476 2828
1671590427753 0.6890658140182495 2851
1671590441650 0.674196720123291 2874
1671590455820 0.674047589302063 2897
1671590470046 0.6792944669723511 2920
1671590484497 0.6712374091148376 2943
1671590498682 0.6986096501350403 2966
1671590513191 0.6786556839942932 2989
1671590527569 0.6915144324302673 3012
1671590541637 0.6688053607940674 3035
1671590555671 0.6787768006324768 3058
1671590569757 0.6764518022537231 3081
1671590584038 0.6845118403434753 3104
1671590598311 0.6954997181892395 3127
1671590612611 0.6771977543830872 3150
1671590626766 0.682401180267334 3173
1671590641169 0.6874507069587708 3196
1671590655199 0.6692586541175842 3219
1671590669256 0.6828413009643555 3242
1671590683486 0.681138277053833 3265
1671590697778 0.6811112761497498 3288
1671590712154 0.6919045448303223 3311
1671590726341 0.6950377821922302 3334
1671590740415 0.686116635799408 3357
1671590754455 0.6927337050437927 3380
1671590768742 0.6943095326423645 3403
1671590783026 0.6704409718513489 3426
1671590797411 0.6766180992126465 3449
1671590811787 0.677069365978241 3472
1671590826040 0.6754730939865112 3495
1671590840276 0.6867805123329163 3518
1671590854701 0.6779730319976807 3541
1671590868921 0.6792452335357666 3564
1671590883412 0.6727334260940552 3587
1671590897542 0.6774022579193115 3610
1671590911531 0.6778477430343628 3633
1671590925563 0.6790512204170227 3656
1671590939714 0.6958935856819153 3679
1671590954012 0.6915067434310913 3702
1671590968154 0.6787038445472717 3725
1671590982262 0.6894395351409912 3748
1671590996370 0.6800059676170349 3771
1671591010540 0.6857839226722717 3794
1671591024767 0.680551290512085 3817
1671591039038 0.7117612957954407 3840
1671591053301 0.6863592267036438 3863
1671591067380 0.7050905227661133 3886
1671591081326 0.6730596423149109 3909
1671591095582 0.6837770938873291 3932
1671591109694 0.6813833117485046 3955
1671591123759 0.6967020630836487 3978
1671591137726 0.6907899975776672 4001
1671591152285 0.6969683170318604 4024
1671591166311 0.6856301426887512 4047
1671591180408 0.6980043053627014 4070
1671591194607 0.6756032109260559 4093
1671591208786 0.6763046383857727 4116
1671591222948 0.7033941149711609 4139
1671591236990 0.6878626942634583 4162
1671591251167 0.6777858138084412 4185
1671591265118 0.6865614056587219 4208
1671591279468 0.6792721748352051 4231
1671591293534 0.6994104385375977 4254
1671591307812 0.6748702526092529 4277
1671591322268 0.6752803325653076 4300
1671591336379 0.6667172908782959 4323
1671591350369 0.6907827854156494 4346
1671591364438 0.6797401309013367 4369
1671591378881 0.6927380561828613 4392
1671591393301 0.6893167495727539 4415
1671591407399 0.6835466027259827 4438
1671591421664 0.6863544583320618 4461
1671591435806 0.6755027174949646 4484
1671591450009 0.6891078352928162 4507
1671591464132 0.6893005967140198 4530
1671591478227 0.6949405670166016 4553
1671591492182 0.6917110085487366 4576
1671591506303 0.6913519501686096 4599
1671591520602 0.6898799538612366 4622
1671591534793 0.6905426383018494 4645
1671591549203 0.6842356324195862 4668
1671591563466 0.6930443048477173 4691
1671591577668 0.6981484293937683 4714
1671591591876 0.6838176250457764 4737
1671591605871 0.6758000254631042 4760
1671591620205 0.6935666799545288 4783
1671591634447 0.6906886696815491 4806
1671591649037 0.6788384318351746 4829
1671591663192 0.6852890253067017 4852
1671591677187 0.6935590505599976 4875
1671591691367 0.6811373233795166 4898
1671591705925 0.6873378753662109 4921
1671591720217 0.714084804058075 4944
1671591734389 0.6952939629554749 4967
1671591748651 0.688518226146698 4990
1671591762942 0.692569375038147 5013
1671591777258 0.7012462019920349 5036
1671591791494 0.6972501873970032 5059
1671591805771 0.6746822595596313 5082
1671591819806 0.7041260004043579 5105
1671591834080 0.6681497693061829 5128
1671591848362 0.6813685297966003 5151
1671591862597 0.6829806566238403 5174
1671591877068 0.6927246451377869 5197
1671591891055 0.6882117986679077 5220
1671591905132 0.6872425675392151 5243
1671591919517 0.676076352596283 5266
1671591933691 0.6872844099998474 5289
1671591947882 0.6966627836227417 5312
1671591962424 0.6738618016242981 5335
1671591976933 0.6805018782615662 5358
1671591991181 0.7082332968711853 5381
1671592005489 0.6965648531913757 5404
1671592019920 0.6879999041557312 5427
1671592034160 0.6880360841751099 5450
1671592048505 0.7005159854888916 5473
1671592062947 0.6874263286590576 5496
1671592077258 0.6991004347801208 5519
1671592091665 0.6810492873191833 5542
1671592106161 0.6872596144676208 5565
1671592120531 0.6879974007606506 5588
1671592134957 0.691658616065979 5611
1671592149533 0.6845277547836304 5634
1671592163692 0.6948382258415222 5657
1671592178092 0.7042475342750549 5680
1671592192337 0.6773232817649841 5703
1671592206726 0.6863619089126587 5726
1671592220989 0.6609145998954773 5749
1671592235378 0.6793093085289001 5772
1671592249715 0.6885749101638794 5795
1671592264073 0.693221390247345 5818
1671592278968 0.6662806272506714 5841
1671592293221 0.6850552558898926 5864
1671592307508 0.683458685874939 5887
1671592321692 0.6994069218635559 5910
1671592335895 0.7031459808349609 5933
1671592350053 0.6902907490730286 5956
1671592364342 0.6834063529968262 5979
1671592378595 0.6923452019691467 6002
1671592392698 0.6922367811203003 6025
1671592407271 0.680955708026886 6048
1671592421548 0.6661081314086914 6071
1671592435958 0.686823308467865 6094
1671592450409 0.7082406282424927 6117
1671592464661 0.689828097820282 6140
1671592478993 0.6962807774543762 6163
1671592493132 0.6955033540725708 6186
1671592507202 0.6821580529212952 6209
1671592521740 0.6916473507881165 6232
1671592536045 0.6871976852416992 6255
1671592550384 0.6967459917068481 6278
1671592565032 0.6947191953659058 6301
1671592579371 0.6740659475326538 6324
1671592593382 0.6983597874641418 6347
1671592607889 0.6833255887031555 6370
1671592622020 0.6832661032676697 6393
1671592636331 0.7024319171905518 6416
1671592650645 0.6949324011802673 6439
1671592664919 0.6803723573684692 6462
1671592679252 0.7042626142501831 6485
1671592693584 0.6820843815803528 6508
1671592707780 0.7034800052642822 6531
1671592722084 0.6926301121711731 6554
1671592736421 0.7062233686447144 6577
1671592750717 0.6984294056892395 6600
1671592764629 0.6845515966415405 6623
1671592778832 0.6918152570724487 6646
1671592793159 0.7000253796577454 6669
1671592807449 0.6877148151397705 6692
1671592821567 0.6995223164558411 6715
1671592835700 0.6727152466773987 6738
1671592850009 0.6770512461662292 6761
1671592864293 0.6972399353981018 6784
1671592878461 0.6984135508537292 6807
1671592892750 0.7102086544036865 6830
1671592907069 0.6776820421218872 6853
1671592921302 0.7064872980117798 6876
1671592935495 0.6829216480255127 6899
1671592949769 0.6919084787368774 6922
1671592963910 0.684744119644165 6945
1671592978207 0.6856092214584351 6968
1671592992580 0.6610870957374573 6991
1671593006728 0.7155008912086487 7014
1671593020705 0.6968538165092468 7037
1671593034987 0.7010724544525146 7060
1671593049111 0.7171077132225037 7083
1671593063279 0.6901912689208984 7106
1671593077702 0.7106855511665344 7129
1671593091961 0.7021299004554749 7152
1671593106318 0.6941338777542114 7175
1671593120410 0.6923443675041199 7198
1671593134739 0.6882444620132446 7221
1671593148922 0.6867077350616455 7244
1671593163201 0.6937474608421326 7267
1671593177699 0.6879558563232422 7290
1671593192146 0.6806996464729309 7313
1671593206483 0.6899475455284119 7336
1671593220519 0.685828447341919 7359
1671593234564 0.6952021718025208 7382
1671593248977 0.6969305872917175 7405
1671593263096 0.7003000378608704 7428
1671593277465 0.7206434607505798 7451
1671593291921 0.6791800856590271 7474
1671593306179 0.6766327023506165 7497
1671593320407 0.6882742047309875 7520
1671593334423 0.6905630230903625 7543
1671593348812 0.6943349242210388 7566
1671593363076 0.7103740572929382 7589
1671593377204 0.6975255608558655 7612
1671593391079 0.6521599292755127 7635
1671593405283 0.6831499934196472 7658
1671593419514 0.6951851844787598 7681
1671593433418 0.6983482837677002 7704
1671593447994 0.7017405033111572 7727
1671593462363 0.6910486817359924 7750
1671593476878 0.7028666138648987 7773
1671593490848 0.6934122443199158 7796
1671593505164 0.7026178240776062 7819
1671593519192 0.6888121366500854 7842
1671593533502 0.6946042776107788 7865
1671593547663 0.7123262882232666 7888
1671593561995 0.6948443055152893 7911
1671593576096 0.6791833639144897 7934
1671593590248 0.7016672492027283 7957
1671593604226 0.7026940584182739 7980
1671593618293 0.6986047029495239 8003
1671593632759 0.704827606678009 8026
1671593646937 0.6981428861618042 8049
1671593661126 0.6844858527183533 8072
1671593675188 0.7007672190666199 8095
1671593689422 0.6910517811775208 8118
1671593703728 0.6888129711151123 8141
1671593718163 0.7047329545021057 8164
1671593732155 0.7073841691017151 8187
1671593746503 0.7039980888366699 8210
1671593760540 0.7169222831726074 8233
1671593775196 0.6972734332084656 8256
1671593789387 0.6839223504066467 8279
1671593803790 0.6941689252853394 8302
1671593818075 0.6909809708595276 8325
1671593832353 0.6923472285270691 8348
1671593846441 0.707801103591919 8371
1671593860642 0.6880788803100586 8394
1671593874842 0.6610522866249084 8417
1671593889061 0.6970280408859253 8440
1671593903209 0.6909452080726624 8463
1671593917461 0.6772258877754211 8486
1671593931834 0.7038325667381287 8509
1671593946005 0.7044385671615601 8532
1671593960376 0.692452609539032 8555
1671593974421 0.6798232793807983 8578
1671593988504 0.7056563496589661 8601
1671594002906 0.7081964612007141 8624
1671594017132 0.6827900409698486 8647
1671594031682 0.6925721168518066 8670
1671594045604 0.7155815362930298 8693
1671594060002 0.6821988224983215 8716
1671594074316 0.6994455456733704 8739
1671594088356 0.7049755454063416 8762
1671594102752 0.6877190470695496 8785
1671594116970 0.6965863108634949 8808
1671594131028 0.6955838203430176 8831
1671594145174 0.6795961260795593 8854
1671594159308 0.6928867697715759 8877
1671594173793 0.69663006067276 8900
1671594188079 0.7039424777030945 8923
1671594202463 0.6864239573478699 8946
1671594216703 0.6879419684410095 8969
1671594231002 0.6960482597351074 8992
1671594245411 0.6886910200119019 9015
1671594259821 0.6967328190803528 9038
1671594274003 0.7032679915428162 9061
1671594288283 0.6882339119911194 9084
1671594302649 0.6916090250015259 9107
1671594316873 0.687664270401001 9130
1671594331079 0.7098925113677979 9153
1671594345731 0.689197838306427 9176
1671594359915 0.6838456988334656 9199
1671594374333 0.7114721536636353 9222
1671594388915 0.6925601959228516 9245
1671594403189 0.7220216989517212 9268
1671594417343 0.6916316747665405 9291
1671594431600 0.6961485743522644 9314
1671594445977 0.7019264698028564 9337
1671594460202 0.6827927231788635 9360
1671594474519 0.6863090395927429 9383
1671594488672 0.6826164126396179 9406
1671594503150 0.6984748244285583 9429
1671594517489 0.7075142860412598 9452
1671594532088 0.7036893367767334 9475
1671594546357 0.7115316390991211 9498
1671594560414 0.7080469131469727 9521
1671594574600 0.6896018981933594 9544
1671594589007 0.7062014937400818 9567
1671594603255 0.6978632211685181 9590
1671594617399 0.6933972835540771 9613
1671594631832 0.7189130783081055 9636
1671594645957 0.6988468766212463 9659
1671594660263 0.7142698764801025 9682
1671594674659 0.6858751773834229 9705
1671594688789 0.6717994809150696 9728
1671594703324 0.6939712762832642 9751
1671594717538 0.711845338344574 9774
1671594731900 0.7192087769508362 9797
1671594746320 0.6937758326530457 9820
1671594760534 0.698692798614502 9843
1671594775115 0.6908748745918274 9866
1671594789579 0.7020373344421387 9889
1671594803846 0.7095596194267273 9912
1671594818030 0.6842378973960876 9935
1671594832471 0.6980723738670349 9958
1671594846784 0.6797689199447632 9981
1671594860989 0.7016335725784302 10004
1671594875419 0.7103737592697144 10027
1671594889740 0.6973093152046204 10050
1671594903893 0.7089560031890869 10073
1671594918196 0.6915242075920105 10096
1671594932580 0.6900076866149902 10119
1671594947002 0.7120886445045471 10142
1671594961056 0.6899116635322571 10165
1671594975351 0.7042731046676636 10188
1671594989399 0.7014275789260864 10211
1671595003849 0.7181739807128906 10234
1671595018467 0.7054334878921509 10257
1671595032883 0.7052468657493591 10280
1671595047142 0.715950071811676 10303
1671595061372 0.7028023600578308 10326
1671595075749 0.69545978307724 10349
1671595089750 0.7050842642784119 10372
1671595103950 0.6832818984985352 10395
1671595118408 0.7047045826911926 10418
1671595132612 0.7165954113006592 10441
1671595147022 0.6995992064476013 10464
1671595161183 0.6855785250663757 10487
1671595175481 0.7040074467658997 10510
1671595189992 0.7070532441139221 10533
1671595204266 0.7089227437973022 10556
1671595218583 0.667095959186554 10579
1671595232914 0.6765609979629517 10602
1671595247040 0.6923098564147949 10625
1671595261135 0.7086840867996216 10648
1671595275586 0.7067014575004578 10671
1671595289842 0.7072072625160217 10694
1671595303988 0.6706777215003967 10717
1671595318154 0.7017010450363159 10740
1671595332559 0.6930769085884094 10763
1671595346777 0.6935529708862305 10786
1671595361367 0.7065371870994568 10809
1671595375675 0.7092453837394714 10832
1671595390428 0.7088462114334106 10855
1671595405017 0.7094541192054749 10878
1671595419630 0.704847514629364 10901
1671595433890 0.7034297585487366 10924
1671595448167 0.7094781398773193 10947
1671595463331 0.6934673190116882 10970
1671595477783 0.6775560975074768 10993
1671595492000 0.7005676627159119 11016
1671595506210 0.6989206671714783 11039
1671595520755 0.6826044917106628 11062
1671595535221 0.6890608668327332 11085
1671595549846 0.7164137959480286 11108
1671595564054 0.712954044342041 11131
1671595578358 0.7030865550041199 11154
1671595592502 0.6801618337631226 11177
1671595606655 0.6897509098052979 11200
1671595620985 0.7123898267745972 11223
1671595635260 0.7077236771583557 11246
1671595649589 0.7046068906784058 11269
1671595663792 0.6879299283027649 11292
1671595678207 0.7082972526550293 11315
1671595692549 0.6999620795249939 11338
1671595706999 0.6775943636894226 11361
1671595721342 0.6838178634643555 11384
1671595735514 0.6941277384757996 11407
1671595749738 0.7067760825157166 11430
1671595764072 0.6971336007118225 11453
1671595778296 0.6952685117721558 11476
1671595792454 0.6967856287956238 11499
