1671514829909 22.0 22
1671514843551 22.0 45
1671514857523 22.0 68
1671514871803 22.0 91
1671514885661 22.0 114
1671514899574 22.0 137
1671514913493 22.0 160
1671514927976 22.0 183
1671514941891 22.0 206
1671514955965 22.0 229
1671514969968 22.0 252
1671514984011 22.0 275
1671514998121 22.0 298
1671515012134 22.0 321
1671515026357 22.0 344
1671515040249 22.0 367
1671515054207 22.0 390
1671515068380 22.0 413
1671515082375 22.0 436
1671515097033 22.0 459
1671515111116 22.0 482
1671515125233 22.0 505
1671515139314 22.0 528
1671515153416 22.0 551
1671515167578 22.0 574
1671515181805 22.0 597
1671515195910 22.0 620
1671515209729 22.0 643
1671515223884 22.0 666
1671515238002 21.75 689
1671515252171 22.0 712
1671515266832 22.0 735
1671515281080 22.0 758
1671515295259 22.0 781
1671515309304 22.0 804
1671515323636 21.75 827
1671515337566 21.75 850
1671515351702 21.75 873
1671515365863 22.0 896
1671515379766 22.0 919
1671515393965 22.0 942
1671515408160 22.0 965
1671515422387 22.0 988
1671515436825 22.0 1011
1671515451145 22.0 1034
1671515465253 22.0 1057
1671515479316 22.0 1080
1671515493332 22.0 1103
1671515507395 22.0 1126
1671515521317 22.0 1149
1671515535644 22.0 1172
1671515549664 21.75 1195
1671515563669 22.0 1218
1671515577847 22.0 1241
1671515592211 22.0 1264
1671515606496 22.0 1287
1671515620777 22.0 1310
1671515634815 22.0 1333
1671515649387 22.0 1356
1671515663940 22.0 1379
1671515678389 21.75 1402
1671515692258 22.0 1425
1671515706268 22.0 1448
1671515720291 22.0 1471
1671515734718 21.75 1494
1671515748530 21.5 1517
1671515762597 21.25 1540
1671515776518 21.75 1563
1671515790953 21.75 1586
1671515805422 21.75 1609
1671515819435 21.75 1632
1671515833583 22.0 1655
1671515847446 22.0 1678
1671515861585 21.5 1701
1671515875643 22.0 1724
1671515890097 21.75 1747
1671515903789 21.75 1770
1671515918066 21.5 1793
1671515932180 21.75 1816
1671515946806 21.5 1839
1671515961318 22.0 1862
1671515975243 21.5 1885
1671515989734 21.5 1908
1671516004189 21.75 1931
1671516018934 21.75 1954
1671516033081 21.75 1977
1671516046924 21.75 2000
1671516061130 21.75 2023
1671516075534 21.75 2046
1671516090412 21.5 2069
1671516104544 21.5 2092
1671516118247 21.75 2115
1671516132328 21.5 2138
1671516146458 21.5 2161
1671516160500 21.5 2184
1671516174858 21.5 2207
1671516188787 21.5 2230
1671516202700 21.75 2253
1671516217360 21.75 2276
1671516231063 21.5 2299
1671516245291 21.5 2322
1671516259482 21.5 2345
1671516273538 21.5 2368
1671516287757 21.5 2391
1671516301994 21.5 2414
1671516316205 21.5 2437
1671516331054 21.75 2460
1671516345366 21.5 2483
1671516359856 21.5 2506
1671516374117 21.5 2529
1671516388776 21.5 2552
1671516403246 21.5 2575
1671516417631 21.5 2598
1671516431573 21.5 2621
1671516446168 21.5 2644
1671516460243 21.5 2667
1671516474161 21.5 2690
1671516488387 21.5 2713
1671516502602 21.5 2736
1671516516785 21.25 2759
1671516530986 21.5 2782
1671516545232 21.5 2805
1671516559204 21.5 2828
1671516573840 21.5 2851
1671516587595 21.5 2874
1671516602066 21.5 2897
1671516616773 21.5 2920
1671516631137 21.5 2943
1671516645492 21.5 2966
1671516659981 21.5 2989
1671516673799 21.5 3012
1671516687854 21.5 3035
1671516701749 21.5 3058
1671516715945 21.5 3081
1671516730258 21.5 3104
1671516744227 21.5 3127
1671516758201 21.5 3150
1671516772217 21.5 3173
1671516786302 21.5 3196
1671516800451 21.5 3219
1671516814322 21.5 3242
1671516828600 21.5 3265
1671516842848 21.5 3288
1671516857244 21.5 3311
1671516871297 21.5 3334
1671516885160 21.5 3357
1671516899578 21.5 3380
1671516914243 21.5 3403
1671516928315 21.5 3426
1671516942373 21.5 3449
