1671514829909 0 22
1671514832770 1 22
1671514843551 1 45
1671514846674 2 45
1671514848485 2 49
1671514857523 2 68
1671514860792 3 68
1671514871803 3 91
1671514874898 4 91
1671514877868 4 99
1671514885661 4 114
1671514888852 5 114
1671514899574 5 137
1671514902745 6 137
1671514906878 6 149
1671514913493 6 160
1671514916665 7 160
1671514927976 7 183
1671514931180 8 183
1671514936413 8 199
1671514941891 8 206
1671514945061 9 206
1671514955965 9 229
1671514959082 10 229
1671514965448 10 249
1671514969968 10 252
1671514973125 11 252
1671514984011 11 275
1671514987282 12 275
1671514998121 12 298
1671515001241 13 298
1671515002241 13 299
1671515012134 13 321
1671515015299 14 321
1671515026357 14 344
1671515029586 15 344
1671515031630 15 349
1671515040249 15 367
1671515043510 16 367
1671515054207 16 390
1671515057428 17 390
1671515060635 17 399
1671515068380 17 413
1671515071484 18 413
1671515082375 18 436
1671515085584 19 436
1671515090102 19 449
1671515097033 19 459
1671515100214 20 459
1671515111116 20 482
1671515114318 21 482
1671515119819 21 499
1671515125233 21 505
1671515128425 22 505
1671515139314 22 528
1671515142542 23 528
1671515149152 23 549
1671515153416 23 551
1671515156583 24 551
1671515167578 24 574
1671515170839 25 574
1671515181805 25 597
1671515185003 26 597
1671515186243 26 599
1671515195910 26 620
1671515199008 27 620
1671515209729 27 643
1671515212936 28 643
1671515215336 28 649
1671515223884 28 666
1671515226953 29 666
1671515238002 29 689
1671515241212 30 689
1671515244727 30 699
1671515252171 30 712
1671515255312 31 712
1671515266832 31 735
1671515270041 32 735
1671515274718 32 749
1671515281080 32 758
1671515284249 33 758
1671515295259 33 781
1671515298308 34 781
1671515304149 34 799
1671515309304 34 804
1671515312474 35 804
1671515323636 35 827
1671515326761 36 827
1671515333660 36 849
1671515337566 36 850
1671515340777 37 850
1671515351702 37 873
1671515354967 38 873
1671515365863 38 896
1671515369011 39 896
1671515370483 39 899
1671515379766 39 919
1671515383010 40 919
1671515393965 40 942
1671515397143 41 942
1671515399813 41 949
1671515408160 41 965
1671515411408 42 965
1671515422387 42 988
1671515425527 43 988
1671515429554 43 999
1671515436825 43 1011
1671515440040 44 1011
1671515451145 44 1034
1671515454403 45 1034
1671515459349 45 1049
1671515465253 45 1057
1671515468417 46 1057
1671515479316 46 1080
1671515482432 47 1080
1671515488481 47 1099
1671515493332 47 1103
1671515496615 48 1103
1671515507395 48 1126
1671515510500 49 1126
1671515517503 49 1149
1671515521317 49 1149
1671515524450 50 1149
1671515535644 50 1172
1671515538770 51 1172
1671515549664 51 1195
1671515552876 52 1195
1671515554704 52 1199
1671515563669 52 1218
1671515566756 53 1218
1671515577847 53 1241
1671515581045 54 1241
1671515584146 54 1249
1671515592211 54 1264
1671515595463 55 1264
1671515606496 55 1287
1671515609787 56 1287
1671515613867 56 1299
1671515620777 56 1310
1671515623929 57 1310
1671515634815 57 1333
1671515638073 58 1333
1671515643448 58 1349
1671515649387 58 1356
1671515652628 59 1356
1671515663940 59 1379
1671515667184 60 1379
1671515673539 60 1399
1671515678389 60 1402
1671515681576 61 1402
1671515692258 61 1425
1671515695336 62 1425
1671515706268 62 1448
1671515709330 63 1448
1671515710305 63 1449
1671515720291 63 1471
1671515723389 64 1471
1671515734718 64 1494
1671515737941 65 1494
1671515739988 65 1499
1671515748530 65 1517
1671515751631 66 1517
1671515762597 66 1540
1671515765762 67 1540
1671515768985 67 1549
1671515776518 67 1563
1671515779656 68 1563
1671515790953 68 1586
1671515794169 69 1586
1671515798501 69 1599
1671515805422 69 1609
1671515808609 70 1609
1671515819435 70 1632
1671515822645 71 1632
1671515828176 71 1649
1671515833583 71 1655
1671515836737 72 1655
1671515847446 72 1678
1671515850650 73 1678
1671515857308 73 1699
1671515861585 73 1701
1671515864756 74 1701
1671515875643 74 1724
1671515878765 75 1724
1671515890097 75 1747
1671515893242 76 1747
1671515894462 76 1749
1671515903789 76 1770
1671515907030 77 1770
1671515918066 77 1793
1671515921201 78 1793
1671515923614 78 1799
1671515932180 78 1816
1671515935465 79 1816
1671515946806 79 1839
1671515949983 80 1839
1671515953529 80 1849
1671515961318 80 1862
1671515964506 81 1862
1671515975243 81 1885
1671515978425 82 1885
1671515983076 82 1899
1671515989734 82 1908
1671515992903 83 1908
1671516004189 83 1931
1671516007436 84 1931
1671516013284 84 1949
1671516018934 84 1954
1671516022039 85 1954
1671516033081 85 1977
1671516036196 86 1977
1671516043145 86 1999
1671516046924 86 2000
1671516050163 87 2000
1671516061130 87 2023
1671516064430 88 2023
1671516075534 88 2046
1671516078653 89 2046
1671516080181 89 2049
1671516090412 89 2069
1671516093547 90 2069
1671516104544 90 2092
1671516107706 91 2092
1671516110369 91 2099
1671516118247 91 2115
1671516121519 92 2115
1671516132328 92 2138
1671516135482 93 2138
1671516139322 93 2149
1671516146458 93 2161
1671516149522 94 2161
1671516160500 94 2184
1671516163825 95 2184
1671516168788 95 2199
1671516174858 95 2207
1671516178077 96 2207
1671516188787 96 2230
1671516191876 97 2230
1671516197928 97 2249
1671516202700 97 2253
1671516206034 98 2253
1671516217360 98 2276
1671516220500 99 2276
1671516227475 99 2299
1671516231063 99 2299
1671516234344 100 2299
1671516245291 100 2322
1671516248366 101 2322
1671516259482 101 2345
1671516262597 102 2345
1671516264414 102 2349
1671516273538 102 2368
1671516276699 103 2368
1671516287757 103 2391
1671516290929 104 2391
1671516293847 104 2399
1671516301994 104 2414
1671516305239 105 2414
1671516316205 105 2437
1671516319551 106 2437
1671516323808 106 2449
1671516331054 106 2460
1671516334284 107 2460
1671516345366 107 2483
1671516348632 108 2483
1671516353834 108 2499
1671516359856 108 2506
1671516363185 109 2506
1671516374117 109 2529
1671516377359 110 2529
1671516383703 110 2549
1671516388776 110 2552
1671516391955 111 2552
1671516403246 111 2575
1671516406546 112 2575
1671516417631 112 2598
1671516420892 113 2598
1671516421894 113 2599
1671516431573 113 2621
1671516434856 114 2621
1671516446168 114 2644
1671516449319 115 2644
1671516451556 115 2649
1671516460243 115 2667
1671516463443 116 2667
1671516474161 116 2690
1671516477314 117 2690
1671516480525 117 2699
1671516488387 117 2713
1671516491585 118 2713
1671516502602 118 2736
1671516505740 119 2736
1671516510062 119 2749
1671516516785 119 2759
1671516519935 120 2759
1671516530986 120 2782
1671516534117 121 2782
1671516539597 121 2799
1671516545232 121 2805
1671516548377 122 2805
1671516559204 122 2828
1671516562471 123 2828
1671516569173 123 2849
1671516573840 123 2851
1671516577048 124 2851
1671516587595 124 2874
1671516590869 125 2874
1671516602066 125 2897
1671516605296 126 2897
1671516606560 126 2899
1671516616773 126 2920
1671516619991 127 2920
1671516631137 127 2943
1671516634302 128 2943
1671516636751 128 2949
1671516645492 128 2966
1671516648743 129 2966
1671516659981 129 2989
1671516663136 130 2989
1671516666648 130 2999
1671516673799 130 3012
1671516676976 131 3012
1671516687854 131 3035
1671516690973 132 3035
1671516695551 132 3049
1671516701749 132 3058
1671516704985 133 3058
1671516715945 133 3081
1671516719217 134 3081
1671516724997 134 3099
1671516730258 134 3104
1671516733444 135 3104
1671516744227 135 3127
1671516747318 136 3127
1671516754186 136 3149
1671516758201 136 3150
1671516761446 137 3150
1671516772217 137 3173
1671516775339 138 3173
1671516786302 138 3196
1671516789572 139 3196
1671516791127 139 3199
1671516800451 139 3219
1671516803459 140 3219
1671516814322 140 3242
1671516817566 141 3242
1671516820219 141 3249
1671516828600 141 3265
1671516831862 142 3265
1671516842848 142 3288
1671516845996 143 3288
1671516849771 143 3299
1671516857244 143 3311
1671516860529 144 3311
1671516871297 144 3334
1671516874359 145 3334
1671516879268 145 3349
1671516885160 145 3357
1671516888471 146 3357
1671516899578 146 3380
1671516902727 147 3380
1671516908830 147 3399
1671516914243 147 3403
1671516917521 148 3403
1671516928315 148 3426
1671516931453 149 3426
1671516938437 149 3449
1671516942373 149 3449
1671516945575 150 3449
