1671514848485 0.71875 49
1671514877868 0.59375 99
1671514906878 0.75 149
1671514936413 0.8125 199
1671514965448 0.84375 249
1671515002241 0.75 299
1671515031630 0.65625 349
1671515060635 0.71875 399
1671515090102 0.75 449
1671515119819 0.5 499
1671515149152 0.65625 549
1671515186243 0.65625 599
1671515215336 0.75 649
1671515244727 0.75 699
1671515274718 0.65625 749
1671515304149 0.6875 799
1671515333660 0.71875 849
1671515370483 0.71875 899
1671515399813 0.6875 949
1671515429554 0.84375 999
1671515459349 0.625 1049
1671515488481 0.78125 1099
1671515517503 0.75 1149
1671515554704 0.78125 1199
1671515584146 0.78125 1249
1671515613867 0.71875 1299
1671515643448 0.65625 1349
1671515673539 0.625 1399
1671515710305 0.6875 1449
1671515739988 0.71875 1499
1671515768985 0.875 1549
1671515798501 0.84375 1599
1671515828176 0.71875 1649
1671515857308 0.65625 1699
1671515894462 0.71875 1749
1671515923614 0.75 1799
1671515953529 0.6875 1849
1671515983076 0.625 1899
1671516013284 0.75 1949
1671516043145 0.75 1999
1671516080181 0.71875 2049
1671516110369 0.6875 2099
1671516139322 0.75 2149
1671516168788 0.6875 2199
1671516197928 0.6875 2249
1671516227475 0.75 2299
1671516264414 0.78125 2349
1671516293847 0.65625 2399
1671516323808 0.71875 2449
1671516353834 0.78125 2499
1671516383703 0.78125 2549
1671516421894 0.65625 2599
1671516451556 0.78125 2649
1671516480525 0.875 2699
1671516510062 0.8125 2749
1671516539597 0.78125 2799
1671516569173 0.71875 2849
1671516606560 0.78125 2899
1671516636751 0.8125 2949
1671516666648 0.6875 2999
1671516695551 0.59375 3049
1671516724997 0.71875 3099
1671516754186 0.78125 3149
1671516791127 0.78125 3199
1671516820219 0.71875 3249
1671516849771 0.75 3299
1671516879268 0.8125 3349
1671516908830 0.71875 3399
1671516938437 0.5 3449
