1671514832770 2.6120097637176514 22
1671514846674 2.168248176574707 45
1671514860792 2.171678066253662 68
1671514874898 2.17120099067688 91
1671514888852 2.1800999641418457 114
1671514902745 2.174393892288208 137
1671514916665 2.1719532012939453 160
1671514931180 2.1728575229644775 183
1671514945061 2.1700031757354736 206
1671514959082 2.169754981994629 229
1671514973125 2.169999837875366 252
1671514987282 2.1743576526641846 275
1671515001241 2.1723005771636963 298
1671515015299 2.1640803813934326 321
1671515029586 2.1642532348632812 344
1671515043510 2.173907518386841 367
1671515057428 2.1734447479248047 390
1671515071484 2.1711270809173584 413
1671515085584 2.1638107299804688 436
1671515100214 2.1660044193267822 459
1671515114318 2.163998603820801 482
1671515128425 2.1643025875091553 505
1671515142542 2.1706342697143555 528
1671515156583 2.1667094230651855 551
1671515170839 2.1705050468444824 574
1671515185003 2.174135684967041 597
1671515199008 2.1685662269592285 620
1671515212936 2.163478374481201 643
1671515226953 2.161973476409912 666
1671515241212 2.1618213653564453 689
1671515255312 2.1664397716522217 712
1671515270041 2.1660988330841064 735
1671515284249 2.1615047454833984 758
1671515298308 2.163639783859253 781
1671515312474 2.1619925498962402 804
1671515326761 2.1575520038604736 827
1671515340777 2.1654200553894043 850
1671515354967 2.1609649658203125 873
1671515369011 2.164344310760498 896
1671515383010 2.1570820808410645 919
1671515397143 2.162555694580078 942
1671515411408 2.1603875160217285 965
1671515425527 2.157437324523926 988
1671515440040 2.156327724456787 1011
1671515454403 2.1592304706573486 1034
1671515468417 2.1589813232421875 1057
1671515482432 2.166110038757324 1080
1671515496615 2.1579976081848145 1103
1671515510500 2.1555655002593994 1126
1671515524450 2.164248466491699 1149
1671515538770 2.1559183597564697 1172
1671515552876 2.1603236198425293 1195
1671515566756 2.1554083824157715 1218
1671515581045 2.155595541000366 1241
1671515595463 2.1601593494415283 1264
1671515609787 2.15269136428833 1287
1671515623929 2.156808376312256 1310
1671515638073 2.151837110519409 1333
1671515652628 2.155832052230835 1356
1671515667184 2.1598663330078125 1379
1671515681576 2.1662213802337646 1402
1671515695336 2.155675172805786 1425
1671515709330 2.1547892093658447 1448
1671515723389 2.1533567905426025 1471
1671515737941 2.149729013442993 1494
1671515751631 2.155317783355713 1517
1671515765762 2.162581443786621 1540
1671515779656 2.1613802909851074 1563
1671515794169 2.1542768478393555 1586
1671515808609 2.1502184867858887 1609
1671515822645 2.149301767349243 1632
1671515836737 2.156296491622925 1655
1671515850650 2.148707389831543 1678
1671515864756 2.1515214443206787 1701
1671515878765 2.1547834873199463 1724
1671515893242 2.1502037048339844 1747
1671515907030 2.1553409099578857 1770
1671515921201 2.1536264419555664 1793
1671515935465 2.1496193408966064 1816
1671515949983 2.1500420570373535 1839
1671515964506 2.154916763305664 1862
1671515978425 2.149376153945923 1885
1671515992903 2.1537814140319824 1908
1671516007436 2.150101900100708 1931
1671516022039 2.1475565433502197 1954
1671516036196 2.1532833576202393 1977
1671516050163 2.148437976837158 2000
1671516064430 2.146698474884033 2023
1671516078653 2.146152973175049 2046
1671516093547 2.152747869491577 2069
1671516107706 2.1471261978149414 2092
1671516121519 2.146310329437256 2115
1671516135482 2.1518430709838867 2138
1671516149522 2.1477057933807373 2161
1671516163825 2.150012731552124 2184
1671516178077 2.1598992347717285 2207
1671516191876 2.1538443565368652 2230
1671516206034 2.148536205291748 2253
1671516220500 2.151021957397461 2276
1671516234344 2.1559176445007324 2299
1671516248366 2.1425516605377197 2322
1671516262597 2.1477701663970947 2345
1671516276699 2.1444625854492188 2368
1671516290929 2.1470351219177246 2391
1671516305239 2.1447315216064453 2414
1671516319551 2.1444711685180664 2437
1671516334284 2.154574394226074 2460
1671516348632 2.152775764465332 2483
1671516363185 2.1426970958709717 2506
1671516377359 2.139892339706421 2529
1671516391955 2.1438417434692383 2552
1671516406546 2.1497066020965576 2575
1671516420892 2.1439623832702637 2598
1671516434856 2.1440863609313965 2621
1671516449319 2.1418514251708984 2644
1671516463443 2.145786762237549 2667
1671516477314 2.1414942741394043 2690
1671516491585 2.1445271968841553 2713
1671516505740 2.145986557006836 2736
1671516519935 2.14372181892395 2759
1671516534117 2.1470041275024414 2782
1671516548377 2.148366928100586 2805
1671516562471 2.1449575424194336 2828
1671516577048 2.1468136310577393 2851
1671516590869 2.1392526626586914 2874
1671516605296 2.146113634109497 2897
1671516619991 2.1411964893341064 2920
1671516634302 2.1516973972320557 2943
1671516648743 2.1431586742401123 2966
1671516663136 2.1420767307281494 2989
1671516676976 2.1388471126556396 3012
1671516690973 2.1409056186676025 3035
1671516704985 2.141432523727417 3058
1671516719217 2.146742105484009 3081
1671516733444 2.1451780796051025 3104
1671516747318 2.1513540744781494 3127
1671516761446 2.1488208770751953 3150
1671516775339 2.14345121383667 3173
1671516789572 2.1415183544158936 3196
1671516803459 2.1368093490600586 3219
1671516817566 2.140822649002075 3242
1671516831862 2.143009901046753 3265
1671516845996 2.1414456367492676 3288
1671516860529 2.1360321044921875 3311
1671516874359 2.135655641555786 3334
1671516888471 2.1374919414520264 3357
1671516902727 2.1460680961608887 3380
1671516917521 2.139359474182129 3403
1671516931453 2.133608818054199 3426
1671516945575 2.13706111907959 3449
