1671514832770 0.9209980964660645 22
1671514846674 0.9266477823257446 45
1671514860792 0.9102636575698853 68
1671514874898 0.9035646915435791 91
1671514888852 0.9067796468734741 114
1671514902745 0.9120258688926697 137
1671514916665 0.9261771440505981 160
1671514931180 0.9265536665916443 183
1671514945061 0.9553672075271606 206
1671514959082 0.9113935828208923 229
1671514973125 0.9162900447845459 252
1671514987282 0.9440678358078003 275
1671515001241 0.9042372107505798 298
1671515015299 0.9328625202178955 321
1671515029586 0.9322975277900696 344
1671515043510 0.90451979637146 367
1671515057428 0.9114878177642822 390
1671515071484 0.952730655670166 413
1671515085584 0.923150360584259 436
1671515100214 0.9102636575698853 459
1671515114318 0.9385122656822205 482
1671515128425 0.9050847291946411 505
1671515142542 0.9101694226264954 528
1671515156583 0.9054613709449768 551
1671515170839 0.9164783954620361 574
1671515185003 0.9320016503334045 597
1671515199008 0.9159134030342102 620
1671515212936 0.897363543510437 643
1671515226953 0.9256120920181274 666
1671515241212 0.9100753664970398 689
1671515255312 0.8978342413902283 712
1671515270041 0.9508474469184875 735
1671515284249 0.9402071237564087 758
1671515298308 0.9276835918426514 781
1671515312474 0.9207156896591187 804
1671515326761 0.8997175097465515 827
1671515340777 0.9201506972312927 850
1671515354967 0.8839924931526184 873
1671515369011 0.9285310506820679 896
1671515383010 0.9114877581596375 919
1671515397143 0.9158192276954651 942
1671515411408 0.8861581683158875 965
1671515425527 0.9367231726646423 988
1671515440040 0.9050847887992859 1011
1671515454403 0.9227871894836426 1034
1671515468417 0.9135593175888062 1057
1671515482432 0.9237288236618042 1080
1671515496615 0.9163841009140015 1103
1671515510500 0.9322975277900696 1126
1671515524450 0.9118644595146179 1149
1671515538770 0.8865348696708679 1172
1671515552876 0.902824878692627 1195
1671515566756 0.9171375632286072 1218
1671515581045 0.9134652614593506 1241
1671515595463 0.8974576592445374 1264
1671515609787 0.8866289854049683 1287
1671515623929 0.92984938621521 1310
1671515638073 0.9342749714851379 1333
1671515652628 0.9014124274253845 1356
1671515667184 0.9126176834106445 1379
1671515681576 0.898399293422699 1402
1671515695336 0.919948935508728 1425
1671515709330 0.9380414485931396 1448
1671515723389 0.8946328163146973 1471
1671515737941 0.8941619396209717 1494
1671515751631 0.9258003830909729 1517
1671515765762 0.9308850765228271 1540
1671515779656 0.9177024364471436 1563
1671515794169 0.8998116254806519 1586
1671515808609 0.9168549180030823 1609
1671515822645 0.9006456136703491 1632
1671515836737 0.9293785095214844 1655
1671515850650 0.8828625082969666 1678
1671515864756 0.9187382459640503 1701
1671515878765 0.9044255614280701 1724
1671515893242 0.9370056986808777 1747
1671515907030 0.8855932354927063 1770
1671515921201 0.9385121464729309 1793
1671515935465 0.9389830231666565 1816
1671515949983 0.9248587489128113 1839
1671515964506 0.9244821071624756 1862
1671515978425 0.9144068360328674 1885
1671515992903 0.9158192276954651 1908
1671516007436 0.9397364258766174 1931
1671516022039 0.9001883864402771 1954
1671516036196 0.8928436636924744 1977
1671516050163 0.9248587489128113 2000
1671516064430 0.8848399519920349 2023
1671516078653 0.9272128343582153 2046
1671516093547 0.8921846151351929 2069
1671516107706 0.9041430950164795 2092
1671516121519 0.8843690752983093 2115
1671516135482 0.8811675906181335 2138
1671516149522 0.9175140857696533 2161
1671516163825 0.9103578329086304 2184
1671516178077 0.942749559879303 2207
1671516191876 0.9087570905685425 2230
1671516206034 0.8759887218475342 2253
1671516220500 0.9221280217170715 2276
1671516234344 0.8946328163146973 2299
1671516248366 0.9086494445800781 2322
1671516262597 0.9314501285552979 2345
1671516276699 0.9121468663215637 2368
1671516290929 0.8979283571243286 2391
1671516305239 0.9205273389816284 2414
1671516319551 0.9182673692703247 2437
1671516334284 0.8951035141944885 2460
1671516348632 0.9049906134605408 2483
1671516363185 0.9276837110519409 2506
1671516377359 0.9243879318237305 2529
1671516391955 0.8859697580337524 2552
1671516406546 0.9446327686309814 2575
1671516420892 0.9328625202178955 2598
1671516434856 0.8871939182281494 2621
1671516449319 0.9454802870750427 2644
1671516463443 0.9417136907577515 2667
1671516477314 0.8987758755683899 2690
1671516491585 0.8893596529960632 2713
1671516505740 0.9018832445144653 2736
1671516519935 0.9447270035743713 2759
1671516534117 0.9110976457595825 2782
1671516548377 0.8979284167289734 2805
1671516562471 0.9124293923377991 2828
1671516577048 0.92693030834198 2851
1671516590869 0.8927494883537292 2874
1671516605296 0.8695856928825378 2897
1671516619991 0.9121468663215637 2920
1671516634302 0.9008475542068481 2943
1671516648743 0.9170433282852173 2966
1671516663136 0.9001883864402771 2989
1671516676976 0.9138417840003967 3012
1671516690973 0.8933145403862 3035
1671516704985 0.8970809578895569 3058
1671516719217 0.9129002690315247 3081
1671516733444 0.9003766775131226 3104
1671516747318 0.9284369945526123 3127
1671516761446 0.9177964925765991 3150
1671516775339 0.9209039807319641 3173
1671516789572 0.9236346483230591 3196
1671516803459 0.8938795328140259 3219
1671516817566 0.903470516204834 3242
1671516831862 0.9160075187683105 3265
1671516845996 0.9000000357627869 3288
1671516860529 0.9159134030342102 3311
1671516874359 0.9162900447845459 3334
1671516888471 0.9149718284606934 3357
1671516902727 0.9218320846557617 3380
1671516917521 0.9077212810516357 3403
1671516931453 0.8783426880836487 3426
1671516945575 0.8872880935668945 3449
