1671514848485 0.6875000596046448 49
1671514877868 0.42370128631591797 99
1671514906878 0.7277930378913879 149
1671514936413 0.699999988079071 199
1671514965448 0.8095238208770752 249
1671515002241 0.699999988079071 299
1671515031630 0.5404762029647827 349
1671515060635 0.6970238089561462 399
1671515090102 0.5211039185523987 449
1671515119819 0.4318181872367859 499
1671515149152 0.6564394235610962 549
1671515186243 0.49166667461395264 599
1671515215336 0.6367965340614319 649
1671515244727 0.7351190447807312 699
1671515274718 0.574999988079071 749
1671515304149 0.6041666865348816 799
1671515333660 0.6180555820465088 849
1671515370483 0.6496753096580505 899
1671515399813 0.6347222328186035 949
1671515429554 0.615079402923584 999
1671515459349 0.6011905074119568 1049
1671515488481 0.766865074634552 1099
1671515517503 0.5 1149
1671515554704 0.737500011920929 1199
1671515584146 0.7222222685813904 1249
1671515613867 0.6041666865348816 1299
1671515643448 0.5809524059295654 1349
1671515673539 0.5436508059501648 1399
1671515710305 0.6799242496490479 1449
1671515739988 0.6011905074119568 1499
1671515768985 0.6166666746139526 1549
1671515798501 0.849494993686676 1599
1671515828176 0.6309523582458496 1649
1671515857308 0.648809552192688 1699
1671515894462 0.6736111044883728 1749
1671515923614 0.7638888955116272 1799
1671515953529 0.6583333015441895 1849
1671515983076 0.3986111283302307 1899
1671516013284 0.7023809552192688 1949
1671516043145 0.6761904954910278 1999
1671516080181 0.638888955116272 2049
1671516110369 0.5791666507720947 2099
1671516139322 0.7684524059295654 2149
1671516168788 0.5734127163887024 2199
1671516197928 0.7124999761581421 2249
1671516227475 0.25 2299
1671516264414 0.7053571343421936 2349
1671516293847 0.6407203674316406 2399
1671516323808 0.7182539701461792 2449
1671516353834 0.675000011920929 2499
1671516383703 0.7539682388305664 2549
1671516421894 0.6791666746139526 2599
1671516451556 0.6900793313980103 2649
1671516480525 0.8365079164505005 2699
1671516510062 0.7595238089561462 2749
1671516539597 0.7611263394355774 2799
1671516569173 0.6166666746139526 2849
1671516606560 0.7849358916282654 2899
1671516636751 0.748106062412262 2949
1671516666648 0.6672619581222534 2999
1671516695551 0.16249999403953552 3049
1671516724997 0.7083333730697632 3099
1671516754186 0.7470238208770752 3149
1671516791127 0.5928571224212646 3199
1671516820219 0.5484848618507385 3249
1671516849771 0.7142857313156128 3299
1671516879268 0.7763888835906982 3349
1671516908830 0.699999988079071 3399
1671516938437 0.25 3449
