1671514832770 0.5627118945121765 22
1671514846674 0.5420634746551514 45
1671514860792 0.5322840809822083 68
1671514874898 0.5451170206069946 91
1671514888852 0.5514124631881714 114
1671514902745 0.5503632426261902 137
1671514916665 0.5355932116508484 160
1671514931180 0.5418886542320251 183
1671514945061 0.5538606643676758 206
1671514959082 0.5534705519676208 229
1671514973125 0.5456954836845398 252
1671514987282 0.564245343208313 275
1671515001241 0.5449960231781006 298
1671515015299 0.5544390678405762 321
1671515029586 0.5672720074653625 344
1671515043510 0.5498788952827454 367
1671515057428 0.5653483867645264 390
1671515071484 0.5527979135513306 413
1671515085584 0.5638283491134644 436
1671515100214 0.5376244187355042 459
1671515114318 0.5537933707237244 482
1671515128425 0.5558246374130249 505
1671515142542 0.5566855072975159 528
1671515156583 0.5672720074653625 551
1671515170839 0.55426424741745 574
1671515185003 0.5579364895820618 597
1671515199008 0.5601291656494141 620
1671515212936 0.564070463180542 643
1671515226953 0.5542911887168884 666
1671515241212 0.5556765794754028 689
1671515255312 0.5512509942054749 712
1671515270041 0.5707021951675415 735
1671515284249 0.553026556968689 758
1671515298308 0.5646758079528809 781
1671515312474 0.5568469166755676 804
1671515326761 0.5596987009048462 827
1671515340777 0.5654560923576355 850
1671515354967 0.557949960231781 873
1671515369011 0.5510223507881165 896
1671515383010 0.5518832802772522 919
1671515397143 0.5522598624229431 942
1671515411408 0.5477669835090637 965
1671515425527 0.5817191004753113 988
1671515440040 0.5457224249839783 1011
1671515454403 0.5629270672798157 1034
1671515468417 0.5633037090301514 1057
1671515482432 0.5711998343467712 1080
1671515496615 0.5542776584625244 1103
1671515510500 0.5709577798843384 1126
1671515524450 0.5876379609107971 1149
1671515538770 0.570379376411438 1172
1671515552876 0.5700161457061768 1195
1671515566756 0.5660209655761719 1218
1671515581045 0.5748587250709534 1241
1671515595463 0.5577616095542908 1264
1671515609787 0.557654082775116 1287
1671515623929 0.5789481401443481 1310
1671515638073 0.5805084705352783 1333
1671515652628 0.5847861766815186 1356
1671515667184 0.5690610408782959 1379
1671515681576 0.5811676383018494 1402
1671515695336 0.5740516781806946 1425
1671515709330 0.57306969165802 1448
1671515723389 0.5647969245910645 1471
1671515737941 0.5609497427940369 1494
1671515751631 0.590449333190918 1517
1671515765762 0.5829970240592957 1540
1671515779656 0.5889292359352112 1563
1671515794169 0.5625773668289185 1586
1671515808609 0.585969865322113 1609
1671515822645 0.5700968503952026 1632
1671515836737 0.5879876017570496 1655
1671515850650 0.5597794055938721 1678
1671515864756 0.5641108155250549 1701
1671515878765 0.5712268352508545 1724
1671515893242 0.5799838900566101 1747
1671515907030 0.5672182440757751 1770
1671515921201 0.601789116859436 1793
1671515935465 0.582459032535553 1816
1671515949983 0.5694242119789124 1839
1671515964506 0.5833468437194824 1862
1671515978425 0.5967984795570374 1885
1671515992903 0.5804412364959717 1908
1671516007436 0.5941754579544067 1931
1671516022039 0.570379376411438 1954
1671516036196 0.5873015522956848 1977
1671516050163 0.5608823895454407 2000
1671516064430 0.5694915652275085 2023
1671516078653 0.5954398512840271 2046
1671516093547 0.5732983946800232 2069
1671516107706 0.5885122418403625 2092
1671516121519 0.5729082822799683 2115
1671516135482 0.5637477040290833 2138
1671516149522 0.588700532913208 2161
1671516163825 0.5843691229820251 2184
1671516178077 0.5889695882797241 2207
1671516191876 0.5819074511528015 2230
1671516206034 0.5644471049308777 2253
1671516220500 0.5789211988449097 2276
1671516234344 0.5712133049964905 2299
1671516248366 0.5705811381340027 2322
1671516262597 0.5958030819892883 2345
1671516276699 0.572545051574707 2368
1671516290929 0.5724508762359619 2391
1671516305239 0.5740785598754883 2414
1671516319551 0.5908797979354858 2437
1671516334284 0.5880280137062073 2460
1671516348632 0.5888485908508301 2483
1671516363185 0.5970810055732727 2506
1671516377359 0.6020581126213074 2529
1671516391955 0.5670837163925171 2552
1671516406546 0.5948615074157715 2575
1671516420892 0.587664783000946 2598
1671516434856 0.5864138007164001 2621
1671516449319 0.6030266284942627 2644
1671516463443 0.5866962671279907 2667
1671516477314 0.5791229605674744 2690
1671516491585 0.5654426217079163 2713
1671516505740 0.5955071449279785 2736
1671516519935 0.5944714546203613 2759
1671516534117 0.5935969948768616 2782
1671516548377 0.5740382075309753 2805
1671516562471 0.5856873393058777 2828
1671516577048 0.5907183289527893 2851
1671516590869 0.5751681327819824 2874
1671516605296 0.5824993848800659 2897
1671516619991 0.5876109600067139 2920
1671516634302 0.5676486492156982 2943
1671516648743 0.6010088920593262 2966
1671516663136 0.5852704048156738 2989
1671516676976 0.5925074219703674 3012
1671516690973 0.5711729526519775 3035
1671516704985 0.5811541676521301 3058
1671516719217 0.5809119939804077 3081
1671516733444 0.5937853455543518 3104
1671516747318 0.5979015231132507 3127
1671516761446 0.5747511982917786 3150
1671516775339 0.5847861766815186 3173
1671516789572 0.5882431864738464 3196
1671516803459 0.5639898180961609 3219
1671516817566 0.5925746560096741 3242
1671516831862 0.5823110342025757 3265
1671516845996 0.5719128251075745 3288
1671516860529 0.5888888835906982 3311
1671516874359 0.6035377979278564 3334
1671516888471 0.5838445425033569 3357
1671516902727 0.5925746560096741 3380
1671516917521 0.5878128409385681 3403
1671516931453 0.576284646987915 3426
1671516945575 0.5887678265571594 3449
