1671514848485 2.0888075828552246 49
1671514877868 2.4562854766845703 99
1671514906878 2.0699503421783447 149
1671514936413 2.1079282760620117 199
1671514965448 2.451545000076294 249
1671515002241 2.025834083557129 299
1671515031630 2.066373586654663 349
1671515060635 2.3477139472961426 399
1671515090102 2.4257044792175293 449
1671515119819 1.8586716651916504 499
1671515149152 2.0921859741210938 549
1671515186243 2.1701347827911377 599
1671515215336 2.7658145427703857 649
1671515244727 2.43818998336792 699
1671515274718 1.973801612854004 749
1671515304149 2.31254243850708 799
1671515333660 2.0586252212524414 849
1671515370483 2.1100687980651855 899
1671515399813 1.9851305484771729 949
1671515429554 1.96181321144104 999
1671515459349 2.137927532196045 1049
1671515488481 2.196241855621338 1099
1671515517503 1.9472674131393433 1149
1671515554704 2.085820198059082 1199
1671515584146 2.2042622566223145 1249
1671515613867 2.3370440006256104 1299
1671515643448 1.9313708543777466 1349
1671515673539 2.1145012378692627 1399
1671515710305 2.1424498558044434 1449
1671515739988 2.3088932037353516 1499
1671515768985 2.4641289710998535 1549
1671515798501 2.257758617401123 1599
1671515828176 2.3609509468078613 1649
1671515857308 2.3022313117980957 1699
1671515894462 2.202136278152466 1749
1671515923614 1.7504246234893799 1799
1671515953529 2.039689540863037 1849
1671515983076 2.1902050971984863 1899
1671516013284 2.2202584743499756 1949
1671516043145 2.3353567123413086 1999
1671516080181 2.0489461421966553 2049
1671516110369 2.041210889816284 2099
1671516139322 2.083862066268921 2149
1671516168788 2.1430912017822266 2199
1671516197928 2.3949077129364014 2249
1671516227475 1.478408694267273 2299
1671516264414 2.435149669647217 2349
1671516293847 2.054945468902588 2399
1671516323808 2.272780656814575 2449
1671516353834 2.2878341674804688 2499
1671516383703 2.0785417556762695 2549
1671516421894 1.9012951850891113 2599
1671516451556 1.948872447013855 2649
1671516480525 2.0946502685546875 2699
1671516510062 2.144650936126709 2749
1671516539597 2.138613224029541 2799
1671516569173 2.159163236618042 2849
1671516606560 2.2133302688598633 2899
1671516636751 2.3337783813476562 2949
1671516666648 2.2112174034118652 2999
1671516695551 2.188035011291504 3049
1671516724997 2.105844736099243 3099
1671516754186 2.085476875305176 3149
1671516791127 2.2558507919311523 3199
1671516820219 2.24603271484375 3249
1671516849771 2.301999568939209 3299
1671516879268 2.184582233428955 3349
1671516908830 2.3160414695739746 3399
1671516938437 1.6368610858917236 3449
