1671514848485 0.5249999761581421 49
1671514877868 0.3583333492279053 99
1671514906878 0.5892857313156128 149
1671514936413 0.5833333134651184 199
1671514965448 0.75 249
1671515002241 0.6000000238418579 299
1671515031630 0.4000000059604645 349
1671515060635 0.6083333492279053 399
1671515090102 0.4761905074119568 449
1671515119819 0.3095238208770752 499
1671515149152 0.5357142686843872 549
1671515186243 0.3750000298023224 599
1671515215336 0.6458333134651184 649
1671515244727 0.6541666984558105 699
1671515274718 0.4583333432674408 749
1671515304149 0.4833333492279053 799
1671515333660 0.5583333373069763 849
1671515370483 0.4928571581840515 899
1671515399813 0.4958333373069763 949
1671515429554 0.550000011920929 999
1671515459349 0.44999998807907104 1049
1671515488481 0.6625000238418579 1099
1671515517503 0.5 1149
1671515554704 0.6291666626930237 1199
1671515584146 0.574999988079071 1249
1671515613867 0.4625000059604645 1299
1671515643448 0.4791666865348816 1349
1671515673539 0.40833336114883423 1399
1671515710305 0.5636904835700989 1449
1671515739988 0.574999988079071 1499
1671515768985 0.5416666865348816 1549
1671515798501 0.7916666865348816 1599
1671515828176 0.5410714149475098 1649
1671515857308 0.4958333373069763 1699
1671515894462 0.5964285731315613 1749
1671515923614 0.625 1799
1671515953529 0.5666666626930237 1849
1671515983076 0.2839285731315613 1899
1671516013284 0.6458333134651184 1949
1671516043145 0.5416666865348816 1999
1671516080181 0.5083333253860474 2049
1671516110369 0.4208333492279053 2099
1671516139322 0.6291667222976685 2149
1671516168788 0.4333333373069763 2199
1671516197928 0.6500000357627869 2249
1671516227475 0.25 2299
1671516264414 0.625 2349
1671516293847 0.5062499642372131 2399
1671516323808 0.637499988079071 2449
1671516353834 0.6041666865348816 2499
1671516383703 0.6666666865348816 2549
1671516421894 0.5625 2599
1671516451556 0.550000011920929 2649
1671516480525 0.7208333611488342 2699
1671516510062 0.6416666507720947 2749
1671516539597 0.6309523582458496 2799
1671516569173 0.4583333730697632 2849
1671516606560 0.7392857074737549 2899
1671516636751 0.6499999761581421 2949
1671516666648 0.6202380657196045 2999
1671516695551 0.0982142835855484 3049
1671516724997 0.550000011920929 3099
1671516754186 0.6499999761581421 3149
1671516791127 0.5166667103767395 3199
1671516820219 0.4345238208770752 3249
1671516849771 0.6041666865348816 3299
1671516879268 0.675000011920929 3349
1671516908830 0.5666666626930237 3399
1671516938437 0.25 3449
