1671514848485 1.0 49
1671514877868 0.5416666865348816 99
1671514906878 1.0 149
1671514936413 1.0 199
1671514965448 0.9375 249
1671515002241 0.9166666865348816 299
1671515031630 1.0 349
1671515060635 0.875 399
1671515090102 0.6875 449
1671515119819 0.75 499
1671515149152 1.0 549
1671515186243 0.75 599
1671515215336 0.7916666865348816 649
1671515244727 0.8541666865348816 699
1671515274718 1.0 749
1671515304149 0.875 799
1671515333660 0.7083333134651184 849
1671515370483 1.0 899
1671515399813 1.0 949
1671515429554 0.75 999
1671515459349 0.9166666865348816 1049
1671515488481 0.9166666865348816 1099
1671515517503 0.5 1149
1671515554704 1.0 1199
1671515584146 1.0 1249
1671515613867 0.875 1299
1671515643448 0.75 1349
1671515673539 1.0 1399
1671515710305 0.875 1449
1671515739988 0.7916666865348816 1499
1671515768985 0.75 1549
1671515798501 0.949999988079071 1599
1671515828176 0.875 1649
1671515857308 1.0 1699
1671515894462 0.875 1749
1671515923614 1.0 1799
1671515953529 0.9166666865348816 1849
1671515983076 0.75 1899
1671516013284 0.9166666865348816 1949
1671516043145 0.9166666865348816 1999
1671516080181 0.9166666865348816 2049
1671516110369 1.0 2099
1671516139322 1.0 2149
1671516168788 1.0 2199
1671516197928 0.9166666865348816 2249
1671516227475 0.25 2299
1671516264414 0.875 2349
1671516293847 1.0 2399
1671516323808 0.875 2449
1671516353834 0.875 2499
1671516383703 0.9166666865348816 2549
1671516421894 0.9375 2599
1671516451556 1.0 2649
1671516480525 1.0 2699
1671516510062 1.0 2749
1671516539597 1.0 2799
1671516569173 1.0 2849
1671516606560 0.9166666865348816 2899
1671516636751 0.9583333134651184 2949
1671516666648 0.9166666865348816 2999
1671516695551 0.5 3049
1671516724997 1.0 3099
1671516754186 0.9166666865348816 3149
1671516791127 0.75 3199
1671516820219 0.75 3249
1671516849771 1.0 3299
1671516879268 0.949999988079071 3349
1671516908830 0.9375 3399
1671516938437 0.25 3449
