1671514832770 0.6744540333747864 22
1671514846674 0.6617217659950256 45
1671514860792 0.6473535895347595 68
1671514874898 0.6560425162315369 91
1671514888852 0.6598666906356812 114
1671514902745 0.6615424752235413 137
1671514916665 0.6504677534103394 160
1671514931180 0.6622748970985413 183
1671514945061 0.6739367246627808 206
1671514959082 0.6679640412330627 229
1671514973125 0.6619847416877747 252
1671514987282 0.6783139705657959 275
1671515001241 0.6604593396186829 298
1671515015299 0.6729462742805481 321
1671515029586 0.6757836937904358 344
1671515043510 0.6560896039009094 367
1671515057428 0.6706319451332092 390
1671515071484 0.6739774346351624 413
1671515085584 0.6686333417892456 436
1671515100214 0.6566011309623718 459
1671515114318 0.6756176948547363 482
1671515128425 0.6651037335395813 505
1671515142542 0.6624249815940857 528
1671515156583 0.6696264147758484 551
1671515170839 0.665496826171875 574
1671515185003 0.6751732230186462 597
1671515199008 0.669688880443573 620
1671515212936 0.6662383079528809 643
1671515226953 0.6659965515136719 666
1671515241212 0.6697552800178528 689
1671515255312 0.6564772725105286 712
1671515270041 0.6839908957481384 735
1671515284249 0.6679491996765137 758
1671515298308 0.6760739088058472 781
1671515312474 0.6712989807128906 804
1671515326761 0.6646798849105835 827
1671515340777 0.6741436719894409 850
1671515354967 0.658700704574585 873
1671515369011 0.662681519985199 896
1671515383010 0.6675091981887817 919
1671515397143 0.6644219160079956 942
1671515411408 0.6525458097457886 965
1671515425527 0.6916019320487976 988
1671515440040 0.6583148241043091 1011
1671515454403 0.6717302799224854 1034
1671515468417 0.6674285531044006 1057
1671515482432 0.6803486943244934 1080
1671515496615 0.6657978892326355 1103
1671515510500 0.6835685968399048 1126
1671515524450 0.6873971819877625 1149
1671515538770 0.671926736831665 1172
1671515552876 0.6777181625366211 1195
1671515566756 0.6701443791389465 1218
1671515581045 0.678778350353241 1241
1671515595463 0.6685802936553955 1264
1671515609787 0.6683486104011536 1287
1671515623929 0.6912915110588074 1310
1671515638073 0.6917656064033508 1333
1671515652628 0.6844280958175659 1356
1671515667184 0.6769318580627441 1379
1671515681576 0.6750326156616211 1402
1671515695336 0.6809674501419067 1425
1671515709330 0.6806309223175049 1448
1671515723389 0.6751938462257385 1471
1671515737941 0.6688240170478821 1494
1671515751631 0.700810432434082 1517
1671515765762 0.6919034123420715 1540
1671515779656 0.6900027990341187 1563
1671515794169 0.6647441387176514 1586
1671515808609 0.6872591972351074 1609
1671515822645 0.6661617755889893 1632
1671515836737 0.6945578455924988 1655
1671515850650 0.6647001504898071 1678
1671515864756 0.6762858033180237 1701
1671515878765 0.6728048920631409 1724
1671515893242 0.6905487179756165 1747
1671515907030 0.6648783087730408 1770
1671515921201 0.7054176926612854 1793
1671515935465 0.6940134763717651 1816
1671515949983 0.681894838809967 1839
1671515964506 0.6892157196998596 1862
1671515978425 0.6967698931694031 1885
1671515992903 0.6843136548995972 1908
1671516007436 0.7007973194122314 1931
1671516022039 0.6759327054023743 1954
1671516036196 0.6785425543785095 1977
1671516050163 0.6762439012527466 2000
1671516064430 0.6692348122596741 2023
1671516078653 0.7008466720581055 2046
1671516093547 0.6733611226081848 2069
1671516107706 0.6818704009056091 2092
1671516121519 0.6734708547592163 2115
1671516135482 0.6651099920272827 2138
1671516149522 0.6895949244499207 2161
1671516163825 0.6884258985519409 2184
1671516178077 0.6962979435920715 2207
1671516191876 0.6859747171401978 2230
1671516206034 0.6600365042686462 2253
1671516220500 0.6862424612045288 2276
1671516234344 0.6675853729248047 2299
1671516248366 0.6766539812088013 2322
1671516262597 0.6980098485946655 2345
1671516276699 0.6794664859771729 2368
1671516290929 0.6755969524383545 2391
1671516305239 0.6810765862464905 2414
1671516319551 0.6902192831039429 2437
1671516334284 0.6866371631622314 2460
1671516348632 0.6878988146781921 2483
1671516363185 0.6956708431243896 2506
1671516377359 0.6997239589691162 2529
1671516391955 0.6671040058135986 2552
1671516406546 0.7016191482543945 2575
1671516420892 0.6906941533088684 2598
1671516434856 0.682424783706665 2621
1671516449319 0.7080763578414917 2644
1671516463443 0.6987274289131165 2667
1671516477314 0.6724745035171509 2690
1671516491585 0.6699680685997009 2713
1671516505740 0.6945778131484985 2736
1671516519935 0.7073107957839966 2759
1671516534117 0.6888493299484253 2782
1671516548377 0.6757320165634155 2805
1671516562471 0.6876170039176941 2828
1671516577048 0.6943747997283936 2851
1671516590869 0.6777333617210388 2874
1671516605296 0.6782460808753967 2897
1671516619991 0.6857659816741943 2920
1671516634302 0.6744617819786072 2943
1671516648743 0.7042714953422546 2966
1671516663136 0.6865473389625549 2989
1671516676976 0.6947697401046753 3012
1671516690973 0.6726207733154297 3035
1671516704985 0.6809738874435425 3058
1671516719217 0.6821553707122803 3081
1671516733444 0.6881886124610901 3104
1671516747318 0.6976739764213562 3127
1671516761446 0.6828474402427673 3150
1671516775339 0.6883737444877625 3173
1671516789572 0.689483106136322 3196
1671516803459 0.6669359803199768 3219
1671516817566 0.6862311363220215 3242
1671516831862 0.686788022518158 3265
1671516845996 0.6814340949058533 3288
1671516860529 0.6938562989234924 3311
1671516874359 0.7006043791770935 3334
1671516888471 0.6924120187759399 3357
1671516902727 0.6938546299934387 3380
1671516917521 0.6931347250938416 3403
1671516931453 0.6747723817825317 3426
1671516945575 0.6790842413902283 3449
