1672816533585 0.0 22
1672816548497 0.0 45
1672816563347 0.0 68
1672816578316 0.0 91
1672816593370 0.0 114
1672816608541 0.0 137
1672816623632 0.0 160
1672816639389 0.0 183
1672816655000 0.0 206
1672816670417 0.0 229
1672816685454 0.0 252
1672816700422 0.0 275
1672816715511 0.0 298
1672816730557 0.0 321
1672816746265 0.0 344
1672816761439 0.0 367
1672816776434 0.0 390
1672816791834 0.0 413
1672816806826 0.0 436
1672816822656 0.0 459
1672816837819 0.0 482
1672816852914 0.0 505
1672816868152 0.0 528
1672816883175 0.0 551
1672816898278 0.0 574
1672816913608 0.0 597
1672816928706 0.0 620
1672816943783 0.0 643
1672816958848 0.0 666
1672816974090 0.0 689
1672816989225 0.0 712
1672817004722 0.0 735
1672817020035 0.0 758
1672817035213 0.0 781
1672817050493 0.0 804
1672817066160 0.0 827
1672817081291 0.0 850
1672817096480 0.0 873
1672817111632 0.0 896
1672817126792 0.0 919
1672817141964 0.0 942
1672817157330 0.0 965
1672817172529 0.0 988
1672817188179 0.0 1011
1672817203270 0.0 1034
1672817218437 0.0 1057
1672817233797 0.0 1080
1672817248990 0.0 1103
1672817264241 0.0 1126
1672817279878 0.0 1149
1672817295131 0.0 1172
1672817310451 0.0 1195
1672817325305 0.0 1218
1672817340653 0.0 1241
1672817355792 0.0 1264
1672817371139 0.0 1287
1672817386232 0.0 1310
1672817401043 0.0 1333
1672817416298 0.0 1356
1672817431280 0.0 1379
1672817446479 0.0 1402
1672817461458 0.0 1425
1672817476457 0.0 1448
1672817491804 0.0 1471
1672817507088 0.0 1494
1672817522682 0.0 1517
1672817537784 0.0 1540
1672817553353 0.0 1563
1672817568601 0.0 1586
1672817584401 0.0 1609
1672817599632 0.0 1632
1672817614944 0.0 1655
1672817630103 0.0 1678
1672817645433 0.0 1701
1672817660665 0.0 1724
1672817675841 0.0 1747
1672817691258 0.0 1770
1672817706691 0.0 1793
1672817721820 0.0 1816
1672817737504 0.0 1839
1672817752733 0.0 1862
1672817767792 0.0 1885
1672817783028 0.0 1908
1672817798313 0.0 1931
1672817813943 0.0 1954
1672817829108 0.0 1977
1672817844330 0.0 2000
1672817859560 0.0 2023
1672817874787 0.0 2046
1672817889761 0.0 2069
1672817904604 0.0 2092
1672817920048 0.0 2115
1672817935377 0.0 2138
1672817950770 0.0 2161
1672817966043 0.0 2184
1672817981118 0.0 2207
1672817996177 0.0 2230
1672818011301 0.0 2253
1672818026611 0.0 2276
1672818041480 0.0 2299
1672818056779 0.0 2322
1672818072022 0.0 2345
1672818087782 0.0 2368
1672818102955 0.0 2391
1672818118329 0.0 2414
1672818133755 0.0 2437
1672818148962 0.0 2460
1672818164087 0.0 2483
1672818179323 0.0 2506
1672818194811 0.0 2529
1672818209970 0.0 2552
1672818225035 0.0 2575
1672818240258 0.0 2598
1672818255316 0.0 2621
1672818270652 0.0 2644
1672818285930 0.0 2667
1672818301300 0.0 2690
1672818316707 0.0 2713
1672818332033 0.0 2736
1672818347203 0.0 2759
1672818362589 0.0 2782
1672818377985 0.0 2805
1672818393567 0.0 2828
1672818408671 0.0 2851
1672818424043 0.0 2874
1672818439140 0.0 2897
1672818454762 0.0 2920
1672818470226 0.0 2943
1672818485732 0.0 2966
1672818501047 0.0 2989
1672818516319 0.0 3012
1672818531286 0.0 3035
1672818546495 0.0 3058
1672818561532 0.0 3081
1672818576729 0.0 3104
1672818591914 0.0 3127
1672818607282 0.0 3150
1672818622571 0.0 3173
1672818637743 0.0 3196
1672818653263 0.0 3219
1672818668478 0.0 3242
1672818684593 0.0 3265
1672818700069 0.0 3288
1672818715250 0.0 3311
1672818730590 0.0 3334
1672818745975 0.0 3357
1672818761123 0.0 3380
1672818776411 0.0 3403
1672818791677 0.0 3426
1672818806921 0.0 3449
