1672816533585 17.0 22
1672816548497 14.5 45
1672816563347 13.25 68
1672816578316 13.25 91
1672816593370 14.5 114
1672816608541 13.25 137
1672816623632 13.0 160
1672816639389 14.5 183
1672816655000 17.0 206
1672816670417 14.5 229
1672816685454 13.0 252
1672816700422 13.0 275
1672816715511 17.0 298
1672816730557 14.25 321
1672816746265 13.0 344
1672816761439 14.5 367
1672816776434 13.0 390
1672816791834 14.5 413
1672816806826 14.25 436
1672816822656 14.25 459
1672816837819 16.75 482
1672816852914 14.25 505
1672816868152 17.0 528
1672816883175 14.5 551
1672816898278 14.25 574
1672816913608 14.25 597
1672816928706 15.25 620
1672816943783 14.25 643
1672816958848 14.25 666
1672816974090 13.0 689
1672816989225 14.25 712
1672817004722 16.75 735
1672817020035 12.75 758
1672817035213 14.25 781
1672817050493 14.25 804
1672817066160 12.25 827
1672817081291 12.5 850
1672817096480 12.75 873
1672817111632 14.25 896
1672817126792 12.75 919
1672817141964 14.25 942
1672817157330 14.5 965
1672817172529 17.0 988
1672817188179 17.0 1011
1672817203270 16.75 1034
1672817218437 16.75 1057
1672817233797 17.0 1080
1672817248990 14.25 1103
1672817264241 14.25 1126
1672817279878 17.0 1149
1672817295131 16.5 1172
1672817310451 13.75 1195
1672817325305 14.0 1218
1672817340653 14.0 1241
1672817355792 15.25 1264
1672817371139 14.25 1287
1672817386232 13.75 1310
1672817401043 13.75 1333
1672817416298 19.5 1356
1672817431280 16.25 1379
1672817446479 16.25 1402
1672817461458 16.75 1425
1672817476457 16.25 1448
1672817491804 19.5 1471
1672817507088 14.0 1494
1672817522682 13.5 1517
1672817537784 12.25 1540
1672817553353 13.75 1563
1672817568601 13.75 1586
1672817584401 13.5 1609
1672817599632 13.75 1632
1672817614944 13.5 1655
1672817630103 16.0 1678
1672817645433 14.75 1701
1672817660665 16.25 1724
1672817675841 13.75 1747
1672817691258 16.0 1770
1672817706691 13.75 1793
1672817721820 13.5 1816
1672817737504 13.5 1839
1672817752733 16.25 1862
1672817767792 13.75 1885
1672817783028 13.75 1908
1672817798313 16.25 1931
1672817813943 15.0 1954
1672817829108 16.25 1977
1672817844330 16.25 2000
1672817859560 16.0 2023
1672817874787 16.0 2046
1672817889761 13.5 2069
1672817904604 16.0 2092
1672817920048 16.25 2115
1672817935377 16.0 2138
1672817950770 16.25 2161
1672817966043 12.75 2184
1672817981118 13.75 2207
1672817996177 14.25 2230
1672818011301 16.25 2253
1672818026611 16.25 2276
1672818041480 16.25 2299
1672818056779 14.5 2322
1672818072022 16.25 2345
1672818087782 14.0 2368
1672818102955 16.25 2391
1672818118329 16.25 2414
1672818133755 16.25 2437
1672818148962 14.0 2460
1672818164087 16.25 2483
1672818179323 15.0 2506
1672818194811 12.75 2529
1672818209970 11.25 2552
1672818225035 13.75 2575
1672818240258 13.0 2598
1672818255316 16.0 2621
1672818270652 13.75 2644
1672818285930 14.0 2667
1672818301300 13.75 2690
1672818316707 13.75 2713
1672818332033 16.25 2736
1672818347203 13.5 2759
1672818362589 15.25 2782
1672818377985 13.75 2805
1672818393567 14.0 2828
1672818408671 14.0 2851
1672818424043 14.0 2874
1672818439140 14.0 2897
1672818454762 14.5 2920
1672818470226 16.25 2943
1672818485732 14.0 2966
1672818501047 15.0 2989
1672818516319 13.0 3012
1672818531286 14.0 3035
1672818546495 14.0 3058
1672818561532 16.25 3081
1672818576729 13.5 3104
1672818591914 13.5 3127
1672818607282 14.0 3150
1672818622571 14.0 3173
1672818637743 15.0 3196
1672818653263 13.75 3219
1672818668478 13.0 3242
1672818684593 14.0 3265
1672818700069 13.0 3288
1672818715250 13.75 3311
1672818730590 15.75 3334
1672818745975 13.75 3357
1672818761123 11.75 3380
1672818776411 12.25 3403
1672818791677 13.5 3426
1672818806921 16.25 3449
