1672816533585 0 22
1672816536875 1 22
1672816548497 1 45
1672816551972 2 45
1672816553954 2 49
1672816563347 2 68
1672816566823 3 68
1672816578316 3 91
1672816581833 4 91
1672816584941 4 99
1672816593370 4 114
1672816596910 5 114
1672816608541 5 137
1672816612124 6 137
1672816616381 6 149
1672816623632 6 160
1672816627197 7 160
1672816639389 7 183
1672816643233 8 183
1672816648696 8 199
1672816655000 8 206
1672816658475 9 206
1672816670417 9 229
1672816673933 10 229
1672816680465 10 249
1672816685454 10 252
1672816688963 11 252
1672816700422 11 275
1672816704043 12 275
1672816715511 12 298
1672816719040 13 298
1672816720140 13 299
1672816730557 13 321
1672816734560 14 321
1672816746265 14 344
1672816749701 15 344
1672816751931 15 349
1672816761439 15 367
1672816765021 16 367
1672816776434 16 390
1672816779960 17 390
1672816783335 17 399
1672816791834 17 413
1672816795327 18 413
1672816806826 18 436
1672816810470 19 436
1672816815586 19 449
1672816822656 19 459
1672816826234 20 459
