1672816553954 0.65625 49
1672816584941 0.625 99
1672816616381 0.625 149
1672816648696 0.71875 199
1672816680465 0.6875 249
1672816720140 0.71875 299
1672816751931 0.875 349
1672816783335 0.6875 399
1672816815586 0.6875 449
1672816847043 0.46875 499
1672816878526 0.625 549
1672816918554 0.625 599
1672816949821 0.84375 649
1672816981295 0.71875 699
1672817013100 0.6875 749
1672817044789 0.6875 799
1672817076701 0.59375 849
1672817116784 0.6875 899
1672817148387 0.6875 949
1672817180222 0.71875 999
1672817211864 0.59375 1049
1672817243600 0.75 1099
1672817275435 0.75 1149
1672817315834 0.8125 1199
1672817347350 0.78125 1249
1672817378869 0.65625 1299
1672817410061 0.59375 1349
1672817441431 0.625 1399
1672817481133 0.71875 1449
1672817512885 0.6875 1499
1672817544874 0.84375 1549
1672817577003 0.875 1599
1672817608820 0.65625 1649
1672817640570 0.65625 1699
1672817680937 0.71875 1749
1672817712703 0.6875 1799
1672817744760 0.59375 1849
1672817776152 0.625 1899
1672817808209 0.65625 1949
1672817839776 0.71875 1999
1672817879987 0.625 2049
1672817911269 0.75 2099
1672817943116 0.6875 2149
1672817974511 0.71875 2199
1672818006118 0.625 2249
1672818037237 0.75 2299
1672818077778 0.71875 2349
1672818109520 0.59375 2399
1672818141605 0.6875 2449
1672818172997 0.75 2499
1672818204805 0.71875 2549
1672818244774 0.53125 2599
1672818276448 0.71875 2649
1672818308375 0.6875 2699
1672818340114 0.75 2749
1672818371868 0.71875 2799
1672818403860 0.71875 2849
1672818444116 0.6875 2899
1672818476270 0.75 2949
1672818508238 0.65625 2999
1672818539711 0.65625 3049
1672818571000 0.8125 3099
1672818602729 0.6875 3149
1672818642941 0.84375 3199
1672818675332 0.6875 3249
1672818707463 0.625 3299
1672818739494 0.6875 3349
1672818770910 0.71875 3399
1672818802493 0.5 3449
