1672816536875 0.6099139451980591 22
1672816551972 0.46147432923316956 45
1672816566823 0.4887409210205078 68
1672816581833 0.48879474401474 91
1672816596910 0.5276163220405579 114
1672816612124 0.5020715594291687 137
1672816627197 0.5009146928787231 160
1672816643233 0.5483992695808411 183
1672816658475 0.5042777061462402 206
1672816673933 0.511864423751831 229
1672816688963 0.49884313344955444 252
1672816704043 0.5297013521194458 275
1672816719040 0.5297821164131165 298
1672816734560 0.507519543170929 321
1672816749701 0.5031880736351013 344
1672816765021 0.531584620475769 367
1672816779960 0.5211595296859741 390
1672816795327 0.4953591823577881 413
1672816810470 0.5175948739051819 436
1672816826234 0.4800511300563812 459
