1672816536875 0.7274011373519897 22
1672816551972 0.6525423526763916 45
1672816566823 0.651129961013794 68
1672816581833 0.6483050584793091 91
1672816596910 0.659604549407959 114
1672816612124 0.6497175097465515 137
1672816627197 0.659604549407959 160
1672816643233 0.6850282549858093 183
1672816658475 0.6553672552108765 206
1672816673933 0.6497175097465515 229
1672816688963 0.651129961013794 252
1672816704043 0.6567796468734741 275
1672816719040 0.694915235042572 298
1672816734560 0.6497175097465515 321
1672816749701 0.653954803943634 344
1672816765021 0.6709039807319641 367
1672816779960 0.659604549407959 390
1672816795327 0.6483050584793091 413
1672816810470 0.653954803943634 436
1672816826234 0.6525423526763916 459
1672816841327 0.6737288236618042 482
1672816856436 0.6610169410705566 505
1672816871679 0.6666666865348816 528
1672816886668 0.6878530979156494 551
1672816901858 0.6553672552108765 574
1672816917183 0.6638417840003967 597
1672816932265 0.6723163723945618 620
1672816947218 0.6723163723945618 643
1672816962449 0.6793785095214844 666
1672816977633 0.6709039807319641 689
1672816992769 0.7118644118309021 712
1672817008237 0.6737288236618042 735
1672817023581 0.6963276863098145 758
1672817038768 0.6723163723945618 781
1672817054082 0.6723163723945618 804
1672817069563 0.6723163723945618 827
1672817084816 0.6920903921127319 850
1672817099936 0.7062146663665771 873
1672817115122 0.6935028433799744 896
1672817130252 0.6723163723945618 919
1672817145552 0.6864407062530518 942
1672817160795 0.6765536665916443 965
1672817176108 0.6864407062530518 988
1672817191615 0.694915235042572 1011
1672817206764 0.6878530979156494 1034
1672817222029 0.6807909607887268 1057
1672817237319 0.6963276863098145 1080
1672817252518 0.7104519605636597 1103
1672817267915 0.6765536665916443 1126
1672817283426 0.6977401375770569 1149
1672817298694 0.6836158037185669 1172
1672817313900 0.6822034120559692 1195
1672817328802 0.7104519605636597 1218
1672817344201 0.6878530979156494 1241
1672817359272 0.7033898234367371 1264
1672817374612 0.6807909607887268 1287
1672817389666 0.6920903921127319 1310
1672817404521 0.7033898234367371 1333
1672817419726 0.694915235042572 1356
1672817434882 0.6935028433799744 1379
1672817449991 0.7189265489578247 1402
1672817464964 0.7161017060279846 1425
1672817480073 0.7019773721694946 1448
1672817495325 0.6977401375770569 1471
1672817510598 0.7118644118309021 1494
1672817526169 0.6864407062530518 1517
1672817541305 0.7316384315490723 1540
1672817556924 0.6920903921127319 1563
1672817572142 0.7175140976905823 1586
1672817587959 0.709039568901062 1609
1672817603147 0.700564980506897 1632
1672817618456 0.7175140976905823 1655
1672817633692 0.7019773721694946 1678
1672817649052 0.6977401375770569 1701
1672817664201 0.7104519605636597 1724
1672817679416 0.7019773721694946 1747
1672817694885 0.6935028433799744 1770
1672817710188 0.7062146663665771 1793
1672817725680 0.7104519605636597 1816
1672817741094 0.7019773721694946 1839
1672817756284 0.7019773721694946 1862
1672817771299 0.7175140976905823 1885
1672817786657 0.6977401375770569 1908
1672817802206 0.694915235042572 1931
1672817817483 0.6963276863098145 1954
1672817832645 0.709039568901062 1977
1672817847867 0.6920903921127319 2000
1672817863167 0.7019773721694946 2023
1672817878318 0.6920903921127319 2046
1672817893194 0.7062146663665771 2069
1672817908242 0.7076271176338196 2092
1672817923560 0.7048022747039795 2115
1672817938990 0.700564980506897 2138
1672817954340 0.7175140976905823 2161
1672817969400 0.6963276863098145 2184
1672817984589 0.7231638431549072 2207
1672817999782 0.7161017060279846 2230
1672818014868 0.6935028433799744 2253
1672818030032 0.709039568901062 2276
1672818045022 0.7146892547607422 2299
1672818060305 0.7048022747039795 2322
1672818075673 0.700564980506897 2345
1672818091358 0.7033898234367371 2368
1672818106413 0.6991525292396545 2391
1672818122185 0.7231638431549072 2414
1672818137327 0.7076271176338196 2437
1672818152498 0.7118644118309021 2460
1672818167567 0.7161017060279846 2483
1672818182968 0.7132768630981445 2506
1672818198272 0.694915235042572 2529
1672818213480 0.7288135886192322 2552
1672818228658 0.7048022747039795 2575
1672818243728 0.700564980506897 2598
1672818258899 0.709039568901062 2621
1672818274194 0.700564980506897 2644
1672818289492 0.7062146663665771 2667
1672818304796 0.7019773721694946 2690
1672818320206 0.7104519605636597 2713
1672818335569 0.7274011373519897 2736
1672818350733 0.6963276863098145 2759
1672818366145 0.7033898234367371 2782
1672818381557 0.7161017060279846 2805
1672818397003 0.7048022747039795 2828
1672818412287 0.7132768630981445 2851
1672818427513 0.7062146663665771 2874
1672818442768 0.7189265489578247 2897
1672818458354 0.7062146663665771 2920
1672818473700 0.7062146663665771 2943
1672818489195 0.7048022747039795 2966
1672818504575 0.6977401375770569 2989
1672818519755 0.6963276863098145 3012
1672818534816 0.7076271176338196 3035
1672818550026 0.7062146663665771 3058
1672818565045 0.7231638431549072 3081
1672818580239 0.709039568901062 3104
1672818595553 0.7245762944221497 3127
1672818610841 0.7203390002250671 3150
1672818626041 0.694915235042572 3173
1672818641270 0.7288135886192322 3196
1672818656744 0.7019773721694946 3219
1672818672502 0.7033898234367371 3242
1672818688237 0.7033898234367371 3265
1672818703483 0.700564980506897 3288
1672818718781 0.7076271176338196 3311
1672818734119 0.7062146663665771 3334
1672818749587 0.7048022747039795 3357
1672818764602 0.7203390002250671 3380
1672818780002 0.7245762944221497 3403
1672818795265 0.7118644118309021 3426
1672818810241 0.6977401375770569 3449
