1672816536875 2.6725640640281116 22
1672816551972 2.301172346057266 45
1672816566823 2.2963008844531663 68
1672816581833 2.295774783739975 91
1672816596910 2.3037745395914104 114
1672816612124 2.296057650116092 137
1672816627197 2.2990197737583284 160
1672816643233 2.2997582717205196 183
1672816658475 2.2955581094576867 206
1672816673933 2.2963861785611663 229
1672816688963 2.296307956192553 252
1672816704043 2.3039841490684294 275
1672816719040 2.2997690856173767 298
1672816734560 2.292373334225665 321
1672816749701 2.29230742525945 344
1672816765021 2.3005352741928364 367
1672816779960 2.2968022404906945 390
1672816795327 2.293425679991708 413
1672816810470 2.2907488735136945 436
1672816826234 2.29460542110755 459
1672816841327 2.2920769846031224 482
1672816856436 2.2915192712103902 505
1672816871679 2.297770865567222 528
1672816886668 2.2942020973156128 551
1672816901858 2.292220120368193 574
1672816917183 2.2939375859907014 597
1672816932265 2.293766816243145 620
1672816947218 2.291049748527733 643
1672816962449 2.2909580600006323 666
1672816977633 2.2921647743443097 689
1672816992769 2.2957942093547272 712
1672817008237 2.290624129915826 735
1672817023581 2.2872669980728983 758
1672817038768 2.294701051284994 781
1672817054082 2.290308855666304 804
1672817069563 2.2840655621263006 827
1672817084816 2.2920994939521084 850
1672817099936 2.2925957478152514 873
1672817115122 2.293978377238155 896
1672817130252 2.2855360039422514 919
1672817145552 2.2914710107887624 942
1672817160795 2.288185437949537 965
1672817176108 2.2858308655158273 988
1672817191615 2.2878397882459973 1011
1672817206764 2.2912409634586632 1034
1672817222029 2.2869400494290213 1057
1672817237319 2.2937519110313875 1080
1672817252518 2.2911203474694775 1103
1672817267915 2.283640466810198 1126
1672817283426 2.286985496010029 1149
1672817298694 2.2862969121511485 1172
1672817313900 2.2877943531039038 1195
1672817328802 2.286137179254961 1218
1672817344201 2.2835497647004317 1241
1672817359272 2.2890918789628225 1264
1672817374612 2.2792410200173863 1287
1672817389666 2.2859249142876332 1310
1672817404521 2.279621102504668 1333
1672817419726 2.284367310961202 1356
1672817434882 2.2860853517360376 1379
1672817449991 2.287906947904975 1402
1672817464964 2.2875624514967465 1425
1672817480073 2.2835785056849396 1448
1672817495325 2.282315639973465 1471
1672817510598 2.279607252727399 1494
1672817526169 2.284572385203841 1517
1672817541305 2.2915201811576087 1540
1672817556924 2.286124610893419 1563
1672817572142 2.2811881908502687 1586
1672817587959 2.278842545179842 1609
1672817603147 2.280595978387587 1632
1672817618456 2.2869722239347205 1655
1672817633692 2.2759256896197875 1678
1672817649052 2.2816838600022216 1701
1672817664201 2.2785108798099905 1724
1672817679416 2.276667090517838 1747
1672817694885 2.2835459005993983 1770
1672817710188 2.2806613754196063 1793
1672817725680 2.2789823467725356 1816
1672817741094 2.279938216288826 1839
1672817756284 2.2809496840627186 1862
1672817771299 2.2760534871598694 1885
1672817786657 2.2785596581898115 1908
1672817802206 2.2776608890939847 1931
1672817817483 2.2744750090196324 1954
1672817832645 2.2806879782333236 1977
1672817847867 2.2761531044314953 2000
1672817863167 2.2724974729990466 2023
1672817878318 2.2746865955539373 2046
1672817893194 2.277157705686397 2069
1672817908242 2.272665631225937 2092
1672817923560 2.275467753876515 2115
1672817938990 2.281560355917768 2138
1672817954340 2.2743327881923703 2161
1672817969400 2.2777030442935975 2184
1672817984589 2.2854994374100808 2207
1672817999782 2.2820163299216585 2230
1672818014868 2.275483598519263 2253
1672818030032 2.2770520230819313 2276
1672818045022 2.28485281788504 2299
1672818060305 2.271417751320354 2322
1672818075673 2.2746193903450824 2345
1672818091358 2.2757901102251252 2368
1672818106413 2.2735596734771573 2391
1672818122185 2.2756702669967455 2414
1672818137327 2.2718782163431976 2437
1672818152498 2.282194860092691 2460
1672818167567 2.280112317478679 2483
1672818182968 2.2727397712747512 2506
1672818198272 2.2685761310717667 2529
1672818213480 2.2770364604334246 2552
1672818228658 2.274681825102408 2575
1672818243728 2.2702352042966445 2598
1672818258899 2.270102400290802 2621
1672818274194 2.269495317203436 2644
1672818289492 2.2741028045661498 2667
1672818304796 2.2692681978988984 2690
1672818320206 2.2705974085257488 2713
1672818335569 2.278052336822773 2736
1672818350733 2.2716042020217126 2759
1672818366145 2.2781346252359205 2782
1672818381557 2.272010834400248 2805
1672818397003 2.2754678866328404 2828
1672818412287 2.2726982888703433 2851
1672818427513 2.266177081526791 2874
1672818442768 2.275821320735157 2897
1672818458354 2.2693497479447635 2920
1672818473700 2.281022893179178 2943
1672818489195 2.272225214095527 2966
1672818504575 2.2702399121104313 2989
1672818519755 2.266307491180664 3012
1672818534816 2.271345365914293 3035
1672818550026 2.2710772224257836 3058
1672818565045 2.2751679379169376 3081
1672818580239 2.2705440587243175 3104
1672818595553 2.27131696999558 3127
1672818610841 2.2738762784786504 3150
1672818626041 2.270865367153537 3173
1672818641270 2.2722292582606207 3196
1672818656744 2.264613524882499 3219
1672818672502 2.2672657541271612 3242
1672818688237 2.2693590455229073 3265
1672818703483 2.270266474369562 3288
1672818718781 2.2658990525895413 3311
1672818734119 2.265439565050299 3334
1672818749587 2.266902620077724 3357
1672818764602 2.2728462691106603 3380
1672818780002 2.2707950894671503 3403
1672818795265 2.263483940440468 3426
1672818810241 2.265775415738994 3449
