1672816536875 0.6247221827507019 22
1672816551972 0.5053521990776062 45
1672816566823 0.5285563468933105 68
1672816581833 0.5159443616867065 91
1672816596910 0.5387169122695923 114
1672816612124 0.5344045758247375 137
1672816627197 0.5274006128311157 160
1672816643233 0.522849977016449 183
1672816658475 0.5256422758102417 206
1672816673933 0.5588467717170715 229
1672816688963 0.5485101342201233 252
1672816704043 0.5590308308601379 275
1672816719040 0.555252730846405 298
1672816734560 0.5424547791481018 321
1672816749701 0.5498685836791992 344
1672816765021 0.5131467580795288 367
1672816779960 0.5332432389259338 390
1672816795327 0.5469192266464233 413
1672816810470 0.5442781448364258 436
1672816826234 0.5214546918869019 459
