1672816553954 0.6011905074119568 49
1672816584941 0.3333333432674408 99
1672816616381 0.5345237851142883 149
1672816648696 0.3541666865348816 199
1672816680465 0.5333333611488342 249
1672816720140 0.6772727370262146 299
1672816751931 0.5416666865348816 349
1672816783335 0.6458333730697632 399
1672816815586 0.4068181812763214 449
1672816847043 0.3166666626930237 499
1672816878526 0.6047619581222534 549
1672816918554 0.3511904776096344 599
1672816949821 0.7222222089767456 649
1672816981295 0.6303571462631226 699
1672817013100 0.5416666865348816 749
1672817044789 0.5 799
1672817076701 0.3541666865348816 849
1672817116784 0.46785715222358704 899
1672817148387 0.6347222328186035 949
1672817180222 0.31060606241226196 999
1672817211864 0.46785712242126465 1049
1672817243600 0.6571428775787354 1099
1672817275435 0.5 1149
1672817315834 0.5333333611488342 1199
1672817347350 0.5803571343421936 1249
1672817378869 0.4166666865348816 1299
1672817410061 0.3303571343421936 1349
1672817441431 0.5436508059501648 1399
1672817481133 0.6415584683418274 1449
1672817512885 0.5 1499
1672817544874 0.5333333611488342 1549
1672817577003 0.8647727370262146 1599
1672817608820 0.380952388048172 1649
1672817640570 0.648809552192688 1699
1672817680937 0.6011905074119568 1749
1672817712703 0.6607142686843872 1799
1672817744760 0.488095223903656 1849
1672817776152 0.2874999940395355 1899
1672817808209 0.380952388048172 1949
1672817839776 0.5761904716491699 1999
1672817879987 0.4928571283817291 2049
1672817911269 0.6476190686225891 2099
1672817943116 0.6595238447189331 2149
1672817974511 0.601190447807312 2199
1672818006118 0.6250000596046448 2249
1672818037237 0.25 2299
1672818077778 0.6303571462631226 2349
1672818109520 0.5208333730697632 2399
1672818141605 0.6345238089561462 2449
1672818172997 0.550000011920929 2499
1672818204805 0.5791666507720947 2549
1672818244774 0.3928571343421936 2599
1672818276448 0.5803571343421936 2649
1672818308375 0.5166666507720947 2699
1672818340114 0.6583333611488342 2749
1672818371868 0.6940475702285767 2799
1672818403860 0.6193181872367859 2849
1672818444116 0.6291666626930237 2899
1672818476270 0.6541666984558105 2949
1672818508238 0.608008623123169 2999
1672818539711 0.1875 3049
1672818571000 0.7892857193946838 3099
1672818602729 0.6178571581840515 3149
1672818642941 0.6428571343421936 3199
1672818675332 0.4734848737716675 3249
1672818707463 0.5 3299
1672818739494 0.5541666746139526 3349
1672818770910 0.6523809432983398 3399
1672818802493 0.25 3449
