1672816553954 0.8333333730697632 49
1672816584941 0.3583333492279053 99
1672816616381 0.625 149
1672816648696 0.3125 199
1672816680465 0.5208333730697632 249
1672816720140 0.875 299
1672816751931 0.4583333432674408 349
1672816783335 0.7291666865348816 399
1672816815586 0.5625 449
1672816847043 0.4375 499
1672816878526 0.887499988079071 549
1672816918554 0.4166666865348816 599
1672816949821 0.7416666746139526 649
1672816981295 0.6041666865348816 699
1672817013100 0.875 749
1672817044789 0.6041666865348816 799
1672817076701 0.3541666865348816 849
1672817116784 0.625 899
1672817148387 1.0 949
1672817180222 0.2708333134651184 999
1672817211864 0.5833333730697632 1049
1672817243600 0.6458333730697632 1099
1672817275435 0.5 1149
1672817315834 0.4166666865348816 1199
1672817347350 0.6041666865348816 1249
1672817378869 0.5416666865348816 1299
1672817410061 0.3541666865348816 1349
1672817441431 1.0 1399
1672817481133 0.75 1449
1672817512885 0.5833333730697632 1499
1672817544874 0.5416666865348816 1549
1672817577003 0.8999999761581421 1599
1672817608820 0.4000000059604645 1649
1672817640570 1.0 1699
1672817680937 0.6666666865348816 1749
1672817712703 0.7916666865348816 1799
1672817744760 0.5208333730697632 1849
1672817776152 0.5 1899
1672817808209 0.375 1949
1672817839776 0.6666666865348816 1999
1672817879987 0.6666666865348816 2049
1672817911269 1.0 2099
1672817943116 0.7708333730697632 2149
1672817974511 1.0 2199
1672818006118 0.7291666865348816 2249
1672818037237 0.25 2299
1672818077778 0.7916666865348816 2349
1672818109520 0.7124999761581421 2399
1672818141605 0.7083333730697632 2449
1672818172997 0.75 2499
1672818204805 0.5208333730697632 2549
1672818244774 0.4375 2599
1672818276448 0.8125 2649
1672818308375 0.4583333432674408 2699
1672818340114 0.7916666865348816 2749
1672818371868 0.875 2799
1672818403860 1.0 2849
1672818444116 0.625 2899
1672818476270 0.7916666865348816 2949
1672818508238 0.7833333611488342 2999
1672818539711 0.5 3049
1672818571000 1.0 3099
1672818602729 0.6916666626930237 3149
1672818642941 0.75 3199
1672818675332 0.625 3249
1672818707463 0.5 3299
1672818739494 0.637499988079071 3349
1672818770910 0.7916666865348816 3399
1672818802493 0.25 3449
