1672816553954 2.2153186876159605 49
1672816584941 2.5266488149576043 99
1672816616381 2.2151993002800845 149
1672816648696 2.2647177867910258 199
1672816680465 2.645297784043897 249
1672816720140 2.15352715483315 299
1672816751931 2.1321828952907427 349
1672816783335 2.4724236173808567 399
1672816815586 2.5663128367997725 449
1672816847043 1.8453897017106233 499
1672816878526 2.2018343596295535 549
1672816918554 2.2341975239875516 599
1672816949821 2.9110350282521202 649
1672816981295 2.581944266875284 699
1672817013100 2.0639693715367704 749
1672817044789 2.4305177020427315 799
1672817076701 2.1926966323864168 849
1672817116784 2.2110186494048456 899
1672817148387 2.055532512553517 949
1672817180222 2.1258462003210585 999
1672817211864 2.2305896242064858 1049
1672817243600 2.369146546528913 1099
1672817275435 2.0443256574676383 1149
1672817315834 2.25666346729583 1199
1672817347350 2.350601454870819 1249
1672817378869 2.456860761793399 1299
1672817410061 2.0128291123157123 1349
1672817441431 2.1967245269446884 1399
1672817481133 2.251088113883703 1449
1672817512885 2.428108521573694 1499
1672817544874 2.6496716755798415 1549
1672817577003 2.4754128976346585 1599
1672817608820 2.484642016561258 1649
1672817640570 2.4060588056602485 1699
1672817680937 2.311810742733856 1749
1672817712703 1.8519541031353477 1799
1672817744760 2.161547153236449 1849
1672817776152 2.2252188976688356 1899
1672817808209 2.3544938460356515 1949
1672817839776 2.4705393776852613 1999
1672817879987 2.1463994744542085 2049
1672817911269 2.1175560554236643 2099
1672817943116 2.2430120089061636 2149
1672817974511 2.238406297675196 2199
1672818006118 2.5408355474262887 2249
1672818037237 1.535282559332536 2299
1672818077778 2.6017956753065583 2349
1672818109520 2.143999105897196 2399
1672818141605 2.4135256545059454 2449
1672818172997 2.433293518225536 2499
1672818204805 2.209131804283863 2549
1672818244774 1.9847570515313275 2599
1672818276448 2.02714419902191 2649
1672818308375 2.3095177561681313 2699
1672818340114 2.312733237212653 2749
1672818371868 2.298614300419788 2799
1672818403860 2.2733348413298216 2849
1672818444116 2.3813010951458518 2899
1672818476270 2.4939061688453763 2949
1672818508238 2.321256063568793 2999
1672818539711 2.201805038946807 3049
1672818571000 2.206523420068555 3099
1672818602729 2.2189079787645793 3149
1672818642941 2.3819295238386125 3199
1672818675332 2.3486277483809648 3249
1672818707463 2.4654472463928885 3299
1672818739494 2.348792187572708 3349
1672818770910 2.4365543822533002 3399
1672818802493 1.6324269759886858 3449
