1672816553954 0.4749999940395355 49
1672816584941 0.3333333432674408 99
1672816616381 0.4791666865348816 149
1672816648696 0.4375 199
1672816680465 0.6666666865348816 249
1672816720140 0.6000000238418579 299
1672816751931 0.75 349
1672816783335 0.625 399
1672816815586 0.4761905074119568 449
1672816847043 0.25 499
1672816878526 0.5166666507720947 549
1672816918554 0.3125 599
1672816949821 0.7916666865348816 649
1672816981295 0.6875 699
1672817013100 0.44583335518836975 749
1672817044789 0.5 799
1672817076701 0.3541666865348816 849
1672817116784 0.3916666805744171 899
1672817148387 0.4958333373069763 949
1672817180222 0.375 999
1672817211864 0.3916666805744171 1049
1672817243600 0.8125 1099
1672817275435 0.5 1149
1672817315834 0.75 1199
1672817347350 0.5625 1249
1672817378869 0.3541666865348816 1299
1672817410061 0.3125 1349
1672817441431 0.40833336114883423 1399
1672817481133 0.5625 1449
1672817512885 0.5208333730697632 1499
1672817544874 0.625 1549
1672817577003 0.875 1599
1672817608820 0.375 1649
1672817640570 0.4958333373069763 1699
1672817680937 0.6416667103767395 1749
1672817712703 0.5916666984558105 1799
1672817744760 0.4625000059604645 1849
1672817776152 0.21250000596046448 1899
1672817808209 0.4375 1949
1672817839776 0.5833333730697632 1999
1672817879987 0.4333333373069763 2049
1672817911269 0.5 2099
1672817943116 0.5833333730697632 2149
1672817974511 0.4833333492279053 2199
1672818006118 0.6499999761581421 2249
1672818037237 0.25 2299
1672818077778 0.5833333730697632 2349
1672818109520 0.4625000059604645 2399
1672818141605 0.6416666507720947 2449
1672818172997 0.4791666865348816 2499
1672818204805 0.6875 2549
1672818244774 0.4166666865348816 2599
1672818276448 0.4958333373069763 2649
1672818308375 0.625 2699
1672818340114 0.625 2749
1672818371868 0.5999999642372131 2799
1672818403860 0.45952385663986206 2849
1672818444116 0.7541666626930237 2899
1672818476270 0.6083333492279053 2949
1672818508238 0.5916666984558105 2999
1672818539711 0.1190476268529892 3049
1672818571000 0.6541666984558105 3099
1672818602729 0.6083332896232605 3149
1672818642941 0.6000000238418579 3199
1672818675332 0.3928571343421936 3249
1672818707463 0.5 3299
1672818739494 0.512499988079071 3349
1672818770910 0.5833333730697632 3399
1672818802493 0.25 3449
