1672731967007 0.0 216
1672732040982 0.0 433
1672732115863 0.0 650
1672732190475 0.0 867
1672732266388 0.0 1084
1672732341728 0.0 1301
1672732416673 0.0 1518
1672732491699 0.0 1735
1672732566979 0.0 1952
1672732641905 2.5 2169
1672732717073 12.75 2386
1672732792270 27.25 2603
1672732867443 21.5 2820
1672732942040 2.5 3037
1672733016963 22.25 3254
1672733093060 2.75 3471
1672733168458 21.75 3688
1672733244387 21.0 3905
1672733319875 26.0 4122
1672733396363 23.25 4339
1672733471610 26.5 4556
1672733547175 26.75 4773
1672733622591 25.25 4990
1672733698071 33.75 5207
1672733773086 15.75 5424
1672733848541 31.0 5641
1672733924182 27.0 5858
1672733999281 23.0 6075
1672734075235 20.25 6292
1672734150633 26.25 6509
1672734227625 19.25 6726
1672734303092 25.0 6943
1672734378392 16.25 7160
1672734453743 20.75 7377
1672734528743 24.5 7594
1672734604422 26.25 7811
1672734679688 16.75 8028
1672734755840 22.0 8245
1672734830938 23.0 8462
1672734906615 23.0 8679
1672734982149 26.25 8896
1672735057780 24.0 9113
1672735133230 23.0 9330
1672735208616 23.5 9547
1672735283496 25.75 9764
1672735358791 24.25 9981
1672735433686 23.25 10198
1672735509494 22.5 10415
1672735585321 24.5 10632
1672735660819 22.5 10849
1672735736458 23.0 11066
1672735811818 25.0 11283
1672735887521 23.0 11500
1672735963133 24.25 11717
1672736038757 25.0 11934
1672736114364 25.0 12151
1672736190094 24.0 12368
1672736265543 23.75 12585
1672736341193 24.0 12802
1672736416998 22.5 13019
1672736492186 24.0 13236
1672736568088 23.75 13453
1672736643813 25.75 13670
1672736719550 25.5 13887
1672736795104 23.75 14104
1672736870916 25.5 14321
1672736946413 23.75 14538
1672737022247 22.25 14755
1672737097813 23.75 14972
1672737173410 27.0 15189
1672737249888 25.0 15406
1672737324907 22.5 15623
1672737400549 24.0 15840
1672737476041 23.75 16057
1672737551072 23.75 16274
1672737625875 23.5 16491
1672737701447 24.75 16708
1672737777452 23.75 16925
1672737852958 23.0 17142
1672737928914 23.75 17359
1672738004072 23.5 17576
1672738079504 23.5 17793
1672738155107 23.75 18010
1672738231133 24.75 18227
1672738306781 23.5 18444
1672738382282 25.0 18661
1672738457843 23.5 18878
1672738533183 24.5 19095
1672738608813 23.5 19312
1672738683991 23.5 19529
1672738760320 23.75 19746
1672738835587 24.75 19963
1672738911479 23.5 20180
1672738986933 24.25 20397
1672739062498 23.75 20614
1672739137938 23.25 20831
1672739214019 23.75 21048
1672739289520 24.0 21265
1672739364794 22.5 21482
1672739440028 23.75 21699
1672739515192 23.5 21916
1672739590997 24.0 22133
1672739666298 23.5 22350
1672739741844 23.75 22567
1672739816550 23.75 22784
1672739891582 23.5 23001
1672739966198 23.5 23218
1672740041434 23.75 23435
1672740116478 23.5 23652
1672740192878 23.5 23869
1672740268220 23.5 24086
1672740344128 23.5 24303
1672740420208 23.75 24520
1672740495994 18.25 24737
1672740571221 22.75 24954
1672740647504 23.5 25171
1672740722608 23.25 25388
1672740798140 12.0 25605
1672740873184 23.75 25822
1672740948616 22.5 26039
1672741025118 23.5 26256
1672741100467 23.75 26473
1672741176046 24.25 26690
1672741251377 24.0 26907
1672741326908 23.75 27124
1672741401942 23.75 27341
1672741477179 23.75 27558
1672741551958 24.25 27775
1672741627741 23.75 27992
1672741702811 17.25 28209
1672741778667 24.0 28426
1672741854249 24.5 28643
1672741929600 23.75 28860
1672742005738 23.75 29077
1672742081094 23.5 29294
1672742156858 24.25 29511
1672742231835 21.5 29728
1672742307303 24.5 29945
1672742382307 23.75 30162
1672742457361 24.5 30379
1672742534140 22.5 30596
1672742610283 24.75 30813
1672742686185 24.0 31030
1672742762058 23.75 31247
1672742837878 24.0 31464
1672742912787 23.75 31681
1672742988104 23.5 31898
1672743064264 24.25 32115
1672743139173 23.75 32332
1672743214297 23.5 32549
