1672731967007 217.0 216
1672732040982 217.0 433
1672732115863 217.0 650
1672732190475 216.25 867
1672732266388 217.0 1084
1672732341728 216.25 1301
1672732416673 211.25 1518
1672732491699 216.0 1735
1672732566979 214.0 1952
1672732641905 214.25 2169
1672732717073 198.0 2386
1672732792270 186.75 2603
1672732867443 193.75 2820
1672732942040 214.0 3037
1672733016963 194.25 3254
1672733093060 213.75 3471
1672733168458 193.0 3688
1672733244387 195.5 3905
1672733319875 190.5 4122
1672733396363 190.5 4339
1672733471610 189.5 4556
1672733547175 188.25 4773
1672733622591 190.25 4990
1672733698071 181.5 5207
1672733773086 198.0 5424
1672733848541 183.5 5641
1672733924182 187.75 5858
1672733999281 192.5 6075
1672734075235 194.75 6292
1672734150633 189.25 6509
1672734227625 195.75 6726
1672734303092 189.75 6943
1672734378392 198.75 7160
1672734453743 194.5 7377
1672734528743 190.5 7594
1672734604422 187.5 7811
1672734679688 197.75 8028
1672734755840 193.25 8245
1672734830938 190.5 8462
1672734906615 189.75 8679
1672734982149 186.0 8896
1672735057780 191.0 9113
1672735133230 192.0 9330
1672735208616 186.25 9547
1672735283496 189.25 9764
1672735358791 188.0 9981
1672735433686 191.25 10198
1672735509494 191.75 10415
1672735585321 188.25 10632
1672735660819 189.25 10849
1672735736458 181.5 11066
1672735811818 189.75 11283
1672735887521 189.25 11500
1672735963133 180.25 11717
1672736038757 188.5 11934
1672736114364 188.0 12151
1672736190094 188.75 12368
1672736265543 187.5 12585
1672736341193 184.5 12802
1672736416998 178.0 13019
1672736492186 186.75 13236
1672736568088 188.25 13453
1672736643813 187.25 13670
1672736719550 186.0 13887
1672736795104 186.5 14104
1672736870916 181.25 14321
1672736946413 187.75 14538
1672737022247 188.5 14755
1672737097813 184.75 14972
1672737173410 185.75 15189
1672737249888 187.5 15406
1672737324907 188.5 15623
1672737400549 186.25 15840
1672737476041 185.75 16057
1672737551072 182.75 16274
1672737625875 186.5 16491
1672737701447 185.5 16708
1672737777452 186.5 16925
1672737852958 186.5 17142
1672737928914 184.75 17359
1672738004072 187.5 17576
1672738079504 185.75 17793
1672738155107 187.75 18010
1672738231133 185.75 18227
1672738306781 184.0 18444
1672738382282 182.75 18661
1672738457843 185.0 18878
1672738533183 186.75 19095
1672738608813 184.75 19312
1672738683991 189.25 19529
1672738760320 185.5 19746
1672738835587 184.0 19963
1672738911479 184.75 20180
1672738986933 172.25 20397
1672739062498 181.5 20614
1672739137938 187.75 20831
1672739214019 188.75 21048
1672739289520 187.75 21265
1672739364794 189.5 21482
1672739440028 178.5 21699
1672739515192 183.75 21916
1672739590997 184.75 22133
1672739666298 181.5 22350
1672739741844 184.25 22567
1672739816550 185.5 22784
1672739891582 184.0 23001
1672739966198 188.5 23218
1672740041434 181.75 23435
1672740116478 186.25 23652
1672740192878 188.5 23869
1672740268220 182.75 24086
1672740344128 187.5 24303
1672740420208 183.5 24520
1672740495994 191.75 24737
1672740571221 176.25 24954
1672740647504 174.5 25171
1672740722608 184.5 25388
1672740798140 195.0 25605
1672740873184 183.25 25822
1672740948616 187.0 26039
1672741025118 185.0 26256
1672741100467 185.75 26473
1672741176046 187.25 26690
1672741251377 185.5 26907
1672741326908 185.75 27124
1672741401942 181.25 27341
1672741477179 177.5 27558
1672741551958 182.0 27775
1672741627741 189.25 27992
1672741702811 192.25 28209
1672741778667 173.5 28426
1672741854249 184.75 28643
1672741929600 184.25 28860
1672742005738 185.5 29077
1672742081094 180.75 29294
1672742156858 183.75 29511
1672742231835 187.0 29728
1672742307303 187.25 29945
1672742382307 182.75 30162
1672742457361 183.25 30379
1672742534140 187.25 30596
1672742610283 181.5 30813
1672742686185 184.0 31030
1672742762058 186.25 31247
1672742837878 184.0 31464
1672742912787 183.0 31681
1672742988104 183.75 31898
1672743064264 182.75 32115
1672743139173 186.5 32332
1672743214297 184.0 32549
