1672731910746 0 49
1672731925241 0 99
1672731940108 0 149
1672731954578 0 199
1672731967007 0 216
1672731970354 1 216
1672731980765 1 249
1672731995235 1 299
1672732009728 1 349
1672732024213 1 399
1672732040982 1 433
1672732044499 2 433
1672732049939 2 449
1672732064504 2 499
1672732079253 2 549
1672732094183 2 599
1672732108723 2 649
1672732115863 2 650
1672732119405 3 650
1672732134512 3 699
1672732149136 3 749
1672732163777 3 799
1672732178397 3 849
1672732190475 3 867
1672732194337 4 867
1672732204498 4 899
1672732219312 4 949
1672732234243 4 999
1672732248854 4 1049
1672732266388 4 1084
1672732270225 5 1084
1672732275409 5 1099
1672732290138 5 1149
1672732304769 5 1199
1672732319404 5 1249
1672732334024 5 1299
1672732341728 5 1301
1672732345311 6 1301
1672732360063 6 1349
1672732374782 6 1399
1672732389349 6 1449
1672732404014 6 1499
1672732416673 6 1518
1672732420222 7 1518
1672732430031 7 1549
1672732444705 7 1599
1672732459369 7 1649
1672732474015 7 1699
1672732491699 7 1735
1672732495364 8 1735
1672732500217 8 1749
1672732514980 8 1799
1672732529952 8 1849
1672732544683 8 1899
1672732559244 8 1949
1672732566979 8 1952
1672732570564 9 1952
1672732585043 9 1999
1672732599611 9 2049
1672732614168 9 2099
1672732628905 9 2149
1672732641905 9 2169
1672732645533 10 2169
1672732655043 10 2199
1672732669615 10 2249
1672732684295 10 2299
1672732699423 10 2349
1672732717073 10 2386
1672732720761 11 2386
1672732725334 11 2399
1672732739903 11 2449
1672732754543 11 2499
1672732769307 11 2549
1672732784099 11 2599
1672732792270 11 2603
1672732795911 12 2603
1672732810264 12 2649
1672732825122 12 2699
1672732839975 12 2749
1672732854652 12 2799
1672732867443 12 2820
1672732870839 13 2820
1672732880060 13 2849
1672732894656 13 2899
1672732909253 13 2949
1672732924198 13 2999
1672732942040 13 3037
1672732945487 14 3037
1672732949768 14 3049
1672732964501 14 3099
1672732979423 14 3149
1672732994056 14 3199
1672733008672 14 3249
1672733016963 14 3254
1672733020515 15 3254
1672733034505 15 3299
1672733049129 15 3349
1672733064222 15 3399
1672733079177 15 3449
1672733093060 15 3471
1672733096680 16 3471
1672733105942 16 3499
1672733120573 16 3549
1672733135351 16 3599
1672733150094 16 3649
1672733168458 16 3688
1672733172100 17 3688
1672733176162 17 3699
1672733190883 17 3749
1672733206073 17 3799
1672733220963 17 3849
1672733235627 17 3899
1672733244387 17 3905
1672733248051 18 3905
1672733261985 18 3949
1672733276697 18 3999
1672733291366 18 4049
1672733306089 18 4099
1672733319875 18 4122
1672733323545 19 4122
1672733332207 19 4149
1672733347220 19 4199
1672733362820 19 4249
1672733377462 19 4299
1672733396363 19 4339
1672733400045 20 4339
1672733403775 20 4349
1672733418526 20 4399
1672733433209 20 4449
1672733447913 20 4499
1672733462591 20 4549
1672733471610 20 4556
1672733475174 21 4556
1672733488902 21 4599
1672733503695 21 4649
1672733518450 21 4699
1672733533324 21 4749
1672733547175 21 4773
1672733550799 22 4773
1672733559299 22 4799
1672733573900 22 4849
1672733588519 22 4899
1672733603515 22 4949
1672733622591 22 4990
1672733626283 23 4990
1672733629744 23 4999
1672733644561 23 5049
1672733659238 23 5099
1672733674075 23 5149
1672733688714 23 5199
1672733698071 23 5207
1672733701622 24 5207
1672733714590 24 5249
1672733729184 24 5299
1672733744001 24 5349
1672733758771 24 5399
1672733773086 24 5424
1672733776717 25 5424
1672733785036 25 5449
1672733799836 25 5499
1672733814492 25 5549
1672733829181 25 5599
1672733848541 25 5641
1672733852148 26 5641
1672733855302 26 5649
1672733869920 26 5699
1672733884784 26 5749
1672733899440 26 5799
1672733914481 26 5849
1672733924182 26 5858
1672733927807 27 5858
1672733940795 27 5899
1672733955502 27 5949
1672733970139 27 5999
1672733984791 27 6049
1672733999281 27 6075
1672734002894 28 6075
1672734010720 28 6099
1672734025759 28 6149
1672734040456 28 6199
1672734055332 28 6249
1672734075235 28 6292
1672734078853 29 6292
1672734081683 29 6299
1672734096342 29 6349
1672734111018 29 6399
1672734125718 29 6449
1672734140381 29 6499
1672734150633 29 6509
1672734154301 30 6509
1672734166972 30 6549
1672734181801 30 6599
1672734196632 30 6649
1672734212075 30 6699
1672734227625 30 6726
1672734231220 31 6726
1672734238730 31 6749
1672734253343 31 6799
1672734267966 31 6849
1672734282631 31 6899
1672734303092 31 6943
1672734306773 32 6943
1672734309302 32 6949
1672734323916 32 6999
1672734338722 32 7049
1672734353522 32 7099
1672734368149 32 7149
1672734378392 32 7160
1672734382077 33 7160
1672734394260 33 7199
1672734408918 33 7249
1672734423568 33 7299
1672734438403 33 7349
1672734453743 33 7377
1672734457304 34 7377
1672734464460 34 7399
1672734479082 34 7449
1672734493702 34 7499
1672734508513 34 7549
1672734528743 34 7594
1672734532406 35 7594
1672734534672 35 7599
1672734549500 35 7649
1672734564373 35 7699
1672734579050 35 7749
1672734593849 35 7799
1672734604422 35 7811
1672734608134 36 7811
1672734620014 36 7849
1672734634644 36 7899
1672734649270 36 7949
1672734664063 36 7999
1672734679688 36 8028
1672734683286 37 8028
1672734690315 37 8049
1672734705345 37 8099
1672734720199 37 8149
1672734734928 37 8199
1672734755840 37 8245
1672734759526 38 8245
1672734761465 38 8249
1672734776073 38 8299
1672734790976 38 8349
1672734805576 38 8399
1672734820192 38 8449
1672734830938 38 8462
1672734834585 39 8462
1672734846196 39 8499
1672734861236 39 8549
1672734875945 39 8599
1672734890785 39 8649
1672734906615 39 8679
1672734910266 40 8679
1672734917094 40 8699
1672734931802 40 8749
1672734946468 40 8799
1672734961135 40 8849
1672734982149 40 8896
1672734985799 41 8896
1672734987439 41 8899
1672735002503 41 8949
1672735017368 41 8999
1672735032146 41 9049
1672735046785 41 9099
1672735057780 41 9113
1672735061427 42 9113
1672735072833 42 9149
1672735087536 42 9199
1672735102254 42 9249
1672735116924 42 9299
1672735133230 42 9330
1672735136850 43 9330
1672735143382 43 9349
1672735158148 43 9399
1672735172733 43 9449
1672735187525 43 9499
1672735208616 43 9547
1672735212263 44 9547
1672735213725 44 9549
1672735228367 44 9599
1672735242974 44 9649
1672735257557 44 9699
1672735272299 44 9749
1672735283496 44 9764
1672735287150 45 9764
1672735298076 45 9799
1672735313165 45 9849
1672735327780 45 9899
1672735342398 45 9949
1672735358791 45 9981
1672735362362 46 9981
1672735368397 46 9999
1672735382992 46 10049
1672735397781 46 10099
1672735412325 46 10149
1672735433686 46 10198
1672735437444 47 10198
1672735438526 47 10199
1672735453191 47 10249
1672735468265 47 10299
1672735483088 47 10349
1672735497685 47 10399
1672735509494 47 10415
1672735513181 48 10415
1672735524007 48 10449
1672735538744 48 10499
1672735553462 48 10549
1672735568365 48 10599
1672735585321 48 10632
1672735588979 49 10632
1672735594713 49 10649
1672735609702 49 10699
1672735624377 49 10749
1672735639009 49 10799
1672735653430 49 10849
1672735660819 49 10849
1672735664489 50 10849
1672735680049 50 10899
1672735694917 50 10949
1672735709575 50 10999
1672735724449 50 11049
1672735736458 50 11066
1672735740226 51 11066
1672735750982 51 11099
1672735765605 51 11149
1672735780197 51 11199
1672735794894 51 11249
1672735811818 51 11283
1672735815460 52 11283
1672735821164 52 11299
1672735835863 52 11349
1672735850547 52 11399
1672735865218 52 11449
1672735880051 52 11499
1672735887521 52 11500
1672735891085 53 11500
1672735906530 53 11549
1672735921271 53 11599
1672735936012 53 11649
1672735950718 53 11699
1672735963133 53 11717
1672735966831 54 11717
1672735976971 54 11749
1672735991735 54 11799
1672736006377 54 11849
1672736021191 54 11899
1672736038757 54 11934
1672736042415 55 11934
1672736047603 55 11949
1672736062330 55 11999
1672736077053 55 12049
1672736091693 55 12099
1672736106353 55 12149
1672736114364 55 12151
1672736118048 56 12151
1672736132822 56 12199
1672736147544 56 12249
1672736162571 56 12299
1672736177483 56 12349
1672736190094 56 12368
1672736193929 57 12368
1672736203805 57 12399
1672736218453 57 12449
1672736233119 57 12499
1672736247831 57 12549
1672736265543 57 12585
1672736269109 58 12585
1672736273985 58 12599
1672736288964 58 12649
1672736303873 58 12699
1672736318516 58 12749
1672736333203 58 12799
1672736341193 58 12802
1672736344796 59 12802
1672736359596 59 12849
1672736374273 59 12899
1672736389134 59 12949
1672736404000 59 12999
1672736416998 59 13019
1672736420727 60 13019
1672736430296 60 13049
1672736444948 60 13099
1672736459719 60 13149
1672736474478 60 13199
1672736492186 60 13236
1672736495895 61 13236
1672736500678 61 13249
1672736515381 61 13299
1672736530441 61 13349
1672736545281 61 13399
1672736559959 61 13449
1672736568088 61 13453
1672736571764 62 13453
1672736586104 62 13499
1672736600836 62 13549
1672736615541 62 13599
1672736630281 62 13649
1672736643813 62 13670
1672736647378 63 13670
1672736657035 63 13699
1672736671813 63 13749
1672736686681 63 13799
1672736701515 63 13849
1672736719550 63 13887
1672736723219 64 13887
1672736727544 64 13899
1672736742203 64 13949
1672736757039 64 13999
1672736771897 64 14049
1672736786642 64 14099
1672736795104 64 14104
1672736798702 65 14104
1672736812728 65 14149
1672736827815 65 14199
1672736842473 65 14249
1672736857242 65 14299
1672736870916 65 14321
1672736874538 66 14321
1672736883714 66 14349
1672736898410 66 14399
1672736913236 66 14449
1672736927884 66 14499
1672736946413 66 14538
1672736950050 67 14538
1672736954346 67 14549
1672736969256 67 14599
1672736983969 67 14649
1672736998702 67 14699
1672737013436 67 14749
1672737022247 67 14755
1672737025839 68 14755
1672737039623 68 14799
1672737054400 68 14849
1672737069062 68 14899
1672737083799 68 14949
1672737097813 68 14972
1672737101428 69 14972
1672737110107 69 14999
1672737124974 69 15049
1672737139884 69 15099
1672737154503 69 15149
1672737173410 69 15189
1672737177019 70 15189
1672737180758 70 15199
1672737195422 70 15249
1672737211066 70 15299
1672737226024 70 15349
1672737240815 70 15399
1672737249888 70 15406
1672737253516 71 15406
1672737266899 71 15449
1672737281492 71 15499
1672737296280 71 15549
1672737310899 71 15599
1672737324907 71 15623
1672737328584 72 15623
1672737337169 72 15649
1672737351744 72 15699
1672737366432 72 15749
1672737381243 72 15799
1672737400549 72 15840
1672737404205 73 15840
1672737407653 73 15849
1672737422234 73 15899
1672737437061 73 15949
1672737451680 73 15999
1672737466502 73 16049
1672737476041 73 16057
1672737479736 74 16057
1672737492867 74 16099
1672737507667 74 16149
1672737522529 74 16199
1672737537180 74 16249
1672737551072 74 16274
1672737554613 75 16274
1672737562648 75 16299
1672737577459 75 16349
1672737592112 75 16399
1672737606746 75 16449
1672737625875 75 16491
1672737629262 76 16491
1672737632336 76 16499
1672737646938 76 16549
1672737661683 76 16599
1672737676390 76 16649
1672737691115 76 16699
1672737701447 76 16708
1672737705023 77 16708
1672737718014 77 16749
1672737732660 77 16799
1672737747329 77 16849
1672737762353 77 16899
1672737777452 77 16925
1672737781117 78 16925
1672737788943 78 16949
1672737803701 78 16999
1672737818432 78 17049
1672737833125 78 17099
1672737852958 78 17142
1672737856647 79 17142
1672737859491 79 17149
1672737874559 79 17199
1672737889272 79 17249
1672737904326 79 17299
1672737918995 79 17349
1672737928914 79 17359
1672737932493 80 17359
1672737944980 80 17399
1672737959582 80 17449
1672737974226 80 17499
1672737989040 80 17549
1672738004072 80 17576
1672738007692 81 17576
1672738015159 81 17599
1672738030159 81 17649
1672738044949 81 17699
1672738059570 81 17749
1672738079504 81 17793
1672738083133 82 17793
1672738085758 82 17799
1672738100339 82 17849
1672738114983 82 17899
1672738129610 82 17949
1672738144801 82 17999
1672738155107 82 18010
1672738158722 83 18010
1672738170936 83 18049
1672738185775 83 18099
1672738200467 83 18149
1672738215849 83 18199
1672738231133 83 18227
1672738234809 84 18227
1672738242051 84 18249
1672738256907 84 18299
1672738271820 84 18349
1672738286660 84 18399
1672738306781 84 18444
1672738310387 85 18444
1672738312649 85 18449
1672738327384 85 18499
1672738342267 85 18549
1672738356914 85 18599
1672738371564 85 18649
1672738382282 85 18661
1672738385871 86 18661
1672738397987 86 18699
1672738412849 86 18749
1672738427716 86 18799
1672738442383 86 18849
1672738457843 86 18878
1672738461549 87 18878
1672738468537 87 18899
1672738483319 87 18949
1672738497981 87 18999
1672738512584 87 19049
1672738533183 87 19095
1672738536823 88 19095
1672738538777 88 19099
1672738553494 88 19149
1672738568256 88 19199
1672738583194 88 19249
1672738597970 88 19299
1672738608813 88 19312
1672738612354 89 19312
1672738623916 89 19349
1672738638689 89 19399
1672738653558 89 19449
1672738668342 89 19499
1672738683991 89 19529
1672738687598 90 19529
1672738694594 90 19549
1672738709766 90 19599
1672738724453 90 19649
1672738739150 90 19699
1672738760320 90 19746
1672738763955 91 19746
1672738765643 91 19749
1672738780297 91 19799
1672738795232 91 19849
1672738809920 91 19899
1672738824601 91 19949
1672738835587 91 19963
1672738839285 92 19963
1672738850622 92 19999
1672738865687 92 20049
1672738880564 92 20099
1672738895235 92 20149
1672738911479 92 20180
1672738915111 93 20180
1672738921488 93 20199
1672738936180 93 20249
1672738951004 93 20299
1672738965818 93 20349
1672738986933 93 20397
1672738990516 94 20397
1672738991881 94 20399
1672739006895 94 20449
1672739021794 94 20499
1672739036588 94 20549
1672739051247 94 20599
1672739062498 94 20614
1672739066597 95 20614
1672739077573 95 20649
1672739092114 95 20699
1672739106685 95 20749
1672739121421 95 20799
1672739137938 95 20831
1672739141535 96 20831
1672739147598 96 20849
1672739162615 96 20899
1672739177592 96 20949
1672739192239 96 20999
1672739214019 96 21048
1672739217557 97 21048
1672739218632 97 21049
1672739233269 97 21099
1672739248516 97 21149
1672739263289 97 21199
1672739277890 97 21249
1672739289520 97 21265
1672739293150 98 21265
1672739304233 98 21299
1672739318878 98 21349
1672739333498 98 21399
1672739348104 98 21449
1672739364794 98 21482
1672739368375 99 21482
1672739374097 99 21499
1672739388863 99 21549
1672739403477 99 21599
1672739418076 99 21649
1672739432652 99 21699
1672739440028 99 21699
1672739443596 100 21699
1672739459023 100 21749
1672739473713 100 21799
1672739488361 100 21849
1672739503017 100 21899
1672739515192 100 21916
1672739518835 101 21916
1672739529255 101 21949
1672739544351 101 21999
1672739559130 101 22049
1672739573891 101 22099
1672739590997 101 22133
1672739594593 102 22133
1672739600058 102 22149
1672739614701 102 22199
1672739629354 102 22249
1672739643993 102 22299
1672739658662 102 22349
1672739666298 102 22350
1672739669984 103 22350
1672739685339 103 22399
1672739700235 103 22449
1672739715118 103 22499
1672739729811 103 22549
1672739741844 103 22567
1672739745469 104 22567
1672739755546 104 22599
1672739770116 104 22649
1672739784680 104 22699
1672739799248 104 22749
1672739816550 104 22784
1672739820206 105 22784
1672739825609 105 22799
1672739840570 105 22849
1672739855223 105 22899
1672739869778 105 22949
1672739884317 105 22999
1672739891582 105 23001
1672739895050 106 23001
1672739909841 106 23049
1672739924386 106 23099
1672739938928 106 23149
1672739953647 106 23199
1672739966198 106 23218
1672739969716 107 23218
1672739979509 107 23249
1672739994302 107 23299
1672740008956 107 23349
1672740023769 107 23399
1672740041434 107 23435
1672740044961 108 23435
1672740049890 108 23449
1672740064555 108 23499
1672740079542 108 23549
1672740094164 108 23599
1672740108777 108 23649
1672740116478 108 23652
1672740119980 109 23652
1672740134672 109 23699
1672740149523 109 23749
1672740164346 109 23799
1672740179698 109 23849
1672740192878 109 23869
1672740196462 110 23869
1672740206018 110 23899
1672740220864 110 23949
1672740235486 110 23999
1672740250128 110 24049
1672740268220 110 24086
1672740271873 111 24086
1672740276450 111 24099
1672740291143 111 24149
1672740306017 111 24199
1672740320689 111 24249
1672740336002 111 24299
1672740344128 111 24303
1672740347750 112 24303
1672740362002 112 24349
1672740376829 112 24399
1672740392160 112 24449
1672740406820 112 24499
1672740420208 112 24520
1672740423863 113 24520
1672740433217 113 24549
1672740447996 113 24599
1672740462876 113 24649
1672740477940 113 24699
1672740495994 113 24737
1672740499604 114 24737
1672740503871 114 24749
1672740518467 114 24799
1672740533342 114 24849
1672740547969 114 24899
1672740562910 114 24949
1672740571221 114 24954
1672740574907 115 24954
1672740589077 115 24999
1672740603706 115 25049
1672740618789 115 25099
1672740633406 115 25149
1672740647504 115 25171
1672740651152 116 25171
1672740660148 116 25199
1672740674852 116 25249
1672740689682 116 25299
1672740704334 116 25349
1672740722608 116 25388
1672740726430 117 25388
1672740730452 117 25399
1672740745105 117 25449
1672740760090 117 25499
1672740774718 117 25549
1672740789347 117 25599
1672740798140 117 25605
1672740801833 118 25605
1672740815456 118 25649
1672740830057 118 25699
1672740844853 118 25749
1672740859525 118 25799
1672740873184 118 25822
1672740876839 119 25822
1672740885694 119 25849
1672740900300 119 25899
1672740914994 119 25949
1672740929836 119 25999
1672740948616 119 26039
1672740952267 120 26039
1672740956169 120 26049
1672740971658 120 26099
1672740986338 120 26149
1672741001184 120 26199
1672741016027 120 26249
1672741025118 120 26256
1672741028656 121 26256
1672741042010 121 26299
1672741056760 121 26349
1672741071556 121 26399
1672741086204 121 26449
1672741100467 121 26473
1672741104070 122 26473
1672741112491 122 26499
1672741127303 122 26549
1672741142221 122 26599
1672741157132 122 26649
1672741176046 122 26690
1672741179720 123 26690
1672741183300 123 26699
1672741197950 123 26749
1672741212532 123 26799
1672741227125 123 26849
1672741241701 123 26899
1672741251377 123 26907
1672741254970 124 26907
1672741267966 124 26949
1672741282647 124 26999
1672741297562 124 27049
1672741312225 124 27099
1672741326908 124 27124
1672741330482 125 27124
1672741338575 125 27149
1672741353197 125 27199
1672741367848 125 27249
1672741382499 125 27299
1672741401942 125 27341
1672741405527 126 27341
1672741408638 126 27349
1672741423250 126 27399
1672741438049 126 27449
1672741452655 126 27499
1672741467412 126 27549
1672741477179 126 27558
1672741480774 127 27558
1672741493442 127 27599
1672741508077 127 27649
1672741522654 127 27699
1672741537189 127 27749
1672741551958 127 27775
1672741555623 128 27775
1672741563455 128 27799
1672741578236 128 27849
1672741593296 128 27899
1672741607979 128 27949
1672741627741 128 27992
1672741631366 129 27992
1672741634202 129 27999
1672741648807 129 28049
1672741663420 129 28099
1672741678221 129 28149
1672741692851 129 28199
1672741702811 129 28209
1672741706431 130 28209
1672741719105 130 28249
1672741733849 130 28299
1672741748768 130 28349
1672741763623 130 28399
1672741778667 130 28426
1672741782400 131 28426
1672741789823 131 28449
1672741804595 131 28499
1672741819256 131 28549
1672741833839 131 28599
1672741854249 131 28643
1672741857808 132 28643
1672741860564 132 28649
1672741875260 132 28699
1672741889937 132 28749
1672741904784 132 28799
1672741919456 132 28849
1672741929600 132 28860
1672741933204 133 28860
1672741945416 133 28899
1672741960166 133 28949
1672741975228 133 28999
1672741990000 133 29049
1672742005738 133 29077
1672742009496 134 29077
1672742016728 134 29099
1672742031564 134 29149
1672742046192 134 29199
1672742060814 134 29249
1672742081094 134 29294
1672742085248 135 29294
1672742087479 135 29299
1672742102381 135 29349
1672742117280 135 29399
1672742132110 135 29449
1672742146717 135 29499
1672742156858 135 29511
1672742160355 136 29511
1672742172290 136 29549
1672742187108 136 29599
1672742201720 136 29649
1672742216345 136 29699
1672742231835 136 29728
1672742235466 137 29728
1672742242548 137 29749
1672742257354 137 29799
1672742272206 137 29849
1672742287019 137 29899
1672742307303 137 29945
1672742310868 138 29945
1672742312810 138 29949
1672742327366 138 29999
1672742341967 138 30049
1672742356656 138 30099
1672742371425 138 30149
1672742382307 138 30162
1672742385828 139 30162
1672742397458 139 30199
1672742412488 139 30249
1672742427103 139 30299
1672742441730 139 30349
1672742457361 139 30379
1672742460990 140 30379
1672742468138 140 30399
1672742482865 140 30449
1672742497772 140 30499
1672742512920 140 30549
1672742534140 140 30596
1672742537835 141 30596
1672742539494 141 30599
1672742554310 141 30649
1672742569623 141 30699
1672742584278 141 30749
1672742599000 141 30799
1672742610283 141 30813
1672742613962 142 30813
1672742625496 142 30849
1672742640171 142 30899
1672742655046 142 30949
1672742669668 142 30999
1672742686185 142 31030
1672742689746 143 31030
1672742696242 143 31049
1672742710963 143 31099
1672742725788 143 31149
1672742740509 143 31199
1672742762058 143 31247
1672742765662 144 31247
1672742767000 144 31249
1672742781648 144 31299
1672742796263 144 31349
1672742811124 144 31399
1672742826081 144 31449
1672742837878 144 31464
1672742841536 145 31464
1672742852530 145 31499
1672742867105 145 31549
1672742881702 145 31599
1672742896443 145 31649
1672742912787 145 31681
1672742916353 146 31681
1672742922442 146 31699
1672742937033 146 31749
1672742951822 146 31799
1672742966611 146 31849
1672742988104 146 31898
1672742991740 147 31898
1672742992796 147 31899
1672743007593 147 31949
1672743022760 147 31999
1672743037930 147 32049
1672743052541 147 32099
1672743064264 147 32115
1672743067917 148 32115
1672743078622 148 32149
1672743093338 148 32199
1672743107851 148 32249
1672743122375 148 32299
1672743139173 148 32332
1672743142799 149 32332
1672743148524 149 32349
1672743163476 149 32399
1672743178078 149 32449
1672743192663 149 32499
1672743207045 149 32549
1672743214297 149 32549
1672743217733 150 32549
