1672731967007 0.0 216
1672732040982 0.0 433
1672732115863 0.0 650
1672732190475 0.75 867
1672732266388 0.0 1084
1672732341728 0.75 1301
1672732416673 5.75 1518
1672732491699 1.0 1735
1672732566979 3.0 1952
1672732641905 0.25 2169
1672732717073 6.25 2386
1672732792270 3.0 2603
1672732867443 1.75 2820
1672732942040 0.5 3037
1672733016963 0.5 3254
1672733093060 0.5 3471
1672733168458 2.25 3688
1672733244387 0.5 3905
1672733319875 0.5 4122
1672733396363 3.25 4339
1672733471610 1.0 4556
1672733547175 2.0 4773
1672733622591 1.5 4990
1672733698071 1.75 5207
1672733773086 3.25 5424
1672733848541 2.5 5641
1672733924182 2.25 5858
1672733999281 1.5 6075
1672734075235 2.0 6292
1672734150633 1.5 6509
1672734227625 2.0 6726
1672734303092 2.25 6943
1672734378392 2.0 7160
1672734453743 1.75 7377
1672734528743 2.0 7594
1672734604422 3.25 7811
1672734679688 2.5 8028
1672734755840 1.75 8245
1672734830938 3.5 8462
1672734906615 4.25 8679
1672734982149 4.75 8896
1672735057780 2.0 9113
1672735133230 2.0 9330
1672735208616 7.25 9547
1672735283496 2.0 9764
1672735358791 4.75 9981
1672735433686 2.5 10198
1672735509494 2.75 10415
1672735585321 4.25 10632
1672735660819 5.25 10849
1672735736458 12.5 11066
1672735811818 2.25 11283
1672735887521 4.75 11500
1672735963133 12.5 11717
1672736038757 3.5 11934
1672736114364 4.0 12151
1672736190094 4.25 12368
1672736265543 5.75 12585
1672736341193 8.5 12802
1672736416998 16.5 13019
1672736492186 6.25 13236
1672736568088 5.0 13453
1672736643813 4.0 13670
1672736719550 5.5 13887
1672736795104 6.75 14104
1672736870916 10.25 14321
1672736946413 5.5 14538
1672737022247 6.25 14755
1672737097813 8.5 14972
1672737173410 4.25 15189
1672737249888 4.5 15406
1672737324907 6.0 15623
1672737400549 6.75 15840
1672737476041 7.5 16057
1672737551072 10.5 16274
1672737625875 7.0 16491
1672737701447 6.75 16708
1672737777452 6.75 16925
1672737852958 7.5 17142
1672737928914 8.5 17359
1672738004072 6.0 17576
1672738079504 7.75 17793
1672738155107 5.5 18010
1672738231133 6.5 18227
1672738306781 9.5 18444
1672738382282 9.25 18661
1672738457843 8.5 18878
1672738533183 5.75 19095
1672738608813 8.75 19312
1672738683991 4.25 19529
1672738760320 7.75 19746
1672738835587 8.25 19963
1672738911479 8.75 20180
1672738986933 20.5 20397
1672739062498 11.75 20614
1672739137938 6.0 20831
1672739214019 4.5 21048
1672739289520 5.25 21265
1672739364794 5.0 21482
1672739440028 14.75 21699
1672739515192 9.75 21916
1672739590997 8.25 22133
1672739666298 12.0 22350
1672739741844 9.0 22567
1672739816550 7.75 22784
1672739891582 9.5 23001
1672739966198 5.0 23218
1672740041434 11.5 23435
1672740116478 7.25 23652
1672740192878 5.0 23869
1672740268220 10.75 24086
1672740344128 6.0 24303
1672740420208 9.75 24520
1672740495994 7.0 24737
1672740571221 18.0 24954
1672740647504 19.0 25171
1672740722608 9.25 25388
1672740798140 10.0 25605
1672740873184 10.0 25822
1672740948616 7.5 26039
1672741025118 8.5 26256
1672741100467 7.5 26473
1672741176046 5.5 26690
1672741251377 7.5 26907
1672741326908 7.5 27124
1672741401942 12.0 27341
1672741477179 15.75 27558
1672741551958 10.75 27775
1672741627741 4.0 27992
1672741702811 7.5 28209
1672741778667 19.5 28426
1672741854249 7.75 28643
1672741929600 9.0 28860
1672742005738 7.75 29077
1672742081094 12.75 29294
1672742156858 9.0 29511
1672742231835 8.5 29728
1672742307303 5.25 29945
1672742382307 10.5 30162
1672742457361 9.25 30379
1672742534140 7.25 30596
1672742610283 10.75 30813
1672742686185 9.0 31030
1672742762058 7.0 31247
1672742837878 9.0 31464
1672742912787 10.25 31681
1672742988104 9.75 31898
1672743064264 10.0 32115
1672743139173 6.75 32332
1672743214297 9.5 32549
