1672731910746 0.6666666865348816 49
1672731925241 0.4583333432674408 99
1672731940108 0.512499988079071 149
1672731954578 0.6875 199
1672731980765 0.7083333134651184 249
1672731995235 0.5416666865348816 299
1672732009728 0.7500000596046448 349
1672732024213 0.5666667222976685 399
1672732049939 0.6499999761581421 449
1672732064504 0.7291666865348816 499
1672732079253 0.5083333253860474 549
1672732094183 0.4375 599
1672732108723 0.5416666865348816 649
1672732134512 0.5625 699
1672732149136 0.7249999642372131 749
1672732163777 0.5625 799
1672732178397 0.375 849
1672732204498 0.5833333730697632 899
1672732219312 0.574999988079071 949
1672732234243 0.5416666865348816 999
1672732248854 0.625 1049
1672732275409 0.6458333134651184 1099
1672732290138 0.625 1149
1672732304769 0.6875 1199
1672732319404 0.5625 1249
1672732334024 0.625 1299
1672732360063 0.9375 1349
1672732374782 0.8541666865348816 1399
1672732389349 0.5249999761581421 1449
1672732404014 0.6458333134651184 1499
1672732430031 0.6875000596046448 1549
1672732444705 0.550000011920929 1599
1672732459369 0.7291666865348816 1649
1672732474015 0.2708333432674408 1699
1672732500217 0.5446428656578064 1749
1672732514980 0.5833333730697632 1799
1672732529952 0.7333333492279053 1849
1672732544683 0.6946429014205933 1899
1672732559244 0.7916666865348816 1949
1672732585043 0.6666666865348816 1999
1672732599611 0.6875 2049
1672732614168 0.6666666865348816 2099
1672732628905 0.612500011920929 2149
1672732655043 0.7708333730697632 2199
1672732669615 0.5583333373069763 2249
1672732684295 0.4375 2299
1672732699423 0.6083333492279053 2349
1672732725334 0.4749999940395355 2399
1672732739903 0.875 2449
1672732754543 0.7916666865348816 2499
1672732769307 0.6041666865348816 2549
1672732784099 0.38333332538604736 2599
1672732810264 0.4166666865348816 2649
1672732825122 0.4333333373069763 2699
1672732839975 0.6041666269302368 2749
1672732854652 0.6000000238418579 2799
1672732880060 0.574999988079071 2849
1672732894656 0.2708333432674408 2899
1672732909253 0.5166666507720947 2949
1672732924198 0.6875 2999
1672732949768 0.6541666984558105 3049
1672732964501 0.5208333730697632 3099
1672732979423 0.6083333492279053 3149
1672732994056 0.6499999761581421 3199
1672733008672 0.6666666865348816 3249
1672733034505 0.625 3299
1672733049129 0.5583333373069763 3349
1672733064222 0.4833333492279053 3399
1672733079177 0.375 3449
1672733105942 0.8541666865348816 3499
1672733120573 1.0 3549
1672733135351 0.5458333492279053 3599
1672733150094 0.875 3649
1672733176162 0.1666666716337204 3699
1672733190883 0.6708333492279053 3749
1672733206073 0.8125 3799
1672733220963 0.36666667461395264 3849
1672733235627 0.6250000596046448 3899
1672733261985 0.5249999761581421 3949
1672733276697 0.7166666984558105 3999
1672733291366 0.5625 4049
1672733306089 0.4583333432674408 4099
1672733332207 0.49166667461395264 4149
1672733347220 0.5833333730697632 4199
1672733362820 0.6428571343421936 4249
1672733377462 0.6904761791229248 4299
1672733403775 0.6250000596046448 4349
1672733418526 1.0 4399
1672733433209 0.4541666507720947 4449
1672733447913 0.6000000238418579 4499
1672733462591 0.5625 4549
1672733488902 0.625 4599
1672733503695 0.699999988079071 4649
1672733518450 0.6041666865348816 4699
1672733533324 0.375 4749
1672733559299 0.5 4799
1672733573900 0.6166666746139526 4849
1672733588519 0.5333333611488342 4899
1672733603515 0.6875 4949
1672733629744 0.6458333134651184 4999
1672733644561 0.4791666865348816 5049
1672733659238 0.4791666865348816 5099
1672733674075 0.7916666865348816 5149
1672733688714 0.5035714507102966 5199
1672733714590 0.625 5249
1672733729184 0.8333333730697632 5299
1672733744001 0.6875 5349
1672733758771 0.5208333134651184 5399
1672733785036 0.3916666805744171 5449
1672733799836 0.875 5499
1672733814492 0.8166666626930237 5549
1672733829181 0.4958333373069763 5599
1672733855302 0.5 5649
1672733869920 0.625 5699
1672733884784 0.550000011920929 5749
1672733899440 0.8166667222976685 5799
1672733914481 0.6666666865348816 5849
1672733940795 0.8166667222976685 5899
1672733955502 0.75 5949
1672733970139 0.75 5999
1672733984791 0.4375 6049
1672734010720 0.2708333432674408 6099
1672734025759 0.4375 6149
1672734040456 0.2916666865348816 6199
1672734055332 0.637499988079071 6249
1672734081683 0.7875000238418579 6299
1672734096342 0.5625 6349
1672734111018 0.5333333015441895 6399
1672734125718 0.3958333432674408 6449
1672734140381 0.737500011920929 6499
1672734166972 0.9166666865348816 6549
1672734181801 0.7916666865348816 6599
1672734196632 0.5249999761581421 6649
1672734212075 0.5375000238418579 6699
1672734238730 0.8166666626930237 6749
1672734253343 0.6499999761581421 6799
1672734267966 0.5625 6849
1672734282631 0.949999988079071 6899
1672734309302 0.75 6949
1672734323916 0.3791666626930237 6999
1672734338722 0.6666666865348816 7049
1672734353522 0.5 7099
1672734368149 0.8333333730697632 7149
1672734394260 0.7083333730697632 7199
1672734408918 0.6000000238418579 7249
1672734423568 0.625 7299
1672734438403 0.7875000238418579 7349
1672734464460 0.625 7399
1672734479082 0.5999999642372131 7449
1672734493702 0.2750000059604645 7499
1672734508513 0.550000011920929 7549
1672734534672 0.5833333730697632 7599
1672734549500 0.75 7649
1672734564373 0.612500011920929 7699
1672734579050 0.22499999403953552 7749
1672734593849 0.4749999940395355 7799
1672734620014 0.3333333432674408 7849
1672734634644 0.8374999761581421 7899
1672734649270 0.4625000059604645 7949
1672734664063 0.6000000238418579 7999
1672734690315 0.7291666865348816 8049
1672734705345 0.5416666865348816 8099
1672734720199 0.8374999761581421 8149
1672734734928 0.9166666865348816 8199
1672734761465 0.4583333432674408 8249
1672734776073 0.7083333134651184 8299
1672734790976 0.7916666865348816 8349
1672734805576 0.3958333432674408 8399
1672734820192 0.46190476417541504 8449
1672734846196 0.5833333730697632 8499
1672734861236 0.5666666626930237 8549
1672734875945 0.574999988079071 8599
1672734890785 0.7249999642372131 8649
1672734917094 0.7250000238418579 8699
1672734931802 0.10000000149011612 8749
1672734946468 0.5 8799
1672734961135 0.875 8849
1672734987439 0.6916666626930237 8899
1672735002503 0.4375 8949
1672735017368 0.2666666805744171 8999
1672735032146 0.7333333492279053 9049
1672735046785 0.6041666865348816 9099
1672735072833 0.9166666865348816 9149
1672735087536 0.875 9199
1672735102254 0.7541667222976685 9249
1672735116924 0.38749998807907104 9299
1672735143382 0.824999988079071 9349
1672735158148 0.6875 9399
1672735172733 0.8333333730697632 9449
1672735187525 0.9375 9499
1672735213725 0.824999988079071 9549
1672735228367 0.625 9599
1672735242974 0.574999988079071 9649
1672735257557 0.5833333730697632 9699
1672735272299 0.5416666865348816 9749
1672735298076 0.5416666865348816 9799
1672735313165 0.6583333015441895 9849
1672735327780 0.887499988079071 9899
1672735342398 0.6875 9949
1672735368397 0.7083333730697632 9999
1672735382992 0.625 10049
1672735397781 0.8999999761581421 10099
1672735412325 0.6666666865348816 10149
1672735438526 0.7708333730697632 10199
1672735453191 0.6666666865348816 10249
1672735468265 0.4833333492279053 10299
1672735483088 0.6041666865348816 10349
1672735497685 0.4166666865348816 10399
1672735524007 0.8541666865348816 10449
1672735538744 0.824999988079071 10499
1672735553462 0.5 10549
1672735568365 0.5625 10599
1672735594713 0.8125 10649
1672735609702 0.6619048118591309 10699
1672735624377 0.5666666626930237 10749
1672735639009 0.625 10799
1672735653430 0.5 10849
1672735680049 0.4583333730697632 10899
1672735694917 0.7749999761581421 10949
1672735709575 0.4166666865348816 10999
1672735724449 0.6708332896232605 11049
1672735750982 0.625 11099
1672735765605 0.4375 11149
1672735780197 0.6499999761581421 11199
1672735794894 0.7083333134651184 11249
1672735821164 0.6458333730697632 11299
1672735835863 0.5416666865348816 11349
1672735850547 0.5833333730697632 11399
1672735865218 0.6208333969116211 11449
1672735880051 0.7291666865348816 11499
1672735906530 0.75 11549
1672735921271 0.75 11599
1672735936012 0.4791666865348816 11649
1672735950718 0.7916666865348816 11699
1672735976971 0.5 11749
1672735991735 0.4166666865348816 11799
1672736006377 0.6875 11849
1672736021191 0.6083333492279053 11899
1672736047603 0.5791666507720947 11949
1672736062330 0.6000000238418579 11999
1672736077053 0.6499999761581421 12049
1672736091693 0.7291666865348816 12099
1672736106353 0.6666666865348816 12149
1672736132822 0.6583333015441895 12199
1672736147544 0.5541666746139526 12249
1672736162571 0.6499999761581421 12299
1672736177483 0.3333333432674408 12349
1672736203805 0.7678571343421936 12399
1672736218453 0.8333333730697632 12449
1672736233119 0.625 12499
1672736247831 0.4583333432674408 12549
1672736273985 0.6875 12599
1672736288964 0.6666666865348816 12649
1672736303873 0.75 12699
1672736318516 0.7916666865348816 12749
1672736333203 0.75 12799
1672736359596 0.875 12849
1672736374273 0.6875 12899
1672736389134 0.5 12949
1672736404000 0.25 12999
1672736430296 0.7916666865348816 13049
1672736444948 0.699999988079071 13099
1672736459719 0.6666666865348816 13149
1672736474478 0.8125 13199
1672736500678 0.7916666865348816 13249
1672736515381 0.4333333373069763 13299
1672736530441 0.6875 13349
1672736545281 0.4958333373069763 13399
1672736559959 0.25 13449
1672736586104 0.7678571343421936 13499
1672736600836 0.7333333492279053 13549
1672736615541 0.8125 13599
1672736630281 0.6916667222976685 13649
1672736657035 0.5833333730697632 13699
1672736671813 0.5874999761581421 13749
1672736686681 0.6666666865348816 13799
1672736701515 0.762499988079071 13849
1672736727544 0.9166666865348816 13899
1672736742203 0.4833333492279053 13949
1672736757039 0.6666666269302368 13999
1672736771897 0.4208333492279053 14049
1672736786642 0.3708333373069763 14099
1672736812728 0.5041667222976685 14149
1672736827815 0.6000000238418579 14199
1672736842473 0.4583333432674408 14249
1672736857242 0.625 14299
1672736883714 0.625 14349
1672736898410 0.8374999761581421 14399
1672736913236 0.6499999761581421 14449
1672736927884 0.6499999761581421 14499
1672736954346 0.36250001192092896 14549
1672736969256 0.9375 14599
1672736983969 0.512499988079071 14649
1672736998702 0.6499999761581421 14699
1672737013436 1.0 14749
1672737039623 0.7749999761581421 14799
1672737054400 0.7083333730697632 14849
1672737069062 0.5416666865348816 14899
1672737083799 0.6875 14949
1672737110107 0.5833333730697632 14999
1672737124974 0.6666666865348816 15049
1672737139884 0.5625 15099
1672737154503 0.699999988079071 15149
1672737180758 0.3916666507720947 15199
1672737195422 0.42500001192092896 15249
1672737211066 0.4375 15299
1672737226024 0.574999988079071 15349
1672737240815 0.5708333849906921 15399
1672737266899 0.3958333432674408 15449
1672737281492 0.7708333730697632 15499
1672737296280 0.875 15549
1672737310899 0.7250000238418579 15599
1672737337169 0.4583333432674408 15649
1672737351744 0.7833333611488342 15699
1672737366432 0.7666666507720947 15749
1672737381243 0.7291666865348816 15799
1672737407653 0.5416666865348816 15849
1672737422234 0.625 15899
1672737437061 0.4333333373069763 15949
1672737451680 0.4333333373069763 15999
1672737466502 0.5714285373687744 16049
1672737492867 0.625 16099
1672737507667 0.4166666865348816 16149
1672737522529 0.75 16199
1672737537180 0.40833333134651184 16249
1672737562648 0.375 16299
1672737577459 0.3333333432674408 16349
1672737592112 0.75 16399
1672737606746 0.5809524059295654 16449
1672737632336 0.6666666865348816 16499
1672737646938 0.5 16549
1672737661683 0.875 16599
1672737676390 0.7083333730697632 16649
1672737691115 0.2916666865348816 16699
1672737718014 0.512499988079071 16749
1672737732660 0.5 16799
1672737747329 0.8500000238418579 16849
1672737762353 0.7083333730697632 16899
1672737788943 0.949999988079071 16949
1672737803701 0.5416666865348816 16999
1672737818432 0.5375000238418579 17049
1672737833125 0.9166666865348816 17099
1672737859491 0.7333333492279053 17149
1672737874559 0.3499999940395355 17199
1672737889272 0.6875 17249
1672737904326 0.5625 17299
1672737918995 0.5416666865348816 17349
1672737944980 0.5833333730697632 17399
1672737959582 0.7083333730697632 17449
1672737974226 0.7333333492279053 17499
1672737989040 0.6666666865348816 17549
1672738015159 1.0 17599
1672738030159 0.574999988079071 17649
1672738044949 0.9166666865348816 17699
1672738059570 0.8125 17749
1672738085758 0.824999988079071 17799
1672738100339 0.8374999761581421 17849
1672738114983 0.8125 17899
1672738129610 0.375 17949
1672738144801 0.5 17999
1672738170936 0.5833333134651184 18049
1672738185775 0.9375 18099
1672738200467 0.8333333730697632 18149
1672738215849 0.8041666746139526 18199
1672738242051 0.5833333134651184 18249
1672738256907 0.7708333134651184 18299
1672738271820 0.5 18349
1672738286660 0.3958333432674408 18399
1672738312649 0.5416666865348816 18449
1672738327384 0.7500000596046448 18499
1672738342267 0.6666666865348816 18549
1672738356914 0.5625 18599
1672738371564 0.637499988079071 18649
1672738397987 0.5666666626930237 18699
1672738412849 0.7250000238418579 18749
1672738427716 0.7500000596046448 18799
1672738442383 0.8041666746139526 18849
1672738468537 1.0 18899
1672738483319 0.574999988079071 18949
1672738497981 0.9017857313156128 18999
1672738512584 0.3928571343421936 19049
1672738538777 0.4583333730697632 19099
1672738553494 0.6875 19149
1672738568256 0.512499988079071 19199
1672738583194 0.8999999761581421 19249
1672738597970 0.3958333432674408 19299
1672738623916 0.7250000238418579 19349
1672738638689 0.6625000238418579 19399
1672738653558 0.824999988079071 19449
1672738668342 0.7333333492279053 19499
1672738694594 0.6166666746139526 19549
1672738709766 0.887499988079071 19599
1672738724453 0.625 19649
1672738739150 0.4791666865348816 19699
1672738765643 0.6499999761581421 19749
1672738780297 0.9375 19799
1672738795232 0.75 19849
1672738809920 0.7083333730697632 19899
1672738824601 0.7083333134651184 19949
1672738850622 0.8166666626930237 19999
1672738865687 0.7708333730697632 20049
1672738880564 0.8125 20099
1672738895235 0.4375000298023224 20149
1672738921488 0.625 20199
1672738936180 0.5833333730697632 20249
1672738951004 0.8333333134651184 20299
1672738965818 0.875 20349
1672738991881 0.7916666865348816 20399
1672739006895 0.7083333730697632 20449
1672739021794 0.4791666865348816 20499
1672739036588 0.4583333134651184 20549
1672739051247 0.5 20599
1672739077573 0.7083333730697632 20649
1672739092114 0.5458333492279053 20699
1672739106685 0.4166666865348816 20749
1672739121421 0.5416666865348816 20799
1672739147598 0.44999998807907104 20849
1672739162615 0.5416666865348816 20899
1672739177592 0.7291666865348816 20949
1672739192239 0.7458333373069763 20999
1672739218632 0.8541666865348816 21049
1672739233269 0.8125 21099
1672739248516 0.6875 21149
1672739263289 0.5833333730697632 21199
1672739277890 0.6666666865348816 21249
1672739304233 0.7749999761581421 21299
1672739318878 0.550000011920929 21349
1672739333498 0.4166666865348816 21399
1672739348104 0.4791666865348816 21449
1672739374097 0.5166667103767395 21499
1672739388863 0.5249999761581421 21549
1672739403477 0.5416666865348816 21599
1672739418076 0.8125 21649
1672739432652 0.0 21699
1672739459023 0.6875 21749
1672739473713 0.6041666865348816 21799
1672739488361 0.875 21849
1672739503017 0.6000000238418579 21899
1672739529255 0.625 21949
1672739544351 0.4333333373069763 21999
1672739559130 0.6041666865348816 22049
1672739573891 0.7083333730697632 22099
1672739600058 0.7083333730697632 22149
1672739614701 0.5 22199
1672739629354 0.625 22249
1672739643993 0.4166666865348816 22299
1672739658662 0.4166666865348816 22349
1672739685339 0.7916666865348816 22399
1672739700235 0.8125 22449
1672739715118 0.4749999940395355 22499
1672739729811 0.824999988079071 22549
1672739755546 0.6666666865348816 22599
1672739770116 0.6666666865348816 22649
1672739784680 0.5416666865348816 22699
1672739799248 0.46666669845581055 22749
1672739825609 0.75 22799
1672739840570 0.5208333134651184 22849
1672739855223 0.4583333432674408 22899
1672739869778 0.5166666507720947 22949
1672739884317 0.8333333134651184 22999
1672739909841 0.699999988079071 23049
1672739924386 0.7250000238418579 23099
1672739938928 0.5833333730697632 23149
1672739953647 0.6875 23199
1672739979509 0.637499988079071 23249
1672739994302 0.125 23299
1672740008956 0.625 23349
1672740023769 0.75 23399
1672740049890 0.4583333432674408 23449
1672740064555 0.8333333134651184 23499
1672740079542 0.5416666865348816 23549
1672740094164 0.4791666865348816 23599
1672740108777 0.6666666865348816 23649
1672740134672 0.8374999761581421 23699
1672740149523 0.7416666746139526 23749
1672740164346 0.574999988079071 23799
1672740179698 0.8541666865348816 23849
1672740206018 0.887499988079071 23899
1672740220864 0.75 23949
1672740235486 0.8125 23999
1672740250128 0.949999988079071 24049
1672740276450 0.7749999761581421 24099
1672740291143 1.0 24149
1672740306017 0.5416666865348816 24199
1672740320689 0.8333333730697632 24249
1672740336002 0.6666666865348816 24299
1672740362002 0.6041666865348816 24349
1672740376829 0.9166666865348816 24399
1672740392160 0.4583333730697632 24449
1672740406820 0.75 24499
1672740433217 0.5 24549
1672740447996 0.5416666865348816 24599
1672740462876 0.5375000238418579 24649
1672740477940 0.6041666865348816 24699
1672740503871 0.6666666865348816 24749
1672740518467 0.375 24799
1672740533342 0.5333333611488342 24849
1672740547969 0.625 24899
1672740562910 0.7749999761581421 24949
1672740589077 0.6208333373069763 24999
1672740603706 0.6875 25049
1672740618789 0.7303571701049805 25099
1672740633406 0.3125 25149
1672740660148 0.4791666865348816 25199
1672740674852 0.625 25249
1672740689682 0.7083333730697632 25299
1672740704334 0.7749999761581421 25349
1672740730452 0.6875000596046448 25399
1672740745105 0.7124999761581421 25449
1672740760090 0.875 25499
1672740774718 0.5833333134651184 25549
1672740789347 0.625 25599
1672740815456 0.9375 25649
1672740830057 0.8333333134651184 25699
1672740844853 0.5416666865348816 25749
1672740859525 0.4166666865348816 25799
1672740885694 0.625 25849
1672740900300 0.7916666865348816 25899
1672740914994 0.4583333432674408 25949
1672740929836 0.762499988079071 25999
1672740956169 0.7124999761581421 26049
1672740971658 0.4166666865348816 26099
1672740986338 0.5 26149
1672741001184 0.4375 26199
1672741016027 0.5 26249
1672741042010 0.625 26299
1672741056760 0.9166666865348816 26349
1672741071556 0.5875000357627869 26399
1672741086204 0.6499999761581421 26449
1672741112491 0.4375 26499
1672741127303 0.7916666865348816 26549
1672741142221 0.5625 26599
1672741157132 0.5208333730697632 26649
1672741183300 0.6458333730697632 26699
1672741197950 0.875 26749
1672741212532 0.574999988079071 26799
1672741227125 0.6875 26849
1672741241701 0.6708332896232605 26899
1672741267966 0.6666666865348816 26949
1672741282647 0.375 26999
1672741297562 0.4375 27049
1672741312225 0.75 27099
1672741338575 0.8999999761581421 27149
1672741353197 0.5833333730697632 27199
1672741367848 0.4375 27249
1672741382499 0.5625 27299
1672741408638 0.8125 27349
1672741423250 0.625 27399
1672741438049 0.675000011920929 27449
1672741452655 0.7541666626930237 27499
1672741467412 0.6708332896232605 27549
1672741493442 0.5625 27599
1672741508077 0.5249999761581421 27649
1672741522654 0.6083333492279053 27699
1672741537189 0.3541666865348816 27749
1672741563455 0.7291666865348816 27799
1672741578236 0.5416666865348816 27849
1672741593296 0.75 27899
1672741607979 0.4333333373069763 27949
1672741634202 0.5833333730697632 27999
1672741648807 0.6833333969116211 28049
1672741663420 0.7083333134651184 28099
1672741678221 1.0 28149
1672741692851 0.6666666865348816 28199
1672741719105 0.5625 28249
1672741733849 0.375 28299
1672741748768 0.7916666865348816 28349
1672741763623 0.7749999761581421 28399
1672741789823 0.8666666746139526 28449
1672741804595 0.8125 28499
1672741819256 0.5416666865348816 28549
1672741833839 0.699999988079071 28599
1672741860564 0.8999999761581421 28649
1672741875260 0.7416666746139526 28699
1672741889937 0.6000000238418579 28749
1672741904784 0.3541666865348816 28799
1672741919456 0.6875 28849
1672741945416 0.6875 28899
1672741960166 0.8333333730697632 28949
1672741975228 0.75 28999
1672741990000 0.9375 29049
1672742016728 0.2291666716337204 29099
1672742031564 0.44999998807907104 29149
1672742046192 0.5416666865348816 29199
1672742060814 0.6875 29249
1672742087479 0.6458333134651184 29299
1672742102381 0.574999988079071 29349
1672742117280 0.9166666865348816 29399
1672742132110 0.699999988079071 29449
1672742146717 0.5 29499
1672742172290 0.7250000238418579 29549
1672742187108 0.7291666865348816 29599
1672742201720 0.8374999761581421 29649
1672742216345 0.5874999761581421 29699
1672742242548 0.5208333134651184 29749
1672742257354 0.3125 29799
1672742272206 0.7708333134651184 29849
1672742287019 0.6041666865348816 29899
1672742312810 0.75 29949
1672742327366 0.46666669845581055 29999
1672742341967 0.887499988079071 30049
1672742356656 0.887499988079071 30099
1672742371425 0.7416666746139526 30149
1672742397458 0.4791666865348816 30199
1672742412488 0.3958333432674408 30249
1672742427103 0.8333333730697632 30299
1672742441730 0.5416666865348816 30349
1672742468138 0.75 30399
1672742482865 0.875 30449
1672742497772 0.6666666865348816 30499
1672742512920 0.8125 30549
1672742539494 0.2916666865348816 30599
1672742554310 0.5249999761581421 30649
1672742569623 0.6041666865348816 30699
1672742584278 0.875 30749
1672742599000 0.7916666865348816 30799
1672742625496 0.6041666865348816 30849
1672742640171 0.5625 30899
1672742655046 0.7749999761581421 30949
1672742669668 0.6875 30999
1672742696242 0.7083333730697632 31049
1672742710963 0.9166666865348816 31099
1672742725788 0.375 31149
1672742740509 0.4124999940395355 31199
1672742767000 1.0 31249
1672742781648 0.7083333730697632 31299
1672742796263 0.4583333432674408 31349
1672742811124 0.5833333730697632 31399
1672742826081 0.2916666865348816 31449
1672742852530 0.4583333432674408 31499
1672742867105 0.5874999761581421 31549
1672742881702 0.6166666746139526 31599
1672742896443 0.8333333730697632 31649
1672742922442 1.0 31699
1672742937033 0.4791666865348816 31749
1672742951822 0.5 31799
1672742966611 0.6458333134651184 31849
1672742992796 0.7124999761581421 31899
1672743007593 0.3750000298023224 31949
1672743022760 0.8541666865348816 31999
1672743037930 0.5833333134651184 32049
1672743052541 0.8452380895614624 32099
1672743078622 0.6875 32149
1672743093338 0.6833333373069763 32199
1672743107851 0.8541666865348816 32249
1672743122375 1.0 32299
1672743148524 0.5833333730697632 32349
1672743163476 0.5 32399
1672743178078 0.5833333730697632 32449
1672743192663 0.7291666865348816 32499
1672743207045 0.25 32549
