1672731910746 0.6833333373069763 49
1672731925241 0.5833333730697632 99
1672731940108 0.60317462682724 149
1672731954578 0.7142857313156128 199
1672731980765 0.75 249
1672731995235 0.6166666746139526 299
1672732009728 0.7416666746139526 349
1672732024213 0.6166666746139526 399
1672732049939 0.5833333730697632 449
1672732064504 0.797619104385376 499
1672732079253 0.6138889193534851 549
1672732094183 0.5166666507720947 599
1672732108723 0.6166666746139526 649
1672732134512 0.5476190447807312 699
1672732149136 0.763888955116272 749
1672732163777 0.550000011920929 799
1672732178397 0.32499998807907104 849
1672732204498 0.6666666865348816 899
1672732219312 0.5763888955116272 949
1672732234243 0.5833333730697632 999
1672732248854 0.699999988079071 1049
1672732275409 0.7152777910232544 1099
1672732290138 0.6166666746139526 1149
1672732304769 0.6785714626312256 1199
1672732319404 0.6041666865348816 1249
1672732334024 0.6666666865348816 1299
1672732360063 0.9375 1349
1672732374782 0.6970238089561462 1399
1672732389349 0.6375000476837158 1449
1672732404014 0.6415584683418274 1499
1672732430031 0.7559524178504944 1549
1672732444705 0.6746032238006592 1599
1672732459369 0.7392857074737549 1649
1672732474015 0.2666666805744171 1699
1672732500217 0.4833333492279053 1749
1672732514980 0.6583333611488342 1799
1672732529952 0.8125 1849
1672732544683 0.7749999761581421 1899
1672732559244 0.8583333492279053 1949
1672732585043 0.7059524059295654 1999
1672732599611 0.7470238208770752 2049
1672732614168 0.6388888955116272 2099
1672732628905 0.7559523582458496 2149
1672732655043 0.6916666626930237 2199
1672732669615 0.6428571939468384 2249
1672732684295 0.511904776096344 2299
1672732699423 0.7083333730697632 2349
1672732725334 0.5892857313156128 2399
1672732739903 0.8809524178504944 2449
1672732754543 0.8388888835906982 2499
1672732769307 0.6333333849906921 2549
1672732784099 0.49642854928970337 2599
1672732810264 0.44999998807907104 2649
1672732825122 0.5178571343421936 2699
1672732839975 0.6625000238418579 2749
1672732854652 0.6597222089767456 2799
1672732880060 0.6578283309936523 2849
1672732894656 0.3392857313156128 2899
1672732909253 0.6097222566604614 2949
1672732924198 0.773809552192688 2999
1672732949768 0.7351190447807312 3049
1672732964501 0.5874999761581421 3099
1672732979423 0.7124999761581421 3149
1672732994056 0.6875 3199
1672733008672 0.625 3249
1672733034505 0.5892857313156128 3299
1672733049129 0.6761904954910278 3349
1672733064222 0.5249999761581421 3399
1672733079177 0.2916666865348816 3449
1672733105942 0.8785714507102966 3499
1672733120573 0.9166666865348816 3549
1672733135351 0.6416666507720947 3599
1672733150094 0.8785714507102966 3649
1672733176162 0.20000000298023224 3699
1672733190883 0.6666666865348816 3749
1672733206073 0.8928571939468384 3799
1672733220963 0.3888888955116272 3849
1672733235627 0.7000000476837158 3899
1672733261985 0.6309524178504944 3949
1672733276697 0.7208333015441895 3999
1672733291366 0.6000000238418579 4049
1672733306089 0.5267857313156128 4099
1672733332207 0.615079402923584 4149
1672733347220 0.6684523820877075 4199
1672733362820 0.7651515603065491 4249
1672733377462 0.7939394116401672 4299
1672733403775 0.7666666507720947 4349
1672733418526 0.949999988079071 4399
1672733433209 0.5571428537368774 4449
1672733447913 0.7430556416511536 4499
1672733462591 0.6476190686225891 4549
1672733488902 0.7000000476837158 4599
1672733503695 0.7972222566604614 4649
1672733518450 0.7142857313156128 4699
1672733533324 0.5 4749
1672733559299 0.6000000238418579 4799
1672733573900 0.5928571224212646 4849
1672733588519 0.6857143044471741 4899
1672733603515 0.6388888955116272 4949
1672733629744 0.6875 4999
1672733644561 0.5809524059295654 5049
1672733659238 0.5476190447807312 5099
1672733674075 0.7833333611488342 5149
1672733688714 0.5833333730697632 5199
1672733714590 0.7666666507720947 5249
1672733729184 0.7416666746139526 5299
1672733744001 0.7510822415351868 5349
1672733758771 0.5166667103767395 5399
1672733785036 0.48571428656578064 5449
1672733799836 0.7833333611488342 5499
1672733814492 0.887499988079071 5549
1672733829181 0.5 5599
1672733855302 0.49761903285980225 5649
1672733869920 0.6666666865348816 5699
1672733884784 0.6900793313980103 5749
1672733899440 0.8017857074737549 5799
1672733914481 0.7285714149475098 5849
1672733940795 0.8041666746139526 5899
1672733955502 0.824999988079071 5949
1672733970139 0.773809552192688 5999
1672733984791 0.523809552192688 6049
1672734010720 0.2874999940395355 6099
1672734025759 0.5267857313156128 6149
1672734040456 0.36666667461395264 6199
1672734055332 0.7430555820465088 6249
1672734081683 0.7420635223388672 6299
1672734096342 0.5892857313156128 6349
1672734111018 0.5821428894996643 6399
1672734125718 0.4583333432674408 6449
1672734140381 0.7916666865348816 6499
1672734166972 0.8666666746139526 6549
1672734181801 0.7833333611488342 6599
1672734196632 0.5375000238418579 6649
1672734212075 0.6071428656578064 6699
1672734238730 0.8597221970558167 6749
1672734253343 0.6309523582458496 6799
1672734267966 0.6416666507720947 6849
1672734282631 0.908730149269104 6899
1672734309302 0.7083333730697632 6949
1672734323916 0.4375 6999
1672734338722 0.6595238447189331 7049
1672734353522 0.5 7099
1672734368149 0.875 7149
1672734394260 0.7261905074119568 7199
1672734408918 0.690079391002655 7249
1672734423568 0.625 7299
1672734438403 0.8392857313156128 7349
1672734464460 0.7416666746139526 7399
1672734479082 0.6791666746139526 7449
1672734493702 0.3303571343421936 7499
1672734508513 0.5750000476837158 7549
1672734534672 0.5976190567016602 7599
1672734549500 0.7833333611488342 7649
1672734564373 0.6726190447807312 7699
1672734579050 0.2916666865348816 7749
1672734593849 0.5357142686843872 7799
1672734620014 0.4333333373069763 7849
1672734634644 0.7022727727890015 7899
1672734649270 0.5684524178504944 7949
1672734664063 0.6666666269302368 7999
1672734690315 0.8041666746139526 8049
1672734705345 0.5809524059295654 8099
1672734720199 0.7749999761581421 8149
1672734734928 0.824999988079071 8199
1672734761465 0.5083333253860474 8249
1672734776073 0.7559524178504944 8299
1672734790976 0.8166666626930237 8349
1672734805576 0.4642857313156128 8399
1672734820192 0.5305556058883667 8449
1672734846196 0.6833333373069763 8499
1672734861236 0.6041666865348816 8549
1672734875945 0.7222222685813904 8599
1672734890785 0.826388955116272 8649
1672734917094 0.8095238208770752 8699
1672734931802 0.1428571492433548 8749
1672734946468 0.5791667103767395 8799
1672734961135 0.9285714626312256 8849
1672734987439 0.737500011920929 8899
1672735002503 0.49761903285980225 8949
1672735017368 0.2857142686843872 8999
1672735032146 0.7410714626312256 9049
1672735046785 0.6701298952102661 9099
1672735072833 0.9142857193946838 9149
1672735087536 0.8660714626312256 9199
1672735102254 0.8184523582458496 9249
1672735116924 0.4888888895511627 9299
1672735143382 0.7416666746139526 9349
1672735158148 0.7976190447807312 9399
1672735172733 0.7000000476837158 9449
1672735187525 0.8785714507102966 9499
1672735213725 0.8888888955116272 9549
1672735228367 0.7083333730697632 9599
1672735242974 0.6865079402923584 9649
1672735257557 0.6499999761581421 9699
1672735272299 0.6166666746139526 9749
1672735298076 0.49166667461395264 9799
1672735313165 0.7222222089767456 9849
1672735327780 0.8875000476837158 9899
1672735342398 0.7559524178504944 9949
1672735368397 0.7833333611488342 9999
1672735382992 0.5833333730697632 10049
1672735397781 0.9166666865348816 10099
1672735412325 0.6916666626930237 10149
1672735438526 0.8642857074737549 10199
1672735453191 0.6642857193946838 10249
1672735468265 0.5416666865348816 10299
1672735483088 0.6142857074737549 10349
1672735497685 0.4166666865348816 10399
1672735524007 0.8452381491661072 10449
1672735538744 0.8472222089767456 10499
1672735553462 0.550000011920929 10549
1672735568365 0.5333333015441895 10599
1672735594713 0.8392857313156128 10649
1672735609702 0.7708333730697632 10699
1672735624377 0.6814394593238831 10749
1672735639009 0.6666666865348816 10799
1672735653430 0.5 10849
1672735680049 0.5666666626930237 10899
1672735694917 0.7208333611488342 10949
1672735709575 0.4166666865348816 10999
1672735724449 0.6458333730697632 11049
1672735750982 0.6666666865348816 11099
1672735765605 0.5761905312538147 11149
1672735780197 0.7708333730697632 11199
1672735794894 0.7767857313156128 11249
1672735821164 0.7333333492279053 11299
1672735835863 0.4583333730697632 11349
1672735850547 0.7083333730697632 11399
1672735865218 0.7071428298950195 11449
1672735880051 0.797619104385376 11499
1672735906530 0.699999988079071 11549
1672735921271 0.75 11599
1672735936012 0.4809523820877075 11649
1672735950718 0.8439394235610962 11699
1672735976971 0.5059524178504944 11749
1672735991735 0.44999998807907104 11799
1672736006377 0.7142857313156128 11849
1672736021191 0.6541666984558105 11899
1672736047603 0.6583333611488342 11949
1672736062330 0.5359848737716675 11999
1672736077053 0.7095238566398621 12049
1672736091693 0.797619104385376 12099
1672736106353 0.6071428656578064 12149
1672736132822 0.7490079402923584 12199
1672736147544 0.6365079283714294 12249
1672736162571 0.6309524178504944 12299
1672736177483 0.3976190686225891 12349
1672736203805 0.7651515603065491 12399
1672736218453 0.8999999761581421 12449
1672736233119 0.6916666626930237 12499
1672736247831 0.4333333373069763 12549
1672736273985 0.6309524178504944 12599
1672736288964 0.6666666865348816 12649
1672736303873 0.8333333730697632 12699
1672736318516 0.8517857193946838 12749
1672736333203 0.8333333730697632 12799
1672736359596 0.9166666865348816 12849
1672736374273 0.7142857313156128 12899
1672736389134 0.5392857193946838 12949
1672736404000 0.2916666865348816 12999
1672736430296 0.8333333730697632 13049
1672736444948 0.7192460894584656 13099
1672736459719 0.6642857193946838 13149
1672736474478 0.8309524059295654 13199
1672736500678 0.8333333730697632 13249
1672736515381 0.5178571343421936 13299
1672736530441 0.6309523582458496 13349
1672736545281 0.5928571820259094 13399
1672736559959 0.2678571343421936 13449
1672736586104 0.8068181872367859 13499
1672736600836 0.75 13549
1672736615541 0.8452380895614624 13599
1672736630281 0.7803571224212646 13649
1672736657035 0.6666666865348816 13699
1672736671813 0.699999988079071 13749
1672736686681 0.6041666865348816 13799
1672736701515 0.8031746745109558 13849
1672736727544 0.8333333730697632 13899
1672736742203 0.5166666507720947 13949
1672736757039 0.6904762387275696 13999
1672736771897 0.49810606241226196 14049
1672736786642 0.4571428596973419 14099
1672736812728 0.6017857193946838 14149
1672736827815 0.6428571343421936 14199
1672736842473 0.4642857313156128 14249
1672736857242 0.5333333611488342 14299
1672736883714 0.5 14349
1672736898410 0.908730149269104 14399
1672736913236 0.6875 14449
1672736927884 0.7397727370262146 14499
1672736954346 0.3958333134651184 14549
1672736969256 0.797619104385376 14599
1672736983969 0.6666666865348816 14649
1672736998702 0.6666666865348816 14699
1672737013436 0.8541666865348816 14749
1672737039623 0.7916666865348816 14799
1672737054400 0.75 14849
1672737069062 0.5833333730697632 14899
1672737083799 0.7392857074737549 14949
1672737110107 0.6000000238418579 14999
1672737124974 0.7250000238418579 15049
1672737139884 0.4791666865348816 15099
1672737154503 0.7000000476837158 15149
1672737180758 0.4642857015132904 15199
1672737195422 0.476190447807312 15249
1672737211066 0.4583333730697632 15299
1672737226024 0.6583333611488342 15349
1672737240815 0.6458333134651184 15399
1672737266899 0.4333333373069763 15449
1672737281492 0.747619092464447 15499
1672737296280 0.8666666746139526 15549
1672737310899 0.8036616444587708 15599
1672737337169 0.48749998211860657 15649
1672737351744 0.8500000238418579 15699
1672737366432 0.8388888835906982 15749
1672737381243 0.7430555820465088 15799
1672737407653 0.5833333730697632 15849
1672737422234 0.6666666865348816 15899
1672737437061 0.5178571343421936 15949
1672737451680 0.5178571343421936 15999
1672737466502 0.4861111044883728 16049
1672737492867 0.638888955116272 16099
1672737507667 0.44999998807907104 16149
1672737522529 0.7817460298538208 16199
1672737537180 0.4900793731212616 16249
1672737562648 0.4523809552192688 16299
1672737577459 0.4166666865348816 16349
1672737592112 0.7817460298538208 16399
1672737606746 0.6529914736747742 16449
1672737632336 0.6499999761581421 16499
1672737646938 0.5416666865348816 16549
1672737661683 0.7803571224212646 16599
1672737676390 0.8035714626312256 16649
1672737691115 0.2928571403026581 16699
1672737718014 0.60317462682724 16749
1672737732660 0.574999988079071 16799
1672737747329 0.8095238208770752 16849
1672737762353 0.7178571224212646 16899
1672737788943 0.8531745672225952 16949
1672737803701 0.6666666865348816 16999
1672737818432 0.6095238327980042 17049
1672737833125 0.8428571224212646 17099
1672737859491 0.7833333611488342 17149
1672737874559 0.4583333730697632 17199
1672737889272 0.6642857193946838 17249
1672737904326 0.4791666865348816 17299
1672737918995 0.5522727370262146 17349
1672737944980 0.7202381491661072 17399
1672737959582 0.75 17449
1672737974226 0.7333333492279053 17499
1672737989040 0.699999988079071 17549
1672738015159 0.949999988079071 17599
1672738030159 0.5555555820465088 17649
1672738044949 0.824999988079071 17699
1672738059570 0.8071428537368774 17749
1672738085758 0.85317462682724 17799
1672738100339 0.8740079402923584 17849
1672738114983 0.8809524178504944 17899
1672738129610 0.4166666865348816 17949
1672738144801 0.48750001192092896 17999
1672738170936 0.6000000238418579 18049
1672738185775 0.7785714268684387 18099
1672738200467 0.824999988079071 18149
1672738215849 0.8865079283714294 18199
1672738242051 0.7083333730697632 18249
1672738256907 0.7041667103767395 18299
1672738271820 0.5 18349
1672738286660 0.4791666865348816 18399
1672738312649 0.5928571224212646 18449
1672738327384 0.7416666746139526 18499
1672738342267 0.75 18549
1672738356914 0.6059523820877075 18599
1672738371564 0.7388888597488403 18649
1672738397987 0.6345238089561462 18699
1672738412849 0.8095238208770752 18749
1672738427716 0.7749999761581421 18799
1672738442383 0.8309524059295654 18849
1672738468537 0.9166666865348816 18899
1672738483319 0.550000011920929 18949
1672738497981 0.8557692170143127 18999
1672738512584 0.3693181872367859 19049
1672738538777 0.5666666626930237 19099
1672738553494 0.7059524059295654 19149
1672738568256 0.5222222805023193 19199
1672738583194 0.9217171669006348 19249
1672738597970 0.41428571939468384 19299
1672738623916 0.7678571343421936 19349
1672738638689 0.773809552192688 19399
1672738653558 0.7638888955116272 19449
1672738668342 0.7541666626930237 19499
1672738694594 0.6916666626930237 19549
1672738709766 0.9007936716079712 19599
1672738724453 0.638888955116272 19649
1672738739150 0.5166667103767395 19699
1672738765643 0.6722222566604614 19749
1672738780297 0.8517857193946838 19799
1672738795232 0.6666666865348816 19849
1672738809920 0.7413420081138611 19899
1672738824601 0.7828283309936523 19949
1672738850622 0.7708333730697632 19999
1672738865687 0.7420635223388672 20049
1672738880564 0.8809524178504944 20099
1672738895235 0.5625 20149
1672738921488 0.711309552192688 20199
1672738936180 0.5595238208770752 20249
1672738951004 0.8142857551574707 20299
1672738965818 0.875 20349
1672738991881 0.6845238208770752 20399
1672739006895 0.7666667103767395 20449
1672739021794 0.512499988079071 20499
1672739036588 0.560606062412262 20549
1672739051247 0.5833333730697632 20599
1672739077573 0.7095238566398621 20649
1672739092114 0.6101190447807312 20699
1672739106685 0.46785712242126465 20749
1672739121421 0.49166667461395264 20799
1672739147598 0.4913420081138611 20849
1672739162615 0.5416666865348816 20899
1672739177592 0.7000000476837158 20949
1672739192239 0.7510822415351868 20999
1672739218632 0.8309524059295654 21049
1672739233269 0.7446428537368774 21099
1672739248516 0.6791666746139526 21149
1672739263289 0.6499999761581421 21199
1672739277890 0.5928571224212646 21249
1672739304233 0.7803571224212646 21299
1672739318878 0.615079402923584 21349
1672739333498 0.38333335518836975 21399
1672739348104 0.5 21449
1672739374097 0.5833333730697632 21499
1672739388863 0.6041666865348816 21549
1672739403477 0.6428571939468384 21599
1672739418076 0.8928571343421936 21649
1672739432652 0.0 21699
1672739459023 0.797619104385376 21749
1672739473713 0.6809523701667786 21799
1672739488361 0.8392857313156128 21849
1672739503017 0.6095238327980042 21899
1672739529255 0.5472222566604614 21949
1672739544351 0.5178571343421936 21999
1672739559130 0.6309524178504944 22049
1672739573891 0.7000000476837158 22099
1672739600058 0.6916666626930237 22149
1672739614701 0.5833333730697632 22199
1672739629354 0.6666666865348816 22249
1672739643993 0.4939393997192383 22299
1672739658662 0.49166667461395264 22349
1672739685339 0.6915584802627563 22399
1672739700235 0.8309524059295654 22449
1672739715118 0.5317460298538208 22499
1672739729811 0.7722222805023193 22549
1672739755546 0.7500000596046448 22599
1672739770116 0.7833333611488342 22649
1672739784680 0.4928571283817291 22699
1672739799248 0.5333333015441895 22749
1672739825609 0.6057692170143127 22799
1672739840570 0.6071428656578064 22849
1672739855223 0.44999998807907104 22899
1672739869778 0.6250000596046448 22949
1672739884317 0.7250000238418579 22999
1672739909841 0.763888955116272 23049
1672739924386 0.75 23099
1672739938928 0.7095237970352173 23149
1672739953647 0.6865079402923584 23199
1672739979509 0.6597222089767456 23249
1672739994302 0.1428571343421936 23299
1672740008956 0.7166666984558105 23349
1672740023769 0.75 23399
1672740049890 0.5666666626930237 23449
1672740064555 0.6809523701667786 23499
1672740079542 0.5416666865348816 23549
1672740094164 0.5392857193946838 23599
1672740108777 0.7059524059295654 23649
1672740134672 0.8392857313156128 23699
1672740149523 0.8055555820465088 23749
1672740164346 0.6583333611488342 23799
1672740179698 0.8166666626930237 23849
1672740206018 0.9365079402923584 23899
1672740220864 0.8333333730697632 23949
1672740235486 0.8809524178504944 23999
1672740250128 0.8041667342185974 24049
1672740276450 0.8184524178504944 24099
1672740291143 0.8999999761581421 24149
1672740306017 0.625 24199
1672740320689 0.8999999761581421 24249
1672740336002 0.6666666865348816 24299
1672740362002 0.6642857193946838 24349
1672740376829 0.8666666746139526 24399
1672740392160 0.5666666626930237 24449
1672740406820 0.5939394235610962 24499
1672740433217 0.6583333611488342 24549
1672740447996 0.5809524059295654 24599
1672740462876 0.6178571581840515 24649
1672740477940 0.6726190447807312 24699
1672740503871 0.7166666984558105 24749
1672740518467 0.4285714328289032 24799
1672740533342 0.5666667222976685 24849
1672740547969 0.5714285969734192 24899
1672740562910 0.8541666865348816 24949
1672740589077 0.7321428656578064 24999
1672740603706 0.7142857313156128 25049
1672740618789 0.7978896498680115 25099
1672740633406 0.40952378511428833 25149
1672740660148 0.5166666507720947 25199
1672740674852 0.5892857313156128 25249
1672740689682 0.7166666984558105 25299
1672740704334 0.8452381491661072 25349
1672740730452 0.7892857193946838 25399
1672740745105 0.7222222089767456 25449
1672740760090 0.7189394235610962 25499
1672740774718 0.574999988079071 25549
1672740789347 0.5952380895614624 25599
1672740815456 0.9642857313156128 25649
1672740830057 0.824999988079071 25699
1672740844853 0.6583333611488342 25749
1672740859525 0.4749999940395355 25799
1672740885694 0.6666666865348816 25849
1672740900300 0.7589285969734192 25899
1672740914994 0.5392857193946838 25949
1672740929836 0.7698413133621216 25999
1672740956169 0.7142857313156128 26049
1672740971658 0.4833333492279053 26099
1672740986338 0.5416666865348816 26149
1672741001184 0.4642857313156128 26199
1672741016027 0.5142857432365417 26249
1672741042010 0.5595238208770752 26299
1672741056760 0.8642857074737549 26349
1672741071556 0.685119092464447 26399
1672741086204 0.7291666865348816 26449
1672741112491 0.523809552192688 26499
1672741127303 0.824999988079071 26549
1672741142221 0.5625 26599
1672741157132 0.6041666865348816 26649
1672741183300 0.6666666865348816 26699
1672741197950 0.8106061220169067 26749
1672741212532 0.5555555820465088 26799
1672741227125 0.773809552192688 26849
1672741241701 0.7410714626312256 26899
1672741267966 0.7532467842102051 26949
1672741282647 0.3888888955116272 26999
1672741297562 0.5476190447807312 27049
1672741312225 0.75 27099
1672741338575 0.9097222089767456 27149
1672741353197 0.5642857551574707 27199
1672741367848 0.4642857313156128 27249
1672741382499 0.6309523582458496 27299
1672741408638 0.8041666746139526 27349
1672741423250 0.6666666865348816 27399
1672741438049 0.7539682984352112 27449
1672741452655 0.8517857193946838 27499
1672741467412 0.637499988079071 27549
1672741493442 0.5055555701255798 27599
1672741508077 0.6458333730697632 27649
1672741522654 0.7541666626930237 27699
1672741537189 0.5166666507720947 27749
1672741563455 0.7476190328598022 27799
1672741578236 0.6583333611488342 27849
1672741593296 0.7689394354820251 27899
1672741607979 0.5428571701049805 27949
1672741634202 0.6499999761581421 27999
1672741648807 0.7568181753158569 28049
1672741663420 0.8035714626312256 28099
1672741678221 0.9642857313156128 28149
1672741692851 0.6916666626930237 28199
1672741719105 0.5642856955528259 28249
1672741733849 0.4166666865348816 28299
1672741748768 0.7892857193946838 28349
1672741763623 0.8041666746139526 28399
1672741789823 0.8500000238418579 28449
1672741804595 0.8809524178504944 28499
1672741819256 0.49166667461395264 28549
1672741833839 0.7392857074737549 28599
1672741860564 0.9147727489471436 28649
1672741875260 0.8388888835906982 28699
1672741889937 0.6375000476837158 28749
1672741904784 0.41428571939468384 28799
1672741919456 0.6476190686225891 28849
1672741945416 0.7142857313156128 28899
1672741960166 0.7559524178504944 28949
1672741975228 0.699999988079071 28999
1672741990000 0.8517857193946838 29049
1672742016728 0.2666666805744171 29099
1672742031564 0.5357142686843872 29149
1672742046192 0.5583333373069763 29199
1672742060814 0.6583333611488342 29249
1672742087479 0.7559524178504944 29299
1672742102381 0.5972222089767456 29349
1672742117280 0.8499999642372131 29399
1672742132110 0.7416666746139526 29449
1672742146717 0.46666666865348816 29499
1672742172290 0.6964285969734192 29549
1672742187108 0.7952381372451782 29599
1672742201720 0.7952380776405334 29649
1672742216345 0.6517857313156128 29699
1672742242548 0.5642857551574707 29749
1672742257354 0.4333333373069763 29799
1672742272206 0.7291666865348816 29849
1672742287019 0.5714285373687744 29899
1672742312810 0.6666666865348816 29949
1672742327366 0.49761903285980225 29999
1672742341967 0.9365079402923584 30049
1672742356656 0.85317462682724 30099
1672742371425 0.7541666626930237 30149
1672742397458 0.5523809194564819 30199
1672742412488 0.4392857253551483 30249
1672742427103 0.8500000238418579 30299
1672742441730 0.639285683631897 30349
1672742468138 0.824999988079071 30399
1672742482865 0.7083333730697632 30449
1672742497772 0.7416666746139526 30499
1672742512920 0.7410714626312256 30549
1672742539494 0.36666667461395264 30599
1672742554310 0.6458333730697632 30649
1672742569623 0.6642857193946838 30699
1672742584278 0.8160714507102966 30749
1672742599000 0.7261905074119568 30799
1672742625496 0.5059523582458496 30849
1672742640171 0.5166667103767395 30899
1672742655046 0.7041666507720947 30949
1672742669668 0.7892857193946838 30999
1672742696242 0.8166666626930237 31049
1672742710963 0.949999988079071 31099
1672742725788 0.41428571939468384 31149
1672742740509 0.4791666865348816 31199
1672742767000 0.9166666865348816 31249
1672742781648 0.7666667103767395 31299
1672742796263 0.5059524178504944 31349
1672742811124 0.6527777910232544 31399
1672742826081 0.3333333432674408 31449
1672742852530 0.3916666805744171 31499
1672742867105 0.6238095760345459 31549
1672742881702 0.7365080118179321 31599
1672742896443 0.8666666746139526 31649
1672742922442 1.0 31699
1672742937033 0.5476190447807312 31749
1672742951822 0.4166666865348816 31799
1672742966611 0.6642857789993286 31849
1672742992796 0.797619104385376 31899
1672743007593 0.3678571283817291 31949
1672743022760 0.9142857193946838 31999
1672743037930 0.6022727489471436 32049
1672743052541 0.8351647853851318 32099
1672743078622 0.7222222089767456 32149
1672743093338 0.7867965698242188 32199
1672743107851 0.8309523463249207 32249
1672743122375 0.9017857313156128 32299
1672743148524 0.7083333730697632 32349
1672743163476 0.5142857432365417 32399
1672743178078 0.5333333611488342 32449
1672743192663 0.6333333253860474 32499
1672743207045 0.25 32549
