1672731970354 0.7683526277542114 216
1672732044499 0.7784681916236877 433
1672732119405 0.7789017558097839 650
1672732194337 0.7793352603912354 867
1672732270225 0.7781791687011719 1084
1672732345311 0.7791907787322998 1301
1672732420222 0.7793352603912354 1518
1672732495364 0.7783237099647522 1735
1672732570564 0.7780346870422363 1952
1672732645533 0.7784681916236877 2169
1672732720761 0.7806358337402344 2386
1672732795911 0.7823699712753296 2603
1672732870839 0.7835260033607483 2820
1672732945487 0.7867051959037781 3037
1672733020515 0.7843930721282959 3254
1672733096680 0.7927745580673218 3471
1672733172100 0.7926300764083862 3688
1672733248051 0.7953757047653198 3905
1672733323545 0.7985548973083496 4122
1672733400045 0.8004335165023804 4339
1672733475174 0.8031792044639587 4556
1672733550799 0.8024566769599915 4773
1672733626283 0.8011560440063477 4990
1672733701622 0.8031792044639587 5207
1672733776717 0.8004335165023804 5424
1672733852148 0.8030346632003784 5641
1672733927807 0.8015896081924438 5858
1672734002894 0.8062138557434082 6075
1672734078853 0.8073699474334717 6292
1672734154301 0.8063583970069885 6509
1672734231220 0.8086705207824707 6726
1672734306773 0.8083814978599548 6943
1672734382077 0.8085260391235352 7160
1672734457304 0.8057803511619568 7377
1672734532406 0.8044797778129578 7594
1672734608134 0.8117052316665649 7811
1672734683286 0.8108381628990173 8028
1672734759526 0.8078034520149231 8245
1672734834585 0.8095375895500183 8462
1672734910266 0.8118497133255005 8679
1672734985799 0.8056358098983765 8896
1672735061427 0.813005805015564 9113
1672735136850 0.8111271858215332 9330
1672735212263 0.8086705207824707 9547
1672735287150 0.8075144290924072 9764
1672735362362 0.8083814978599548 9981
1672735437444 0.8109826445579529 10198
1672735513181 0.816907525062561 10415
1672735588979 0.8073699474334717 10632
1672735664489 0.813005805015564 10849
1672735740226 0.8115606904029846 11066
1672735815460 0.8118497133255005 11283
1672735891085 0.8115606904029846 11500
1672735966831 0.8134393095970154 11717
1672736042415 0.8098266124725342 11934
1672736118048 0.8102601170539856 12151
1672736193929 0.8144508600234985 12368
1672736269109 0.8132947683334351 12585
1672736344796 0.8109826445579529 12802
1672736420727 0.8137283325195312 13019
1672736495895 0.816907525062561 13236
1672736571764 0.8091040253639221 13453
1672736647378 0.813005805015564 13670
1672736723219 0.8128612637519836 13887
1672736798702 0.8132947683334351 14104
1672736874538 0.8115606904029846 14321
1672736950050 0.8121387362480164 14538
1672737025839 0.8173410296440125 14755
1672737101428 0.8145954012870789 14972
1672737177019 0.8132947683334351 15189
1672737253516 0.8137283325195312 15406
1672737328584 0.8164739608764648 15623
1672737404205 0.8166185021400452 15840
1672737479736 0.8141618371009827 16057
1672737554613 0.8128612637519836 16274
1672737629262 0.8151733875274658 16491
1672737705023 0.8163294792175293 16708
1672737781117 0.81488436460495 16925
1672737856647 0.8173410296440125 17142
1672737932493 0.8180635571479797 17359
1672738007692 0.8163294792175293 17576
1672738083133 0.813005805015564 17793
1672738158722 0.8170520067214966 18010
1672738234809 0.8158959746360779 18227
1672738310387 0.8222543597221375 18444
1672738385871 0.8127167820930481 18661
1672738461549 0.8195086717605591 18878
1672738536823 0.8112716674804688 19095
1672738612354 0.8200867176055908 19312
1672738687598 0.8164739608764648 19529
1672738763955 0.8225433230400085 19746
1672738839285 0.8135837912559509 19963
1672738915111 0.8189306259155273 20180
1672738990516 0.8166185021400452 20397
1672739066597 0.8193641901016235 20614
1672739141535 0.8184971213340759 20831
1672739217557 0.8196531534194946 21048
1672739293150 0.8147398829460144 21265
1672739368375 0.8209537863731384 21482
1672739443596 0.8163294792175293 21699
1672739518835 0.8206647634506226 21916
1672739594593 0.8195086717605591 22133
1672739669984 0.8173410296440125 22350
1672739745469 0.8174855709075928 22567
1672739820206 0.8177745938301086 22784
1672739895050 0.8221098184585571 23001
1672739969716 0.8171965479850769 23218
1672740044961 0.8189306259155273 23435
1672740119980 0.8196531534194946 23652
1672740196462 0.8219653367996216 23869
1672740271873 0.8193641901016235 24086
1672740347750 0.8179190754890442 24303
1672740423863 0.822398841381073 24520
1672740499604 0.8216763138771057 24737
1672740574907 0.821098268032074 24954
1672740651152 0.8154624104499817 25171
1672740726430 0.8208092451095581 25388
1672740801833 0.8209537863731384 25605
1672740876839 0.8157514333724976 25822
1672740952267 0.8247109651565552 26039
1672741028656 0.8189306259155273 26256
1672741104070 0.8226878643035889 26473
1672741179720 0.8209537863731384 26690
1672741254970 0.8225433230400085 26907
1672741330482 0.8213872909545898 27124
1672741405527 0.819797694683075 27341
1672741480774 0.8199421763420105 27558
1672741555623 0.819797694683075 27775
1672741631366 0.8232659101486206 27992
1672741706431 0.8196531534194946 28209
1672741782400 0.8192196488380432 28426
1672741857808 0.8196531534194946 28643
1672741933204 0.8179190754890442 28860
1672742009496 0.8235549330711365 29077
1672742085248 0.8221098184585571 29294
1672742160355 0.821098268032074 29511
1672742235466 0.823699414730072 29728
1672742310868 0.8182080984115601 29945
1672742385828 0.8239884376525879 30162
1672742460990 0.8212427496910095 30379
1672742537835 0.8239884376525879 30596
1672742613962 0.8203757405281067 30813
1672742689746 0.8180635571479797 31030
1672742765662 0.8241329193115234 31247
1672742841536 0.8234103918075562 31464
1672742916353 0.8228323459625244 31681
1672742991740 0.8208092451095581 31898
1672743067917 0.8225433230400085 32115
1672743142799 0.8232659101486206 32332
1672743217733 0.8251445293426514 32549
