1672731970354 0.5720575451850891 216
1672732044499 0.5894564390182495 433
1672732119405 0.5885108709335327 650
1672732194337 0.60257488489151 867
1672732270225 0.6004734039306641 1084
1672732345311 0.5875777006149292 1301
1672732420222 0.5841342806816101 1518
1672732495364 0.5791480541229248 1735
1672732570564 0.5911038517951965 1952
1672732645533 0.5958230495452881 2169
1672732720761 0.5890915989875793 2386
1672732795911 0.6032177209854126 2603
1672732870839 0.5989678502082825 2820
1672732945487 0.6016473770141602 3037
1672733020515 0.6031268835067749 3254
1672733096680 0.6100935339927673 3471
1672733172100 0.6071276068687439 3688
1672733248051 0.6072226762771606 3905
1672733323545 0.6235948801040649 4122
1672733400045 0.6201761960983276 4339
1672733475174 0.6252847909927368 4556
1672733550799 0.6244233846664429 4773
1672733626283 0.6212937235832214 4990
1672733701622 0.6274814009666443 5207
1672733776717 0.6179617643356323 5424
1672733852148 0.6225007176399231 5641
1672733927807 0.6210266947746277 5858
1672734002894 0.6290393471717834 6075
1672734078853 0.6371304988861084 6292
1672734154301 0.6320452094078064 6509
1672734231220 0.6400949358940125 6726
1672734306773 0.6293944716453552 6943
1672734382077 0.6395994424819946 7160
1672734457304 0.6264671087265015 7377
1672734532406 0.6274924278259277 7594
1672734608134 0.6337159872055054 7811
1672734683286 0.6377071738243103 8028
1672734759526 0.632901132106781 8245
1672734834585 0.6323795318603516 8462
1672734910266 0.6402105093002319 8679
1672734985799 0.6290696859359741 8896
1672735061427 0.6239360570907593 9113
1672735136850 0.6329149603843689 9330
1672735212263 0.6373671293258667 9547
1672735287150 0.6293970942497253 9764
1672735362362 0.6435012221336365 9981
1672735437444 0.6383182406425476 10198
1672735513181 0.64295893907547 10415
1672735588979 0.6297041773796082 10632
1672735664489 0.6397605538368225 10849
1672735740226 0.6403563618659973 11066
1672735815460 0.632777214050293 11283
1672735891085 0.6430636048316956 11500
1672735966831 0.6311147212982178 11717
1672736042415 0.6350661516189575 11934
1672736118048 0.6277387738227844 12151
1672736193929 0.6370134353637695 12368
1672736269109 0.6451789736747742 12585
1672736344796 0.6330292820930481 12802
1672736420727 0.6328598260879517 13019
1672736495895 0.6546531319618225 13236
1672736571764 0.6355876326560974 13453
1672736647378 0.646687388420105 13670
1672736723219 0.6346449851989746 13887
1672736798702 0.6442388892173767 14104
1672736874538 0.6386939883232117 14321
1672736950050 0.6447811722755432 14538
1672737025839 0.6347729563713074 14755
1672737101428 0.6433581113815308 14972
1672737177019 0.6395995616912842 15189
1672737253516 0.6424883604049683 15406
1672737328584 0.6485741138458252 15623
1672737404205 0.6446036696434021 15840
1672737479736 0.6332535147666931 16057
1672737554613 0.6336885094642639 16274
1672737629262 0.638549268245697 16491
1672737705023 0.636909008026123 16708
1672737781117 0.646815299987793 16925
1672737856647 0.6426616907119751 17142
1672737932493 0.645795464515686 17359
1672738007692 0.6445803046226501 17576
1672738083133 0.6319378018379211 17793
1672738158722 0.6458685398101807 18010
1672738234809 0.6501018404960632 18227
1672738310387 0.647162139415741 18444
1672738385871 0.6354804039001465 18661
1672738461549 0.6523094773292542 18878
1672738536823 0.6412799954414368 19095
1672738612354 0.6453372240066528 19312
1672738687598 0.6398375630378723 19529
1672738763955 0.671040415763855 19746
1672738839285 0.6412469148635864 19963
1672738915111 0.6563556790351868 20180
1672738990516 0.648638904094696 20397
1672739066597 0.6397935152053833 20614
1672739141535 0.6344866156578064 20831
1672739217557 0.6592389345169067 21048
1672739293150 0.6358739733695984 21265
1672739368375 0.6611863970756531 21482
1672739443596 0.637682318687439 21699
1672739518835 0.6660528779029846 21916
1672739594593 0.6483208537101746 22133
1672739669984 0.6429438591003418 22350
1672739745469 0.6510377526283264 22567
1672739820206 0.6522501707077026 22784
1672739895050 0.6506496071815491 23001
1672739969716 0.6563061475753784 23218
1672740044961 0.6478723287582397 23435
1672740119980 0.6587090492248535 23652
1672740196462 0.6624800562858582 23869
1672740271873 0.6574567556381226 24086
1672740347750 0.6389897465705872 24303
1672740423863 0.6609881520271301 24520
1672740499604 0.6495320200920105 24737
1672740574907 0.6501844525337219 24954
1672740651152 0.6389815807342529 25171
1672740726430 0.6498844027519226 25388
1672740801833 0.6529370546340942 25605
1672740876839 0.6465785503387451 25822
1672740952267 0.6555546522140503 26039
1672741028656 0.6497825980186462 26256
1672741104070 0.6605173945426941 26473
1672741179720 0.6491549611091614 26690
1672741254970 0.6652876734733582 26907
1672741330482 0.6550647020339966 27124
1672741405527 0.6409152150154114 27341
1672741480774 0.6390599608421326 27558
1672741555623 0.6532548069953918 27775
1672741631366 0.6547302603721619 27992
1672741706431 0.6401927471160889 28209
1672741782400 0.6442553997039795 28426
1672741857808 0.6538618803024292 28643
1672741933204 0.6478323936462402 28860
1672742009496 0.6563969254493713 29077
1672742085248 0.6512442231178284 29294
1672742160355 0.6573189496994019 29511
1672742235466 0.6587351560592651 29728
1672742310868 0.6610762476921082 29945
1672742385828 0.666249692440033 30162
1672742460990 0.6458286046981812 30379
1672742537835 0.6583264470100403 30596
1672742613962 0.6477072238922119 30813
1672742689746 0.638375997543335 31030
1672742765662 0.6547921299934387 31247
1672742841536 0.6613969206809998 31464
1672742916353 0.6551196575164795 31681
1672742991740 0.6559261679649353 31898
1672743067917 0.6447316408157349 32115
1672743142799 0.6553096175193787 32332
1672743217733 0.6557942032814026 32549
