1672731910746 0.78125 49
1672731925241 0.75 99
1672731940108 0.875 149
1672731954578 0.875 199
1672731980765 0.8125 249
1672731995235 0.875 299
1672732009728 0.8125 349
1672732024213 0.75 399
1672732049939 0.875 449
1672732064504 0.84375 499
1672732079253 0.71875 549
1672732094183 0.71875 599
1672732108723 0.78125 649
1672732134512 0.75 699
1672732149136 0.75 749
1672732163777 0.65625 799
1672732178397 0.71875 849
1672732204498 0.75 899
1672732219312 0.75 949
1672732234243 0.84375 999
1672732248854 0.75 1049
1672732275409 0.71875 1099
1672732290138 0.875 1149
1672732304769 0.90625 1199
1672732319404 0.8125 1249
1672732334024 0.90625 1299
1672732360063 0.9375 1349
1672732374782 0.78125 1399
1672732389349 0.75 1449
1672732404014 0.8125 1499
1672732430031 0.84375 1549
1672732444705 0.71875 1599
1672732459369 0.84375 1649
1672732474015 0.65625 1699
1672732500217 0.71875 1749
1672732514980 0.78125 1799
1672732529952 0.875 1849
1672732544683 0.75 1899
1672732559244 0.875 1949
1672732585043 0.78125 1999
1672732599611 0.8125 2049
1672732614168 0.84375 2099
1672732628905 0.8125 2149
1672732655043 0.78125 2199
1672732669615 0.6875 2249
1672732684295 0.78125 2299
1672732699423 0.78125 2349
1672732725334 0.65625 2399
1672732739903 0.90625 2449
1672732754543 0.84375 2499
1672732769307 0.78125 2549
1672732784099 0.65625 2599
1672732810264 0.90625 2649
1672732825122 0.78125 2699
1672732839975 0.78125 2749
1672732854652 0.75 2799
1672732880060 0.75 2849
1672732894656 0.65625 2899
1672732909253 0.8125 2949
1672732924198 0.84375 2999
1672732949768 0.75 3049
1672732964501 0.8125 3099
1672732979423 0.8125 3149
1672732994056 0.84375 3199
1672733008672 0.8125 3249
1672733034505 0.75 3299
1672733049129 0.71875 3349
1672733064222 0.78125 3399
1672733079177 0.6875 3449
1672733105942 0.90625 3499
1672733120573 0.96875 3549
1672733135351 0.6875 3599
1672733150094 0.875 3649
1672733176162 0.8125 3699
1672733190883 0.6875 3749
1672733206073 0.90625 3799
1672733220963 0.75 3849
1672733235627 0.8125 3899
1672733261985 0.65625 3949
1672733276697 0.78125 3999
1672733291366 0.8125 4049
1672733306089 0.8125 4099
1672733332207 0.75 4149
1672733347220 0.75 4199
1672733362820 0.8125 4249
1672733377462 0.78125 4299
1672733403775 0.875 4349
1672733418526 0.96875 4399
1672733433209 0.75 4449
1672733447913 0.78125 4499
1672733462591 0.78125 4549
1672733488902 0.8125 4599
1672733503695 0.875 4649
1672733518450 0.78125 4699
1672733533324 0.8125 4749
1672733559299 0.8125 4799
1672733573900 0.78125 4849
1672733588519 0.75 4899
1672733603515 0.75 4949
1672733629744 0.75 4999
1672733644561 0.84375 5049
1672733659238 0.78125 5099
1672733674075 0.875 5149
1672733688714 0.625 5199
1672733714590 0.8125 5249
1672733729184 0.875 5299
1672733744001 0.78125 5349
1672733758771 0.6875 5399
1672733785036 0.65625 5449
1672733799836 0.875 5499
1672733814492 0.90625 5549
1672733829181 0.59375 5599
1672733855302 0.8125 5649
1672733869920 0.84375 5699
1672733884784 0.78125 5749
1672733899440 0.84375 5799
1672733914481 0.8125 5849
1672733940795 0.84375 5899
1672733955502 0.90625 5949
1672733970139 0.78125 5999
1672733984791 0.78125 6049
1672734010720 0.65625 6099
1672734025759 0.6875 6149
1672734040456 0.75 6199
1672734055332 0.8125 6249
1672734081683 0.78125 6299
1672734096342 0.8125 6349
1672734111018 0.65625 6399
1672734125718 0.75 6449
1672734140381 0.78125 6499
1672734166972 0.9375 6549
1672734181801 0.90625 6599
1672734196632 0.75 6649
1672734212075 0.71875 6699
1672734238730 0.875 6749
1672734253343 0.8125 6799
1672734267966 0.8125 6849
1672734282631 0.90625 6899
1672734309302 0.875 6949
1672734323916 0.75 6999
1672734338722 0.75 7049
1672734353522 0.875 7099
1672734368149 0.9375 7149
1672734394260 0.78125 7199
1672734408918 0.78125 7249
1672734423568 0.875 7299
1672734438403 0.84375 7349
1672734464460 0.8125 7399
1672734479082 0.6875 7449
1672734493702 0.75 7499
1672734508513 0.78125 7549
1672734534672 0.71875 7599
1672734549500 0.90625 7649
1672734564373 0.71875 7699
1672734579050 0.71875 7749
1672734593849 0.6875 7799
1672734620014 0.75 7849
1672734634644 0.75 7899
1672734649270 0.875 7949
1672734664063 0.75 7999
1672734690315 0.84375 8049
1672734705345 0.84375 8099
1672734720199 0.8125 8149
1672734734928 0.90625 8199
1672734761465 0.75 8249
1672734776073 0.8125 8299
1672734790976 0.90625 8349
1672734805576 0.6875 8399
1672734820192 0.78125 8449
1672734846196 0.84375 8499
1672734861236 0.78125 8549
1672734875945 0.84375 8599
1672734890785 0.875 8649
1672734917094 0.8125 8699
1672734931802 0.84375 8749
1672734946468 0.71875 8799
1672734961135 0.9375 8849
1672734987439 0.8125 8899
1672735002503 0.78125 8949
1672735017368 0.75 8999
1672735032146 0.8125 9049
1672735046785 0.75 9099
1672735072833 0.9375 9149
1672735087536 0.875 9199
1672735102254 0.84375 9249
1672735116924 0.75 9299
1672735143382 0.84375 9349
1672735158148 0.875 9399
1672735172733 0.8125 9449
1672735187525 0.90625 9499
1672735213725 0.9375 9549
1672735228367 0.875 9599
1672735242974 0.75 9649
1672735257557 0.9375 9699
1672735272299 0.875 9749
1672735298076 0.8125 9799
1672735313165 0.84375 9849
1672735327780 0.875 9899
1672735342398 0.84375 9949
1672735368397 0.84375 9999
1672735382992 0.75 10049
1672735397781 0.90625 10099
1672735412325 0.8125 10149
1672735438526 0.90625 10199
1672735453191 0.75 10249
1672735468265 0.78125 10299
1672735483088 0.8125 10349
1672735497685 0.8125 10399
1672735524007 0.875 10449
1672735538744 0.90625 10499
1672735553462 0.75 10549
1672735568365 0.75 10599
1672735594713 0.90625 10649
1672735609702 0.8125 10699
1672735624377 0.75 10749
1672735639009 0.75 10799
1672735653430 0.625 10849
1672735680049 0.78125 10899
1672735694917 0.8125 10949
1672735709575 0.78125 10999
1672735724449 0.71875 11049
1672735750982 0.84375 11099
1672735765605 0.6875 11149
1672735780197 0.8125 11199
1672735794894 0.84375 11249
1672735821164 0.8125 11299
1672735835863 0.75 11349
1672735850547 0.8125 11399
1672735865218 0.78125 11449
1672735880051 0.875 11499
1672735906530 0.84375 11549
1672735921271 0.9375 11599
1672735936012 0.8125 11649
1672735950718 0.875 11699
1672735976971 0.71875 11749
1672735991735 0.84375 11799
1672736006377 0.90625 11849
1672736021191 0.75 11899
1672736047603 0.6875 11949
1672736062330 0.78125 11999
1672736077053 0.71875 12049
1672736091693 0.875 12099
1672736106353 0.78125 12149
1672736132822 0.8125 12199
1672736147544 0.84375 12249
1672736162571 0.71875 12299
1672736177483 0.65625 12349
1672736203805 0.84375 12399
1672736218453 0.9375 12449
1672736233119 0.8125 12499
1672736247831 0.75 12549
1672736273985 0.84375 12599
1672736288964 0.84375 12649
1672736303873 0.90625 12699
1672736318516 0.875 12749
1672736333203 0.90625 12799
1672736359596 0.9375 12849
1672736374273 0.875 12899
1672736389134 0.84375 12949
1672736404000 0.75 12999
1672736430296 0.875 13049
1672736444948 0.78125 13099
1672736459719 0.75 13149
1672736474478 0.90625 13199
1672736500678 0.90625 13249
1672736515381 0.78125 13299
1672736530441 0.8125 13349
1672736545281 0.6875 13399
1672736559959 0.65625 13449
1672736586104 0.84375 13499
1672736600836 0.8125 13549
1672736615541 0.875 13599
1672736630281 0.78125 13649
1672736657035 0.8125 13699
1672736671813 0.78125 13749
1672736686681 0.84375 13799
1672736701515 0.8125 13849
1672736727544 0.90625 13899
1672736742203 0.78125 13949
1672736757039 0.71875 13999
1672736771897 0.65625 14049
1672736786642 0.75 14099
1672736812728 0.875 14149
1672736827815 0.875 14199
1672736842473 0.65625 14249
1672736857242 0.75 14299
1672736883714 0.71875 14349
1672736898410 0.90625 14399
1672736913236 0.875 14449
1672736927884 0.8125 14499
1672736954346 0.6875 14549
1672736969256 0.875 14599
1672736983969 0.6875 14649
1672736998702 0.8125 14699
1672737013436 0.875 14749
1672737039623 0.84375 14799
1672737054400 0.8125 14849
1672737069062 0.71875 14899
1672737083799 0.84375 14949
1672737110107 0.90625 14999
1672737124974 0.84375 15049
1672737139884 0.71875 15099
1672737154503 0.90625 15149
1672737180758 0.65625 15199
1672737195422 0.65625 15249
1672737211066 0.6875 15299
1672737226024 0.78125 15349
1672737240815 0.75 15399
1672737266899 0.71875 15449
1672737281492 0.8125 15499
1672737296280 0.90625 15549
1672737310899 0.84375 15599
1672737337169 0.65625 15649
1672737351744 0.84375 15699
1672737366432 0.84375 15749
1672737381243 0.8125 15799
1672737407653 0.90625 15849
1672737422234 0.8125 15899
1672737437061 0.8125 15949
1672737451680 0.78125 15999
1672737466502 0.71875 16049
1672737492867 0.875 16099
1672737507667 0.875 16149
1672737522529 0.84375 16199
1672737537180 0.78125 16249
1672737562648 0.75 16299
1672737577459 0.78125 16349
1672737592112 0.84375 16399
1672737606746 0.8125 16449
1672737632336 0.8125 16499
1672737646938 0.875 16549
1672737661683 0.8125 16599
1672737676390 0.875 16649
1672737691115 0.6875 16699
1672737718014 0.84375 16749
1672737732660 0.90625 16799
1672737747329 0.875 16849
1672737762353 0.8125 16899
1672737788943 0.90625 16949
1672737803701 0.84375 16999
1672737818432 0.6875 17049
1672737833125 0.875 17099
1672737859491 0.8125 17149
1672737874559 0.78125 17199
1672737889272 0.875 17249
1672737904326 0.8125 17299
1672737918995 0.8125 17349
1672737944980 0.8125 17399
1672737959582 0.8125 17449
1672737974226 0.78125 17499
1672737989040 0.9375 17549
1672738015159 0.96875 17599
1672738030159 0.75 17649
1672738044949 0.90625 17699
1672738059570 0.8125 17749
1672738085758 0.90625 17799
1672738100339 0.875 17849
1672738114983 0.90625 17899
1672738129610 0.8125 17949
1672738144801 0.8125 17999
1672738170936 0.8125 18049
1672738185775 0.84375 18099
1672738200467 0.875 18149
1672738215849 0.875 18199
1672738242051 0.8125 18249
1672738256907 0.78125 18299
1672738271820 0.875 18349
1672738286660 0.78125 18399
1672738312649 0.8125 18449
1672738327384 0.84375 18499
1672738342267 0.875 18549
1672738356914 0.6875 18599
1672738371564 0.8125 18649
1672738397987 0.71875 18699
1672738412849 0.875 18749
1672738427716 0.8125 18799
1672738442383 0.84375 18849
1672738468537 0.96875 18899
1672738483319 0.84375 18949
1672738497981 0.84375 18999
1672738512584 0.625 19049
1672738538777 0.8125 19099
1672738553494 0.8125 19149
1672738568256 0.75 19199
1672738583194 0.90625 19249
1672738597970 0.75 19299
1672738623916 0.78125 19349
1672738638689 0.84375 19399
1672738653558 0.875 19449
1672738668342 0.8125 19499
1672738694594 0.71875 19549
1672738709766 0.90625 19599
1672738724453 0.84375 19649
1672738739150 0.78125 19699
1672738765643 0.78125 19749
1672738780297 0.875 19799
1672738795232 0.90625 19849
1672738809920 0.75 19899
1672738824601 0.875 19949
1672738850622 0.84375 19999
1672738865687 0.78125 20049
1672738880564 0.90625 20099
1672738895235 0.75 20149
1672738921488 0.75 20199
1672738936180 0.75 20249
1672738951004 0.875 20299
1672738965818 0.9375 20349
1672738991881 0.78125 20399
1672739006895 0.84375 20449
1672739021794 0.6875 20499
1672739036588 0.8125 20549
1672739051247 0.78125 20599
1672739077573 0.8125 20649
1672739092114 0.65625 20699
1672739106685 0.78125 20749
1672739121421 0.75 20799
1672739147598 0.71875 20849
1672739162615 0.75 20899
1672739177592 0.78125 20949
1672739192239 0.8125 20999
1672739218632 0.90625 21049
1672739233269 0.78125 21099
1672739248516 0.75 21149
1672739263289 0.78125 21199
1672739277890 0.84375 21249
1672739304233 0.8125 21299
1672739318878 0.84375 21349
1672739333498 0.65625 21399
1672739348104 0.75 21449
1672739374097 0.65625 21499
1672739388863 0.875 21549
1672739403477 0.71875 21599
1672739418076 0.90625 21649
1672739432652 1.0 21699
1672739459023 0.875 21749
1672739473713 0.8125 21799
1672739488361 0.90625 21849
1672739503017 0.71875 21899
1672739529255 0.8125 21949
1672739544351 0.8125 21999
1672739559130 0.78125 22049
1672739573891 0.8125 22099
1672739600058 0.8125 22149
1672739614701 0.875 22199
1672739629354 0.9375 22249
1672739643993 0.75 22299
1672739658662 0.75 22349
1672739685339 0.78125 22399
1672739700235 0.90625 22449
1672739715118 0.78125 22499
1672739729811 0.84375 22549
1672739755546 0.78125 22599
1672739770116 0.90625 22649
1672739784680 0.78125 22699
1672739799248 0.8125 22749
1672739825609 0.84375 22799
1672739840570 0.75 22849
1672739855223 0.75 22899
1672739869778 0.71875 22949
1672739884317 0.84375 22999
1672739909841 0.875 23049
1672739924386 0.8125 23099
1672739938928 0.8125 23149
1672739953647 0.90625 23199
1672739979509 0.84375 23249
1672739994302 0.625 23299
1672740008956 0.8125 23349
1672740023769 0.96875 23399
1672740049890 0.8125 23449
1672740064555 0.8125 23499
1672740079542 0.65625 23549
1672740094164 0.71875 23599
1672740108777 0.8125 23649
1672740134672 0.84375 23699
1672740149523 0.875 23749
1672740164346 0.75 23799
1672740179698 0.84375 23849
1672740206018 0.9375 23899
1672740220864 0.875 23949
1672740235486 0.90625 23999
1672740250128 0.84375 24049
1672740276450 0.875 24099
1672740291143 0.90625 24149
1672740306017 0.78125 24199
1672740320689 0.9375 24249
1672740336002 0.84375 24299
1672740362002 0.875 24349
1672740376829 0.90625 24399
1672740392160 0.8125 24449
1672740406820 0.78125 24499
1672740433217 0.78125 24549
1672740447996 0.90625 24599
1672740462876 0.75 24649
1672740477940 0.78125 24699
1672740503871 0.8125 24749
1672740518467 0.90625 24799
1672740533342 0.8125 24849
1672740547969 0.71875 24899
1672740562910 0.90625 24949
1672740589077 0.8125 24999
1672740603706 0.96875 25049
1672740618789 0.78125 25099
1672740633406 0.6875 25149
1672740660148 0.625 25199
1672740674852 0.875 25249
1672740689682 0.84375 25299
1672740704334 0.84375 25349
1672740730452 0.875 25399
1672740745105 0.75 25449
1672740760090 0.84375 25499
1672740774718 0.875 25549
1672740789347 0.875 25599
1672740815456 0.96875 25649
1672740830057 0.90625 25699
1672740844853 0.8125 25749
1672740859525 0.8125 25799
1672740885694 0.84375 25849
1672740900300 0.78125 25899
1672740914994 0.71875 25949
1672740929836 0.875 25999
1672740956169 0.8125 26049
1672740971658 0.78125 26099
1672740986338 0.84375 26149
1672741001184 0.8125 26199
1672741016027 0.8125 26249
1672741042010 0.75 26299
1672741056760 0.90625 26349
1672741071556 0.75 26399
1672741086204 0.84375 26449
1672741112491 0.78125 26499
1672741127303 0.90625 26549
1672741142221 0.8125 26599
1672741157132 0.75 26649
1672741183300 0.78125 26699
1672741197950 0.90625 26749
1672741212532 0.8125 26799
1672741227125 0.84375 26849
1672741241701 0.8125 26899
1672741267966 0.75 26949
1672741282647 0.8125 26999
1672741297562 0.71875 27049
1672741312225 0.90625 27099
1672741338575 0.90625 27149
1672741353197 0.84375 27199
1672741367848 0.84375 27249
1672741382499 0.75 27299
1672741408638 0.875 27349
1672741423250 0.84375 27399
1672741438049 0.8125 27449
1672741452655 0.875 27499
1672741467412 0.6875 27549
1672741493442 0.78125 27599
1672741508077 0.8125 27649
1672741522654 0.8125 27699
1672741537189 0.71875 27749
1672741563455 0.8125 27799
1672741578236 0.8125 27849
1672741593296 0.84375 27899
1672741607979 0.71875 27949
1672741634202 0.90625 27999
1672741648807 0.75 28049
1672741663420 0.875 28099
1672741678221 0.96875 28149
1672741692851 0.84375 28199
1672741719105 0.8125 28249
1672741733849 0.8125 28299
1672741748768 0.875 28349
1672741763623 0.875 28399
1672741789823 0.875 28449
1672741804595 0.9375 28499
1672741819256 0.8125 28549
1672741833839 0.8125 28599
1672741860564 0.90625 28649
1672741875260 0.90625 28699
1672741889937 0.78125 28749
1672741904784 0.8125 28799
1672741919456 0.8125 28849
1672741945416 0.84375 28899
1672741960166 0.875 28949
1672741975228 0.875 28999
1672741990000 0.875 29049
1672742016728 0.78125 29099
1672742031564 0.78125 29149
1672742046192 0.75 29199
1672742060814 0.71875 29249
1672742087479 0.875 29299
1672742102381 0.8125 29349
1672742117280 0.90625 29399
1672742132110 0.84375 29449
1672742146717 0.8125 29499
1672742172290 0.78125 29549
1672742187108 0.84375 29599
1672742201720 0.8125 29649
1672742216345 0.875 29699
1672742242548 0.78125 29749
1672742257354 0.71875 29799
1672742272206 0.84375 29849
1672742287019 0.78125 29899
1672742312810 0.875 29949
1672742327366 0.78125 29999
1672742341967 0.9375 30049
1672742356656 0.875 30099
1672742371425 0.75 30149
1672742397458 0.625 30199
1672742412488 0.71875 30249
1672742427103 0.90625 30299
1672742441730 0.78125 30349
1672742468138 0.90625 30399
1672742482865 0.875 30449
1672742497772 0.75 30499
1672742512920 0.8125 30549
1672742539494 0.84375 30599
1672742554310 0.71875 30649
1672742569623 0.9375 30699
1672742584278 0.84375 30749
1672742599000 0.84375 30799
1672742625496 0.78125 30849
1672742640171 0.75 30899
1672742655046 0.8125 30949
1672742669668 0.875 30999
1672742696242 0.90625 31049
1672742710963 0.96875 31099
1672742725788 0.75 31149
1672742740509 0.65625 31199
1672742767000 0.96875 31249
1672742781648 0.84375 31299
1672742796263 0.84375 31349
1672742811124 0.75 31399
1672742826081 0.65625 31449
1672742852530 0.71875 31499
1672742867105 0.6875 31549
1672742881702 0.8125 31599
1672742896443 0.90625 31649
1672742922442 1.0 31699
1672742937033 0.6875 31749
1672742951822 0.875 31799
1672742966611 0.78125 31849
1672742992796 0.84375 31899
1672743007593 0.71875 31949
1672743022760 0.9375 31999
1672743037930 0.84375 32049
1672743052541 0.8125 32099
1672743078622 0.75 32149
1672743093338 0.8125 32199
1672743107851 0.90625 32249
1672743122375 0.90625 32299
1672743148524 0.875 32349
1672743163476 0.8125 32399
1672743178078 0.78125 32449
1672743192663 0.78125 32499
1672743207045 0.875 32549
