1672731970354 0.6232028007507324 216
1672732044499 0.6410807967185974 433
1672732119405 0.6434680819511414 650
1672732194337 0.650665819644928 867
1672732270225 0.6500014066696167 1084
1672732345311 0.6392036080360413 1301
1672732420222 0.6360754370689392 1518
1672732495364 0.6297585964202881 1735
1672732570564 0.6373898386955261 1952
1672732645533 0.6452265381813049 2169
1672732720761 0.6395416855812073 2386
1672732795911 0.6512035727500916 2603
1672732870839 0.6435228586196899 2820
1672732945487 0.6473274827003479 3037
1672733020515 0.6467139720916748 3254
1672733096680 0.6541635990142822 3471
1672733172100 0.6487030982971191 3688
1672733248051 0.6500904560089111 3905
1672733323545 0.6631266474723816 4122
1672733400045 0.6623614430427551 4339
1672733475174 0.6642912030220032 4556
1672733550799 0.668887197971344 4773
1672733626283 0.6576036810874939 4990
1672733701622 0.6659637093544006 5207
1672733776717 0.6564393639564514 5424
1672733852148 0.6613484621047974 5641
1672733927807 0.659363865852356 5858
1672734002894 0.6605386734008789 6075
1672734078853 0.6757842898368835 6292
1672734154301 0.6667108535766602 6509
1672734231220 0.6739249229431152 6726
1672734306773 0.6607143878936768 6943
1672734382077 0.6715707182884216 7160
1672734457304 0.6647928953170776 7377
1672734532406 0.6643253564834595 7594
1672734608134 0.6641030311584473 7811
1672734683286 0.6695621013641357 8028
1672734759526 0.6680753827095032 8245
1672734834585 0.6617063283920288 8462
1672734910266 0.667220950126648 8679
1672734985799 0.6607401967048645 8896
1672735061427 0.6535177230834961 9113
1672735136850 0.6672946214675903 9330
1672735212263 0.6662777066230774 9547
1672735287150 0.6611953377723694 9764
1672735362362 0.6720991134643555 9981
1672735437444 0.6654103994369507 10198
1672735513181 0.6672659516334534 10415
1672735588979 0.6578212976455688 10632
1672735664489 0.6708193421363831 10849
1672735740226 0.6683633923530579 11066
1672735815460 0.6610308289527893 11283
1672735891085 0.6666889786720276 11500
1672735966831 0.6598103046417236 11717
1672736042415 0.6612831950187683 11934
1672736118048 0.659624457359314 12151
1672736193929 0.6657525897026062 12368
1672736269109 0.6714752912521362 12585
1672736344796 0.661679208278656 12802
1672736420727 0.6600366234779358 13019
1672736495895 0.6812911629676819 13236
1672736571764 0.6641753911972046 13453
1672736647378 0.6728911995887756 13670
1672736723219 0.6613566875457764 13887
1672736798702 0.6666597127914429 14104
1672736874538 0.6645275950431824 14321
1672736950050 0.6718738675117493 14538
1672737025839 0.6632218360900879 14755
1672737101428 0.6696463823318481 14972
1672737177019 0.6616441607475281 15189
1672737253516 0.6666041612625122 15406
1672737328584 0.6657853722572327 15623
1672737404205 0.6724661588668823 15840
1672737479736 0.6573377251625061 16057
1672737554613 0.6560723185539246 16274
1672737629262 0.6644185781478882 16491
1672737705023 0.6650105714797974 16708
1672737781117 0.6687918305397034 16925
1672737856647 0.662688672542572 17142
1672737932493 0.6667730212211609 17359
1672738007692 0.6652464866638184 17576
1672738083133 0.6538398265838623 17793
1672738158722 0.6727533936500549 18010
1672738234809 0.6743589639663696 18227
1672738310387 0.6755635142326355 18444
1672738385871 0.6560980677604675 18661
1672738461549 0.6728347539901733 18878
1672738536823 0.6681091785430908 19095
1672738612354 0.6707748174667358 19312
1672738687598 0.6629545092582703 19529
1672738763955 0.6910339593887329 19746
1672738839285 0.6647370457649231 19963
1672738915111 0.6777044534683228 20180
1672738990516 0.6719693541526794 20397
1672739066597 0.6656888127326965 20614
1672739141535 0.6595982313156128 20831
1672739217557 0.6795239448547363 21048
1672739293150 0.6573089361190796 21265
1672739368375 0.677485466003418 21482
1672739443596 0.663327693939209 21699
1672739518835 0.6813884377479553 21916
1672739594593 0.6702982187271118 22133
1672739669984 0.6663877367973328 22350
1672739745469 0.6686712503433228 22567
1672739820206 0.6756646633148193 22784
1672739895050 0.6703149676322937 23001
1672739969716 0.6788191795349121 23218
1672740044961 0.669721782207489 23435
1672740119980 0.6722524762153625 23652
1672740196462 0.6870682835578918 23869
1672740271873 0.6783667206764221 24086
1672740347750 0.6634566187858582 24303
1672740423863 0.6788939833641052 24520
1672740499604 0.6712988018989563 24737
1672740574907 0.6737022995948792 24954
1672740651152 0.6635815501213074 25171
1672740726430 0.6708295941352844 25388
1672740801833 0.6730170845985413 25605
1672740876839 0.6681700348854065 25822
1672740952267 0.6783649921417236 26039
1672741028656 0.6679803729057312 26256
1672741104070 0.6753860116004944 26473
1672741179720 0.6723071336746216 26690
1672741254970 0.6818467378616333 26907
1672741330482 0.6781268119812012 27124
1672741405527 0.6647303700447083 27341
1672741480774 0.6620522737503052 27558
1672741555623 0.6767281293869019 27775
1672741631366 0.6773164868354797 27992
1672741706431 0.6600223779678345 28209
1672741782400 0.6669901609420776 28426
1672741857808 0.6750064492225647 28643
1672741933204 0.6678914427757263 28860
1672742009496 0.6757894158363342 29077
1672742085248 0.6720297336578369 29294
1672742160355 0.6740750074386597 29511
1672742235466 0.6787336468696594 29728
1672742310868 0.679231584072113 29945
1672742385828 0.6824855208396912 30162
1672742460990 0.6662400364875793 30379
1672742537835 0.6761131882667542 30596
1672742613962 0.6691455841064453 30813
1672742689746 0.6605806946754456 31030
1672742765662 0.6721537709236145 31247
1672742841536 0.6808345317840576 31464
1672742916353 0.6756094098091125 31681
1672742991740 0.6751862168312073 31898
1672743067917 0.6642354726791382 32115
1672743142799 0.6704970002174377 32332
1672743217733 0.674932599067688 32549
