1672731970354 0.7627251148223877 216
1672732044499 0.7857611179351807 433
1672732119405 0.7863089442253113 650
1672732194337 0.7870520353317261 867
1672732270225 0.7898845076560974 1084
1672732345311 0.7781503200531006 1301
1672732420222 0.7741618752479553 1518
1672732495364 0.7660501003265381 1735
1672732570564 0.7798432111740112 1952
1672732645533 0.7834875583648682 2169
1672732720761 0.7769253849983215 2386
1672732795911 0.7887091040611267 2603
1672732870839 0.7739087343215942 2820
1672732945487 0.7813295125961304 3037
1672733020515 0.7710570096969604 3254
1672733096680 0.7825902104377747 3471
1672733172100 0.7737105488777161 3688
1672733248051 0.7738632559776306 3905
1672733323545 0.7812414765357971 4122
1672733400045 0.7860639691352844 4339
1672733475174 0.7828131914138794 4556
1672733550799 0.7984393835067749 4773
1672733626283 0.7686952948570251 4990
1672733701622 0.785578191280365 5207
1672733776717 0.7752684950828552 5424
1672733852148 0.7791137099266052 5641
1672733927807 0.780489981174469 5858
1672734002894 0.7695046067237854 6075
1672734078853 0.7873576283454895 6292
1672734154301 0.7760500907897949 6509
1672734231220 0.7862621545791626 6726
1672734306773 0.7639251947402954 6943
1672734382077 0.782639741897583 7160
1672734457304 0.7811644077301025 7377
1672734532406 0.7801350951194763 7594
1672734608134 0.7698459625244141 7811
1672734683286 0.7789210677146912 8028
1672734759526 0.7788439989089966 8245
1672734834585 0.76348477602005 8462
1672734910266 0.7745721340179443 8679
1672734985799 0.7671085596084595 8896
1672735061427 0.7575227618217468 9113
1672735136850 0.7756455540657043 9330
1672735212263 0.7716102600097656 9547
1672735287150 0.7683224081993103 9764
1672735362362 0.7807638645172119 9981
1672735437444 0.7691412568092346 10198
1672735513181 0.7621084451675415 10415
1672735588979 0.7613102793693542 10632
1672735664489 0.7765676975250244 10849
1672735740226 0.7671292424201965 11066
1672735815460 0.7621552348136902 11283
1672735891085 0.7714065909385681 11500
1672735966831 0.7560708522796631 11717
1672736042415 0.7654268145561218 11934
1672736118048 0.7653179168701172 12151
1672736193929 0.7637958526611328 12368
1672736269109 0.7686856985092163 12585
1672736344796 0.7613295316696167 12802
1672736420727 0.7604900002479553 13019
1672736495895 0.7856455445289612 13236
1672736571764 0.7686678767204285 13453
1672736647378 0.77379310131073 13670
1672736723219 0.7624800801277161 13887
1672736798702 0.7661354541778564 14104
1672736874538 0.761984646320343 14321
1672736950050 0.7696614861488342 14538
1672737025839 0.7635936141014099 14755
1672737101428 0.7701528668403625 14972
1672737177019 0.7576686143875122 15189
1672737253516 0.76817786693573 15406
1672737328584 0.7559537887573242 15623
1672737404205 0.7705534100532532 15840
1672737479736 0.7570604085922241 16057
1672737554613 0.7518085241317749 16274
1672737629262 0.7616337537765503 16491
1672737705023 0.7655010223388672 16708
1672737781117 0.7630622982978821 16925
1672737856647 0.7564601898193359 17142
1672737932493 0.7550069093704224 17359
1672738007692 0.757321834564209 17576
1672738083133 0.7481310367584229 17793
1672738158722 0.7727388739585876 18010
1672738234809 0.7695155739784241 18227
1672738310387 0.7700770497322083 18444
1672738385871 0.7555877566337585 18661
1672738461549 0.7658629417419434 18878
1672738536823 0.7669392824172974 19095
1672738612354 0.7624250650405884 19312
1672738687598 0.7493202090263367 19529
1672738763955 0.7868373394012451 19746
1672738839285 0.760520339012146 19963
1672738915111 0.7694191932678223 20180
1672738990516 0.7671773433685303 20397
1672739066597 0.7633691430091858 20614
1672739141535 0.7526040077209473 20831
1672739217557 0.7706359624862671 21048
1672739293150 0.7457032799720764 21265
1672739368375 0.7663777470588684 21482
1672739443596 0.75450599193573 21699
1672739518835 0.7730967402458191 21916
1672739594593 0.7641811966896057 22133
1672739669984 0.7624650001525879 22350
1672739745469 0.7637902498245239 22567
1672739820206 0.7719241380691528 22784
1672739895050 0.7622846961021423 23001
1672739969716 0.7712992429733276 23218
1672740044961 0.7584779858589172 23435
1672740119980 0.7573699951171875 23652
1672740196462 0.7803276181221008 23869
1672740271873 0.7691770792007446 24086
1672740347750 0.7524552941322327 24303
1672740423863 0.7697385549545288 24520
1672740499604 0.7630691528320312 24737
1672740574907 0.7642142176628113 24954
1672740651152 0.7602891325950623 25171
1672740726430 0.7606014013290405 25388
1672740801833 0.7670369148254395 25605
1672740876839 0.760587751865387 25822
1672740952267 0.7700964212417603 26039
1672741028656 0.7564025521278381 26256
1672741104070 0.7610679864883423 26473
1672741179720 0.7645473480224609 26690
1672741254970 0.7741027474403381 26907
1672741330482 0.7687477469444275 27124
1672741405527 0.7591686844825745 27341
1672741480774 0.7591908574104309 27558
1672741555623 0.7748445272445679 27775
1672741631366 0.7659345269203186 27992
1672741706431 0.7475337982177734 28209
1672741782400 0.7589210271835327 28426
1672741857808 0.7668015956878662 28643
1672741933204 0.7595265507698059 28860
1672742009496 0.7653950452804565 29077
1672742085248 0.7647867202758789 29294
1672742160355 0.7656207084655762 29511
1672742235466 0.7678008079528809 29728
1672742310868 0.7706661224365234 29945
1672742385828 0.7755918502807617 30162
1672742460990 0.7593642473220825 30379
1672742537835 0.7650867700576782 30596
1672742613962 0.7579383850097656 30813
1672742689746 0.7505312561988831 31030
1672742765662 0.759730339050293 31247
1672742841536 0.7689651250839233 31464
1672742916353 0.7661850452423096 31681
1672742991740 0.7634545564651489 31898
1672743067917 0.7517409920692444 32115
1672743142799 0.7567437887191772 32332
1672743217733 0.7651308178901672 32549
