1672731910746 1.9264174651882473 49
1672731925241 1.9338811487699235 99
1672731940108 1.721218109105802 149
1672731954578 1.5281681199054802 199
1672731980765 1.6404375388814618 249
1672731995235 1.5548800725221472 299
1672732009728 2.3790408127427827 349
1672732024213 1.7320841798497955 399
1672732049939 1.7329169795995472 449
1672732064504 1.8096265066440056 499
1672732079253 1.684893132099009 549
1672732094183 1.6409715061493382 599
1672732108723 1.9265806787812356 649
1672732134512 1.6374337253068068 699
1672732149136 1.765898251018188 749
1672732163777 1.9866098930483074 799
1672732178397 1.6182924343682037 849
1672732204498 2.0267837995518674 899
1672732219312 2.0020157254096826 949
1672732234243 1.7099138399741562 999
1672732248854 2.1233423792721826 1049
1672732275409 2.0069677319024892 1099
1672732290138 1.3648162178964127 1149
1672732304769 2.115547562127624 1199
1672732319404 1.7839515078487453 1249
1672732334024 1.4890345056677394 1299
1672732360063 1.4757716052258303 1349
1672732374782 2.150873841637602 1399
1672732389349 2.299371324087826 1449
1672732404014 2.02752413408265 1499
1672732430031 1.7398545009244892 1549
1672732444705 2.238065451591864 1599
1672732459369 1.9787319866464246 1649
1672732474015 1.7514098936912699 1699
1672732500217 2.036018979925837 1749
1672732514980 2.0616993957503955 1799
1672732529952 1.3757852314498802 1849
1672732544683 2.2757789404254383 1899
1672732559244 1.9861715493863725 1949
1672732585043 1.9103851705590777 1999
1672732599611 1.5306623717927426 2049
1672732614168 1.6490166296032982 2099
1672732628905 1.8721708258561625 2149
1672732655043 1.6886360415248463 2199
1672732669615 2.1632601675147964 2249
1672732684295 1.8016712534523593 2299
1672732699423 1.8205615978558787 2349
1672732725334 2.196102012501429 2399
1672732739903 2.230558777800691 2449
1672732754543 1.9001433362196323 2499
1672732769307 1.5006157201473012 2549
1672732784099 1.7263332421472524 2599
1672732810264 1.4979868016094273 2649
1672732825122 1.5888218836637535 2699
1672732839975 1.560053786242506 2749
1672732854652 2.0982631216614624 2799
1672732880060 1.929574386198309 2849
1672732894656 2.0080932293420526 2899
1672732909253 1.6401798621337629 2949
1672732924198 2.351254092959443 2999
1672732949768 2.207010134337909 3049
1672732964501 1.9624606892356509 3099
1672732979423 1.678079081089945 3149
1672732994056 1.980799648520298 3199
1672733008672 1.4533214811958832 3249
1672733034505 1.5395681373377292 3299
1672733049129 2.262603186189523 3349
1672733064222 1.6160726004567358 3399
1672733079177 1.6498567933020876 3449
1672733105942 1.5878011197191944 3499
1672733120573 1.8232890247917322 3549
1672733135351 2.0303017263272816 3599
1672733150094 1.7131754171005529 3649
1672733176162 1.3873210886994296 3699
1672733190883 2.0015080871261004 3749
1672733206073 2.034817101699166 3799
1672733220963 1.5460439982971814 3849
1672733235627 1.9240840669689077 3899
1672733261985 2.0868422727386804 3949
1672733276697 1.6798023019593882 3999
1672733291366 1.9056818265343196 4049
1672733306089 2.1748655552579437 4099
1672733332207 1.86112179111427 4149
1672733347220 1.8965623897485366 4199
1672733362820 2.081816090625138 4249
1672733377462 1.9773394586562356 4299
1672733403775 1.7797206524898619 4349
1672733418526 1.8452327315160595 4399
1672733433209 2.140382061112712 4449
1672733447913 1.8356080786061448 4499
1672733462591 2.1727372323865453 4549
1672733488902 1.5124704476251924 4599
1672733503695 1.9710769285643566 4649
1672733518450 2.3324633153806653 4699
1672733533324 1.5411002144595847 4749
1672733559299 1.7171010422242594 4799
1672733573900 1.6157510910490798 4849
1672733588519 2.0700929264956005 4899
1672733603515 2.2927563931120862 4949
1672733629744 1.8909414192913199 4999
1672733644561 1.4767204223997203 5049
1672733659238 1.7220022406091227 5099
1672733674075 2.035486925993089 5149
1672733688714 2.0212224451408707 5199
1672733714590 1.6989016474457839 5249
1672733729184 1.8275147423538478 5299
1672733744001 2.2276805026971176 5349
1672733758771 1.7980835026775708 5399
1672733785036 1.7310674080448665 5449
1672733799836 1.5579392006693367 5499
1672733814492 1.4764808663965323 5549
1672733829181 1.9222566269631876 5599
1672733855302 1.8313605401415463 5649
1672733869920 1.635442125858674 5699
1672733884784 1.8090474815509947 5749
1672733899440 1.807294243017096 5799
1672733914481 1.7595234258545336 5849
1672733940795 1.7613932427211556 5899
1672733955502 1.528743094822079 5949
1672733970139 2.2828995207278338 5999
1672733984791 1.8669481403727266 6049
1672734010720 1.6771458587279529 6099
1672734025759 1.8684813805469433 6149
1672734040456 1.409486018513084 6199
1672734055332 1.6058093115882315 6249
1672734081683 2.079035862809269 6299
1672734096342 1.6882196405987757 6349
1672734111018 2.180981302923297 6399
1672734125718 1.782287338467317 6449
1672734140381 2.022060610781044 6499
1672734166972 2.1404237603692238 6549
1672734181801 1.624497584603497 6599
1672734196632 1.504608374203387 6649
1672734212075 2.035010415256152 6699
1672734238730 1.7497638100025206 6749
1672734253343 1.9061699850860563 6799
1672734267966 1.749858677085198 6849
1672734282631 2.008634145110606 6899
1672734309302 1.6563263372642303 6949
1672734323916 1.7518264338635736 6999
1672734338722 2.2603845403045777 7049
1672734353522 1.3851766392815952 7099
1672734368149 1.3628514402971708 7149
1672734394260 1.6743650564658414 7199
1672734408918 2.012422895462157 7249
1672734423568 1.7177981472097081 7299
1672734438403 1.8088166285876044 7349
1672734464460 1.9721631723134683 7399
1672734479082 2.310254577946104 7449
1672734493702 1.7549013512513214 7499
1672734508513 1.7324295745268676 7549
1672734534672 1.854665424988891 7599
1672734549500 1.6563046119122522 7649
1672734564373 1.9253557861247532 7699
1672734579050 1.712857467822325 7749
1672734593849 1.8177015961470675 7799
1672734620014 1.6354772193004683 7849
1672734634644 1.924205977162514 7899
1672734649270 1.5597514277241893 7949
1672734664063 1.7232744972755314 7999
1672734690315 1.6582955394119203 8049
1672734705345 1.3707864039858022 8099
1672734720199 2.0729330578209604 8149
1672734734928 1.5381117441979535 8199
1672734761465 1.8593794710261897 8249
1672734776073 1.7455698278556082 8299
1672734790976 1.6420649718659326 8349
1672734805576 1.9996895364033458 8399
1672734820192 1.8990892621638356 8449
1672734846196 1.370499350128314 8499
1672734861236 1.5239702574384282 8549
1672734875945 1.6064591331837494 8599
1672734890785 2.0072009505178037 8649
1672734917094 1.6727452808138803 8699
1672734931802 1.3312103420997319 8749
1672734946468 1.8015423349093955 8799
1672734961135 1.537525125121935 8849
1672734987439 1.8489650521637513 8899
1672735002503 1.9794524916499783 8949
1672735017368 1.6833506004930872 8999
1672735032146 2.1326268730750417 9049
1672735046785 1.83363326058881 9099
1672735072833 1.9316693370439966 9149
1672735087536 1.841762353789877 9199
1672735102254 1.8890699304649994 9249
1672735116924 1.3308175704963792 9299
1672735143382 2.0322340594569326 9349
1672735158148 1.7786234449951968 9399
1672735172733 1.5845226089553122 9449
1672735187525 1.644501592115879 9499
1672735213725 1.7684223590459598 9549
1672735228367 2.0771959189523885 9599
1672735242974 2.1139857498669947 9649
1672735257557 1.3851062006909918 9699
1672735272299 1.3904279774513555 9749
1672735298076 1.6544567358419102 9799
1672735313165 1.902185409099941 9849
1672735327780 1.7924460046564716 9899
1672735342398 1.4912343046741066 9949
1672735368397 1.8082359766374356 9999
1672735382992 2.036934093428082 10049
1672735397781 1.714306142112901 10099
1672735412325 1.7986023450031852 10149
1672735438526 1.7871731086557094 10199
1672735453191 1.8747039115567727 10249
1672735468265 1.5959195910456725 10299
1672735483088 1.6441454582390218 10349
1672735497685 1.5159563300439545 10399
1672735524007 2.0502387883277224 10449
1672735538744 1.8291324092675743 10499
1672735553462 1.6809488109788817 10549
1672735568365 1.8584747560660817 10599
1672735594713 1.4155390871698197 10649
1672735609702 1.757920113932303 10699
1672735624377 2.135311779295551 10749
1672735639009 2.083623517541658 10799
1672735653430 2.220032834194564 10849
1672735680049 1.8175801672045613 10899
1672735694917 1.7487364988805745 10949
1672735709575 1.5694940350859685 10999
1672735724449 1.8267994197743644 11049
1672735750982 2.0694945394764153 11099
1672735765605 1.5772123795626496 11149
1672735780197 1.9195125884572628 11199
1672735794894 2.1144973501733975 11249
1672735821164 1.9620579466207066 11299
1672735835863 1.8915369112061369 11349
1672735850547 1.985758883753359 11399
1672735865218 1.707254793695235 11449
1672735880051 1.7290906085348599 11499
1672735906530 1.6912523253724099 11549
1672735921271 1.607658251835658 11599
1672735936012 1.3358279394553514 11649
1672735950718 1.9679392061068712 11699
1672735976971 1.2793254911558891 11749
1672735991735 1.4047012110052977 11799
1672736006377 1.6898435876979248 11849
1672736021191 1.7071740798589137 11899
1672736047603 2.3185371725619928 11949
1672736062330 1.7966764338206618 11999
1672736077053 1.8985899273189093 12049
1672736091693 2.090855086336844 12099
1672736106353 2.097464648279453 12149
1672736132822 1.9359850967411856 12199
1672736147544 1.9526561861401528 12249
1672736162571 1.816541517444306 12299
1672736177483 2.017897201730796 12349
1672736203805 1.8979553846401513 12399
1672736218453 1.5153274752022718 12449
1672736233119 1.58893971429942 12499
1672736247831 1.3846024481884602 12549
1672736273985 1.5076762500560417 12599
1672736288964 1.7475915228355177 12649
1672736303873 1.5910880342484308 12699
1672736318516 2.1983780695643795 12749
1672736333203 1.9204932652781057 12799
1672736359596 1.516003919925568 12849
1672736374273 1.7964106768455796 12899
1672736389134 1.774424638341312 12949
1672736404000 1.6724743015469716 12999
1672736430296 1.8318591561485098 13049
1672736444948 2.056066824211093 13099
1672736459719 2.3006431801864307 13149
1672736474478 1.495683822579672 13199
1672736500678 1.4503002611878362 13249
1672736515381 1.5337665809092138 13299
1672736530441 1.573129159714118 13349
1672736545281 1.782271284460552 13399
1672736559959 1.626309868950691 13449
1672736586104 2.3111291704424515 13499
1672736600836 1.5759962616576568 13549
1672736615541 1.715160269406056 13599
1672736630281 1.751467150706071 13649
1672736657035 1.7797177637358326 13699
1672736671813 1.728411566438369 13749
1672736686681 1.6253836270908022 13799
1672736701515 2.176876724508367 13849
1672736727544 1.2581878321844755 13899
1672736742203 1.486942100358205 13949
1672736757039 1.9708859669969572 13999
1672736771897 1.8421244536232693 14049
1672736786642 1.6724934810001224 14099
1672736812728 1.5906045396862316 14149
1672736827815 1.4748040936329927 14199
1672736842473 1.9697393280425173 14249
1672736857242 1.7052550141959752 14299
1672736883714 1.640534872842647 14349
1672736898410 1.9114150126062661 14399
1672736913236 1.7252166310972834 14449
1672736927884 1.6900223017701972 14499
1672736954346 1.9562497753798764 14549
1672736969256 2.18000205028539 14599
1672736983969 2.100043137800299 14649
1672736998702 1.6999306498562072 14699
1672737013436 1.524951412702553 14749
1672737039623 1.878402703539078 14799
1672737054400 2.034612805715283 14849
1672737069062 1.9292993969705294 14899
1672737083799 1.3750251189167468 14949
1672737110107 1.9862063758228519 14999
1672737124974 1.5465592222152078 15049
1672737139884 1.4064418688942777 15099
1672737154503 1.7568043777679017 15149
1672737180758 2.121090475938021 15199
1672737195422 1.6669046467881887 15249
1672737211066 1.5933216587594847 15299
1672737226024 2.0288343774714805 15349
1672737240815 1.8509447228380176 15399
1672737266899 2.053888263419519 15449
1672737281492 1.6497024482929974 15499
1672737296280 1.632539669364815 15549
1672737310899 1.8680499056955848 15599
1672737337169 2.336326356604652 15649
1672737351744 1.9878445219311098 15699
1672737366432 1.7083600901866252 15749
1672737381243 1.875019278755771 15799
1672737407653 1.2561449572036139 15849
1672737422234 1.6583318984944126 15899
1672737437061 1.5681286476471543 15949
1672737451680 1.743501449894965 15999
1672737466502 1.7594578008380308 16049
1672737492867 2.127491608955465 16099
1672737507667 1.3963889659615467 16149
1672737522529 1.6212512505684415 16199
1672737537180 1.6567791951056616 16249
1672737562648 1.6079976146318047 16299
1672737577459 1.7763892387444233 16349
1672737592112 1.936347859304445 16399
1672737606746 2.2547772015693246 16449
1672737632336 1.7665331886768771 16499
1672737646938 1.609218550332093 16549
1672737661683 1.9464430780198052 16599
1672737676390 1.5198577567390328 16649
1672737691115 1.88659089720781 16699
1672737718014 1.8518936928874794 16749
1672737732660 1.4270563469574107 16799
1672737747329 1.7321533708406216 16849
1672737762353 1.799198006540291 16899
1672737788943 1.3607628716637201 16949
1672737803701 1.7160948972501422 16999
1672737818432 2.2173164940299683 17049
1672737833125 1.5946395317008895 17099
1672737859491 1.8468803815373238 17149
1672737874559 1.802000336053847 17199
1672737889272 1.4555806214945446 17249
1672737904326 1.6476022707257698 17299
1672737918995 2.127665804988103 17349
1672737944980 1.6130850185718704 17399
1672737959582 2.1470385341763754 17449
1672737974226 1.5389406297811665 17499
1672737989040 1.690675392780965 17549
1672738015159 1.8137272003464042 17599
1672738030159 1.6897194777511504 17649
1672738044949 1.555867209406941 17699
1672738059570 2.0992723248690313 17749
1672738085758 1.8330860671294382 17799
1672738100339 1.8436235037142716 17849
1672738114983 1.7883047764783742 17899
1672738129610 1.6181974537032966 17949
1672738144801 1.6726025726384348 17999
1672738170936 1.6689707734431387 18049
1672738185775 1.417725830147896 18099
1672738200467 2.0693336265350255 18149
1672738215849 2.1084774534956368 18199
1672738242051 1.7657347978971223 18249
1672738256907 2.05054959660705 18299
1672738271820 1.4971888313967625 18349
1672738286660 1.8239281796641433 18399
1672738312649 2.0418788325126584 18449
1672738327384 1.5870155578297136 18499
1672738342267 1.3022779567293632 18549
1672738356914 2.0352263701179196 18599
1672738371564 2.0267831774118688 18649
1672738397987 1.9966849008028433 18699
1672738412849 1.334457490194291 18749
1672738427716 1.5510308402001018 18799
1672738442383 2.158413536195645 18849
1672738468537 1.836004217732989 18899
1672738483319 1.5633003972870327 18949
1672738497981 2.2349414112227413 18999
1672738512584 2.015317690581861 19049
1672738538777 1.5255758483250863 19099
1672738553494 2.0221020342025757 19149
1672738568256 1.552459811032258 19199
1672738583194 2.4949127108546554 19249
1672738597970 1.7735409750913593 19299
1672738623916 2.055030283509101 19349
1672738638689 1.763066543106144 19399
1672738653558 1.19636408539783 19449
1672738668342 1.583537070328243 19499
1672738694594 2.1445854457540197 19549
1672738709766 1.561985796533299 19599
1672738724453 1.6124660575087009 19649
1672738739150 1.6739800333804746 19699
1672738765643 2.260553149215079 19749
1672738780297 1.7790365163170507 19799
1672738795232 1.6950825011030664 19849
1672738809920 1.742452736741289 19899
1672738824601 1.566976942929744 19949
1672738850622 1.6200844277761144 19999
1672738865687 1.7480979415762132 20049
1672738880564 1.6465696006640789 20099
1672738895235 1.585471411549433 20149
1672738921488 1.7600042359870447 20199
1672738936180 1.864964606116319 20249
1672738951004 1.7321715583377473 20299
1672738965818 1.3955774704410762 20349
1672738991881 1.4716945074947583 20399
1672739006895 1.7108952897084917 20449
1672739021794 1.832287538978893 20499
1672739036588 1.7623596756065392 20549
1672739051247 2.003865143191531 20599
1672739077573 2.02409437748598 20649
1672739092114 2.023981843575385 20699
1672739106685 1.415203843340541 20749
1672739121421 1.7083759140837413 20799
1672739147598 1.7090596355301058 20849
1672739162615 1.731878159688181 20899
1672739177592 1.926254801182035 20949
1672739192239 1.9661793508864132 20999
1672739218632 1.9559550119948783 21049
1672739233269 1.927004065000133 21099
1672739248516 1.6439505492919344 21149
1672739263289 1.886447968830487 21199
1672739277890 1.6056236442350058 21249
1672739304233 1.7761273474363943 21299
1672739318878 1.4601043863943244 21349
1672739333498 1.8659240833115458 21399
1672739348104 1.899399578026732 21449
1672739374097 1.7338551349139806 21499
1672739388863 1.6060140543890016 21549
1672739403477 1.7871628695849113 21599
1672739418076 1.3370073031679177 21649
1672739432652 0.6746897634109785 21699
1672739459023 1.5246125245196238 21749
1672739473713 1.7253810504642053 21799
1672739488361 1.768819564347004 21849
1672739503017 1.8577756736271254 21899
1672739529255 1.803669344279975 21949
1672739544351 1.6210573850519603 21999
1672739559130 1.7314416540801496 22049
1672739573891 1.7280740427704038 22099
1672739600058 1.6197200880097435 22149
1672739614701 1.4766898356290634 22199
1672739629354 1.1436085257381183 22249
1672739643993 1.8828940668875092 22299
1672739658662 1.7464412292704998 22349
1672739685339 2.1756708079826206 22399
1672739700235 1.7499913697442566 22449
1672739715118 1.2671052430864633 22499
1672739729811 1.4842930709225826 22549
1672739755546 1.9684980194771375 22599
1672739770116 1.8091593822347054 22649
1672739784680 1.7317991521949665 22699
1672739799248 1.6859947638864226 22749
1672739825609 1.4425193648606818 22799
1672739840570 1.8161010805385576 22849
1672739855223 1.3831461413786 22899
1672739869778 1.6707639659087283 22949
1672739884317 1.5514929729376157 22999
1672739909841 1.935807380194444 23049
1672739924386 1.7592950648495242 23099
1672739938928 1.7124043656740189 23149
1672739953647 1.5701545576076246 23199
1672739979509 1.974246343024312 23249
1672739994302 1.887020153457443 23299
1672740008956 1.7586321728561414 23349
1672740023769 1.6966974179899978 23399
1672740049890 1.4086792196641156 23449
1672740064555 1.4987168943246938 23499
1672740079542 2.0006791840198423 23549
1672740094164 1.6858621712881852 23599
1672740108777 1.745564480353154 23649
1672740134672 1.852466394917263 23699
1672740149523 1.915323494663066 23749
1672740164346 1.7503778806136516 23799
1672740179698 1.6459304720511212 23849
1672740206018 1.4621921513973426 23899
1672740220864 1.7628358815203151 23949
1672740235486 1.8948732697881274 23999
1672740250128 1.8319723464419457 24049
1672740276450 2.3947835920133627 24099
1672740291143 1.816676923681538 24149
1672740306017 1.6431132596537419 24199
1672740320689 1.2282413359396194 24249
1672740336002 1.2728446018677169 24299
1672740362002 1.5173324222433402 24349
1672740376829 1.6545868297393236 24399
1672740392160 1.4898878410402159 24449
1672740406820 1.714029778614751 24499
1672740433217 1.947682297622701 24549
1672740447996 1.527691931666916 24599
1672740462876 1.8294319713170237 24649
1672740477940 1.5263899899173434 24699
1672740503871 1.5735398079035767 24749
1672740518467 1.4906886967782416 24799
1672740533342 1.9541839210478407 24849
1672740547969 2.095657785581458 24899
1672740562910 1.753629184152277 24949
1672740589077 1.8019041426397315 24999
1672740603706 1.544639453181763 25049
1672740618789 1.973624713561649 25099
1672740633406 1.8324245635771614 25149
1672740660148 1.968714275819004 25199
1672740674852 1.4869015130192775 25249
1672740689682 1.5053036977541527 25299
1672740704334 1.8232392175305807 25349
1672740730452 1.809909944636416 25399
1672740745105 1.8793286224784802 25449
1672740760090 1.4512310463033071 25499
1672740774718 1.8026768658448735 25549
1672740789347 1.8272202196918006 25599
1672740815456 1.560029313908009 25649
1672740830057 1.2428695925560156 25699
1672740844853 1.9565675987265727 25749
1672740859525 1.5132363160809272 25799
1672740885694 1.4839634478458836 25849
1672740900300 1.5865663611313154 25899
1672740914994 2.084093549528869 25949
1672740929836 1.4712227551904582 25999
1672740956169 1.641991965103967 26049
1672740971658 1.6267417320515596 26099
1672740986338 1.5751340522882802 26149
1672741001184 1.525345139162709 26199
1672741016027 1.646937526375464 26249
1672741042010 1.841066069742101 26299
1672741056760 1.9097295368095022 26349
1672741071556 1.9384839359479997 26399
1672741086204 1.5691735759312553 26449
1672741112491 1.6348471528370536 26499
1672741127303 1.2523542587461267 26549
1672741142221 1.8512603005293033 26599
1672741157132 1.7748793928113618 26649
1672741183300 1.888648973034302 26699
1672741197950 1.6000490508422391 26749
1672741212532 1.721084240643096 26799
1672741227125 1.8276710085101207 26849
1672741241701 1.890888855944517 26899
1672741267966 1.762084665396927 26949
1672741282647 1.8320267342111638 26999
1672741297562 1.9179242624612147 27049
1672741312225 1.8283599637614212 27099
1672741338575 1.8994328289947695 27149
1672741353197 1.6357290845849592 27199
1672741367848 1.2752087189316432 27249
1672741382499 2.008155885058309 27299
1672741408638 1.8013371662137105 27349
1672741423250 1.614662296715422 27399
1672741438049 1.9910042964913024 27449
1672741452655 1.698504602002508 27499
1672741467412 1.8630856118160828 27549
1672741493442 1.59671335963916 27599
1672741508077 1.2880700404581182 27649
1672741522654 1.686336762148422 27699
1672741537189 2.0080991888161264 27749
1672741563455 1.7270620669965422 27799
1672741578236 1.5023482131166337 27849
1672741593296 2.2943761765071953 27899
1672741607979 1.5496671068149837 27949
1672741634202 1.4238631913831714 27999
1672741648807 1.783646036985273 28049
1672741663420 1.9524597779713084 28099
1672741678221 1.9891210192358668 28149
1672741692851 1.8382818411195068 28199
1672741719105 1.4523621574551293 28249
1672741733849 1.6467837365014486 28299
1672741748768 1.4272409526381997 28349
1672741763623 1.6316607863994648 28399
1672741789823 1.608357991333223 28449
1672741804595 1.3791014246547975 28499
1672741819256 1.533974106685228 28549
1672741833839 1.47585672723321 28599
1672741860564 2.3329197157347 28649
1672741875260 1.8859785855284055 28699
1672741889937 1.756077496987469 28749
1672741904784 1.4658212198714011 28799
1672741919456 1.6462714292673413 28849
1672741945416 1.5991505719808083 28899
1672741960166 1.530113720417525 28949
1672741975228 1.4844044426071705 28999
1672741990000 1.8420834282644072 29049
1672742016728 1.494091384937255 29099
1672742031564 1.7331650118921407 29149
1672742046192 1.8102272102992374 29199
1672742060814 1.7501780149954416 29249
1672742087479 1.3658849703065787 29299
1672742102381 1.6604877764183035 29349
1672742117280 1.2619679824263181 29399
1672742132110 1.5305755779212125 29449
1672742146717 1.38826518487541 29499
1672742172290 1.8648836076625104 29549
1672742187108 1.6356556879817108 29599
1672742201720 2.1902813515629767 29649
1672742216345 1.9366997620869233 29699
1672742242548 1.7067282744789949 29749
1672742257354 1.9763018774534373 29799
1672742272206 1.7144166147257405 29849
1672742287019 1.7407767720215614 29899
1672742312810 1.2969109092487396 29949
1672742327366 1.43879354476792 29999
1672742341967 1.2373883400344936 30049
1672742356656 1.722589744128192 30099
1672742371425 2.031006245245893 30149
1672742397458 2.4727910249395872 30199
1672742412488 1.6549178909162743 30249
1672742427103 1.7171159033562406 30299
1672742441730 1.7702434440540737 30349
1672742468138 1.82438266979631 30399
1672742482865 1.2034774643264354 30449
1672742497772 1.880939816138056 30499
1672742512920 1.9387304255061844 30549
1672742539494 1.212831446643297 30599
1672742554310 1.9461435243037124 30649
1672742569623 2.0097074972722506 30699
1672742584278 2.010015502949665 30749
1672742599000 1.4950400475006886 30799
1672742625496 1.4940392886386182 30849
1672742640171 1.8445970546658994 30899
1672742655046 1.5513519390695343 30949
1672742669668 1.5318902623119202 30999
1672742696242 1.5835274554741106 31049
1672742710963 1.8876509188964001 31099
1672742725788 1.675418335143287 31149
1672742740509 1.7707244378004436 31199
1672742767000 1.121367313931407 31249
1672742781648 1.6842238524404674 31299
1672742796263 1.4861233680887627 31349
1672742811124 1.9482038606460503 31399
1672742826081 1.603555281684318 31449
1672742852530 1.5898385762553324 31499
1672742867105 2.1324407090500315 31549
1672742881702 2.015678235665475 31599
1672742896443 1.3938790199488214 31649
1672742922442 1.6265475322343663 31699
1672742937033 1.8046752195165203 31749
1672742951822 1.2617701182501042 31799
1672742966611 2.3338706713180652 31849
1672742992796 1.6978847528194376 31899
1672743007593 1.7334894127881357 31949
1672743022760 1.4573833497374957 31999
1672743037930 1.7843987656461588 32049
1672743052541 2.1049934518365254 32099
1672743078622 2.078528523550972 32149
1672743093338 1.891652922031763 32199
1672743107851 1.61117399792647 32249
1672743122375 1.3623577087671013 32299
1672743148524 1.5066553959219013 32349
1672743163476 2.0494493526160267 32399
1672743178078 1.869987243735857 32449
1672743192663 1.6435933646401129 32499
1672743207045 1.3933024172717 32549
