1672731970354 1.8938501417871794 216
1672732044499 1.8781799915435438 433
1672732119405 1.8765630950631231 650
1672732194337 1.874237617279764 867
1672732270225 1.8671684549152137 1084
1672732345311 1.864238977026766 1301
1672732420222 1.8558365062693414 1518
1672732495364 1.8529064601821714 1735
1672732570564 1.8454250130405618 1952
1672732645533 1.83707056457582 2169
1672732720761 1.8332339816283565 2386
1672732795911 1.836527052681951 2603
1672732870839 1.8292869845019193 2820
1672732945487 1.8323503872214453 3037
1672733020515 1.8250220494543206 3254
1672733096680 1.8201486241709413 3471
1672733172100 1.8193560621210203 3688
1672733248051 1.8160397699266673 3905
1672733323545 1.8098787579018523 4122
1672733400045 1.808437023732505 4339
1672733475174 1.809033204892893 4556
1672733550799 1.8054940226597436 4773
1672733626283 1.8088953375513035 4990
1672733701622 1.802003217088128 5207
1672733776717 1.8054225066132608 5424
1672733852148 1.7962324413258128 5641
1672733927807 1.7979847220347993 5858
1672734002894 1.79937311546528 6075
1672734078853 1.7942393190572663 6292
1672734154301 1.7905585755476385 6509
1672734231220 1.7918249733238383 6726
1672734306773 1.7894344504853554 6943
1672734382077 1.7893260836064209 7160
1672734457304 1.790549405660325 7377
1672734532406 1.7839558319062818 7594
1672734608134 1.77959154906818 7811
1672734683286 1.7839322735456786 8028
1672734759526 1.7815822944313604 8245
1672734834585 1.7773944627671165 8462
1672734910266 1.778830524699774 8679
1672734985799 1.7769528093335094 8896
1672735061427 1.7733004776385302 9113
1672735136850 1.7714119357197335 9330
1672735212263 1.7727499092600387 9547
1672735287150 1.7758307884180242 9764
1672735362362 1.7663827497162494 9981
1672735437444 1.7690917237574615 10198
1672735513181 1.7676304510553804 10415
1672735588979 1.7662593478546493 10632
1672735664489 1.7617210421977525 10849
1672735740226 1.7610754085068814 11066
1672735815460 1.76351372423111 11283
1672735891085 1.7610000292361494 11500
1672735966831 1.7587969799330483 11717
1672736042415 1.7587260935157898 11934
1672736118048 1.7599691119028211 12151
1672736193929 1.7611530240592783 12368
1672736269109 1.7555300090143988 12585
1672736344796 1.7541033934016923 12802
1672736420727 1.7533946732167465 13019
1672736495895 1.750053425662141 13236
1672736571764 1.7548973684109184 13453
1672736647378 1.7502066254422517 13670
1672736723219 1.7517402708809031 13887
1672736798702 1.7520047218235746 14104
1672736874538 1.7474656237122577 14321
1672736950050 1.7489176344417308 14538
1672737025839 1.7429889897706972 14755
1672737101428 1.7448389027118734 14972
1672737177019 1.7463573352038315 15189
1672737253516 1.7480645615347463 15406
1672737328584 1.745246367382809 15623
1672737404205 1.746258902112873 15840
1672737479736 1.7442115659005821 16057
1672737554613 1.7440514033961556 16274
1672737629262 1.738892368630804 16491
1672737705023 1.740312784085699 16708
1672737781117 1.7377278620403824 16925
1672737856647 1.7377334651581247 17142
1672737932493 1.741049002272764 17359
1672738007692 1.7404790498126461 17576
1672738083133 1.7442147134028343 17793
1672738158722 1.7417430266727019 18010
1672738234809 1.7371277577456952 18227
1672738310387 1.7360707284504966 18444
1672738385871 1.739833969023929 18661
1672738461549 1.7374397657480638 18878
1672738536823 1.736982862595796 19095
1672738612354 1.732197077236243 19312
1672738687598 1.7357431121582327 19529
1672738763955 1.7320849956941535 19746
1672738839285 1.7358886505535693 19963
1672738915111 1.7381067873529596 20180
1672738990516 1.7340317724600274 20397
1672739066597 1.7366942066948257 20614
1672739141535 1.731703952207262 20831
1672739217557 1.7265864967720042 21048
1672739293150 1.7364845896270236 21265
1672739368375 1.7271897506202005 21482
1672739443596 1.7295931406329144 21699
1672739518835 1.7296886992185174 21916
1672739594593 1.7294613433278172 22133
1672739669984 1.7257335411992403 22350
1672739745469 1.7307872191838403 22567
1672739820206 1.730780158208633 22784
1672739895050 1.7282838598760475 23001
1672739969716 1.7303628533604203 23218
1672740044961 1.7260312644480662 23435
1672740119980 1.726003196860981 23652
1672740196462 1.725669163006949 23869
1672740271873 1.7280035799527347 24086
1672740347750 1.7281339880556925 24303
1672740423863 1.7260996979371273 24520
1672740499604 1.7242657085652007 24737
1672740574907 1.7238428423914989 24954
1672740651152 1.7246693862063478 25171
1672740726430 1.724151780337636 25388
1672740801833 1.72559028574019 25605
1672740876839 1.7255728645385642 25822
1672740952267 1.7189262633369458 26039
1672741028656 1.723640137806249 26256
1672741104070 1.7157852223157402 26473
1672741179720 1.7198373205597124 26690
1672741254970 1.721794801206121 26907
1672741330482 1.7192749231598414 27124
1672741405527 1.718018208808298 27341
1672741480774 1.7174405892782778 27558
1672741555623 1.71988086865191 27775
1672741631366 1.7150166567493164 27992
1672741706431 1.7206474913777994 28209
1672741782400 1.7168836792671955 28426
1672741857808 1.7133961144336154 28643
1672741933204 1.7159669857688429 28860
1672742009496 1.7127518557240795 29077
1672742085248 1.7168880631531458 29294
1672742160355 1.7141647293237765 29511
1672742235466 1.7169709383874876 29728
1672742310868 1.715387687432462 29945
1672742385828 1.7117243697828342 30162
1672742460990 1.7122287397938212 30379
1672742537835 1.711955819828337 30596
1672742613962 1.7077048172466591 30813
1672742689746 1.7118337388898608 31030
1672742765662 1.7100478396891428 31247
1672742841536 1.7113638572969054 31464
1672742916353 1.7131781695395891 31681
1672742991740 1.7133293910603187 31898
1672743067917 1.7071945571166536 32115
1672743142799 1.7079645830947416 32332
1672743217733 1.709906146575268 32549
