1671439986599 0.0 22
1671440000085 0.0 45
1671440013986 0.0 68
1671440027700 0.0 91
1671440041193 0.0 114
1671440055279 0.0 137
1671440069582 0.0 160
1671440083886 0.0 183
1671440097834 0.0 206
1671440111789 0.0 229
1671440125583 0.0 252
1671440139644 0.0 275
1671440153522 0.0 298
1671440167623 0.0 321
1671440181553 0.0 344
1671440195449 0.0 367
1671440209372 0.0 390
1671440223280 0.0 413
1671440237287 0.0 436
1671440251391 0.0 459
1671440265178 0.0 482
1671440278903 0.0 505
1671440292818 0.0 528
1671440306660 0.0 551
1671440320579 0.0 574
1671440334367 0.0 597
1671440348072 0.0 620
1671440361987 0.0 643
1671440375790 0.0 666
1671440389536 0.0 689
1671440403504 0.0 712
1671440417456 0.0 735
1671440431772 0.0 758
1671440445875 0.0 781
1671440459743 0.0 804
1671440473747 0.0 827
1671440487773 0.0 850
1671440501371 0.0 873
1671440515336 0.0 896
1671440529244 0.0 919
1671440543043 0.0 942
1671440557233 0.0 965
1671440571069 0.0 988
1671440585336 0.0 1011
1671440599292 0.0 1034
1671440613010 0.0 1057
1671440626828 0.0 1080
1671440640685 0.0 1103
1671440654740 0.0 1126
1671440668695 0.0 1149
1671440682633 0.0 1172
1671440696696 0.0 1195
1671440710431 0.0 1218
1671440724472 0.0 1241
1671440738370 0.0 1264
1671440752661 0.0 1287
1671440766423 0.0 1310
1671440780336 0.0 1333
1671440794287 0.0 1356
1671440808258 0.0 1379
1671440822417 0.0 1402
1671440836447 0.0 1425
1671440850380 0.0 1448
1671440864325 0.0 1471
1671440878391 0.0 1494
1671440892372 0.0 1517
1671440906381 0.0 1540
1671440920539 0.0 1563
1671440934519 0.0 1586
1671440948502 0.0 1609
1671440962531 0.0 1632
1671440976465 0.0 1655
1671440990430 0.0 1678
1671441004307 0.0 1701
1671441018180 0.0 1724
1671441031944 0.0 1747
1671441045867 0.0 1770
1671441059983 0.0 1793
1671441073876 0.0 1816
1671441087852 0.0 1839
1671441101971 0.0 1862
1671441115755 0.0 1885
1671441129776 0.0 1908
1671441143855 0.0 1931
1671441157817 0.0 1954
1671441171658 0.0 1977
1671441185477 0.0 2000
1671441199318 0.0 2023
1671441213381 0.0 2046
1671441227410 0.0 2069
1671441241560 0.0 2092
1671441255418 0.0 2115
1671441269264 0.0 2138
1671441283021 0.0 2161
1671441296893 0.0 2184
1671441310840 0.0 2207
1671441324913 0.0 2230
1671441338866 0.0 2253
1671441352841 0.0 2276
1671441366892 0.0 2299
1671441380911 0.0 2322
1671441394782 0.0 2345
1671441408581 0.0 2368
1671441422955 0.0 2391
1671441437152 0.0 2414
1671441450913 0.0 2437
1671441464718 0.0 2460
1671441478750 0.0 2483
1671441492784 0.0 2506
1671441506670 0.0 2529
1671441520661 0.0 2552
1671441534357 0.0 2575
1671441548202 0.0 2598
1671441561859 0.0 2621
1671441575823 0.0 2644
1671441589860 0.0 2667
1671441603831 0.0 2690
1671441617731 0.0 2713
1671441631830 0.0 2736
1671441645685 0.0 2759
1671441659437 0.0 2782
1671441673393 0.0 2805
1671441687204 0.0 2828
1671441701023 0.0 2851
1671441714889 0.0 2874
1671441728896 0.0 2897
1671441743026 0.0 2920
1671441756793 0.0 2943
1671441770369 0.0 2966
1671441784368 0.0 2989
1671441798768 0.0 3012
1671441812767 0.0 3035
1671441826774 0.0 3058
1671441840657 0.0 3081
1671441854449 0.0 3104
1671441868464 0.0 3127
1671441882672 0.0 3150
1671441896782 0.0 3173
1671441910808 0.0 3196
1671441924835 0.0 3219
1671441938584 0.0 3242
1671441952612 0.0 3265
1671441966743 0.0 3288
1671441980552 0.0 3311
1671441994769 0.0 3334
1671442008427 0.0 3357
1671442022275 0.0 3380
1671442036052 0.0 3403
1671442049815 0.0 3426
1671442063919 0.0 3449
