1671439986599 22.0 22
1671440000085 22.0 45
1671440013986 22.0 68
1671440027700 22.0 91
1671440041193 22.0 114
1671440055279 22.0 137
1671440069582 22.0 160
1671440083886 22.0 183
1671440097834 22.0 206
1671440111789 22.0 229
1671440125583 22.0 252
1671440139644 22.0 275
1671440153522 22.0 298
1671440167623 22.0 321
1671440181553 22.0 344
1671440195449 22.0 367
1671440209372 22.0 390
1671440223280 22.0 413
1671440237287 22.0 436
1671440251391 22.0 459
1671440265178 22.0 482
1671440278903 22.0 505
1671440292818 22.0 528
1671440306660 22.0 551
1671440320579 22.0 574
1671440334367 22.0 597
1671440348072 22.0 620
1671440361987 22.0 643
1671440375790 22.0 666
1671440389536 21.75 689
1671440403504 22.0 712
1671440417456 22.0 735
1671440431772 22.0 758
1671440445875 22.0 781
1671440459743 22.0 804
1671440473747 21.75 827
1671440487773 21.75 850
1671440501371 21.75 873
1671440515336 22.0 896
1671440529244 22.0 919
1671440543043 22.0 942
1671440557233 22.0 965
1671440571069 22.0 988
1671440585336 22.0 1011
1671440599292 22.0 1034
1671440613010 22.0 1057
1671440626828 22.0 1080
1671440640685 22.0 1103
1671440654740 22.0 1126
1671440668695 22.0 1149
1671440682633 22.0 1172
1671440696696 21.75 1195
1671440710431 22.0 1218
1671440724472 22.0 1241
1671440738370 22.0 1264
1671440752661 22.0 1287
1671440766423 22.0 1310
1671440780336 22.0 1333
1671440794287 22.0 1356
1671440808258 22.0 1379
1671440822417 21.75 1402
1671440836447 22.0 1425
1671440850380 22.0 1448
1671440864325 22.0 1471
1671440878391 21.75 1494
1671440892372 21.5 1517
1671440906381 21.25 1540
1671440920539 21.75 1563
1671440934519 21.75 1586
1671440948502 21.75 1609
1671440962531 21.75 1632
1671440976465 22.0 1655
1671440990430 21.75 1678
1671441004307 21.5 1701
1671441018180 22.0 1724
1671441031944 21.75 1747
1671441045867 21.75 1770
1671441059983 21.5 1793
1671441073876 21.75 1816
1671441087852 21.5 1839
1671441101971 22.0 1862
1671441115755 21.5 1885
1671441129776 21.5 1908
1671441143855 21.75 1931
1671441157817 21.75 1954
1671441171658 21.75 1977
1671441185477 21.75 2000
1671441199318 21.75 2023
1671441213381 21.75 2046
1671441227410 21.5 2069
1671441241560 21.5 2092
1671441255418 21.75 2115
1671441269264 21.5 2138
1671441283021 21.5 2161
1671441296893 21.5 2184
1671441310840 21.5 2207
1671441324913 21.5 2230
1671441338866 21.75 2253
1671441352841 21.75 2276
1671441366892 21.5 2299
1671441380911 21.5 2322
1671441394782 21.5 2345
1671441408581 21.5 2368
1671441422955 21.5 2391
1671441437152 21.5 2414
1671441450913 21.5 2437
1671441464718 21.75 2460
1671441478750 21.5 2483
1671441492784 21.5 2506
1671441506670 21.5 2529
1671441520661 21.5 2552
1671441534357 21.5 2575
1671441548202 21.5 2598
1671441561859 21.5 2621
1671441575823 21.5 2644
1671441589860 21.5 2667
1671441603831 21.5 2690
1671441617731 21.5 2713
1671441631830 21.5 2736
1671441645685 21.25 2759
1671441659437 21.75 2782
1671441673393 21.5 2805
1671441687204 21.5 2828
1671441701023 21.5 2851
1671441714889 21.5 2874
1671441728896 21.5 2897
1671441743026 21.5 2920
1671441756793 21.5 2943
1671441770369 21.5 2966
1671441784368 21.5 2989
1671441798768 21.5 3012
1671441812767 21.5 3035
1671441826774 21.5 3058
1671441840657 21.5 3081
1671441854449 21.5 3104
1671441868464 21.5 3127
1671441882672 21.5 3150
1671441896782 21.5 3173
1671441910808 21.5 3196
1671441924835 21.5 3219
1671441938584 21.25 3242
1671441952612 21.5 3265
1671441966743 21.5 3288
1671441980552 21.5 3311
1671441994769 21.5 3334
1671442008427 21.5 3357
1671442022275 21.5 3380
1671442036052 21.5 3403
1671442049815 21.5 3426
1671442063919 21.5 3449
