1671439986599 0 22
1671439989445 1 22
1671440000085 1 45
1671440003252 2 45
1671440005151 2 49
1671440013986 2 68
1671440017086 3 68
1671440027700 3 91
1671440030840 4 91
1671440033726 4 99
1671440041193 4 114
1671440044401 5 114
1671440055279 5 137
1671440058384 6 137
1671440062511 6 149
1671440069582 6 160
1671440072795 7 160
1671440083886 7 183
1671440086988 8 183
1671440092167 8 199
1671440097834 8 206
1671440100941 9 206
1671440111789 9 229
1671440114829 10 229
1671440121162 10 249
1671440125583 10 252
1671440128751 11 252
1671440139644 11 275
1671440142796 12 275
1671440153522 12 298
1671440156629 13 298
1671440157600 13 299
1671440167623 13 321
1671440170757 14 321
1671440181553 14 344
1671440184642 15 344
1671440186749 15 349
1671440195449 15 367
1671440198592 16 367
1671440209372 16 390
1671440212443 17 390
1671440215683 17 399
1671440223280 17 413
1671440226395 18 413
1671440237287 18 436
1671440240381 19 436
1671440244940 19 449
1671440251391 19 459
1671440254497 20 459
1671440265178 20 482
1671440268247 21 482
1671440273717 21 499
1671440278903 21 505
1671440282065 22 505
1671440292818 22 528
1671440295959 23 528
1671440302550 23 549
1671440306660 23 551
1671440309784 24 551
1671440320579 24 574
1671440323737 25 574
1671440334367 25 597
1671440337484 26 597
1671440338671 26 599
1671440348072 26 620
1671440351213 27 620
1671440361987 27 643
1671440365106 28 643
1671440367526 28 649
1671440375790 28 666
1671440378944 29 666
1671440389536 29 689
1671440392590 30 689
1671440396089 30 699
1671440403504 30 712
1671440406586 31 712
1671440417456 31 735
1671440420618 32 735
1671440425529 32 749
1671440431772 32 758
1671440434869 33 758
1671440445875 33 781
1671440449101 34 781
1671440454835 34 799
1671440459743 34 804
1671440462820 35 804
1671440473747 35 827
1671440476894 36 827
1671440483749 36 849
1671440487773 36 850
1671440490831 37 850
1671440501371 37 873
1671440504543 38 873
1671440515336 38 896
1671440518540 39 896
1671440520067 39 899
1671440529244 39 919
1671440532390 40 919
1671440543043 40 942
1671440546103 41 942
1671440549000 41 949
1671440557233 41 965
1671440560342 42 965
1671440571069 42 988
1671440574177 43 988
1671440578105 43 999
1671440585336 43 1011
1671440588404 44 1011
1671440599292 44 1034
1671440602442 45 1034
1671440607487 45 1049
1671440613010 45 1057
1671440616134 46 1057
1671440626828 46 1080
1671440629911 47 1080
1671440635982 47 1099
1671440640685 47 1103
1671440643736 48 1103
1671440654740 48 1126
1671440657871 49 1126
1671440664867 49 1149
1671440668695 49 1149
1671440671838 50 1149
1671440682633 50 1172
1671440685747 51 1172
1671440696696 51 1195
1671440699828 52 1195
1671440701605 52 1199
1671440710431 52 1218
1671440713548 53 1218
1671440724472 53 1241
1671440727613 54 1241
1671440730614 54 1249
1671440738370 54 1264
1671440741580 55 1264
1671440752661 55 1287
1671440755768 56 1287
1671440759851 56 1299
1671440766423 56 1310
1671440769580 57 1310
1671440780336 57 1333
1671440783473 58 1333
1671440788694 58 1349
1671440794287 58 1356
1671440797437 59 1356
1671440808258 59 1379
1671440811447 60 1379
1671440817812 60 1399
1671440822417 60 1402
1671440825592 61 1402
1671440836447 61 1425
1671440839539 62 1425
1671440850380 62 1448
1671440853512 63 1448
1671440854469 63 1449
1671440864325 63 1471
1671440867661 64 1471
1671440878391 64 1494
1671440881529 65 1494
1671440883624 65 1499
1671440892372 65 1517
1671440895487 66 1517
1671440906381 66 1540
1671440909503 67 1540
1671440912785 67 1549
1671440920539 67 1563
1671440923699 68 1563
1671440934519 68 1586
1671440937619 69 1586
1671440942097 69 1599
1671440948502 69 1609
1671440951568 70 1609
1671440962531 70 1632
1671440965590 71 1632
1671440971069 71 1649
1671440976465 71 1655
1671440979653 72 1655
1671440990430 72 1678
1671440993601 73 1678
1671441000246 73 1699
1671441004307 73 1701
1671441007491 74 1701
1671441018180 74 1724
1671441021298 75 1724
1671441031944 75 1747
1671441035107 76 1747
1671441036364 76 1749
1671441045867 76 1770
1671441048973 77 1770
1671441059983 77 1793
1671441063119 78 1793
1671441065443 78 1799
1671441073876 78 1816
1671441076999 79 1816
1671441087852 79 1839
1671441090949 80 1839
1671441094455 80 1849
1671441101971 80 1862
1671441105119 81 1862
1671441115755 81 1885
1671441118817 82 1885
1671441123447 82 1899
1671441129776 82 1908
1671441132942 83 1908
1671441143855 83 1931
1671441146989 84 1931
1671441152800 84 1949
1671441157817 84 1954
1671441160967 85 1954
1671441171658 85 1977
1671441174663 86 1977
1671441181601 86 1999
1671441185477 86 2000
1671441188479 87 2000
1671441199318 87 2023
1671441202404 88 2023
1671441213381 88 2046
1671441216580 89 2046
1671441218110 89 2049
1671441227410 89 2069
1671441230544 90 2069
1671441241560 90 2092
1671441244750 91 2092
1671441247363 91 2099
1671441255418 91 2115
1671441258548 92 2115
1671441269264 92 2138
1671441272381 93 2138
1671441276137 93 2149
1671441283021 93 2161
1671441286181 94 2161
1671441296893 94 2184
1671441300022 95 2184
1671441304980 95 2199
1671441310840 95 2207
1671441314044 96 2207
1671441324913 96 2230
1671441328124 97 2230
1671441334208 97 2249
1671441338866 97 2253
1671441342021 98 2253
1671441352841 98 2276
1671441356023 99 2276
1671441363089 99 2299
1671441366892 99 2299
1671441370031 100 2299
1671441380911 100 2322
1671441384058 101 2322
1671441394782 101 2345
1671441397921 102 2345
1671441399805 102 2349
1671441408581 102 2368
1671441411858 103 2368
1671441422955 103 2391
1671441426126 104 2391
1671441429133 104 2399
1671441437152 104 2414
1671441440311 105 2414
1671441450913 105 2437
1671441454045 106 2437
1671441458097 106 2449
1671441464718 106 2460
1671441467822 107 2460
1671441478750 107 2483
1671441481895 108 2483
1671441487180 108 2499
1671441492784 108 2506
1671441495929 109 2506
1671441506670 109 2529
1671441509869 110 2529
1671441516220 110 2549
1671441520661 110 2552
1671441523741 111 2552
1671441534357 111 2575
1671441537381 112 2575
1671441548202 112 2598
1671441551348 113 2598
1671441552315 113 2599
1671441561859 113 2621
1671441564970 114 2621
1671441575823 114 2644
1671441578966 115 2644
1671441581148 115 2649
1671441589860 115 2667
1671441593009 116 2667
1671441603831 116 2690
1671441606996 117 2690
1671441610166 117 2699
1671441617731 117 2713
1671441620813 118 2713
1671441631830 118 2736
1671441634947 119 2736
1671441639440 119 2749
1671441645685 119 2759
1671441648837 120 2759
1671441659437 120 2782
1671441662561 121 2782
1671441668105 121 2799
1671441673393 121 2805
1671441676559 122 2805
1671441687204 122 2828
1671441690254 123 2828
1671441696915 123 2849
1671441701023 123 2851
1671441704051 124 2851
1671441714889 124 2874
1671441718044 125 2874
1671441728896 125 2897
1671441731982 126 2897
1671441733203 126 2899
1671441743026 126 2920
1671441746099 127 2920
1671441756793 127 2943
1671441759866 128 2943
1671441762349 128 2949
1671441770369 128 2966
1671441773534 129 2966
1671441784368 129 2989
1671441787460 130 2989
1671441791249 130 2999
1671441798768 130 3012
1671441801909 131 3012
1671441812767 131 3035
1671441815823 132 3035
1671441820500 132 3049
1671441826774 132 3058
1671441829927 133 3058
1671441840657 133 3081
1671441843793 134 3081
1671441849582 134 3099
1671441854449 134 3104
1671441857569 135 3104
1671441868464 135 3127
1671441871640 136 3127
1671441878514 136 3149
1671441882672 136 3150
1671441885871 137 3150
1671441896782 137 3173
1671441899910 138 3173
1671441910808 138 3196
1671441913927 139 3196
1671441915448 139 3199
1671441924835 139 3219
1671441927951 140 3219
1671441938584 140 3242
1671441941731 141 3242
1671441944547 141 3249
1671441952612 141 3265
1671441955672 142 3265
1671441966743 142 3288
1671441969850 143 3288
1671441973642 143 3299
1671441980552 143 3311
1671441983743 144 3311
1671441994769 144 3334
1671441997841 145 3334
1671442002702 145 3349
1671442008427 145 3357
1671442011537 146 3357
1671442022275 146 3380
1671442025368 147 3380
1671442031363 147 3399
1671442036052 147 3403
1671442039121 148 3403
1671442049815 148 3426
1671442052948 149 3426
1671442060015 149 3449
1671442063919 149 3449
1671442066914 150 3449
