1671439989445 0.6744540333747864 22
1671440003252 0.6617217659950256 45
1671440017086 0.6473535895347595 68
1671440030840 0.6560425162315369 91
1671440044401 0.6598666906356812 114
1671440058384 0.6615424752235413 137
1671440072795 0.6504677534103394 160
1671440086988 0.6622748970985413 183
1671440100941 0.6739367246627808 206
1671440114829 0.6679640412330627 229
1671440128751 0.6619847416877747 252
1671440142796 0.6783139705657959 275
1671440156629 0.6604593396186829 298
1671440170757 0.6736995577812195 321
1671440184642 0.6757836937904358 344
1671440198592 0.6560896039009094 367
1671440212443 0.6706319451332092 390
1671440226395 0.6739774346351624 413
1671440240381 0.6686333417892456 436
1671440254497 0.6566011309623718 459
1671440268247 0.6756176948547363 482
1671440282065 0.6651037335395813 505
1671440295959 0.6624249815940857 528
1671440309784 0.6707563400268555 551
1671440323737 0.665496826171875 574
1671440337484 0.6751732230186462 597
1671440351213 0.669688880443573 620
1671440365106 0.6662383079528809 643
1671440378944 0.6659965515136719 666
1671440392590 0.6697552800178528 689
1671440406586 0.6564772725105286 712
1671440420618 0.6839908957481384 735
1671440434869 0.6698813438415527 758
1671440449101 0.6760739088058472 781
1671440462820 0.672106146812439 804
1671440476894 0.6646798849105835 827
1671440490831 0.6741436719894409 850
1671440504543 0.658700704574585 873
1671440518540 0.662681519985199 896
1671440532390 0.6675091981887817 919
1671440546103 0.6644219160079956 942
1671440560342 0.6540524363517761 965
1671440574177 0.6924090385437012 988
1671440588404 0.6583148241043091 1011
1671440602442 0.6728602051734924 1034
1671440616134 0.6674285531044006 1057
1671440629911 0.6803486943244934 1080
1671440643736 0.6684881448745728 1103
1671440657871 0.6857208609580994 1126
1671440671838 0.6873971819877625 1149
1671440685747 0.671926736831665 1172
1671440699828 0.6777181625366211 1195
1671440713548 0.6713550090789795 1218
1671440727613 0.678778350353241 1241
1671440741580 0.6685802936553955 1264
1671440755768 0.6683486104011536 1287
1671440769580 0.6937397122383118 1310
1671440783473 0.6917656064033508 1333
1671440797437 0.6844280958175659 1356
1671440811447 0.6769318580627441 1379
1671440825592 0.6769158840179443 1402
1671440839539 0.6809674501419067 1425
1671440853512 0.6815725564956665 1448
1671440867661 0.6751938462257385 1471
1671440881529 0.6700795292854309 1494
1671440895487 0.6975820064544678 1517
1671440909503 0.6919034123420715 1540
1671440923699 0.6921550631523132 1563
1671440937619 0.6631748080253601 1586
1671440951568 0.6872591972351074 1609
1671440965590 0.6672379374504089 1632
1671440979653 0.6945578455924988 1655
1671440993601 0.665955662727356 1678
1671441007491 0.6762858033180237 1701
1671441021298 0.6728048920631409 1724
1671441035107 0.6905487179756165 1747
1671441048973 0.6648783087730408 1770
1671441063119 0.7039111256599426 1793
1671441076999 0.6939507126808167 1816
1671441090949 0.6830247640609741 1839
1671441105119 0.6892157196998596 1862
1671441118817 0.6937566995620728 1885
1671441132942 0.6813543438911438 1908
1671441146989 0.7007973194122314 1931
1671441160967 0.6759327054023743 1954
1671441174663 0.6785425543785095 1977
1671441188479 0.6762439012527466 2000
1671441202404 0.6692348122596741 2023
1671441216580 0.7016538381576538 2046
1671441230544 0.6753071546554565 2069
1671441244750 0.6818704009056091 2092
1671441258548 0.6734708547592163 2115
1671441272381 0.6651099920272827 2138
1671441286181 0.6895949244499207 2161
1671441300022 0.6884258985519409 2184
1671441314044 0.6975534558296204 2207
1671441328124 0.6859747171401978 2230
1671441342021 0.6600365042686462 2253
1671441356023 0.6862424612045288 2276
1671441370031 0.6675853729248047 2299
1671441384058 0.6774072647094727 2322
1671441397921 0.6980098485946655 2345
1671441411858 0.6764532923698425 2368
1671441426126 0.6755969524383545 2391
1671441440311 0.6810765862464905 2414
1671441454045 0.6894659996032715 2437
1671441467822 0.6866371631622314 2460
1671441481895 0.6868226528167725 2483
1671441495929 0.6940566897392273 2506
1671441509869 0.6997239589691162 2529
1671441523741 0.6672384738922119 2552
1671441537381 0.7016191482543945 2575
1671441551348 0.6895642280578613 2598
1671441564970 0.682424783706665 2621
1671441578966 0.7095829248428345 2644
1671441593009 0.6972208619117737 2667
1671441606996 0.6724745035171509 2690
1671441620813 0.6682103276252747 2713
1671441634947 0.6945778131484985 2736
1671441648837 0.7051137089729309 2759
1671441662561 0.6888493299484253 2782
1671441676559 0.6768081784248352 2805
1671441690254 0.6876170039176941 2828
1671441704051 0.6955047249794006 2851
1671441718044 0.6792399287223816 2874
1671441731982 0.6770355105400085 2897
1671441746099 0.6857659816741943 2920
1671441759866 0.6744617819786072 2943
1671441773534 0.7034644484519958 2966
1671441787460 0.6850407719612122 2989
1671441801909 0.6957741379737854 3012
1671441815823 0.6704684495925903 3035
1671441829927 0.6809738874435425 3058
1671441843793 0.6821553707122803 3081
1671441857569 0.6881886124610901 3104
1671441871640 0.6982120871543884 3127
1671441885871 0.6838518381118774 3150
1671441899910 0.6868671774864197 3173
1671441913927 0.6900211572647095 3196
1671441927951 0.6681466698646545 3219
1671441941731 0.6862311363220215 3242
1671441955672 0.686788022518158 3265
1671441969850 0.6814340949058533 3288
1671441983743 0.6938562989234924 3311
1671441997841 0.7006043791770935 3334
1671442011537 0.6907978057861328 3357
1671442025368 0.6938546299934387 3380
1671442039121 0.6916281580924988 3403
1671442052948 0.6747723817825317 3426
1671442066914 0.6790842413902283 3449
