1671439989445 0.9209980964660645 22
1671440003252 0.9266477823257446 45
1671440017086 0.9102636575698853 68
1671440030840 0.9035646915435791 91
1671440044401 0.9067796468734741 114
1671440058384 0.9120258688926697 137
1671440072795 0.9261771440505981 160
1671440086988 0.9265536665916443 183
1671440100941 0.9553672075271606 206
1671440114829 0.9113935828208923 229
1671440128751 0.9162900447845459 252
1671440142796 0.9440678358078003 275
1671440156629 0.9042372107505798 298
1671440170757 0.9328625202178955 321
1671440184642 0.9322975277900696 344
1671440198592 0.90451979637146 367
1671440212443 0.9114878177642822 390
1671440226395 0.952730655670166 413
1671440240381 0.923150360584259 436
1671440254497 0.9102636575698853 459
1671440268247 0.9385122656822205 482
1671440282065 0.9050847291946411 505
1671440295959 0.9101694226264954 528
1671440309784 0.9054613709449768 551
1671440323737 0.9164783954620361 574
1671440337484 0.9320016503334045 597
1671440351213 0.9159134030342102 620
1671440365106 0.897363543510437 643
1671440378944 0.9256120920181274 666
1671440392590 0.9100753664970398 689
1671440406586 0.8978342413902283 712
1671440420618 0.9508474469184875 735
1671440434869 0.9402071237564087 758
1671440449101 0.9276835918426514 781
1671440462820 0.9207156896591187 804
1671440476894 0.8997175097465515 827
1671440490831 0.9201506972312927 850
1671440504543 0.8839924931526184 873
1671440518540 0.9285310506820679 896
1671440532390 0.9114877581596375 919
1671440546103 0.9158192276954651 942
1671440560342 0.8861581683158875 965
1671440574177 0.9367231726646423 988
1671440588404 0.9050847887992859 1011
1671440602442 0.9227871894836426 1034
1671440616134 0.9135593175888062 1057
1671440629911 0.9237288236618042 1080
1671440643736 0.9163841009140015 1103
1671440657871 0.9322975277900696 1126
1671440671838 0.9118644595146179 1149
1671440685747 0.8865348696708679 1172
1671440699828 0.902824878692627 1195
1671440713548 0.9171375632286072 1218
1671440727613 0.9134652614593506 1241
1671440741580 0.8974576592445374 1264
1671440755768 0.8866289854049683 1287
1671440769580 0.92984938621521 1310
1671440783473 0.9342749714851379 1333
1671440797437 0.9014124274253845 1356
1671440811447 0.9126176834106445 1379
1671440825592 0.898399293422699 1402
1671440839539 0.919948935508728 1425
1671440853512 0.9380414485931396 1448
1671440867661 0.8946328163146973 1471
1671440881529 0.8941619396209717 1494
1671440895487 0.9201506972312927 1517
1671440909503 0.9308850765228271 1540
1671440923699 0.92146897315979 1563
1671440937619 0.8969867825508118 1586
1671440951568 0.9168549180030823 1609
1671440965590 0.9006456136703491 1632
1671440979653 0.9293785095214844 1655
1671440993601 0.8828625082969666 1678
1671441007491 0.9187382459640503 1701
1671441021298 0.9044255614280701 1724
1671441035107 0.9370056986808777 1747
1671441048973 0.8855932354927063 1770
1671441063119 0.9385121464729309 1793
1671441076999 0.9361581802368164 1816
1671441090949 0.9248587489128113 1839
1671441105119 0.9244821071624756 1862
1671441118817 0.9087570905685425 1885
1671441132942 0.9158192276954651 1908
1671441146989 0.9397364258766174 1931
1671441160967 0.9001883864402771 1954
1671441174663 0.8928436636924744 1977
1671441188479 0.9248587489128113 2000
1671441202404 0.8848399519920349 2023
1671441216580 0.9272128343582153 2046
1671441230544 0.8921846151351929 2069
1671441244750 0.9041430950164795 2092
1671441258548 0.8843690752983093 2115
1671441272381 0.8811675906181335 2138
1671441286181 0.9175140857696533 2161
1671441300022 0.9103578329086304 2184
1671441314044 0.942749559879303 2207
1671441328124 0.9087570905685425 2230
1671441342021 0.8759887218475342 2253
1671441356023 0.9221280217170715 2276
1671441370031 0.8946328163146973 2299
1671441384058 0.9086494445800781 2322
1671441397921 0.9314501285552979 2345
1671441411858 0.9064971804618835 2368
1671441426126 0.8979283571243286 2391
1671441440311 0.9205273389816284 2414
1671441454045 0.9182673692703247 2437
1671441467822 0.8951035141944885 2460
1671441481895 0.9049906134605408 2483
1671441495929 0.9276837110519409 2506
1671441509869 0.9243879318237305 2529
1671441523741 0.8859697580337524 2552
1671441537381 0.9446327686309814 2575
1671441551348 0.9328625202178955 2598
1671441564970 0.8871939182281494 2621
1671441578966 0.9483051300048828 2644
1671441593009 0.9417136907577515 2667
1671441606996 0.8987758755683899 2690
1671441620813 0.8855932354927063 2713
1671441634947 0.9018832445144653 2736
1671441648837 0.9409604072570801 2759
1671441662561 0.9110976457595825 2782
1671441676559 0.8979284167289734 2805
1671441690254 0.9124293923377991 2828
1671441704051 0.92693030834198 2851
1671441718044 0.8927494883537292 2874
1671441731982 0.8695856928825378 2897
1671441746099 0.9121468663215637 2920
1671441759866 0.9008475542068481 2943
1671441773534 0.9170433282852173 2966
1671441787460 0.9001883864402771 2989
1671441801909 0.9138417840003967 3012
1671441815823 0.8933145403862 3035
1671441829927 0.8970809578895569 3058
1671441843793 0.9129002690315247 3081
1671441857569 0.9003766775131226 3104
1671441871640 0.9284369945526123 3127
1671441885871 0.9177964925765991 3150
1671441899910 0.9209039807319641 3173
1671441913927 0.9236346483230591 3196
1671441927951 0.8938795328140259 3219
1671441941731 0.903470516204834 3242
1671441955672 0.9160075187683105 3265
1671441969850 0.9000000357627869 3288
1671441983743 0.9159134030342102 3311
1671441997841 0.9162900447845459 3334
1671442011537 0.9121469855308533 3357
1671442025368 0.9218320846557617 3380
1671442039121 0.9048964381217957 3403
1671442052948 0.8783426880836487 3426
1671442066914 0.8872880935668945 3449
