1671440005151 0.5249999761581421 49
1671440033726 0.3583333492279053 99
1671440062511 0.5892857313156128 149
1671440092167 0.5833333134651184 199
1671440121162 0.75 249
1671440157600 0.6000000238418579 299
1671440186749 0.4000000059604645 349
1671440215683 0.6083333492279053 399
1671440244940 0.4761905074119568 449
1671440273717 0.3095238208770752 499
1671440302550 0.5357142686843872 549
1671440338671 0.3750000298023224 599
1671440367526 0.6458333134651184 649
1671440396089 0.6541666984558105 699
1671440425529 0.4583333432674408 749
1671440454835 0.5249999761581421 799
1671440483749 0.5583333373069763 849
1671440520067 0.4928571581840515 899
1671440549000 0.4958333373069763 949
1671440578105 0.550000011920929 999
1671440607487 0.44999998807907104 1049
1671440635982 0.7041666507720947 1099
1671440664867 0.5 1149
1671440701605 0.6291666626930237 1199
1671440730614 0.574999988079071 1249
1671440759851 0.4625000059604645 1299
1671440788694 0.4791666865348816 1349
1671440817812 0.40833336114883423 1399
1671440854469 0.5636904835700989 1449
1671440883624 0.5583333373069763 1499
1671440912785 0.5416666865348816 1549
1671440942097 0.7916666865348816 1599
1671440971069 0.5410714149475098 1649
1671441000246 0.4958333373069763 1699
1671441036364 0.5964285731315613 1749
1671441065443 0.612500011920929 1799
1671441094455 0.5666666626930237 1849
1671441123447 0.2839285731315613 1899
1671441152800 0.6458333134651184 1949
1671441181601 0.5416666865348816 1999
1671441218110 0.5083333253860474 2049
1671441247363 0.4208333492279053 2099
1671441276137 0.6291667222976685 2149
1671441304980 0.4833333492279053 2199
1671441334208 0.6500000357627869 2249
1671441363089 0.25 2299
1671441399805 0.625 2349
1671441429133 0.5062499642372131 2399
1671441458097 0.637499988079071 2449
1671441487180 0.6041666865348816 2499
1671441516220 0.6666666865348816 2549
1671441552315 0.5625 2599
1671441581148 0.550000011920929 2649
1671441610166 0.7208333611488342 2699
1671441639440 0.6416666507720947 2749
1671441668105 0.6309523582458496 2799
1671441696915 0.4583333730697632 2849
1671441733203 0.7392857074737549 2899
1671441762349 0.6499999761581421 2949
1671441791249 0.6202380657196045 2999
1671441820500 0.0982142835855484 3049
1671441849582 0.550000011920929 3099
1671441878514 0.6499999761581421 3149
1671441915448 0.5166667103767395 3199
1671441944547 0.4345238208770752 3249
1671441973642 0.6041666865348816 3299
1671442002702 0.675000011920929 3349
1671442031363 0.5666666626930237 3399
1671442060015 0.25 3449
