1671440005151 1.0 49
1671440033726 0.5416666865348816 99
1671440062511 1.0 149
1671440092167 1.0 199
1671440121162 0.9375 249
1671440157600 0.9166666865348816 299
1671440186749 1.0 349
1671440215683 0.875 399
1671440244940 0.6875 449
1671440273717 0.75 499
1671440302550 1.0 549
1671440338671 0.75 599
1671440367526 0.7916666865348816 649
1671440396089 0.8541666865348816 699
1671440425529 1.0 749
1671440454835 0.875 799
1671440483749 0.7083333134651184 849
1671440520067 1.0 899
1671440549000 1.0 949
1671440578105 0.75 999
1671440607487 0.9166666865348816 1049
1671440635982 0.9166666865348816 1099
1671440664867 0.5 1149
1671440701605 1.0 1199
1671440730614 1.0 1249
1671440759851 0.875 1299
1671440788694 0.75 1349
1671440817812 1.0 1399
1671440854469 0.875 1449
1671440883624 0.7916666865348816 1499
1671440912785 0.75 1549
1671440942097 0.949999988079071 1599
1671440971069 0.875 1649
1671441000246 1.0 1699
1671441036364 0.875 1749
1671441065443 0.9375 1799
1671441094455 0.9166666865348816 1849
1671441123447 0.75 1899
1671441152800 0.9166666865348816 1949
1671441181601 0.9166666865348816 1999
1671441218110 0.9166666865348816 2049
1671441247363 1.0 2099
1671441276137 1.0 2149
1671441304980 1.0 2199
1671441334208 0.9166666865348816 2249
1671441363089 0.25 2299
1671441399805 0.875 2349
1671441429133 1.0 2399
1671441458097 0.875 2449
1671441487180 0.875 2499
1671441516220 0.9166666865348816 2549
1671441552315 0.9375 2599
1671441581148 1.0 2649
1671441610166 1.0 2699
1671441639440 1.0 2749
1671441668105 1.0 2799
1671441696915 1.0 2849
1671441733203 0.9166666865348816 2899
1671441762349 0.9583333134651184 2949
1671441791249 0.9166666865348816 2999
1671441820500 0.5 3049
1671441849582 1.0 3099
1671441878514 0.9166666865348816 3149
1671441915448 0.75 3199
1671441944547 0.75 3249
1671441973642 1.0 3299
1671442002702 0.949999988079071 3349
1671442031363 0.9375 3399
1671442060015 0.25 3449
