1671439989445 0.5627118945121765 22
1671440003252 0.5420634746551514 45
1671440017086 0.5322840809822083 68
1671440030840 0.5451170206069946 91
1671440044401 0.5514124631881714 114
1671440058384 0.5503632426261902 137
1671440072795 0.5355932116508484 160
1671440086988 0.5418886542320251 183
1671440100941 0.5538606643676758 206
1671440114829 0.5534705519676208 229
1671440128751 0.5456954836845398 252
1671440142796 0.564245343208313 275
1671440156629 0.5449960231781006 298
1671440170757 0.5553807020187378 321
1671440184642 0.5672720074653625 344
1671440198592 0.5498788952827454 367
1671440212443 0.5653483867645264 390
1671440226395 0.5527979135513306 413
1671440240381 0.5638283491134644 436
1671440254497 0.5376244187355042 459
1671440268247 0.5537933707237244 482
1671440282065 0.5558246374130249 505
1671440295959 0.5566855072975159 528
1671440309784 0.5682136416435242 551
1671440323737 0.55426424741745 574
1671440337484 0.5579364895820618 597
1671440351213 0.5601291656494141 620
1671440365106 0.564070463180542 643
1671440378944 0.5542911887168884 666
1671440392590 0.5556765794754028 689
1671440406586 0.5512509942054749 712
1671440420618 0.5707021951675415 735
1671440434869 0.5555017590522766 758
1671440449101 0.5646758079528809 781
1671440462820 0.5587302446365356 804
1671440476894 0.5596987009048462 827
1671440490831 0.5654560923576355 850
1671440504543 0.557949960231781 873
1671440518540 0.5510223507881165 896
1671440532390 0.5518832802772522 919
1671440546103 0.5522598624229431 942
1671440560342 0.549650251865387 965
1671440574177 0.5824724435806274 988
1671440588404 0.5457224249839783 1011
1671440602442 0.5648103356361389 1034
1671440616134 0.5633037090301514 1057
1671440629911 0.5711998343467712 1080
1671440643736 0.5589857697486877 1103
1671440657871 0.5737826228141785 1126
1671440671838 0.5876379609107971 1149
1671440685747 0.570379376411438 1172
1671440699828 0.5700161457061768 1195
1671440713548 0.5688458681106567 1218
1671440727613 0.5748587250709534 1241
1671440741580 0.5577616095542908 1264
1671440755768 0.557654082775116 1287
1671440769580 0.5819612741470337 1310
1671440783473 0.5805084705352783 1333
1671440797437 0.5847861766815186 1356
1671440811447 0.5690610408782959 1379
1671440825592 0.5830508470535278 1402
1671440839539 0.5740516781806946 1425
1671440853512 0.5741996169090271 1448
1671440867661 0.5647969245910645 1471
1671440881529 0.563209593296051 1494
1671440895487 0.5881893634796143 1517
1671440909503 0.5829970240592957 1540
1671440923699 0.5898708701133728 1563
1671440937619 0.5620123744010925 1586
1671440951568 0.585969865322113 1609
1671440965590 0.5712268352508545 1632
1671440979653 0.5879876017570496 1655
1671440993601 0.562039315700531 1678
1671441007491 0.5641108155250549 1701
1671441021298 0.5712268352508545 1724
1671441035107 0.5799838900566101 1747
1671441048973 0.5672182440757751 1770
1671441063119 0.5999059081077576 1793
1671441076999 0.5837773084640503 1816
1671441090949 0.570365846157074 1839
1671441105119 0.5833468437194824 1862
1671441118817 0.5949152708053589 1885
1671441132942 0.5774280428886414 1908
1671441146989 0.5941754579544067 1931
1671441160967 0.570379376411438 1954
1671441174663 0.5873015522956848 1977
1671441188479 0.5608823895454407 2000
1671441202404 0.5694915652275085 2023
1671441216580 0.5961931347846985 2046
1671441230544 0.575934886932373 2069
1671441244750 0.5885122418403625 2092
1671441258548 0.5729082822799683 2115
1671441272381 0.5637477040290833 2138
1671441286181 0.588700532913208 2161
1671441300022 0.5843691229820251 2184
1671441314044 0.5912294983863831 2207
1671441328124 0.5819074511528015 2230
1671441342021 0.5644471049308777 2253
1671441356023 0.5789211988449097 2276
1671441370031 0.5712133049964905 2299
1671441384058 0.5713882446289062 2322
1671441397921 0.5958030819892883 2345
1671441411858 0.5706618428230286 2368
1671441426126 0.5724508762359619 2391
1671441440311 0.5740785598754883 2414
1671441454045 0.5900726318359375 2437
1671441467822 0.5880280137062073 2460
1671441481895 0.587718665599823 2483
1671441495929 0.5942561626434326 2506
1671441509869 0.6020581126213074 2529
1671441523741 0.5668953657150269 2552
1671441537381 0.5948615074157715 2575
1671441551348 0.5867231488227844 2598
1671441564970 0.5864138007164001 2621
1671441578966 0.6037799119949341 2644
1671441593009 0.5848129987716675 2667
1671441606996 0.5791229605674744 2690
1671441620813 0.5643664598464966 2713
1671441634947 0.5955071449279785 2736
1671441648837 0.5929648280143738 2759
1671441662561 0.5935969948768616 2782
1671441676559 0.5751681327819824 2805
1671441690254 0.5856873393058777 2828
1671441704051 0.5916599631309509 2851
1671441718044 0.5770513415336609 2874
1671441731982 0.5808044672012329 2897
1671441746099 0.5876109600067139 2920
1671441759866 0.5676486492156982 2943
1671441773534 0.6002556085586548 2966
1671441787460 0.5833871960639954 2989
1671441801909 0.594014048576355 3012
1671441815823 0.568159818649292 3035
1671441829927 0.5811541676521301 3058
1671441843793 0.5809119939804077 3081
1671441857569 0.5937853455543518 3104
1671441871640 0.5982781648635864 3127
1671441885871 0.5762577652931213 3150
1671441899910 0.5829029679298401 3173
1671441913927 0.5886198282241821 3196
1671441927951 0.5668147206306458 3219
1671441941731 0.5925746560096741 3242
1671441955672 0.5823110342025757 3265
1671441969850 0.5719128251075745 3288
1671441983743 0.5888888835906982 3311
1671441997841 0.6035377979278564 3334
1671442011537 0.5838445425033569 3357
1671442025368 0.5925746560096741 3380
1671442039121 0.587059497833252 3403
1671442052948 0.576284646987915 3426
1671442066914 0.5887678265571594 3449
