1671439989445 0.7217513918876648 22
1671440003252 0.7161017060279846 45
1671440017086 0.7146892547607422 68
1671440030840 0.7146892547607422 91
1671440044401 0.7161017060279846 114
1671440058384 0.7161017060279846 137
1671440072795 0.7161017060279846 160
1671440086988 0.7175140976905823 183
1671440100941 0.7146892547607422 206
1671440114829 0.7161017060279846 229
1671440128751 0.7189265489578247 252
1671440142796 0.7175140976905823 275
1671440156629 0.7203390002250671 298
1671440170757 0.7203390002250671 321
1671440184642 0.7161017060279846 344
1671440198592 0.7189265489578247 367
1671440212443 0.7231638431549072 390
1671440226395 0.7189265489578247 413
1671440240381 0.7189265489578247 436
1671440254497 0.7203390002250671 459
1671440268247 0.7203390002250671 482
1671440282065 0.7203390002250671 505
1671440295959 0.7217513918876648 528
1671440309784 0.7259886860847473 551
1671440323737 0.7203390002250671 574
1671440337484 0.7217513918876648 597
1671440351213 0.7217513918876648 620
1671440365106 0.7259886860847473 643
1671440378944 0.7245762944221497 666
1671440392590 0.7245762944221497 689
1671440406586 0.7231638431549072 712
1671440420618 0.7288135886192322 735
1671440434869 0.7259886860847473 758
1671440449101 0.7274011373519897 781
1671440462820 0.7316384315490723 804
1671440476894 0.7288135886192322 827
1671440490831 0.7302259802818298 850
1671440504543 0.7302259802818298 873
1671440518540 0.7316384315490723 896
1671440532390 0.7274011373519897 919
1671440546103 0.7288135886192322 942
1671440560342 0.7330508232116699 965
1671440574177 0.7372881174087524 988
1671440588404 0.7316384315490723 1011
1671440602442 0.7358757257461548 1034
1671440616134 0.7344632744789124 1057
1671440629911 0.7316384315490723 1080
1671440643736 0.7358757257461548 1103
1671440657871 0.7358757257461548 1126
1671440671838 0.7401130199432373 1149
1671440685747 0.7372881174087524 1172
1671440699828 0.7387005686759949 1195
1671440713548 0.7387005686759949 1218
1671440727613 0.7401130199432373 1241
1671440741580 0.7344632744789124 1264
1671440755768 0.7401130199432373 1287
1671440769580 0.7457627058029175 1310
1671440783473 0.741525411605835 1333
1671440797437 0.7457627058029175 1356
1671440811447 0.741525411605835 1379
1671440825592 0.7429378628730774 1402
1671440839539 0.7457627058029175 1425
1671440853512 0.7387005686759949 1448
1671440867661 0.744350254535675 1471
1671440881529 0.744350254535675 1494
1671440895487 0.7401130199432373 1517
1671440909503 0.75 1540
1671440923699 0.7471751570701599 1563
1671440937619 0.7429378628730774 1586
1671440951568 0.744350254535675 1609
1671440965590 0.741525411605835 1632
1671440979653 0.744350254535675 1655
1671440993601 0.744350254535675 1678
1671441007491 0.7401130199432373 1701
1671441021298 0.75 1724
1671441035107 0.7457627058029175 1747
1671441048973 0.7429378628730774 1770
1671441063119 0.75 1793
1671441076999 0.7457627058029175 1816
1671441090949 0.7471751570701599 1839
1671441105119 0.75 1862
1671441118817 0.744350254535675 1885
1671441132942 0.7457627058029175 1908
1671441146989 0.7485875487327576 1931
1671441160967 0.7514124512672424 1954
1671441174663 0.7471751570701599 1977
1671441188479 0.744350254535675 2000
1671441202404 0.7471751570701599 2023
1671441216580 0.755649745464325 2046
1671441230544 0.7528248429298401 2069
1671441244750 0.755649745464325 2092
1671441258548 0.7514124512672424 2115
1671441272381 0.75 2138
1671441286181 0.7485875487327576 2161
1671441300022 0.7471751570701599 2184
1671441314044 0.7514124512672424 2207
1671441328124 0.7514124512672424 2230
1671441342021 0.7514124512672424 2253
1671441356023 0.7457627058029175 2276
1671441370031 0.7457627058029175 2299
1671441384058 0.7514124512672424 2322
1671441397921 0.755649745464325 2345
1671441411858 0.75 2368
1671441426126 0.7514124512672424 2391
1671441440311 0.7514124512672424 2414
1671441454045 0.75 2437
1671441467822 0.75 2460
1671441481895 0.75 2483
1671441495929 0.7528248429298401 2506
1671441509869 0.7514124512672424 2529
1671441523741 0.758474588394165 2552
1671441537381 0.7542372941970825 2575
1671441551348 0.7528248429298401 2598
1671441564970 0.75 2621
1671441578966 0.7542372941970825 2644
1671441593009 0.7514124512672424 2667
1671441606996 0.75 2690
1671441620813 0.755649745464325 2713
1671441634947 0.7570621371269226 2736
1671441648837 0.7528248429298401 2759
1671441662561 0.7570621371269226 2782
1671441676559 0.75 2805
1671441690254 0.758474588394165 2828
1671441704051 0.755649745464325 2851
1671441718044 0.7528248429298401 2874
1671441731982 0.755649745464325 2897
1671441746099 0.7528248429298401 2920
1671441759866 0.7514124512672424 2943
1671441773534 0.7598869800567627 2966
1671441787460 0.7542372941970825 2989
1671441801909 0.7570621371269226 3012
1671441815823 0.7514124512672424 3035
1671441829927 0.7570621371269226 3058
1671441843793 0.7542372941970825 3081
1671441857569 0.7514124512672424 3104
1671441871640 0.7542372941970825 3127
1671441885871 0.7514124512672424 3150
1671441899910 0.7542372941970825 3173
1671441913927 0.755649745464325 3196
1671441927951 0.75 3219
1671441941731 0.7542372941970825 3242
1671441955672 0.7570621371269226 3265
1671441969850 0.7528248429298401 3288
1671441983743 0.7542372941970825 3311
1671441997841 0.758474588394165 3334
1671442011537 0.7570621371269226 3357
1671442025368 0.7570621371269226 3380
1671442039121 0.75 3403
1671442052948 0.7570621371269226 3426
1671442066914 0.7570621371269226 3449
