1671440005151 0.6875000596046448 49
1671440033726 0.42370128631591797 99
1671440062511 0.7277930378913879 149
1671440092167 0.699999988079071 199
1671440121162 0.8095238208770752 249
1671440157600 0.699999988079071 299
1671440186749 0.5404762029647827 349
1671440215683 0.6970238089561462 399
1671440244940 0.5211039185523987 449
1671440273717 0.4318181872367859 499
1671440302550 0.6564394235610962 549
1671440338671 0.49166667461395264 599
1671440367526 0.6367965340614319 649
1671440396089 0.7351190447807312 699
1671440425529 0.574999988079071 749
1671440454835 0.6220238208770752 799
1671440483749 0.6180555820465088 849
1671440520067 0.6496753096580505 899
1671440549000 0.6347222328186035 949
1671440578105 0.615079402923584 999
1671440607487 0.6011905074119568 1049
1671440635982 0.79067462682724 1099
1671440664867 0.5 1149
1671440701605 0.737500011920929 1199
1671440730614 0.7222222685813904 1249
1671440759851 0.6041666865348816 1299
1671440788694 0.5809524059295654 1349
1671440817812 0.5436508059501648 1399
1671440854469 0.6799242496490479 1449
1671440883624 0.5833333730697632 1499
1671440912785 0.6166666746139526 1549
1671440942097 0.849494993686676 1599
1671440971069 0.6309523582458496 1649
1671441000246 0.648809552192688 1699
1671441036364 0.6736111044883728 1749
1671441065443 0.7291666865348816 1799
1671441094455 0.6583333015441895 1849
1671441123447 0.3986111283302307 1899
1671441152800 0.7023809552192688 1949
1671441181601 0.6761904954910278 1999
1671441218110 0.638888955116272 2049
1671441247363 0.5791666507720947 2099
1671441276137 0.7684524059295654 2149
1671441304980 0.601190447807312 2199
1671441334208 0.7124999761581421 2249
1671441363089 0.25 2299
1671441399805 0.7053571343421936 2349
1671441429133 0.6407203674316406 2399
1671441458097 0.7182539701461792 2449
1671441487180 0.675000011920929 2499
1671441516220 0.7539682388305664 2549
1671441552315 0.6791666746139526 2599
1671441581148 0.6900793313980103 2649
1671441610166 0.8365079164505005 2699
1671441639440 0.7595238089561462 2749
1671441668105 0.7611263394355774 2799
1671441696915 0.6166666746139526 2849
1671441733203 0.7849358916282654 2899
1671441762349 0.748106062412262 2949
1671441791249 0.6672619581222534 2999
1671441820500 0.16249999403953552 3049
1671441849582 0.7083333730697632 3099
1671441878514 0.7470238208770752 3149
1671441915448 0.5928571224212646 3199
1671441944547 0.5484848618507385 3249
1671441973642 0.7142857313156128 3299
1671442002702 0.7763888835906982 3349
1671442031363 0.699999988079071 3399
1671442060015 0.25 3449
