1671439989445 2.612032890319824 22
1671440003252 2.1682517528533936 45
1671440017086 2.171719551086426 68
1671440030840 2.1711525917053223 91
1671440044401 2.179957866668701 114
1671440058384 2.173968553543091 137
1671440072795 2.171712875366211 160
1671440086988 2.172691583633423 183
1671440100941 2.170060396194458 206
1671440114829 2.1698050498962402 229
1671440128751 2.1701838970184326 252
1671440142796 2.174158811569214 275
1671440156629 2.172109603881836 298
1671440170757 2.1639552116394043 321
1671440184642 2.1643879413604736 344
1671440198592 2.1737253665924072 367
1671440212443 2.173644781112671 390
1671440226395 2.17146372795105 413
1671440240381 2.163930654525757 436
1671440254497 2.1659185886383057 459
1671440268247 2.1640679836273193 482
1671440282065 2.16426157951355 505
1671440295959 2.1706480979919434 528
1671440309784 2.166553258895874 551
1671440323737 2.170114278793335 574
1671440337484 2.174992322921753 597
1671440351213 2.1686859130859375 620
1671440365106 2.1638524532318115 643
1671440378944 2.1618497371673584 666
1671440392590 2.1619179248809814 689
1671440406586 2.166015863418579 712
1671440420618 2.165982246398926 735
1671440434869 2.161550521850586 758
1671440449101 2.1635372638702393 781
1671440462820 2.1620867252349854 804
1671440476894 2.1573829650878906 827
1671440490831 2.1651172637939453 850
1671440504543 2.1608970165252686 873
1671440518540 2.164327621459961 896
1671440532390 2.157513380050659 919
1671440546103 2.162123441696167 942
1671440560342 2.1603429317474365 965
1671440574177 2.156897783279419 988
1671440588404 2.155402660369873 1011
1671440602442 2.15867280960083 1034
1671440616134 2.1592254638671875 1057
1671440629911 2.1667771339416504 1080
1671440643736 2.1576859951019287 1103
1671440657871 2.1552743911743164 1126
1671440671838 2.164139986038208 1149
1671440685747 2.1559298038482666 1172
1671440699828 2.1604723930358887 1195
1671440713548 2.1554548740386963 1218
1671440727613 2.1556100845336914 1241
1671440741580 2.160158395767212 1264
1671440755768 2.1524746417999268 1287
1671440769580 2.1568496227264404 1310
1671440783473 2.151719093322754 1333
1671440797437 2.1558592319488525 1356
1671440811447 2.160116195678711 1379
1671440825592 2.1661996841430664 1402
1671440839539 2.1553993225097656 1425
1671440853512 2.154661178588867 1448
1671440867661 2.1530215740203857 1471
1671440881529 2.149444103240967 1494
1671440895487 2.154994010925293 1517
1671440909503 2.162693500518799 1540
1671440923699 2.16154408454895 1563
1671440937619 2.1544723510742188 1586
1671440951568 2.1499834060668945 1609
1671440965590 2.1492536067962646 1632
1671440979653 2.1563780307769775 1655
1671440993601 2.1482439041137695 1678
1671441007491 2.151343822479248 1701
1671441021298 2.1553146839141846 1724
1671441035107 2.150533676147461 1747
1671441048973 2.1555259227752686 1770
1671441063119 2.1536974906921387 1793
1671441076999 2.1497550010681152 1816
1671441090949 2.150170087814331 1839
1671441105119 2.154930353164673 1862
1671441118817 2.14985990524292 1885
1671441132942 2.153916358947754 1908
1671441146989 2.150139808654785 1931
1671441160967 2.1476681232452393 1954
1671441174663 2.15390944480896 1977
1671441188479 2.1485650539398193 2000
1671441202404 2.1465330123901367 2023
1671441216580 2.1465399265289307 2046
1671441230544 2.1520392894744873 2069
1671441244750 2.146634340286255 2092
1671441258548 2.1460766792297363 2115
1671441272381 2.151934862136841 2138
1671441286181 2.1473398208618164 2161
1671441300022 2.149818181991577 2184
1671441314044 2.1590373516082764 2207
1671441328124 2.154071569442749 2230
1671441342021 2.1487765312194824 2253
1671441356023 2.151277780532837 2276
1671441370031 2.156243324279785 2299
1671441384058 2.1424992084503174 2322
1671441397921 2.1468310356140137 2345
1671441411858 2.144300937652588 2368
1671441426126 2.1471643447875977 2391
1671441440311 2.144669771194458 2414
1671441454045 2.1441080570220947 2437
1671441467822 2.154722213745117 2460
1671441481895 2.152977466583252 2483
1671441495929 2.1431772708892822 2506
1671441509869 2.1402981281280518 2529
1671441523741 2.1435747146606445 2552
1671441537381 2.1492927074432373 2575
1671441551348 2.144491195678711 2598
1671441564970 2.1440794467926025 2621
1671441578966 2.1416726112365723 2644
1671441593009 2.1466000080108643 2667
1671441606996 2.1418795585632324 2690
1671441620813 2.1445088386535645 2713
1671441634947 2.1459574699401855 2736
1671441648837 2.1434590816497803 2759
1671441662561 2.1467957496643066 2782
1671441676559 2.1487417221069336 2805
1671441690254 2.1456263065338135 2828
1671441704051 2.1477038860321045 2851
1671441718044 2.1389729976654053 2874
1671441731982 2.146437168121338 2897
1671441746099 2.1415350437164307 2920
1671441759866 2.1517038345336914 2943
1671441773534 2.143369197845459 2966
1671441787460 2.1418023109436035 2989
1671441801909 2.1387102603912354 3012
1671441815823 2.140960931777954 3035
1671441829927 2.1420304775238037 3058
1671441843793 2.1471927165985107 3081
1671441857569 2.144383668899536 3104
1671441871640 2.152153491973877 3127
1671441885871 2.1489882469177246 3150
1671441899910 2.143552541732788 3173
1671441913927 2.1417102813720703 3196
1671441927951 2.137127637863159 3219
1671441941731 2.140960216522217 3242
1671441955672 2.1431047916412354 3265
1671441969850 2.14117169380188 3288
1671441983743 2.1357617378234863 3311
1671441997841 2.1355984210968018 3334
1671442011537 2.1372721195220947 3357
1671442025368 2.146746873855591 3380
1671442039121 2.139252185821533 3403
1671442052948 2.133425235748291 3426
1671442066914 2.137533664703369 3449
