1671602209723 19.75 22
1671602223254 17.0 45
1671602237180 14.5 68
1671602250852 14.5 91
1671602264742 14.5 114
1671602278493 14.5 137
1671602292549 13.25 160
1671602306740 17.0 183
1671602320499 17.0 206
1671602334071 17.0 229
1671602347787 14.5 252
1671602361838 14.5 275
1671602375668 17.0 298
1671602389272 14.5 321
1671602403022 14.5 344
1671602416898 14.5 367
1671602430783 14.5 390
1671602445115 14.5 413
1671602458918 14.5 436
1671602472999 14.5 459
1671602487042 17.0 482
1671602500859 14.5 505
1671602514764 19.75 528
1671602528399 17.0 551
1671602542243 14.5 574
1671602556151 14.25 597
1671602570073 17.0 620
1671602584044 16.75 643
1671602597999 17.0 666
1671602611838 14.25 689
1671602625805 17.0 712
1671602640021 17.0 735
1671602654355 14.25 758
1671602668214 17.0 781
1671602682016 17.0 804
1671602695733 14.25 827
1671602709522 14.25 850
1671602723259 14.25 873
1671602737007 16.75 896
1671602750817 14.5 919
1671602764605 14.5 942
1671602778644 16.75 965
1671602792624 19.75 988
1671602806901 19.75 1011
1671602820615 17.25 1034
1671602834606 19.5 1057
1671602848542 19.75 1080
1671602862428 16.75 1103
1671602876380 16.75 1126
1671602890325 19.75 1149
1671602904433 17.0 1172
1671602918206 14.0 1195
1671602931985 16.75 1218
1671602946139 16.5 1241
1671602960312 16.75 1264
1671602974589 16.75 1287
1671602988581 16.5 1310
1671603002493 16.25 1333
1671603016425 20.0 1356
1671603030415 19.5 1379
1671603044217 19.5 1402
1671603058422 19.75 1425
1671603072323 17.25 1448
1671603086196 20.0 1471
1671603100279 16.25 1494
1671603114318 13.75 1517
1671603128300 13.75 1540
1671603142494 14.75 1563
1671603156629 16.0 1586
1671603170712 13.75 1609
1671603184844 14.0 1632
1671603198802 13.75 1655
1671603212787 17.25 1678
1671603226692 16.25 1701
1671603240489 19.0 1724
1671603254414 15.75 1747
1671603268272 18.75 1770
1671603282291 16.0 1793
1671603296389 15.5 1816
1671603310359 13.75 1839
1671603324516 18.75 1862
1671603338397 16.25 1885
1671603352507 16.25 1908
1671603366468 18.75 1931
1671603380397 16.25 1954
1671603394377 16.5 1977
1671603408588 17.0 2000
1671603422596 16.5 2023
1671603436805 16.25 2046
1671603450722 15.0 2069
1671603464679 16.5 2092
1671603478568 19.0 2115
1671603492640 16.25 2138
1671603506676 16.75 2161
1671603521484 13.75 2184
1671603535134 16.25 2207
1671603548998 16.25 2230
1671603563039 16.75 2253
1671603576862 16.5 2276
1671603590901 19.0 2299
1671603605005 16.0 2322
1671603618854 19.0 2345
1671603632947 16.25 2368
1671603646985 19.0 2391
1671603661149 19.0 2414
1671603674943 17.0 2437
1671603689430 16.25 2460
1671603703391 19.0 2483
1671603717289 16.25 2506
1671603731196 14.0 2529
1671603745168 13.25 2552
1671603759839 16.25 2575
1671603773767 13.75 2598
1671603787790 16.5 2621
1671603801932 16.25 2644
1671603815886 16.25 2667
1671603830186 16.25 2690
1671603844237 15.5 2713
1671603858142 19.0 2736
1671603872203 16.0 2759
1671603886213 16.5 2782
1671603900340 16.25 2805
1671603914323 16.25 2828
1671603928599 16.25 2851
1671603942616 16.25 2874
1671603956630 16.25 2897
1671603970811 16.25 2920
1671603984880 17.0 2943
1671603998741 15.0 2966
1671604013148 16.25 2989
1671604027115 14.0 3012
1671604041045 16.25 3035
1671604054947 16.25 3058
1671604068802 17.0 3081
1671604082982 14.75 3104
1671604097094 14.0 3127
1671604111020 14.0 3150
1671604124978 15.0 3173
1671604138943 16.25 3196
1671604153098 15.75 3219
1671604167216 13.75 3242
1671604181387 16.25 3265
1671604195197 13.75 3288
1671604209101 14.0 3311
1671604222916 16.5 3334
1671604236839 14.0 3357
1671604251273 13.75 3380
1671604265847 13.75 3403
1671604279934 14.75 3426
1671604294045 17.0 3449
