1671602209723 0 22
1671602212681 1 22
1671602223254 1 45
1671602226320 2 45
1671602228099 2 49
1671602237180 2 68
1671602240265 3 68
1671602250852 3 91
1671602254012 4 91
1671602256953 4 99
1671602264742 4 114
1671602267922 5 114
1671602278493 5 137
1671602281621 6 137
1671602285815 6 149
1671602292549 6 160
1671602295626 7 160
1671602306740 7 183
1671602309938 8 183
1671602315105 8 199
1671602320499 8 206
1671602323605 9 206
1671602334071 9 229
1671602337162 10 229
1671602343473 10 249
1671602347787 10 252
1671602350861 11 252
1671602361838 11 275
1671602365046 12 275
1671602375668 12 298
1671602378726 13 298
1671602379633 13 299
1671602389272 13 321
1671602392475 14 321
1671602403022 14 344
1671602406164 15 344
1671602408192 15 349
1671602416898 15 367
1671602419992 16 367
1671602430783 16 390
1671602433889 17 390
1671602437508 17 399
1671602445115 17 413
1671602448212 18 413
1671602458918 18 436
1671602462101 19 436
1671602466703 19 449
1671602472999 19 459
1671602476116 20 459
1671602487042 20 482
1671602490116 21 482
1671602495605 21 499
1671602500859 21 505
1671602504013 22 505
1671602514764 22 528
1671602517818 23 528
1671602524362 23 549
1671602528399 23 551
1671602531532 24 551
1671602542243 24 574
1671602545317 25 574
1671602556151 25 597
1671602559262 26 597
1671602560440 26 599
1671602570073 26 620
1671602573282 27 620
1671602584044 27 643
1671602587167 28 643
1671602589509 28 649
1671602597999 28 666
1671602601139 29 666
1671602611838 29 689
1671602614881 30 689
1671602618391 30 699
1671602625805 30 712
1671602629113 31 712
1671602640021 31 735
1671602643229 32 735
1671602648001 32 749
1671602654355 32 758
1671602657545 33 758
1671602668214 33 781
1671602671328 34 781
1671602677102 34 799
1671602682016 34 804
1671602685109 35 804
1671602695733 35 827
1671602698830 36 827
1671602705698 36 849
1671602709522 36 850
1671602712654 37 850
1671602723259 37 873
1671602726301 38 873
1671602737007 38 896
1671602740171 39 896
1671602741629 39 899
1671602750817 39 919
1671602753946 40 919
1671602764605 40 942
1671602767751 41 942
1671602770386 41 949
1671602778644 41 965
1671602781833 42 965
1671602792624 42 988
1671602795783 43 988
1671602799880 43 999
1671602806901 43 1011
1671602809949 44 1011
1671602820615 44 1034
1671602823918 45 1034
1671602828808 45 1049
1671602834606 45 1057
1671602837811 46 1057
1671602848542 46 1080
1671602851731 47 1080
1671602857825 47 1099
1671602862428 47 1103
1671602865598 48 1103
1671602876380 48 1126
1671602879518 49 1126
1671602886461 49 1149
1671602890325 49 1149
1671602893670 50 1149
1671602904433 50 1172
1671602907560 51 1172
1671602918206 51 1195
1671602921409 52 1195
1671602923169 52 1199
1671602931985 52 1218
1671602935119 53 1218
1671602946139 53 1241
1671602949568 54 1241
1671602952497 54 1249
1671602960312 54 1264
1671602963475 55 1264
1671602974589 55 1287
1671602977781 56 1287
1671602981868 56 1299
1671602988581 56 1310
1671602991762 57 1310
1671603002493 57 1333
1671603005619 58 1333
1671603010877 58 1349
1671603016425 58 1356
1671603019623 59 1356
1671603030415 59 1379
1671603033451 60 1379
1671603039811 60 1399
1671603044217 60 1402
1671603047756 61 1402
1671603058422 61 1425
1671603061521 62 1425
1671603072323 62 1448
1671603075409 63 1448
1671603076363 63 1449
1671603086196 63 1471
1671603089306 64 1471
1671603100279 64 1494
1671603103461 65 1494
1671603105466 65 1499
1671603114318 65 1517
1671603117524 66 1517
1671603128300 66 1540
1671603131460 67 1540
1671603134631 67 1549
1671603142494 67 1563
1671603145683 68 1563
1671603156629 68 1586
1671603159791 69 1586
1671603164190 69 1599
1671603170712 69 1609
1671603173899 70 1609
1671603184844 70 1632
1671603188026 71 1632
1671603193482 71 1649
1671603198802 71 1655
1671603201919 72 1655
1671603212787 72 1678
1671603215938 73 1678
1671603222488 73 1699
1671603226692 73 1701
1671603229783 74 1701
1671603240489 74 1724
1671603243660 75 1724
1671603254414 75 1747
1671603257558 76 1747
1671603258758 76 1749
1671603268272 76 1770
1671603271412 77 1770
1671603282291 77 1793
1671603285501 78 1793
1671603287907 78 1799
1671603296389 78 1816
1671603299502 79 1816
1671603310359 79 1839
1671603313492 80 1839
1671603316986 80 1849
1671603324516 80 1862
1671603327630 81 1862
1671603338397 81 1885
1671603341552 82 1885
1671603346238 82 1899
1671603352507 82 1908
1671603355645 83 1908
1671603366468 83 1931
1671603369562 84 1931
1671603375342 84 1949
1671603380397 84 1954
1671603383575 85 1954
1671603394377 85 1977
1671603397555 86 1977
1671603404401 86 1999
1671603408588 86 2000
1671603411767 87 2000
1671603422596 87 2023
1671603425739 88 2023
1671603436805 88 2046
1671603439951 89 2046
1671603441463 89 2049
1671603450722 89 2069
1671603453893 90 2069
1671603464679 90 2092
1671603467873 91 2092
1671603470465 91 2099
1671603478568 91 2115
1671603481716 92 2115
1671603492640 92 2138
1671603495773 93 2138
1671603499660 93 2149
1671603506676 93 2161
1671603509789 94 2161
1671603521484 94 2184
1671603524594 95 2184
1671603529436 95 2199
1671603535134 95 2207
1671603538307 96 2207
1671603548998 96 2230
1671603552101 97 2230
1671603558129 97 2249
1671603563039 97 2253
1671603566179 98 2253
1671603576862 98 2276
1671603579930 99 2276
1671603587006 99 2299
1671603590901 99 2299
1671603594093 100 2299
1671603605005 100 2322
1671603608065 101 2322
1671603618854 101 2345
1671603622021 102 2345
1671603623820 102 2349
1671603632947 102 2368
1671603636126 103 2368
1671603646985 103 2391
1671603650034 104 2391
1671603653220 104 2399
1671603661149 104 2414
1671603664277 105 2414
1671603674943 105 2437
1671603678079 106 2437
1671603682138 106 2449
1671603689430 106 2460
1671603692593 107 2460
1671603703391 107 2483
1671603706474 108 2483
1671603711691 108 2499
1671603717289 108 2506
1671603720361 109 2506
1671603731196 109 2529
1671603734350 110 2529
1671603740627 110 2549
1671603745168 110 2552
1671603748811 111 2552
1671603759839 111 2575
1671603762956 112 2575
1671603773767 112 2598
1671603777002 113 2598
1671603777880 113 2599
1671603787790 113 2621
1671603791043 114 2621
1671603801932 114 2644
1671603805076 115 2644
1671603807131 115 2649
1671603815886 115 2667
1671603819123 116 2667
1671603830186 116 2690
1671603833332 117 2690
1671603836476 117 2699
1671603844237 117 2713
1671603847349 118 2713
1671603858142 118 2736
1671603861227 119 2736
1671603865575 119 2749
1671603872203 119 2759
1671603875443 120 2759
1671603886213 120 2782
1671603889457 121 2782
1671603894958 121 2799
1671603900340 121 2805
1671603903520 122 2805
1671603914323 122 2828
1671603917501 123 2828
1671603924270 123 2849
1671603928599 123 2851
1671603931733 124 2851
1671603942616 124 2874
1671603945822 125 2874
1671603956630 125 2897
1671603959757 126 2897
1671603960995 126 2899
1671603970811 126 2920
1671603974026 127 2920
1671603984880 127 2943
1671603988046 128 2943
1671603990368 128 2949
1671603998741 128 2966
1671604001918 129 2966
1671604013148 129 2989
1671604016316 130 2989
1671604019795 130 2999
1671604027115 130 3012
1671604030229 131 3012
1671604041045 131 3035
1671604044208 132 3035
1671604048825 132 3049
1671604054947 132 3058
1671604058156 133 3058
1671604068802 133 3081
1671604071885 134 3081
1671604077701 134 3099
1671604082982 134 3104
1671604086146 135 3104
1671604097094 135 3127
1671604100176 136 3127
1671604107053 136 3149
1671604111020 136 3150
1671604114176 137 3150
1671604124978 137 3173
1671604128114 138 3173
1671604138943 138 3196
1671604142107 139 3196
1671604143624 139 3199
1671604153098 139 3219
1671604156367 140 3219
1671604167216 140 3242
1671604170328 141 3242
1671604172978 141 3249
1671604181387 141 3265
1671604184528 142 3265
1671604195197 142 3288
1671604198294 143 3288
1671604202036 143 3299
1671604209101 143 3311
1671604212122 144 3311
1671604222916 144 3334
1671604226051 145 3334
1671604230977 145 3349
1671604236839 145 3357
1671604240229 146 3357
1671604251273 146 3380
1671604254495 147 3380
1671604260532 147 3399
1671604265847 147 3403
1671604269065 148 3403
1671604279934 148 3426
1671604283107 149 3426
1671604290046 149 3449
1671604294045 149 3449
1671604297039 150 3449
