1671602209723 2.25 22
1671602223254 5.0 45
1671602237180 7.5 68
1671602250852 7.5 91
1671602264742 7.5 114
1671602278493 7.5 137
1671602292549 8.75 160
1671602306740 5.0 183
1671602320499 5.0 206
1671602334071 5.0 229
1671602347787 7.5 252
1671602361838 7.5 275
1671602375668 5.0 298
1671602389272 7.5 321
1671602403022 7.5 344
1671602416898 7.5 367
1671602430783 7.5 390
1671602445115 7.5 413
1671602458918 7.5 436
1671602472999 7.5 459
1671602487042 5.0 482
1671602500859 7.5 505
1671602514764 2.25 528
1671602528399 5.0 551
1671602542243 7.5 574
1671602556151 7.75 597
1671602570073 5.0 620
1671602584044 5.25 643
1671602597999 5.0 666
1671602611838 7.75 689
1671602625805 5.0 712
1671602640021 5.0 735
1671602654355 7.75 758
1671602668214 5.0 781
1671602682016 5.0 804
1671602695733 7.75 827
1671602709522 7.75 850
1671602723259 7.75 873
1671602737007 5.25 896
1671602750817 7.5 919
1671602764605 7.5 942
1671602778644 5.25 965
1671602792624 2.25 988
1671602806901 2.25 1011
1671602820615 4.75 1034
1671602834606 2.5 1057
1671602848542 2.25 1080
1671602862428 5.25 1103
1671602876380 5.25 1126
1671602890325 2.25 1149
1671602904433 5.0 1172
1671602918206 8.0 1195
1671602931985 5.25 1218
1671602946139 5.5 1241
1671602960312 5.25 1264
1671602974589 5.25 1287
1671602988581 5.5 1310
1671603002493 5.75 1333
1671603016425 2.0 1356
1671603030415 2.5 1379
1671603044217 2.5 1402
1671603058422 2.25 1425
1671603072323 4.75 1448
1671603086196 2.0 1471
1671603100279 5.75 1494
1671603114318 8.25 1517
1671603128300 8.25 1540
1671603142494 7.25 1563
1671603156629 6.0 1586
1671603170712 8.25 1609
1671603184844 8.0 1632
1671603198802 8.25 1655
1671603212787 4.75 1678
1671603226692 5.75 1701
1671603240489 3.0 1724
1671603254414 6.25 1747
1671603268272 3.25 1770
1671603282291 6.0 1793
1671603296389 6.5 1816
1671603310359 8.25 1839
1671603324516 3.25 1862
1671603338397 5.75 1885
1671603352507 5.75 1908
1671603366468 3.25 1931
1671603380397 5.75 1954
1671603394377 5.5 1977
1671603408588 5.0 2000
1671603422596 5.5 2023
1671603436805 5.75 2046
1671603450722 7.0 2069
1671603464679 5.5 2092
1671603478568 3.0 2115
1671603492640 5.75 2138
1671603506676 5.25 2161
1671603521484 8.25 2184
1671603535134 5.75 2207
1671603548998 5.75 2230
1671603563039 5.25 2253
1671603576862 5.5 2276
1671603590901 3.0 2299
1671603605005 6.0 2322
1671603618854 3.0 2345
1671603632947 5.75 2368
1671603646985 3.0 2391
1671603661149 3.0 2414
1671603674943 5.0 2437
1671603689430 5.75 2460
1671603703391 3.0 2483
1671603717289 5.75 2506
1671603731196 8.0 2529
1671603745168 8.75 2552
1671603759839 5.75 2575
1671603773767 8.25 2598
1671603787790 5.5 2621
1671603801932 5.75 2644
1671603815886 5.75 2667
1671603830186 5.75 2690
1671603844237 6.5 2713
1671603858142 3.0 2736
1671603872203 6.0 2759
1671603886213 5.5 2782
1671603900340 5.75 2805
1671603914323 5.75 2828
1671603928599 5.75 2851
1671603942616 5.75 2874
1671603956630 5.75 2897
1671603970811 5.75 2920
1671603984880 5.0 2943
1671603998741 7.0 2966
1671604013148 5.75 2989
1671604027115 8.0 3012
1671604041045 5.75 3035
1671604054947 5.75 3058
1671604068802 5.0 3081
1671604082982 7.25 3104
1671604097094 8.0 3127
1671604111020 8.0 3150
1671604124978 7.0 3173
1671604138943 5.75 3196
1671604153098 6.25 3219
1671604167216 8.25 3242
1671604181387 5.75 3265
1671604195197 8.25 3288
1671604209101 8.0 3311
1671604222916 5.5 3334
1671604236839 8.0 3357
1671604251273 8.25 3380
1671604265847 8.25 3403
1671604279934 7.25 3426
1671604294045 5.0 3449
