1671602212681 0.7650658488273621 22
1671602226320 0.7342749238014221 45
1671602240265 0.8206214904785156 68
1671602254012 0.7493811845779419 91
1671602267922 0.7473635077476501 114
1671602281621 0.738095223903656 137
1671602295626 0.7847457528114319 160
1671602309938 0.7310734391212463 183
1671602323605 0.7205273509025574 206
1671602337162 0.7937853336334229 229
1671602350861 0.7968926429748535 252
1671602365046 0.8188323378562927 275
1671602378726 0.722316324710846 298
1671602392475 0.7645010352134705 321
1671602406164 0.7944444417953491 344
1671602419992 0.7674199342727661 367
1671602433889 0.7434086203575134 390
1671602448212 0.8450093865394592 413
1671602462101 0.6963008046150208 436
1671602476116 0.7756121158599854 459
1671602490116 0.722316324710846 482
1671602504013 0.7215631604194641 505
1671602517818 0.7122410535812378 528
1671602531532 0.7672315835952759 551
1671602545317 0.8005515336990356 574
1671602559262 0.7779257297515869 597
1671602573282 0.7385122179985046 620
1671602587167 0.6730696558952332 643
1671602601139 0.7664783596992493 666
1671602614881 0.7795668840408325 689
1671602629113 0.7554614543914795 712
1671602643229 0.7288135886192322 735
1671602657545 0.799435019493103 758
1671602671328 0.7839924693107605 781
1671602685109 0.7145009636878967 804
1671602698830 0.8508474230766296 827
1671602712654 0.7827683687210083 850
1671602726301 0.7726930379867554 873
1671602740171 0.7288135886192322 896
1671602753946 0.8275894522666931 919
1671602767751 0.7836158871650696 942
1671602781833 0.730279803276062 965
1671602795783 0.7453860640525818 988
1671602809949 0.7636535167694092 1011
1671602823918 0.8246704936027527 1034
1671602837811 0.7410815358161926 1057
1671602851731 0.8111110925674438 1080
1671602865598 0.7963277697563171 1103
1671602879518 0.8550847768783569 1126
1671602893670 0.7610169053077698 1149
1671602907560 0.8025423288345337 1172
1671602921409 0.8186440467834473 1195
1671602935119 0.7914313077926636 1218
1671602949568 0.7804142832756042 1241
1671602963475 0.7771186828613281 1264
1671602977781 0.7346516251564026 1287
1671602991762 0.8042373061180115 1310
1671603005619 0.8003765940666199 1333
1671603019623 0.7400188446044922 1356
1671603033451 0.8069680333137512 1379
1671603047756 0.7848398685455322 1402
1671603061521 0.7957627177238464 1425
1671603075409 0.8109227418899536 1448
1671603089306 0.7774953246116638 1471
1671603103461 0.7717514634132385 1494
1671603117524 0.8563088178634644 1517
1671603131460 0.7884181141853333 1540
1671603145683 0.8143125772476196 1563
1671603159791 0.784369170665741 1586
1671603173899 0.8284369111061096 1609
1671603188026 0.7935566902160645 1632
1671603201919 0.792843759059906 1655
1671603215938 0.7922787666320801 1678
1671603229783 0.7969733476638794 1701
1671603243660 0.7624294757843018 1724
1671603257558 0.8509416580200195 1747
1671603271412 0.7658191323280334 1770
1671603285501 0.82306969165802 1793
1671603299502 0.8322033882141113 1816
1671603313492 0.8233522176742554 1839
1671603327630 0.7806025743484497 1862
1671603341552 0.8317325115203857 1885
1671603355645 0.7874764204025269 1908
1671603369562 0.8489642143249512 1931
1671603383575 0.8113936185836792 1954
1671603397555 0.759698748588562 1977
1671603411767 0.7988700270652771 2000
1671603425739 0.7752354741096497 2023
1671603439951 0.8430320620536804 2046
1671603453893 0.7805084586143494 2069
1671603467873 0.7700564861297607 2092
1671603481716 0.7649717330932617 2115
1671603495773 0.8022599816322327 2138
1671603509789 0.7935970425605774 2161
1671603524594 0.8262711763381958 2184
1671603538307 0.8459509611129761 2207
1671603552101 0.7716572880744934 2230
1671603566179 0.7891713976860046 2253
1671603579930 0.8568333983421326 2276
1671603594093 0.7980226278305054 2299
1671603608065 0.8328355550765991 2322
1671603622021 0.8290019035339355 2345
1671603636126 0.83670973777771 2368
1671603650034 0.7726930379867554 2391
1671603664277 0.8209039568901062 2414
1671603678079 0.7794726490974426 2437
1671603692593 0.7824859023094177 2460
1671603706474 0.8070622086524963 2483
1671603720361 0.8418079018592834 2506
1671603734350 0.8396421670913696 2529
1671603748811 0.7945386171340942 2552
1671603762956 0.8418079018592834 2575
1671603777002 0.8286252021789551 2598
1671603791043 0.780979335308075 2621
1671603805076 0.8716573119163513 2644
1671603819123 0.839911162853241 2667
1671603833332 0.807250440120697 2690
1671603847349 0.7882297039031982 2713
1671603861227 0.754613995552063 2736
1671603875443 0.8524482250213623 2759
1671603889457 0.7902474999427795 2782
1671603903520 0.8359699249267578 2805
1671603917501 0.7741996049880981 2828
1671603931733 0.8039548397064209 2851
1671603945822 0.7129002213478088 2874
1671603959757 0.7993409037590027 2897
1671603974026 0.7667608857154846 2920
1671603988046 0.823634684085846 2943
1671604001918 0.805555522441864 2966
1671604016316 0.7580037713050842 2989
1671604030229 0.8354990482330322 3012
1671604044208 0.7842749357223511 3035
1671604058156 0.8052729964256287 3058
1671604071885 0.8403955698013306 3081
1671604086146 0.8305084705352783 3104
1671604100176 0.827495276927948 3127
1671604114176 0.791619598865509 3150
1671604128114 0.8161959052085876 3173
1671604142107 0.8078154921531677 3196
1671604156367 0.7874764204025269 3219
1671604170328 0.8131692409515381 3242
1671604184528 0.7822974920272827 3265
1671604198294 0.8096045255661011 3288
1671604212122 0.8006591796875 3311
1671604226051 0.7735404372215271 3334
1671604240229 0.8435970544815063 3357
1671604254495 0.8058245778083801 3380
1671604269065 0.7650659680366516 3403
1671604283107 0.7884181141853333 3426
1671604297039 0.7913236618041992 3449
