1671602228099 0.5249999761581421 49
1671602256953 0.36250001192092896 99
1671602285815 0.5892857313156128 149
1671602315105 0.4375 199
1671602343473 0.6666666865348816 249
1671602379633 0.6000000238418579 299
1671602408192 0.3333333432674408 349
1671602437508 0.6083333492279053 399
1671602466703 0.4761905074119568 449
1671602495605 0.2678571343421936 499
1671602524362 0.5166666507720947 549
1671602560440 0.3125 599
1671602589509 0.6458333134651184 649
1671602618391 0.6499999761581421 699
1671602648001 0.41904765367507935 749
1671602677102 0.5416666865348816 799
1671602705698 0.49166667461395264 849
1671602741629 0.4511904716491699 899
1671602770386 0.4958333373069763 949
1671602799880 0.375 999
1671602828808 0.3708333373069763 1049
1671602857825 0.7291666865348816 1099
1671602886461 0.5 1149
1671602923169 0.5666666626930237 1199
1671602952497 0.5375000238418579 1249
1671602981868 0.4208333492279053 1299
1671603010877 0.4625000059604645 1349
1671603039811 0.40833336114883423 1399
1671603076363 0.5875000357627869 1449
1671603105466 0.574999988079071 1499
1671603134631 0.5416666865348816 1549
1671603164190 0.824999988079071 1599
1671603193482 0.4375 1649
1671603222488 0.4958333373069763 1699
1671603258758 0.625 1749
1671603287907 0.612500011920929 1799
1671603316986 0.550000011920929 1849
1671603346238 0.2839285731315613 1899
1671603375342 0.6041666269302368 1949
1671603404401 0.625 1999
1671603441463 0.46666669845581055 2049
1671603470465 0.4625000059604645 2099
1671603499660 0.5833333730697632 2149
1671603529436 0.4333333373069763 2199
1671603558129 0.6875000596046448 2249
1671603587006 0.25 2299
1671603623820 0.5833333730697632 2349
1671603653220 0.5062499642372131 2399
1671603682138 0.6416666507720947 2449
1671603711691 0.6041666865348816 2499
1671603740627 0.637499988079071 2549
1671603777880 0.4791666865348816 2599
1671603807131 0.550000011920929 2649
1671603836476 0.5249999761581421 2699
1671603865575 0.625 2749
1671603894958 0.6309523582458496 2799
1671603924270 0.45952385663986206 2849
1671603960995 0.7541666626930237 2899
1671603990368 0.6083333492279053 2949
1671604019795 0.6202380657196045 2999
1671604048825 0.1190476268529892 3049
1671604077701 0.5750000476837158 3099
1671604107053 0.6083332896232605 3149
1671604143624 0.5166667103767395 3199
1671604172978 0.4345238208770752 3249
1671604202036 0.6041666865348816 3299
1671604230977 0.512499988079071 3349
1671604260532 0.6041666865348816 3399
1671604290046 0.25 3449
