1671602212681 0.5933413505554199 22
1671602226320 0.4786118268966675 45
1671602240265 0.5085956454277039 68
1671602254012 0.5063357353210449 91
1671602267922 0.5182808637619019 114
1671602281621 0.5165455937385559 137
1671602295626 0.4992198646068573 160
1671602309938 0.5001614093780518 183
1671602323605 0.5053134560585022 206
1671602337162 0.5222760438919067 229
1671602350861 0.5217783451080322 252
1671602365046 0.5464083552360535 275
1671602378726 0.5201641321182251 298
1671602392475 0.5087032914161682 321
1671602406164 0.5252219438552856 344
1671602419992 0.5376378893852234 367
1671602433889 0.5247645974159241 390
1671602448212 0.5158326029777527 413
1671602462101 0.5048829913139343 436
1671602476116 0.5014393925666809 459
1671602490116 0.4756120443344116 482
1671602504013 0.499233216047287 505
1671602517818 0.505649745464325 528
1671602531532 0.5330911874771118 551
1671602545317 0.5284234881401062 574
1671602559262 0.5216706991195679 597
1671602573282 0.5282486081123352 620
1671602587167 0.5057842135429382 643
1671602601139 0.5111918449401855 666
1671602614881 0.5199488401412964 689
1671602629113 0.5383777618408203 712
1671602643229 0.5237287878990173 735
1671602657545 0.5207559466362 758
1671602671328 0.5323648452758789 781
1671602685109 0.507479190826416 804
1671602698830 0.5522598624229431 827
1671602712654 0.5375706553459167 850
1671602726301 0.5429646968841553 873
1671602740171 0.5068873167037964 896
1671602753946 0.5271052122116089 919
1671602767751 0.5208501219749451 942
1671602781833 0.49931395053863525 965
1671602795783 0.5287732481956482 988
1671602809949 0.5124832391738892 1011
1671602823918 0.5418616533279419 1034
1671602837811 0.5238364338874817 1057
1671602851731 0.551129937171936 1080
1671602865598 0.5289346575737 1103
1671602879518 0.5532284379005432 1126
1671602893670 0.5541700720787048 1149
1671602907560 0.5668818950653076 1172
1671602921409 0.5572773814201355 1195
1671602935119 0.546045184135437 1218
1671602949568 0.5408663153648376 1241
1671602963475 0.5334140062332153 1264
1671602977781 0.5339252352714539 1287
1671602991762 0.5589319467544556 1310
1671603005619 0.5503900647163391 1333
1671603019623 0.5503497123718262 1356
1671603033451 0.5384718775749207 1379
1671603047756 0.5738767981529236 1402
1671603061521 0.5515065789222717 1425
1671603075409 0.547215461730957 1448
1671603089306 0.5555152893066406 1471
1671603103461 0.5330643057823181 1494
1671603117524 0.5776970386505127 1517
1671603131460 0.5622410774230957 1540
1671603145683 0.5683346390724182 1563
1671603159791 0.5366424918174744 1586
1671603173899 0.5715093016624451 1609
1671603188026 0.5637880563735962 1632
1671603201919 0.5520984530448914 1655
1671603215938 0.5543180108070374 1678
1671603229783 0.5408797860145569 1701
1671603243660 0.5472827553749084 1724
1671603257558 0.546744704246521 1747
1671603271412 0.5583938956260681 1770
1671603285501 0.6015335321426392 1793
1671603299502 0.5672047138214111 1816
1671603313492 0.551869809627533 1839
1671603327630 0.5527845621109009 1862
1671603341552 0.5811004042625427 1885
1671603355645 0.5655502080917358 1908
1671603369562 0.5704466104507446 1931
1671603383575 0.5583400726318359 1954
1671603397555 0.5603712797164917 1977
1671603411767 0.5468388199806213 2000
1671603425739 0.5448479652404785 2023
1671603439951 0.5741323232650757 2046
1671603453893 0.5553807020187378 2069
1671603467873 0.5643529295921326 2092
1671603481716 0.5572773814201355 2115
1671603495773 0.546260416507721 2138
1671603509789 0.558999240398407 2161
1671603524594 0.576984167098999 2184
1671603538307 0.5747377276420593 2207
1671603552101 0.5532822012901306 2230
1671603566179 0.5563492178916931 2253
1671603579930 0.5797014236450195 2276
1671603594093 0.5641646981239319 2299
1671603608065 0.5634247660636902 2322
1671603622021 0.5913909077644348 2345
1671603636126 0.5555151700973511 2368
1671603650034 0.5570083260536194 2391
1671603664277 0.5625369548797607 2414
1671603678079 0.5557976961135864 2437
1671603692593 0.5856066346168518 2460
1671603706474 0.5574522018432617 2483
1671603720361 0.5926957130432129 2506
1671603734350 0.5884450078010559 2529
1671603748811 0.5508744120597839 2552
1671603762956 0.5803067684173584 2575
1671603777002 0.5679311156272888 2598
1671603791043 0.5647565126419067 2621
1671603805076 0.6001479625701904 2644
1671603819123 0.5721818804740906 2667
1671603833332 0.5643664002418518 2690
1671603847349 0.547390341758728 2713
1671603861227 0.5708636045455933 2736
1671603875443 0.5801587104797363 2759
1671603889457 0.5781543850898743 2782
1671603903520 0.5663707256317139 2805
1671603917501 0.5660747289657593 2828
1671603931733 0.5483723878860474 2851
1671603945822 0.5304412245750427 2874
1671603959757 0.5678907632827759 2897
1671603974026 0.5715227723121643 2920
1671603988046 0.5606268644332886 2943
1671604001918 0.5784100294113159 2966
1671604016316 0.5521388649940491 2989
1671604030229 0.5815038681030273 3012
1671604044208 0.5748587846755981 3035
1671604058156 0.5642991662025452 3058
1671604071885 0.5734328627586365 3081
1671604086146 0.5875706076622009 3104
1671604100176 0.5756255388259888 3127
1671604114176 0.5489776730537415 3150
1671604128114 0.5585014820098877 3173
1671604142107 0.570513904094696 3196
1671604156367 0.5444848537445068 3219
1671604170328 0.5785714983940125 3242
1671604184528 0.5510627031326294 3265
1671604198294 0.5650794506072998 3288
1671604212122 0.5750470757484436 3311
1671604226051 0.5680522322654724 3334
1671604240229 0.5614339709281921 3357
1671604254495 0.576284646987915 3380
1671604269065 0.5604923963546753 3403
1671604283107 0.5532014966011047 3426
1671604297039 0.5677562355995178 3449
