1671602212681 0.7203390002250671 22
1671602226320 0.6624293923377991 45
1671602240265 0.6850282549858093 68
1671602254012 0.6680790781974792 91
1671602267922 0.6694915294647217 114
1671602281621 0.659604549407959 137
1671602295626 0.6666666865348816 160
1671602309938 0.6737288236618042 183
1671602323605 0.6624293923377991 206
1671602337162 0.6737288236618042 229
1671602350861 0.6709039807319641 252
1671602365046 0.6864407062530518 275
1671602378726 0.6836158037185669 298
1671602392475 0.6610169410705566 321
1671602406164 0.6723163723945618 344
1671602419992 0.6963276863098145 367
1671602433889 0.6694915294647217 390
1671602448212 0.6920903921127319 413
1671602462101 0.6483050584793091 436
1671602476116 0.6793785095214844 459
1671602490116 0.6610169410705566 482
1671602504013 0.6737288236618042 505
1671602517818 0.6680790781974792 528
1671602531532 0.6836158037185669 551
1671602545317 0.6878530979156494 574
1671602559262 0.6709039807319641 597
1671602573282 0.6822034120559692 620
1671602587167 0.6610169410705566 643
1671602601139 0.6737288236618042 666
1671602614881 0.6822034120559692 689
1671602629113 0.6977401375770569 712
1671602643229 0.6723163723945618 735
1671602657545 0.6977401375770569 758
1671602671328 0.6892655491828918 781
1671602685109 0.6666666865348816 804
1671602698830 0.7175140976905823 827
1671602712654 0.6977401375770569 850
1671602726301 0.7104519605636597 873
1671602740171 0.6864407062530518 896
1671602753946 0.6991525292396545 919
1671602767751 0.694915235042572 942
1671602781833 0.6779661178588867 965
1671602795783 0.6850282549858093 988
1671602809949 0.700564980506897 1011
1671602823918 0.7033898234367371 1034
1671602837811 0.6793785095214844 1057
1671602851731 0.6977401375770569 1080
1671602865598 0.7048022747039795 1103
1671602879518 0.7048022747039795 1126
1671602893670 0.709039568901062 1149
1671602907560 0.7076271176338196 1172
1671602921409 0.709039568901062 1195
1671602935119 0.7104519605636597 1218
1671602949568 0.6963276863098145 1241
1671602963475 0.700564980506897 1264
1671602977781 0.6991525292396545 1287
1671602991762 0.7104519605636597 1310
1671603005619 0.7048022747039795 1333
1671603019623 0.7033898234367371 1356
1671603033451 0.7019773721694946 1379
1671603047756 0.7146892547607422 1402
1671603061521 0.7189265489578247 1425
1671603075409 0.7118644118309021 1448
1671603089306 0.7161017060279846 1471
1671603103461 0.7076271176338196 1494
1671603117524 0.7231638431549072 1517
1671603131460 0.7245762944221497 1540
1671603145683 0.7161017060279846 1563
1671603159791 0.7189265489578247 1586
1671603173899 0.7245762944221497 1609
1671603188026 0.7175140976905823 1632
1671603201919 0.7175140976905823 1655
1671603215938 0.7259886860847473 1678
1671603229783 0.7146892547607422 1701
1671603243660 0.7175140976905823 1724
1671603257558 0.7175140976905823 1747
1671603271412 0.7146892547607422 1770
1671603285501 0.7330508232116699 1793
1671603299502 0.7217513918876648 1816
1671603313492 0.7203390002250671 1839
1671603327630 0.7062146663665771 1862
1671603341552 0.7245762944221497 1885
1671603355645 0.7132768630981445 1908
1671603369562 0.7231638431549072 1931
1671603383575 0.7316384315490723 1954
1671603397555 0.7062146663665771 1977
1671603411767 0.7203390002250671 2000
1671603425739 0.7245762944221497 2023
1671603439951 0.7302259802818298 2046
1671603453893 0.7231638431549072 2069
1671603467873 0.7245762944221497 2092
1671603481716 0.7231638431549072 2115
1671603495773 0.7217513918876648 2138
1671603509789 0.7217513918876648 2161
1671603524594 0.7274011373519897 2184
1671603538307 0.7245762944221497 2207
1671603552101 0.7189265489578247 2230
1671603566179 0.7259886860847473 2253
1671603579930 0.7358757257461548 2276
1671603594093 0.7245762944221497 2299
1671603608065 0.7330508232116699 2322
1671603622021 0.7316384315490723 2345
1671603636126 0.7316384315490723 2368
1671603650034 0.7231638431549072 2391
1671603664277 0.7344632744789124 2414
1671603678079 0.7274011373519897 2437
1671603692593 0.7302259802818298 2460
1671603706474 0.7316384315490723 2483
1671603720361 0.7358757257461548 2506
1671603734350 0.7372881174087524 2529
1671603748811 0.7330508232116699 2552
1671603762956 0.7316384315490723 2575
1671603777002 0.7217513918876648 2598
1671603791043 0.7203390002250671 2621
1671603805076 0.7372881174087524 2644
1671603819123 0.7330508232116699 2667
1671603833332 0.7245762944221497 2690
1671603847349 0.7316384315490723 2713
1671603861227 0.7330508232116699 2736
1671603875443 0.7330508232116699 2759
1671603889457 0.7245762944221497 2782
1671603903520 0.7372881174087524 2805
1671603917501 0.7316384315490723 2828
1671603931733 0.7217513918876648 2851
1671603945822 0.7104519605636597 2874
1671603959757 0.7401130199432373 2897
1671603974026 0.7189265489578247 2920
1671603988046 0.7274011373519897 2943
1671604001918 0.7344632744789124 2966
1671604016316 0.7132768630981445 2989
1671604030229 0.7358757257461548 3012
1671604044208 0.7274011373519897 3035
1671604058156 0.7302259802818298 3058
1671604071885 0.7372881174087524 3081
1671604086146 0.7302259802818298 3104
1671604100176 0.7274011373519897 3127
1671604114176 0.7245762944221497 3150
1671604128114 0.7203390002250671 3173
1671604142107 0.7316384315490723 3196
1671604156367 0.7161017060279846 3219
1671604170328 0.7302259802818298 3242
1671604184528 0.7161017060279846 3265
1671604198294 0.7302259802818298 3288
1671604212122 0.7245762944221497 3311
1671604226051 0.7132768630981445 3334
1671604240229 0.7330508232116699 3357
1671604254495 0.7316384315490723 3380
1671604269065 0.7203390002250671 3403
1671604283107 0.7259886860847473 3426
1671604297039 0.7259886860847473 3449
