1671602212681 0.6180232763290405 22
1671602226320 0.552795946598053 45
1671602240265 0.5996277332305908 68
1671602254012 0.5736831426620483 91
1671602267922 0.5795709490776062 114
1671602281621 0.5718614459037781 137
1671602295626 0.5766387581825256 160
1671602309938 0.5643121600151062 183
1671602323605 0.5551182627677917 206
1671602337162 0.6027488708496094 229
1671602350861 0.5975416898727417 252
1671602365046 0.6140522956848145 275
1671602378726 0.5742990970611572 298
1671602392475 0.5724994540214539 321
1671602406164 0.6025528311729431 344
1671602419992 0.592597484588623 367
1671602433889 0.5798578858375549 390
1671602448212 0.616711437702179 413
1671602462101 0.5440372228622437 436
1671602476116 0.584987461566925 459
1671602490116 0.5497774481773376 482
1671602504013 0.5652924180030823 505
1671602517818 0.5536344647407532 528
1671602531532 0.5967747569084167 551
1671602545317 0.6069014668464661 574
1671602559262 0.5876028537750244 597
1671602573282 0.5816045999526978 620
1671602587167 0.5522773861885071 643
1671602601139 0.5752798318862915 666
1671602614881 0.5970752239227295 689
1671602629113 0.5879167318344116 712
1671602643229 0.5757551193237305 735
1671602657545 0.5989596843719482 758
1671602671328 0.5960916876792908 781
1671602685109 0.5619105100631714 804
1671602698830 0.6411757469177246 827
1671602712654 0.6027538180351257 850
1671602726301 0.6055688858032227 873
1671602740171 0.5639458894729614 896
1671602753946 0.6222869753837585 919
1671602767751 0.5884438157081604 942
1671602781833 0.5682966709136963 965
1671602795783 0.5906866192817688 988
1671602809949 0.5886785387992859 1011
1671602823918 0.6208786368370056 1034
1671602837811 0.5745053291320801 1057
1671602851731 0.6218557953834534 1080
1671602865598 0.6045557856559753 1103
1671602879518 0.6399320363998413 1126
1671602893670 0.609398603439331 1149
1671602907560 0.6301115155220032 1172
1671602921409 0.6351611018180847 1195
1671602935119 0.6063201427459717 1218
1671602949568 0.6052836775779724 1241
1671602963475 0.6076197028160095 1264
1671602977781 0.597709596157074 1287
1671602991762 0.6250397562980652 1310
1671603005619 0.6187190413475037 1333
1671603019623 0.5997109413146973 1356
1671603033451 0.6117829084396362 1379
1671603047756 0.6189666986465454 1402
1671603061521 0.6186869144439697 1425
1671603075409 0.6152662038803101 1448
1671603089306 0.6221435070037842 1471
1671603103461 0.6078997254371643 1494
1671603117524 0.6645764112472534 1517
1671603131460 0.6230893135070801 1540
1671603145683 0.6342015862464905 1563
1671603159791 0.6052021384239197 1586
1671603173899 0.6425976753234863 1609
1671603188026 0.6197025179862976 1632
1671603201919 0.6226124167442322 1655
1671603215938 0.6280397772789001 1678
1671603229783 0.617183268070221 1701
1671603243660 0.6043155193328857 1724
1671603257558 0.6373406648635864 1747
1671603271412 0.6076930165290833 1770
1671603285501 0.6549681425094604 1793
1671603299502 0.644278883934021 1816
1671603313492 0.6334947347640991 1839
1671603327630 0.6126959919929504 1862
1671603341552 0.6517245769500732 1885
1671603355645 0.6198787689208984 1908
1671603369562 0.6499637365341187 1931
1671603383575 0.6361846923828125 1954
1671603397555 0.6063924431800842 1977
1671603411767 0.6247590780258179 2000
1671603425739 0.6119508743286133 2023
1671603439951 0.6543469429016113 2046
1671603453893 0.6194034814834595 2069
1671603467873 0.6152493357658386 2092
1671603481716 0.6199110150337219 2115
1671603495773 0.6200606226921082 2138
1671603509789 0.6267118453979492 2161
1671603524594 0.6491024494171143 2184
1671603538307 0.6475538611412048 2207
1671603552101 0.6166878342628479 2230
1671603566179 0.6161139607429504 2253
1671603579930 0.6612390279769897 2276
1671603594093 0.6257309317588806 2299
1671603608065 0.6452444791793823 2322
1671603622021 0.6521016359329224 2345
1671603636126 0.6403040885925293 2368
1671603650034 0.6201474070549011 2391
1671603664277 0.6342084407806396 2414
1671603678079 0.6219491362571716 2437
1671603692593 0.6359739899635315 2460
1671603706474 0.6344538927078247 2483
1671603720361 0.6566038727760315 2506
1671603734350 0.6568936705589294 2529
1671603748811 0.6201596856117249 2552
1671603762956 0.6535452008247375 2575
1671603777002 0.6338860988616943 2598
1671603791043 0.6283342242240906 2621
1671603805076 0.6745734214782715 2644
1671603819123 0.6509053707122803 2667
1671603833332 0.6265704035758972 2690
1671603847349 0.6217065453529358 2713
1671603861227 0.6286595463752747 2736
1671603875443 0.6648181080818176 2759
1671603889457 0.6249831318855286 2782
1671603903520 0.6504387855529785 2805
1671603917501 0.6214265823364258 2828
1671603931733 0.6187093257904053 2851
1671603945822 0.5784923434257507 2874
1671603959757 0.6422232389450073 2897
1671603974026 0.6177843809127808 2920
1671603988046 0.635681688785553 2943
1671604001918 0.6455079913139343 2966
1671604016316 0.6040394902229309 2989
1671604030229 0.6552103161811829 3012
1671604044208 0.6259450912475586 3035
1671604058156 0.6271315813064575 3058
1671604071885 0.6475852727890015 3081
1671604086146 0.6548544764518738 3104
1671604100176 0.6444524526596069 3127
1671604114176 0.6132116317749023 3150
1671604128114 0.6272059679031372 3173
1671604142107 0.6348342299461365 3196
1671604156367 0.6088228225708008 3219
1671604170328 0.6402683258056641 3242
1671604184528 0.6115162968635559 3265
1671604198294 0.643985390663147 3288
1671604212122 0.6380940079689026 3311
1671604226051 0.6197996735572815 3334
1671604240229 0.6512318849563599 3357
1671604254495 0.6377459168434143 3380
1671604269065 0.6179401278495789 3403
1671604283107 0.6233126521110535 3426
1671604297039 0.6271507740020752 3449
