1671602228099 0.6875000596046448 49
1671602256953 0.40833336114883423 99
1671602285815 0.7277930378913879 149
1671602315105 0.3541666865348816 199
1671602343473 0.6000000238418579 249
1671602379633 0.699999988079071 299
1671602408192 0.3499999940395355 349
1671602437508 0.6970238089561462 399
1671602466703 0.5211039185523987 449
1671602495605 0.3484848737716675 499
1671602524362 0.6047619581222534 549
1671602560440 0.3511904776096344 599
1671602589509 0.6367965340614319 649
1671602618391 0.6095237731933594 699
1671602648001 0.5138888955116272 749
1671602677102 0.6107142567634583 799
1671602705698 0.4513888955116272 849
1671602741629 0.5746753215789795 899
1671602770386 0.6347222328186035 949
1671602799880 0.31060606241226196 999
1671602828808 0.4511904716491699 1049
1671602857825 0.699999988079071 1099
1671602886461 0.5 1149
1671602923169 0.4970238208770752 1199
1671602952497 0.6458333730697632 1249
1671602981868 0.5375000238418579 1299
1671603010877 0.4749999940395355 1349
1671603039811 0.5436508059501648 1399
1671603076363 0.698106050491333 1449
1671603105466 0.6011905074119568 1499
1671603134631 0.6166666746139526 1549
1671603164190 0.8717171549797058 1599
1671603193482 0.49761906266212463 1649
1671603222488 0.648809552192688 1699
1671603258758 0.5833333730697632 1749
1671603287907 0.7291666865348816 1799
1671603316986 0.625 1849
1671603346238 0.3986111283302307 1899
1671603375342 0.6357142925262451 1949
1671603404401 0.7261905074119568 1999
1671603441463 0.5722222328186035 2049
1671603470465 0.6208333373069763 2099
1671603499660 0.6595238447189331 2149
1671603529436 0.5734127163887024 2199
1671603558129 0.7059524059295654 2249
1671603587006 0.25 2299
1671603623820 0.6803571581840515 2349
1671603653220 0.6407203674316406 2399
1671603682138 0.6845238208770752 2449
1671603711691 0.675000011920929 2499
1671603740627 0.6198412775993347 2549
1671603777880 0.4970238208770752 2599
1671603807131 0.6900793313980103 2649
1671603836476 0.5166666507720947 2699
1671603865575 0.7083333730697632 2749
1671603894958 0.7611263394355774 2799
1671603924270 0.6193181872367859 2849
1671603960995 0.6291666626930237 2899
1671603990368 0.6814393997192383 2949
1671604019795 0.6672619581222534 2999
1671604048825 0.1875 3049
1671604077701 0.7291666865348816 3099
1671604107053 0.6803571581840515 3149
1671604143624 0.5928571224212646 3199
1671604172978 0.5484848618507385 3249
1671604202036 0.7142857313156128 3299
1671604230977 0.5541666746139526 3349
1671604260532 0.7208333611488342 3399
1671604290046 0.25 3449
