1671602212681 2.677334912542368 22
1671602226320 2.2991309823017185 45
1671602240265 2.2920459006245055 68
1671602254012 2.291637224707804 91
1671602267922 2.29836273340112 114
1671602281621 2.2911364259143063 137
1671602295626 2.29400794527029 160
1671602309938 2.295381385656812 183
1671602323605 2.2914201435677946 206
1671602337162 2.291606885619142 229
1671602350861 2.2915783377658037 252
1671602365046 2.2998175721330587 275
1671602378726 2.29527255381964 298
1671602392475 2.2873432960932543 321
1671602406164 2.28765077980035 344
1671602419992 2.295585055191581 367
1671602433889 2.2919119803694796 390
1671602448212 2.2890870433263317 413
1671602462101 2.2862346041469412 436
1671602476116 2.290072343597592 459
1671602490116 2.2873813026151897 482
1671602504013 2.286731196221585 505
1671602517818 2.292705872065271 528
1671602531532 2.289063860160951 551
1671602545317 2.2876991974393683 574
1671602559262 2.2893980767615307 597
1671602573282 2.2904648878160545 620
1671602587167 2.28616094626618 643
1671602601139 2.2861382523400353 666
1671602614881 2.287590031133955 689
1671602629113 2.2915633636555826 712
1671602643229 2.2858002477983352 735
1671602657545 2.282860685601607 758
1671602671328 2.2908962057147115 781
1671602685109 2.285565990719709 804
1671602698830 2.279072791276028 827
1671602712654 2.2877112347361166 850
1671602726301 2.288837079453759 873
1671602740171 2.2890935819382268 896
1671602753946 2.280516629021772 919
1671602767751 2.2865308243447133 942
1671602781833 2.2830316716977426 965
1671602795783 2.280814849934334 988
1671602809949 2.2827559253469847 1011
1671602823918 2.286288351522436 1034
1671602837811 2.2820932456572556 1057
1671602851731 2.288560038700591 1080
1671602865598 2.2848195542036485 1103
1671602879518 2.278537451484832 1126
1671602893670 2.2821755158219355 1149
1671602907560 2.2805319226914538 1172
1671602921409 2.2824249024830188 1195
1671602935119 2.2806378772283153 1218
1671602949568 2.277947512756582 1241
1671602963475 2.283756789835721 1264
1671602977781 2.274153510522025 1287
1671602991762 2.2805883939579514 1310
1671603005619 2.273731638166384 1333
1671603019623 2.2793454834590414 1356
1671603033451 2.281413439341016 1379
1671603047756 2.2826703942606357 1402
1671603061521 2.281697728864418 1425
1671603075409 2.277951752420626 1448
1671603089306 2.2770654512755395 1471
1671603103461 2.27388535983109 1494
1671603117524 2.278345942470831 1517
1671603131460 2.2873630334927397 1540
1671603145683 2.2804525383528014 1563
1671603159791 2.2753078680137016 1586
1671603173899 2.2731843411439736 1609
1671603188026 2.274907489571327 1632
1671603201919 2.281478475239946 1655
1671603215938 2.2701484582770264 1678
1671603229783 2.2754628355274 1701
1671603243660 2.272746770497794 1724
1671603257558 2.2704895845362083 1747
1671603271412 2.277652793150894 1770
1671603285501 2.2751072779194352 1793
1671603299502 2.273150357373773 1816
1671603313492 2.2742375010545017 1839
1671603327630 2.2756400672588306 1862
1671603341552 2.270366499579914 1885
1671603355645 2.273338279287044 1908
1671603369562 2.2715031802080503 1931
1671603383575 2.268310990299764 1954
1671603397555 2.274655670486802 1977
1671603411767 2.2696509618895178 2000
1671603425739 2.2666812780173595 2023
1671603439951 2.268367635074096 2046
1671603453893 2.2714286265058696 2069
1671603467873 2.267124625851533 2092
1671603481716 2.269139200322151 2115
1671603495773 2.2745863075268598 2138
1671603509789 2.268744348790097 2161
1671603524594 2.2714659250850033 2184
1671603538307 2.2798284925429257 2207
1671603552101 2.275978701113838 2230
1671603566179 2.2692466980706447 2253
1671603579930 2.271095567042621 2276
1671603594093 2.278092071449333 2299
1671603608065 2.265135892976926 2322
1671603622021 2.2678468543626815 2345
1671603636126 2.269242627754512 2368
1671603650034 2.2674109174153583 2391
1671603664277 2.269429423822866 2414
1671603678079 2.2657863705405745 2437
1671603692593 2.2764217588377087 2460
1671603706474 2.2732273064408774 2483
1671603720361 2.266073135552495 2506
1671603734350 2.2623554402545056 2529
1671603748811 2.271545734617965 2552
1671603762956 2.2688724435239735 2575
1671603777002 2.263431272249115 2598
1671603791043 2.2640379391309353 2621
1671603805076 2.2632567315808694 2644
1671603819123 2.2681383022312267 2667
1671603833332 2.262815969539601 2690
1671603847349 2.2642889437208553 2713
1671603861227 2.2717890949480464 2736
1671603875443 2.2648627218841098 2759
1671603889457 2.2715035293381294 2782
1671603903520 2.2652465356418623 2805
1671603917501 2.2684871108370173 2828
1671603931733 2.2663806859205367 2851
1671603945822 2.260166256571959 2874
1671603959757 2.269371432249255 2897
1671603974026 2.263167909958323 2920
1671603988046 2.275192393409724 2943
1671604001918 2.2659053717583766 2966
1671604016316 2.263454767675485 2989
1671604030229 2.2597623749392772 3012
1671604044208 2.2645840212035826 3035
1671604058156 2.2638928416942004 3058
1671604071885 2.2687342748667496 3081
1671604086146 2.264493356738994 3104
1671604100176 2.26542212461797 3127
1671604114176 2.2677999637139474 3150
1671604128114 2.264382743605078 3173
1671604142107 2.2661708036986394 3196
1671604156367 2.2579480368130773 3219
1671604170328 2.261657733007953 3242
1671604184528 2.2626352868136563 3265
1671604198294 2.2649042424056756 3288
1671604212122 2.259330081257509 3311
1671604226051 2.2597536179447717 3334
1671604240229 2.2606111120770995 3357
1671604254495 2.2659087707501633 3380
1671604269065 2.263065396749548 3403
1671604283107 2.2566413913770096 3426
1671604297039 2.2592524471141053 3449
