1671602228099 2.216548285366585 49
1671602256953 2.5285070610765477 99
1671602285815 2.208564743444537 149
1671602315105 2.2517291925323537 199
1671602343473 2.6258728039434485 249
1671602379633 2.1409756266522417 299
1671602408192 2.136629107632273 349
1671602437508 2.463571892737038 399
1671602466703 2.561590517585191 449
1671602495605 1.8676306056705902 499
1671602524362 2.202350594338305 549
1671602560440 2.2346019662644414 599
1671602589509 2.899685627381033 649
1671602618391 2.5723987986853136 699
1671602648001 2.0691886020899064 749
1671602677102 2.42214324314684 799
1671602705698 2.180853228909281 849
1671602741629 2.2084225087052554 899
1671602770386 2.0602341910689574 949
1671602799880 2.110067820703439 999
1671602828808 2.2322154352352914 1049
1671602857825 2.352665411850245 1099
1671602886461 2.0377443659607586 1149
1671602923169 2.252229409548703 1199
1671602952497 2.3429129080199975 1249
1671602981868 2.4543705804790052 1299
1671603010877 2.016932736358942 1349
1671603039811 2.2095239411700747 1399
1671603076363 2.2513708906436594 1449
1671603105466 2.4249279390898586 1499
1671603134631 2.6279785080728777 1549
1671603164190 2.4515123194818216 1599
1671603193482 2.4789509326370953 1649
1671603222488 2.412425586779211 1699
1671603258758 2.3078049991551635 1749
1671603287907 1.8406772512260332 1799
1671603316986 2.1629649292368263 1849
1671603346238 2.239807269779774 1899
1671603375342 2.347011482844901 1949
1671603404401 2.4653001962305225 1999
1671603441463 2.142528817387655 2049
1671603470465 2.121519927016008 2099
1671603499660 2.2327382586534577 2149
1671603529436 2.24555183232091 2199
1671603558129 2.5372391808888954 2249
1671603587006 1.5497825340019094 2299
1671603623820 2.592072839931128 2349
1671603653220 2.145493808889141 2399
1671603682138 2.4011636534656193 2449
1671603711691 2.4223820114065315 2499
1671603740627 2.1930590326567985 2549
1671603777880 1.9889033782986867 2599
1671603807131 2.029955332495792 2649
1671603836476 2.281124364650309 2699
1671603865575 2.302524386921271 2749
1671603894958 2.293023429288951 2799
1671603924270 2.2735891764030933 2849
1671603960995 2.364738071947581 2899
1671603990368 2.4819469000618875 2949
1671604019795 2.32134358465539 2999
1671604048825 2.2211263444030354 3049
1671604077701 2.2041338991310075 3099
1671604107053 2.2072457888458827 3149
1671604143624 2.3781674853350783 3199
1671604172978 2.351557579290029 3249
1671604202036 2.4561401832184067 3299
1671604230977 2.3396555679501354 3349
1671604260532 2.431884252454 3399
1671604290046 1.6553901624861769 3449
