1671769847584 22.0 22
1671769861213 22.0 45
1671769875099 22.0 68
1671769889091 22.0 91
1671769903179 22.0 114
1671769917126 22.0 137
1671769931443 22.0 160
1671769945633 22.0 183
1671769959726 22.0 206
1671769973794 22.0 229
1671769987603 22.0 252
1671770001489 22.0 275
1671770015393 22.0 298
1671770029245 22.0 321
1671770043253 22.0 344
1671770057296 22.0 367
1671770071340 22.0 390
1671770085487 22.0 413
1671770099727 22.0 436
1671770113814 22.0 459
1671770127813 22.0 482
1671770141709 22.0 505
1671770155741 22.0 528
1671770169820 22.0 551
1671770183835 22.0 574
1671770197959 22.0 597
1671770212166 22.0 620
1671770226300 22.0 643
1671770240274 22.0 666
1671770254203 22.0 689
1671770268362 22.0 712
1671770282501 22.0 735
1671770296612 22.0 758
1671770311021 22.0 781
1671770325289 22.0 804
1671770339425 22.0 827
1671770353470 22.0 850
1671770367525 22.0 873
1671770381478 22.0 896
1671770395488 22.0 919
1671770409668 22.0 942
1671770423937 22.0 965
1671770438046 22.0 988
1671770452262 22.0 1011
1671770466605 22.0 1034
1671770480619 22.0 1057
1671770494707 22.0 1080
1671770508596 22.0 1103
1671770522658 22.0 1126
1671770536699 22.0 1149
1671770550576 22.0 1172
1671770564561 22.0 1195
1671770578759 22.0 1218
1671770592740 22.0 1241
1671770607118 22.0 1264
1671770621258 22.0 1287
1671770635302 22.0 1310
1671770649414 22.0 1333
1671770663515 22.0 1356
1671770677437 22.0 1379
1671770691439 22.0 1402
1671770705525 22.0 1425
1671770719392 22.0 1448
1671770733270 22.0 1471
1671770747231 22.0 1494
1671770761303 22.0 1517
1671770775669 22.0 1540
1671770789711 22.0 1563
1671770803694 22.0 1586
1671770817812 22.0 1609
1671770831755 22.0 1632
1671770845649 22.0 1655
1671770859706 22.0 1678
1671770873834 22.0 1701
1671770887858 22.0 1724
1671770901872 22.0 1747
1671770915957 22.0 1770
1671770930014 22.0 1793
1671770944339 22.0 1816
1671770958354 22.0 1839
1671770972188 22.0 1862
1671770986211 22.0 1885
1671771000169 22.0 1908
1671771014213 22.0 1931
1671771028342 22.0 1954
1671771042179 22.0 1977
1671771056052 22.0 2000
1671771069960 22.0 2023
1671771084006 22.0 2046
1671771097915 22.0 2069
1671771111946 22.0 2092
1671771125946 22.0 2115
1671771139870 22.0 2138
1671771154008 22.0 2161
1671771168124 22.0 2184
1671771182159 22.0 2207
1671771196253 22.0 2230
1671771210222 22.0 2253
1671771224067 22.0 2276
1671771238070 22.0 2299
1671771252127 22.0 2322
1671771266063 22.0 2345
1671771280087 22.0 2368
1671771294171 22.0 2391
1671771308029 22.0 2414
1671771322080 22.0 2437
1671771336092 22.0 2460
1671771350244 22.0 2483
1671771364700 22.0 2506
1671771378819 22.0 2529
1671771392746 22.0 2552
1671771406627 22.0 2575
1671771420677 22.0 2598
1671771434667 22.0 2621
1671771448849 22.0 2644
1671771462722 22.0 2667
1671771476778 22.0 2690
1671771490832 22.0 2713
1671771504725 22.0 2736
1671771518738 22.0 2759
1671771533093 22.0 2782
1671771547008 22.0 2805
1671771561275 22.0 2828
1671771575455 22.0 2851
1671771589876 22.0 2874
1671771603837 22.0 2897
1671771617763 22.0 2920
1671771631725 22.0 2943
1671771645683 22.0 2966
1671771659654 22.0 2989
1671771673817 22.0 3012
1671771687893 22.0 3035
1671771702019 22.0 3058
1671771716139 22.0 3081
1671771730044 22.0 3104
1671771744183 22.0 3127
1671771758108 22.0 3150
1671771771993 22.0 3173
1671771785931 22.0 3196
1671771800001 22.0 3219
1671771814027 22.0 3242
1671771828084 22.0 3265
1671771842136 22.0 3288
1671771856275 22.0 3311
1671771870414 22.0 3334
1671771884606 22.0 3357
1671771898853 22.0 3380
1671771912938 22.0 3403
1671771926991 22.0 3426
1671771940918 22.0 3449
