1671769847584 0 22
1671769850463 1 22
1671769861213 1 45
1671769864349 2 45
1671769866181 2 49
1671769875099 2 68
1671769878310 3 68
1671769889091 3 91
1671769892172 4 91
1671769895129 4 99
1671769903179 4 114
1671769906314 5 114
1671769917126 5 137
1671769920358 6 137
1671769924438 6 149
1671769931443 6 160
1671769934626 7 160
1671769945633 7 183
1671769948755 8 183
1671769953950 8 199
1671769959726 8 206
1671769962831 9 206
1671769973794 9 229
1671769976934 10 229
1671769983276 10 249
1671769987603 10 252
1671769990747 11 252
1671770001489 11 275
1671770004732 12 275
1671770015393 12 298
1671770018478 13 298
1671770019455 13 299
1671770029245 13 321
1671770032390 14 321
1671770043253 14 344
1671770046395 15 344
1671770048521 15 349
1671770057296 15 367
1671770060503 16 367
1671770071340 16 390
1671770074509 17 390
1671770077759 17 399
1671770085487 17 413
1671770088675 18 413
1671770099727 18 436
1671770102925 19 436
1671770107393 19 449
1671770113814 19 459
1671770116992 20 459
1671770127813 20 482
1671770130940 21 482
1671770136411 21 499
1671770141709 21 505
1671770144847 22 505
1671770155741 22 528
1671770158983 23 528
1671770165607 23 549
1671770169820 23 551
1671770173037 24 551
1671770183835 24 574
1671770187007 25 574
1671770197959 25 597
1671770201167 26 597
1671770202404 26 599
1671770212166 26 620
1671770215371 27 620
1671770226300 27 643
1671770229477 28 643
1671770231845 28 649
1671770240274 28 666
1671770243357 29 666
1671770254203 29 689
1671770257295 30 689
1671770260949 30 699
1671770268362 30 712
1671770271514 31 712
1671770282501 31 735
1671770285670 32 735
1671770290401 32 749
1671770296612 32 758
1671770299880 33 758
1671770311021 33 781
1671770314229 34 781
1671770320078 34 799
1671770325289 34 804
1671770328491 35 804
1671770339425 35 827
1671770342555 36 827
1671770349432 36 849
1671770353470 36 850
1671770356728 37 850
1671770367525 37 873
1671770370616 38 873
1671770381478 38 896
1671770384725 39 896
1671770386241 39 899
1671770395488 39 919
1671770398633 40 919
1671770409668 40 942
1671770412875 41 942
1671770415549 41 949
1671770423937 41 965
1671770427067 42 965
1671770438046 42 988
1671770441244 43 988
1671770445223 43 999
1671770452262 43 1011
1671770455453 44 1011
1671770466605 44 1034
1671770469717 45 1034
1671770474754 45 1049
1671770480619 45 1057
1671770483799 46 1057
1671770494707 46 1080
1671770497814 47 1080
1671770503902 47 1099
1671770508596 47 1103
1671770511801 48 1103
1671770522658 48 1126
1671770525885 49 1126
1671770532930 49 1149
1671770536699 49 1149
1671770539759 50 1149
1671770550576 50 1172
1671770553697 51 1172
1671770564561 51 1195
1671770567785 52 1195
1671770569605 52 1199
1671770578759 52 1218
1671770581980 53 1218
1671770592740 53 1241
1671770595840 54 1241
1671770598762 54 1249
1671770607118 54 1264
1671770610247 55 1264
1671770621258 55 1287
1671770624271 56 1287
1671770628404 56 1299
1671770635302 56 1310
1671770638474 57 1310
1671770649414 57 1333
1671770652616 58 1333
1671770657844 58 1349
1671770663515 58 1356
1671770666734 59 1356
1671770677437 59 1379
1671770680632 60 1379
1671770686980 60 1399
1671770691439 60 1402
1671770694524 61 1402
1671770705525 61 1425
1671770708661 62 1425
1671770719392 62 1448
1671770722522 63 1448
1671770723495 63 1449
1671770733270 63 1471
1671770736400 64 1471
1671770747231 64 1494
1671770750334 65 1494
1671770752490 65 1499
1671770761303 65 1517
1671770764436 66 1517
1671770775669 66 1540
1671770778895 67 1540
1671770782117 67 1549
1671770789711 67 1563
1671770793019 68 1563
1671770803694 68 1586
1671770806925 69 1586
1671770811390 69 1599
1671770817812 69 1609
1671770820989 70 1609
1671770831755 70 1632
1671770834977 71 1632
1671770840424 71 1649
1671770845649 71 1655
1671770848825 72 1655
1671770859706 72 1678
1671770862899 73 1678
1671770869598 73 1699
1671770873834 73 1701
1671770876986 74 1701
1671770887858 74 1724
1671770890923 75 1724
1671770901872 75 1747
1671770905012 76 1747
1671770906245 76 1749
1671770915957 76 1770
1671770919051 77 1770
1671770930014 77 1793
1671770933208 78 1793
1671770935647 78 1799
1671770944339 78 1816
1671770947508 79 1816
1671770958354 79 1839
1671770961446 80 1839
1671770964957 80 1849
1671770972188 80 1862
1671770975344 81 1862
1671770986211 81 1885
1671770989347 82 1885
1671770994014 82 1899
1671771000169 82 1908
1671771003390 83 1908
1671771014213 83 1931
1671771017398 84 1931
1671771023276 84 1949
1671771028342 84 1954
1671771031493 85 1954
1671771042179 85 1977
1671771045364 86 1977
1671771052259 86 1999
1671771056052 86 2000
1671771059254 87 2000
1671771069960 87 2023
1671771073020 88 2023
1671771084006 88 2046
1671771087130 89 2046
1671771088677 89 2049
1671771097915 89 2069
1671771101061 90 2069
1671771111946 90 2092
1671771115112 91 2092
1671771117773 91 2099
1671771125946 91 2115
1671771129122 92 2115
1671771139870 92 2138
1671771142976 93 2138
1671771146749 93 2149
1671771154008 93 2161
1671771157128 94 2161
1671771168124 94 2184
1671771171237 95 2184
1671771176216 95 2199
1671771182159 95 2207
1671771185307 96 2207
1671771196253 96 2230
1671771199407 97 2230
1671771205415 97 2249
1671771210222 97 2253
1671771213317 98 2253
1671771224067 98 2276
1671771227123 99 2276
1671771234098 99 2299
1671771238070 99 2299
1671771241304 100 2299
1671771252127 100 2322
1671771255299 101 2322
1671771266063 101 2345
1671771269261 102 2345
1671771271080 102 2349
1671771280087 102 2368
1671771283297 103 2368
1671771294171 103 2391
1671771297312 104 2391
1671771300189 104 2399
1671771308029 104 2414
1671771311116 105 2414
1671771322080 105 2437
1671771325315 106 2437
1671771329463 106 2449
1671771336092 106 2460
1671771339265 107 2460
1671771350244 107 2483
1671771353361 108 2483
1671771358552 108 2499
1671771364700 108 2506
1671771367935 109 2506
1671771378819 109 2529
1671771381869 110 2529
1671771388262 110 2549
1671771392746 110 2552
1671771395835 111 2552
1671771406627 111 2575
1671771409771 112 2575
1671771420677 112 2598
1671771423838 113 2598
1671771424835 113 2599
1671771434667 113 2621
1671771437925 114 2621
1671771448849 114 2644
1671771451863 115 2644
1671771453927 115 2649
1671771462722 115 2667
1671771465817 116 2667
1671771476778 116 2690
1671771479982 117 2690
1671771483288 117 2699
1671771490832 117 2713
1671771493952 118 2713
1671771504725 118 2736
1671771507894 119 2736
1671771512252 119 2749
1671771518738 119 2759
1671771521881 120 2759
1671771533093 120 2782
1671771536281 121 2782
1671771541771 121 2799
1671771547008 121 2805
1671771550189 122 2805
1671771561275 122 2828
1671771564498 123 2828
1671771571143 123 2849
1671771575455 123 2851
1671771578567 124 2851
1671771589876 124 2874
1671771593067 125 2874
1671771603837 125 2897
1671771606981 126 2897
1671771608200 126 2899
1671771617763 126 2920
1671771620941 127 2920
1671771631725 127 2943
1671771634829 128 2943
1671771637219 128 2949
1671771645683 128 2966
1671771648678 129 2966
1671771659654 129 2989
1671771662890 130 2989
1671771666535 130 2999
1671771673817 130 3012
1671771676910 131 3012
1671771687893 131 3035
1671771690994 132 3035
1671771695696 132 3049
1671771702019 132 3058
1671771705270 133 3058
1671771716139 133 3081
1671771719244 134 3081
1671771725035 134 3099
1671771730044 134 3104
1671771733180 135 3104
1671771744183 135 3127
1671771747429 136 3127
1671771754331 136 3149
1671771758108 136 3150
1671771761212 137 3150
1671771771993 137 3173
1671771775093 138 3173
1671771785931 138 3196
1671771789093 139 3196
1671771790640 139 3199
1671771800001 139 3219
1671771803166 140 3219
1671771814027 140 3242
1671771817094 141 3242
1671771819804 141 3249
1671771828084 141 3265
1671771831355 142 3265
1671771842136 142 3288
1671771845336 143 3288
1671771849169 143 3299
1671771856275 143 3311
1671771859416 144 3311
1671771870414 144 3334
1671771873648 145 3334
1671771878596 145 3349
1671771884606 145 3357
1671771887836 146 3357
1671771898853 146 3380
1671771901967 147 3380
1671771908154 147 3399
1671771912938 147 3403
1671771916140 148 3403
1671771926991 148 3426
1671771930130 149 3426
1671771937114 149 3449
1671771940918 149 3449
1671771943816 150 3449
