1671769847584 0.0 22
1671769861213 0.0 45
1671769875099 0.0 68
1671769889091 0.0 91
1671769903179 0.0 114
1671769917126 0.0 137
1671769931443 0.0 160
1671769945633 0.0 183
1671769959726 0.0 206
1671769973794 0.0 229
1671769987603 0.0 252
1671770001489 0.0 275
1671770015393 0.0 298
1671770029245 0.0 321
1671770043253 0.0 344
1671770057296 0.0 367
1671770071340 0.0 390
1671770085487 0.0 413
1671770099727 0.0 436
1671770113814 0.0 459
1671770127813 0.0 482
1671770141709 0.0 505
1671770155741 0.0 528
1671770169820 0.0 551
1671770183835 0.0 574
1671770197959 0.0 597
1671770212166 0.0 620
1671770226300 0.0 643
1671770240274 0.0 666
1671770254203 0.0 689
1671770268362 0.0 712
1671770282501 0.0 735
1671770296612 0.0 758
1671770311021 0.0 781
1671770325289 0.0 804
1671770339425 0.0 827
1671770353470 0.0 850
1671770367525 0.0 873
1671770381478 0.0 896
1671770395488 0.0 919
1671770409668 0.0 942
1671770423937 0.0 965
1671770438046 0.0 988
1671770452262 0.0 1011
1671770466605 0.0 1034
1671770480619 0.0 1057
1671770494707 0.0 1080
1671770508596 0.0 1103
1671770522658 0.0 1126
1671770536699 0.0 1149
1671770550576 0.0 1172
1671770564561 0.0 1195
1671770578759 0.0 1218
1671770592740 0.0 1241
1671770607118 0.0 1264
1671770621258 0.0 1287
1671770635302 0.0 1310
1671770649414 0.0 1333
1671770663515 0.0 1356
1671770677437 0.0 1379
1671770691439 0.0 1402
1671770705525 0.0 1425
1671770719392 0.0 1448
1671770733270 0.0 1471
1671770747231 0.0 1494
1671770761303 0.0 1517
1671770775669 0.0 1540
1671770789711 0.0 1563
1671770803694 0.0 1586
1671770817812 0.0 1609
1671770831755 0.0 1632
1671770845649 0.0 1655
1671770859706 0.0 1678
1671770873834 0.0 1701
1671770887858 0.0 1724
1671770901872 0.0 1747
1671770915957 0.0 1770
1671770930014 0.0 1793
1671770944339 0.0 1816
1671770958354 0.0 1839
1671770972188 0.0 1862
1671770986211 0.0 1885
1671771000169 0.0 1908
1671771014213 0.0 1931
1671771028342 0.0 1954
1671771042179 0.0 1977
1671771056052 0.0 2000
1671771069960 0.0 2023
1671771084006 0.0 2046
1671771097915 0.0 2069
1671771111946 0.0 2092
1671771125946 0.0 2115
1671771139870 0.0 2138
1671771154008 0.0 2161
1671771168124 0.0 2184
1671771182159 0.0 2207
1671771196253 0.0 2230
1671771210222 0.0 2253
1671771224067 0.0 2276
1671771238070 0.0 2299
1671771252127 0.0 2322
1671771266063 0.0 2345
1671771280087 0.0 2368
1671771294171 0.0 2391
1671771308029 0.0 2414
1671771322080 0.0 2437
1671771336092 0.0 2460
1671771350244 0.0 2483
1671771364700 0.0 2506
1671771378819 0.0 2529
1671771392746 0.0 2552
1671771406627 0.0 2575
1671771420677 0.0 2598
1671771434667 0.0 2621
1671771448849 0.0 2644
1671771462722 0.0 2667
1671771476778 0.0 2690
1671771490832 0.0 2713
1671771504725 0.0 2736
1671771518738 0.0 2759
1671771533093 0.0 2782
1671771547008 0.0 2805
1671771561275 0.0 2828
1671771575455 0.0 2851
1671771589876 0.0 2874
1671771603837 0.0 2897
1671771617763 0.0 2920
1671771631725 0.0 2943
1671771645683 0.0 2966
1671771659654 0.0 2989
1671771673817 0.0 3012
1671771687893 0.0 3035
1671771702019 0.0 3058
1671771716139 0.0 3081
1671771730044 0.0 3104
1671771744183 0.0 3127
1671771758108 0.0 3150
1671771771993 0.0 3173
1671771785931 0.0 3196
1671771800001 0.0 3219
1671771814027 0.0 3242
1671771828084 0.0 3265
1671771842136 0.0 3288
1671771856275 0.0 3311
1671771870414 0.0 3334
1671771884606 0.0 3357
1671771898853 0.0 3380
1671771912938 0.0 3403
1671771926991 0.0 3426
1671771940918 0.0 3449
