1671769850463 0.6824858784675598 22
1671769864349 0.9646892547607422 45
1671769878310 0.950564980506897 68
1671769892172 0.9392655491828918 91
1671769906314 0.9519773721694946 114
1671769920358 0.9491525292396545 137
1671769934626 0.9717513918876648 160
1671769948755 0.9830508232116699 183
1671769962831 0.987758994102478 206
1671769976934 0.9618644118309021 229
1671769990747 0.950564980506897 252
1671770004732 0.9872881174087524 275
1671770018478 0.950564980506897 298
1671770032390 0.9731638431549072 321
1671770046395 0.9731638431549072 344
1671770060503 0.9378530979156494 367
1671770074509 0.9632768630981445 390
1671770088675 0.9830508232116699 413
1671770102925 0.9618644118309021 436
1671770116992 0.94679856300354 459
1671770130940 0.9844632744789124 482
1671770144847 0.9519773721694946 505
1671770158983 0.9519773721694946 528
1671770173037 0.9482109546661377 551
1671770187007 0.950564980506897 574
1671770201167 0.9745762944221497 597
1671770215371 0.9731638431549072 620
1671770229477 0.9435028433799744 643
1671770243357 0.9618644118309021 666
1671770257295 0.950564980506897 689
1671770271514 0.9533898234367371 712
1671770285670 0.9971751570701599 735
1671770299880 0.9830508232116699 758
1671770314229 0.9745762944221497 781
1671770328491 0.9632768630981445 804
1671770342555 0.9392655491828918 827
1671770356728 0.9610170125961304 850
1671770370616 0.9293785095214844 873
1671770384725 0.9844632744789124 896
1671770398633 0.9632768630981445 919
1671770412875 0.9519773721694946 942
1671770427067 0.950564980506897 965
1671770441244 0.9774011373519897 988
1671770455453 0.9519773721694946 1011
1671770469717 0.9632768630981445 1034
1671770483799 0.9519773721694946 1057
1671770497814 0.9759886860847473 1080
1671770511801 0.9632768630981445 1103
1671770525885 0.9844632744789124 1126
1671770539759 0.9610170125961304 1149
1671770553697 0.9307909607887268 1172
1671770567785 0.9491525292396545 1195
1671770581980 0.9632768630981445 1218
1671770595840 0.9618644118309021 1241
1671770610247 0.9519773721694946 1264
1671770624271 0.9463276863098145 1287
1671770638474 0.9844632744789124 1310
1671770652616 0.9830508232116699 1333
1671770666734 0.9354990124702454 1356
1671770680632 0.9519773721694946 1379
1671770694524 0.9392655491828918 1402
1671770708661 0.9511299729347229 1425
1671770722522 0.9830508232116699 1448
1671770736400 0.9533898234367371 1471
1671770750334 0.950564980506897 1494
1671770764436 0.9661017060279846 1517
1671770778895 0.9745762944221497 1540
1671770793019 0.979284405708313 1563
1671770806925 0.9519773721694946 1586
1671770820989 0.9618644118309021 1609
1671770834977 0.9491525292396545 1632
1671770848825 0.9830508232116699 1655
1671770862899 0.9453860521316528 1678
1671770876986 0.9731638431549072 1701
1671770890923 0.950564980506897 1724
1671770905012 0.9872881174087524 1747
1671770919051 0.9279661178588867 1770
1671770933208 0.9771186113357544 1793
1671770947508 0.9830508232116699 1816
1671770961446 0.9830508232116699 1839
1671770975344 0.9745762944221497 1862
1671770989347 0.9618644118309021 1885
1671771003390 0.9632768630981445 1908
1671771017398 0.9971751570701599 1931
1671771031493 0.9632768630981445 1954
1671771045364 0.9378530979156494 1977
1671771059254 0.9717513918876648 2000
1671771073020 0.9392655491828918 2023
1671771087130 0.9844632744789124 2046
1671771101061 0.9392655491828918 2069
1671771115112 0.9519773721694946 2092
1671771129122 0.9307909607887268 2115
1671771142976 0.9110169410705566 2138
1671771157128 0.9604519605636597 2161
1671771171237 0.9604519605636597 2184
1671771185307 0.9830508232116699 2207
1671771199407 0.9467984437942505 2230
1671771213317 0.9279661178588867 2253
1671771227123 0.9618644118309021 2276
1671771241304 0.950564980506897 2299
1671771255299 0.9533898234367371 2322
1671771269261 0.9821093082427979 2345
1671771283297 0.9496234059333801 2368
1671771297312 0.9632768630981445 2391
1671771311116 0.9745762944221497 2414
1671771325315 0.9604519605636597 2437
1671771339265 0.9604519605636597 2460
1671771353361 0.9580978751182556 2483
1671771367935 0.9745762944221497 2506
1671771381869 0.9731638431549072 2529
1671771395835 0.9279661178588867 2552
1671771409771 0.9802259802818298 2575
1671771423838 0.9858757257461548 2598
1671771437925 0.9378530979156494 2621
1671771451863 0.9957627058029175 2644
1671771465817 0.9844632744789124 2667
1671771479982 0.9618644118309021 2690
1671771493952 0.9406779408454895 2713
1671771507894 0.9350282549858093 2736
1671771521881 0.9957627058029175 2759
1671771536281 0.9580978751182556 2782
1671771550189 0.9406779408454895 2805
1671771564498 0.9679849147796631 2828
1671771578567 0.9629001021385193 2851
1671771593067 0.9731638431549072 2874
1671771606981 0.8390771746635437 2897
1671771620941 0.9731638431549072 2920
1671771634829 0.9491525292396545 2943
1671771648678 0.9618644118309021 2966
1671771662890 0.9468926787376404 2989
1671771676910 0.9844632744789124 3012
1671771690994 0.9420903921127319 3035
1671771705270 0.9392655491828918 3058
1671771719244 0.9618644118309021 3081
1671771733180 0.9745762944221497 3104
1671771747429 0.9830508232116699 3127
1671771761212 0.9580978751182556 3150
1671771775093 0.9731638431549072 3173
1671771789093 0.9618644118309021 3196
1671771803166 0.9147833585739136 3219
1671771817094 0.9519773721694946 3242
1671771831355 0.9604519605636597 3265
1671771845336 0.9519773721694946 3288
1671771859416 0.9646892547607422 3311
1671771873648 0.959039568901062 3334
1671771887836 0.9731638431549072 3357
1671771901967 0.9731638431549072 3380
1671771916140 0.9519773721694946 3403
1671771930130 0.9369115233421326 3426
1671771943816 0.9364407062530518 3449
