1671769850463 1.8755876165527496 22
1671769864349 1.77491454627394 45
1671769878310 1.7695657590544334 68
1671769892172 1.7768967091287253 91
1671769906314 1.776440117573325 114
1671769920358 1.7875972966099958 137
1671769934626 1.7723767618800885 160
1671769948755 1.7885851547944727 183
1671769962831 1.7859488594508275 206
1671769976934 1.7835854253858447 229
1671769990747 1.7723072985789177 252
1671770004732 1.7714373602674944 275
1671770018478 1.7761104752302261 298
1671770032390 1.771234998778328 321
1671770046395 1.7706475132668988 344
1671770060503 1.7723843502170165 367
1671770074509 1.7845211491091528 390
1671770088675 1.7680475503149464 413
1671770102925 1.7741279778664973 436
1671770116992 1.7756389858479724 459
1671770130940 1.785406610539074 482
1671770144847 1.7809939232128909 505
1671770158983 1.778191274077782 528
1671770173037 1.7746870007732964 551
1671770187007 1.7695412790326497 574
1671770201167 1.7730031797998802 597
1671770215371 1.7684070036355146 620
1671770229477 1.7719547844753865 643
1671770243357 1.7847683223758186 666
1671770257295 1.7684578145274545 689
1671770271514 1.7764268956008928 712
1671770285670 1.7669130677368907 735
1671770299880 1.771530874311037 758
1671770314229 1.7727733129520968 781
1671770328491 1.7692853408151603 804
1671770342555 1.7705333201096138 827
1671770356728 1.7705447647913566 850
1671770370616 1.7728521198760472 873
1671770384725 1.7668476601279495 896
1671770398633 1.7663400483294691 919
1671770412875 1.7723780610390294 942
1671770427067 1.7674002191686125 965
1671770441244 1.7716259141860315 988
1671770455453 1.7705397421720914 1011
1671770469717 1.7649429655513504 1034
1671770483799 1.7662202513716567 1057
1671770497814 1.7722130905276732 1080
1671770511801 1.7750693186066115 1103
1671770525885 1.7650672202780653 1126
1671770539759 1.7685060122270386 1149
1671770553697 1.7704603956506422 1172
1671770567785 1.7668452666255976 1195
1671770581980 1.768492562440882 1218
1671770595840 1.7626247748674875 1241
1671770610247 1.7733588599571992 1264
1671770624271 1.7628134819571988 1287
1671770638474 1.7661050996493914 1310
1671770652616 1.7687944801707305 1333
1671770666734 1.775958628849324 1356
1671770680632 1.7672032837297 1379
1671770694524 1.7656314879000414 1402
1671770708661 1.7681334758694696 1425
1671770722522 1.7735556369145522 1448
1671770736400 1.7751225580994618 1471
1671770750334 1.7625001652091268 1494
1671770764436 1.7692613025151402 1517
1671770778895 1.7663665067328362 1540
1671770793019 1.7725358103314914 1563
1671770806925 1.7688554351106938 1586
1671770820989 1.7680357126308894 1609
1671770834977 1.7620071741050465 1632
1671770848825 1.7632024573727396 1655
1671770862899 1.7624030948383254 1678
1671770876986 1.7605732540494483 1701
1671770890923 1.7605779358929234 1724
1671770905012 1.7602834358049386 1747
1671770919051 1.7647626323443146 1770
1671770933208 1.766420916623127 1793
1671770947508 1.7661664603896283 1816
1671770961446 1.7612251348900487 1839
1671770975344 1.7601458916973658 1862
1671770989347 1.75788175971394 1885
1671771003390 1.7601025788741367 1908
1671771017398 1.7669697407012461 1931
1671771031493 1.7656719288337162 1954
1671771045364 1.7743910791697082 1977
1671771059254 1.774624385953224 2000
1671771073020 1.7669305315978838 2023
1671771087130 1.763038153698493 2046
1671771101061 1.7586924968568414 2069
1671771115112 1.7688758956023583 2092
1671771129122 1.7720012232329114 2115
1671771142976 1.7696478789120733 2138
1671771157128 1.7577507407648103 2161
1671771171237 1.7627199374463534 2184
1671771185307 1.7681674287543134 2207
1671771199407 1.7998378596873892 2230
1671771213317 1.7730426212256962 2253
1671771227123 1.7805363698143735 2276
1671771241304 1.7596809618118177 2299
1671771255299 1.7626730882588135 2322
1671771269261 1.7646943593017963 2345
1671771283297 1.7627667791073336 2368
1671771297312 1.7559211689691627 2391
1671771311116 1.7572239206861904 2414
1671771325315 1.7635757396591936 2437
1671771339265 1.758523182083958 2460
1671771353361 1.766562148851158 2483
1671771367935 1.7557360879914812 2506
1671771381869 1.7590297882936543 2529
1671771395835 1.7526673184228165 2552
1671771409771 1.7527721049214318 2575
1671771423838 1.7577133057880103 2598
1671771437925 1.761762395059277 2621
1671771451863 1.7635767414110146 2644
1671771465817 1.753916048385291 2667
1671771479982 1.7534273261829867 2690
1671771493952 1.7646034582419015 2713
1671771507894 1.7571293644365844 2736
1671771521881 1.7550998083948333 2759
1671771536281 1.761472823304273 2782
1671771550189 1.750823489098625 2805
1671771564498 1.7507535421883194 2828
1671771578567 1.7594211981404737 2851
1671771593067 1.7522805176369038 2874
1671771606981 1.7981287213322301 2897
1671771620941 1.7639584173329774 2920
1671771634829 1.7566893955810359 2943
1671771648678 1.7519016910294005 2966
1671771662890 1.7530871568237196 2989
1671771676910 1.750378285348399 3012
1671771690994 1.7483337542784367 3035
1671771705270 1.781961563756189 3058
1671771719244 1.756070022901489 3081
1671771733180 1.7573729199070467 3104
1671771747429 1.7526733609597995 3127
1671771761212 1.7477665329925156 3150
1671771775093 1.7455458810149291 3173
1671771789093 1.7508563552591798 3196
1671771803166 1.7708767879785614 3219
1671771817094 1.7506079722675052 3242
1671771831355 1.7460693814838286 3265
1671771845336 1.7546905896930884 3288
1671771859416 1.7503386079032253 3311
1671771873648 1.7723819896704647 3334
1671771887836 1.7527430728835631 3357
1671771901967 1.7495220865320158 3380
1671771916140 1.7481737644480912 3403
1671771930130 1.7532527591855351 3426
1671771943816 1.7502435079447347 3449
