1671769866181 1.7860086712862862 49
1671769895129 1.1530131541128075 99
1671769924438 1.967704358097727 149
1671769953950 1.6579705756829595 199
1671769983276 1.9753591717324983 249
1671770019455 1.9560161355881096 299
1671770048521 1.3508342104544075 349
1671770077759 1.8664406461282255 399
1671770107393 1.2495274496166855 449
1671770136411 1.1201299396385198 499
1671770165607 1.6366624006491013 549
1671770202404 2.4180889730972 599
1671770231845 2.080036586057697 649
1671770260949 1.621776646233928 699
1671770290401 1.8024926725770976 749
1671770320078 1.5977154034664318 799
1671770349432 1.539226868916085 849
1671770386241 1.4816646852548359 899
1671770415549 2.1234008806369484 949
1671770445223 1.2775678494344822 999
1671770474754 1.533376420765046 1049
1671770503902 2.1278582715626615 1099
1671770532930 0.739819978271371 1149
1671770569605 0.8069899160307037 1199
1671770598762 1.9645242032317314 1249
1671770628404 1.8329303711061133 1299
1671770657844 2.0303311299376627 1349
1671770686980 2.4904739100294253 1399
1671770723495 1.7812436367992854 1449
1671770752490 1.24799988766373 1499
1671770782117 2.350811054593567 1549
1671770811390 1.4655743393263625 1599
1671770840424 1.48039670334631 1649
1671770869598 1.8437229403878557 1699
1671770906245 1.0660495119747444 1749
1671770935647 1.809036487411168 1799
1671770964957 1.8469906422628393 1849
1671770994014 1.7103852115406957 1899
1671771023276 2.2023403608496688 1949
1671771052259 1.5577315457789824 1999
1671771088677 2.331645003645547 2049
1671771117773 1.8025173561764458 2099
1671771146749 1.8153619117060702 2149
1671771176216 1.710571369445566 2199
1671771205415 1.6691599005324624 2249
1671771234098 1.4728823028048865 2299
1671771271080 2.6223231522650585 2349
1671771300189 2.0685046054121585 2399
1671771329463 1.3507254558652089 2449
1671771358552 1.6368909477029474 2499
1671771388262 1.6257589015778997 2549
1671771424835 2.18221080089823 2599
1671771453927 1.5569799775967588 2649
1671771483288 1.532194601424563 2699
1671771512252 2.214012991631007 2749
1671771541771 1.1388193517829999 2799
1671771571143 1.4078053068456349 2849
1671771608200 1.4380327389249938 2899
1671771637219 1.6248068058239689 2949
1671771666535 1.6256663588612232 2999
1671771695696 1.7020048633621974 3049
1671771725035 2.2912154513657024 3099
1671771754331 1.2168628516379403 3149
1671771790640 2.021495384689095 3199
1671771819804 1.9260175857936608 3249
1671771849169 1.3456268800144444 3299
1671771878596 2.020403618182482 3349
1671771908154 1.4933715721118832 3399
1671771937114 1.0654439565223646 3449
