1671698883633 22.0 22
1671698897412 22.0 45
1671698911349 22.0 68
1671698925167 22.0 91
1671698939268 22.0 114
1671698953217 22.0 137
1671698967196 22.0 160
1671698981477 22.0 183
1671698995476 22.0 206
1671699009609 22.0 229
1671699023632 22.0 252
1671699037792 22.0 275
1671699051733 22.0 298
1671699065706 22.0 321
1671699079750 22.0 344
1671699093650 22.0 367
1671699107475 22.0 390
1671699121737 22.0 413
1671699135690 22.0 436
1671699149890 22.0 459
1671699164033 22.0 482
1671699178046 22.0 505
1671699192163 22.0 528
1671699206137 22.0 551
1671699219918 22.0 574
1671699234027 22.0 597
1671699248031 22.0 620
1671699262008 22.0 643
1671699276244 22.0 666
1671699290205 22.0 689
1671699304306 22.0 712
1671699318795 22.0 735
1671699332711 22.0 758
1671699347027 22.0 781
1671699361157 22.0 804
1671699375289 22.0 827
1671699389265 22.0 850
1671699403096 22.0 873
1671699417167 22.0 896
1671699431325 22.0 919
1671699445454 22.0 942
1671699459752 22.0 965
1671699473626 22.0 988
1671699487926 22.0 1011
1671699501800 22.0 1034
1671699516073 22.0 1057
1671699530144 22.0 1080
1671699544341 22.0 1103
1671699558422 22.0 1126
1671699572551 22.0 1149
1671699586387 22.0 1172
1671699600395 22.0 1195
1671699614434 22.0 1218
1671699628320 22.0 1241
1671699642289 22.0 1264
1671699656561 22.0 1287
1671699670423 22.0 1310
1671699684372 22.0 1333
1671699698421 22.0 1356
1671699712431 22.0 1379
1671699726253 22.0 1402
1671699740478 22.0 1425
1671699754611 22.0 1448
1671699768520 22.0 1471
1671699782674 22.0 1494
1671699796636 22.0 1517
1671699810956 22.0 1540
1671699825237 22.0 1563
1671699839404 22.0 1586
1671699853418 22.0 1609
1671699867490 22.0 1632
1671699881442 22.0 1655
1671699895571 22.0 1678
1671699909738 22.0 1701
1671699923648 22.0 1724
1671699937758 22.0 1747
1671699952108 22.0 1770
1671699965926 22.0 1793
1671699980422 22.0 1816
1671699994473 22.0 1839
1671700008915 22.0 1862
1671700023017 22.0 1885
1671700037045 22.0 1908
1671700051318 22.0 1931
1671700065313 22.0 1954
1671700079293 22.0 1977
1671700093586 22.0 2000
1671700107530 22.0 2023
1671700121831 22.0 2046
1671700135923 22.0 2069
1671700150057 22.0 2092
1671700164291 22.0 2115
1671700178383 22.0 2138
1671700192509 22.0 2161
1671700206455 22.0 2184
1671700220431 22.0 2207
1671700234578 22.0 2230
1671700248670 22.0 2253
1671700262827 22.0 2276
1671700277035 22.0 2299
1671700291321 22.0 2322
1671700305370 22.0 2345
1671700319317 22.0 2368
1671700333690 22.0 2391
1671700347830 22.0 2414
1671700361952 22.0 2437
1671700376188 22.0 2460
1671700390269 22.0 2483
1671700404371 22.0 2506
1671700418325 22.0 2529
1671700432185 22.0 2552
1671700446536 22.0 2575
1671700460731 22.0 2598
1671700474948 22.0 2621
1671700488790 22.0 2644
1671700502899 22.0 2667
1671700517156 22.0 2690
1671700531431 22.0 2713
1671700545421 22.0 2736
1671700559393 22.0 2759
1671700573485 22.0 2782
1671700587537 22.0 2805
1671700601489 22.0 2828
1671700615443 22.0 2851
1671700629765 22.0 2874
1671700643964 22.0 2897
1671700657891 22.0 2920
1671700672178 22.0 2943
1671700686362 22.0 2966
1671700700695 22.0 2989
1671700714719 22.0 3012
1671700728743 22.0 3035
1671700742715 22.0 3058
1671700756698 22.0 3081
1671700770604 22.0 3104
1671700784706 22.0 3127
1671700798934 22.0 3150
1671700813235 22.0 3173
1671700827328 22.0 3196
1671700841424 22.0 3219
1671700855679 22.0 3242
1671700869848 22.0 3265
1671700883941 22.0 3288
1671700898003 22.0 3311
1671700912156 22.0 3334
1671700926171 22.0 3357
1671700940192 22.0 3380
1671700954214 22.0 3403
1671700968523 22.0 3426
1671700982423 22.0 3449
