1671698883633 0 22
1671698886528 1 22
1671698897412 1 45
1671698900583 2 45
1671698902386 2 49
1671698911349 2 68
1671698914489 3 68
1671698925167 3 91
1671698928358 4 91
1671698931354 4 99
1671698939268 4 114
1671698942362 5 114
1671698953217 5 137
1671698956325 6 137
1671698960453 6 149
1671698967196 6 160
1671698970323 7 160
1671698981477 7 183
1671698984680 8 183
1671698989876 8 199
1671698995476 8 206
1671698998616 9 206
1671699009609 9 229
1671699012732 10 229
1671699019053 10 249
1671699023632 10 252
1671699026820 11 252
1671699037792 11 275
1671699041012 12 275
1671699051733 12 298
1671699054941 13 298
1671699055845 13 299
1671699065706 13 321
1671699068822 14 321
1671699079750 14 344
1671699082973 15 344
1671699085040 15 349
1671699093650 15 367
1671699096758 16 367
1671699107475 16 390
1671699110671 17 390
1671699113874 17 399
1671699121737 17 413
1671699124905 18 413
1671699135690 18 436
1671699138769 19 436
1671699143353 19 449
1671699149890 19 459
1671699153033 20 459
1671699164033 20 482
1671699167205 21 482
1671699172676 21 499
1671699178046 21 505
1671699181290 22 505
1671699192163 22 528
1671699195293 23 528
1671699201831 23 549
1671699206137 23 551
1671699209306 24 551
1671699219918 24 574
1671699223033 25 574
1671699234027 25 597
1671699237137 26 597
1671699238374 26 599
1671699248031 26 620
1671699251155 27 620
1671699262008 27 643
1671699265177 28 643
1671699267571 28 649
1671699276244 28 666
1671699279388 29 666
1671699290205 29 689
1671699293394 30 689
1671699296917 30 699
1671699304306 30 712
1671699307469 31 712
1671699318795 31 735
1671699321993 32 735
1671699326633 32 749
1671699332711 32 758
1671699335964 33 758
1671699347027 33 781
1671699350175 34 781
1671699355941 34 799
1671699361157 34 804
1671699364315 35 804
1671699375289 35 827
1671699378402 36 827
1671699385257 36 849
1671699389265 36 850
1671699392415 37 850
1671699403096 37 873
1671699406314 38 873
1671699417167 38 896
1671699420351 39 896
1671699421899 39 899
1671699431325 39 919
1671699434454 40 919
1671699445454 40 942
1671699448675 41 942
1671699451303 41 949
1671699459752 41 965
1671699462867 42 965
1671699473626 42 988
1671699476818 43 988
1671699480651 43 999
1671699487926 43 1011
1671699491107 44 1011
1671699501800 44 1034
1671699504943 45 1034
1671699509864 45 1049
1671699516073 45 1057
1671699519251 46 1057
1671699530144 46 1080
1671699533333 47 1080
1671699539372 47 1099
1671699544341 47 1103
1671699547487 48 1103
1671699558422 48 1126
1671699561570 49 1126
1671699568569 49 1149
1671699572551 49 1149
1671699575626 50 1149
1671699586387 50 1172
1671699589724 51 1172
1671699600395 51 1195
1671699603568 52 1195
1671699605356 52 1199
1671699614434 52 1218
1671699617612 53 1218
1671699628320 53 1241
1671699631461 54 1241
1671699634399 54 1249
1671699642289 54 1264
1671699645560 55 1264
1671699656561 55 1287
1671699659767 56 1287
1671699663822 56 1299
1671699670423 56 1310
1671699673596 57 1310
1671699684372 57 1333
1671699687569 58 1333
1671699692888 58 1349
1671699698421 58 1356
1671699701642 59 1356
1671699712431 59 1379
1671699715607 60 1379
1671699721922 60 1399
1671699726253 60 1402
1671699729482 61 1402
1671699740478 61 1425
1671699743603 62 1425
1671699754611 62 1448
1671699757757 63 1448
1671699758700 63 1449
1671699768520 63 1471
1671699771737 64 1471
1671699782674 64 1494
1671699785904 65 1494
1671699787891 65 1499
1671699796636 65 1517
1671699799769 66 1517
1671699810956 66 1540
1671699814102 67 1540
1671699817371 67 1549
1671699825237 67 1563
1671699828462 68 1563
1671699839404 68 1586
1671699842573 69 1586
1671699846921 69 1599
1671699853418 69 1609
1671699856641 70 1609
1671699867490 70 1632
1671699870626 71 1632
1671699876033 71 1649
1671699881442 71 1655
1671699884650 72 1655
1671699895571 72 1678
1671699898675 73 1678
1671699905215 73 1699
1671699909738 73 1701
1671699912909 74 1701
1671699923648 74 1724
1671699926750 75 1724
1671699937758 75 1747
1671699940958 76 1747
1671699942292 76 1749
1671699952108 76 1770
1671699955267 77 1770
1671699965926 77 1793
1671699969082 78 1793
1671699971455 78 1799
1671699980422 78 1816
1671699983593 79 1816
1671699994473 79 1839
1671699997626 80 1839
1671700001127 80 1849
1671700008915 80 1862
1671700012123 81 1862
1671700023017 81 1885
1671700026143 82 1885
1671700030780 82 1899
1671700037045 82 1908
1671700040300 83 1908
1671700051318 83 1931
1671700054446 84 1931
1671700060193 84 1949
1671700065313 84 1954
1671700068478 85 1954
1671700079293 85 1977
1671700082496 86 1977
1671700089389 86 1999
1671700093586 86 2000
1671700096762 87 2000
1671700107530 87 2023
1671700110779 88 2023
1671700121831 88 2046
1671700124968 89 2046
1671700126465 89 2049
1671700135923 89 2069
1671700139115 90 2069
1671700150057 90 2092
1671700153259 91 2092
1671700156013 91 2099
1671700164291 91 2115
1671700167465 92 2115
1671700178383 92 2138
1671700181631 93 2138
1671700185386 93 2149
1671700192509 93 2161
1671700195671 94 2161
1671700206455 94 2184
1671700209672 95 2184
1671700214562 95 2199
1671700220431 95 2207
1671700223587 96 2207
1671700234578 96 2230
1671700237707 97 2230
1671700243753 97 2249
1671700248670 97 2253
1671700251797 98 2253
1671700262827 98 2276
1671700265971 99 2276
1671700273031 99 2299
1671700277035 99 2299
1671700280216 100 2299
1671700291321 100 2322
1671700294523 101 2322
1671700305370 101 2345
1671700308525 102 2345
1671700310269 102 2349
1671700319317 102 2368
1671700322555 103 2368
1671700333690 103 2391
1671700336889 104 2391
1671700339847 104 2399
1671700347830 104 2414
1671700351095 105 2414
1671700361952 105 2437
1671700365188 106 2437
1671700369290 106 2449
1671700376188 106 2460
1671700379336 107 2460
1671700390269 107 2483
1671700393440 108 2483
1671700398689 108 2499
1671700404371 108 2506
1671700407600 109 2506
1671700418325 109 2529
1671700421390 110 2529
1671700427727 110 2549
1671700432185 110 2552
1671700435391 111 2552
1671700446536 111 2575
1671700449830 112 2575
1671700460731 112 2598
1671700463951 113 2598
1671700464859 113 2599
1671700474948 113 2621
1671700478091 114 2621
1671700488790 114 2644
1671700491950 115 2644
1671700494100 115 2649
1671700502899 115 2667
1671700506154 116 2667
1671700517156 116 2690
1671700520358 117 2690
1671700523685 117 2699
1671700531431 117 2713
1671700534661 118 2713
1671700545421 118 2736
1671700548501 119 2736
1671700552863 119 2749
1671700559393 119 2759
1671700562617 120 2759
1671700573485 120 2782
1671700576626 121 2782
1671700582146 121 2799
1671700587537 121 2805
1671700590658 122 2805
1671700601489 122 2828
1671700604639 123 2828
1671700611234 123 2849
1671700615443 123 2851
1671700618723 124 2851
1671700629765 124 2874
1671700633032 125 2874
1671700643964 125 2897
1671700647097 126 2897
1671700648260 126 2899
1671700657891 126 2920
1671700661077 127 2920
1671700672178 127 2943
1671700675384 128 2943
1671700677740 128 2949
1671700686362 128 2966
1671700689572 129 2966
1671700700695 129 2989
1671700703881 130 2989
1671700707369 130 2999
1671700714719 130 3012
1671700717870 131 3012
1671700728743 131 3035
1671700731902 132 3035
1671700736526 132 3049
1671700742715 132 3058
1671700745945 133 3058
1671700756698 133 3081
1671700759914 134 3081
1671700765580 134 3099
1671700770604 134 3104
1671700773719 135 3104
1671700784706 135 3127
1671700787922 136 3127
1671700795027 136 3149
1671700798934 136 3150
1671700802180 137 3150
1671700813235 137 3173
1671700816470 138 3173
1671700827328 138 3196
1671700830469 139 3196
1671700831879 139 3199
1671700841424 139 3219
1671700844668 140 3219
1671700855679 140 3242
1671700858890 141 3242
1671700861510 141 3249
1671700869848 141 3265
1671700872977 142 3265
1671700883941 142 3288
1671700887206 143 3288
1671700890926 143 3299
1671700898003 143 3311
1671700901248 144 3311
1671700912156 144 3334
1671700915334 145 3334
1671700920249 145 3349
1671700926171 145 3357
1671700929382 146 3357
1671700940192 146 3380
1671700943338 147 3380
1671700949396 147 3399
1671700954214 147 3403
1671700957398 148 3403
1671700968523 148 3426
1671700971635 149 3426
1671700978579 149 3449
1671700982423 149 3449
1671700985382 150 3449
