1671698883633 0.0 22
1671698897412 0.0 45
1671698911349 0.0 68
1671698925167 0.0 91
1671698939268 0.0 114
1671698953217 0.0 137
1671698967196 0.0 160
1671698981477 0.0 183
1671698995476 0.0 206
1671699009609 0.0 229
1671699023632 0.0 252
1671699037792 0.0 275
1671699051733 0.0 298
1671699065706 0.0 321
1671699079750 0.0 344
1671699093650 0.0 367
1671699107475 0.0 390
1671699121737 0.0 413
1671699135690 0.0 436
1671699149890 0.0 459
1671699164033 0.0 482
1671699178046 0.0 505
1671699192163 0.0 528
1671699206137 0.0 551
1671699219918 0.0 574
1671699234027 0.0 597
1671699248031 0.0 620
1671699262008 0.0 643
1671699276244 0.0 666
1671699290205 0.0 689
1671699304306 0.0 712
1671699318795 0.0 735
1671699332711 0.0 758
1671699347027 0.0 781
1671699361157 0.0 804
1671699375289 0.0 827
1671699389265 0.0 850
1671699403096 0.0 873
1671699417167 0.0 896
1671699431325 0.0 919
1671699445454 0.0 942
1671699459752 0.0 965
1671699473626 0.0 988
1671699487926 0.0 1011
1671699501800 0.0 1034
1671699516073 0.0 1057
1671699530144 0.0 1080
1671699544341 0.0 1103
1671699558422 0.0 1126
1671699572551 0.0 1149
1671699586387 0.0 1172
1671699600395 0.0 1195
1671699614434 0.0 1218
1671699628320 0.0 1241
1671699642289 0.0 1264
1671699656561 0.0 1287
1671699670423 0.0 1310
1671699684372 0.0 1333
1671699698421 0.0 1356
1671699712431 0.0 1379
1671699726253 0.0 1402
1671699740478 0.0 1425
1671699754611 0.0 1448
1671699768520 0.0 1471
1671699782674 0.0 1494
1671699796636 0.0 1517
1671699810956 0.0 1540
1671699825237 0.0 1563
1671699839404 0.0 1586
1671699853418 0.0 1609
1671699867490 0.0 1632
1671699881442 0.0 1655
1671699895571 0.0 1678
1671699909738 0.0 1701
1671699923648 0.0 1724
1671699937758 0.0 1747
1671699952108 0.0 1770
1671699965926 0.0 1793
1671699980422 0.0 1816
1671699994473 0.0 1839
1671700008915 0.0 1862
1671700023017 0.0 1885
1671700037045 0.0 1908
1671700051318 0.0 1931
1671700065313 0.0 1954
1671700079293 0.0 1977
1671700093586 0.0 2000
1671700107530 0.0 2023
1671700121831 0.0 2046
1671700135923 0.0 2069
1671700150057 0.0 2092
1671700164291 0.0 2115
1671700178383 0.0 2138
1671700192509 0.0 2161
1671700206455 0.0 2184
1671700220431 0.0 2207
1671700234578 0.0 2230
1671700248670 0.0 2253
1671700262827 0.0 2276
1671700277035 0.0 2299
1671700291321 0.0 2322
1671700305370 0.0 2345
1671700319317 0.0 2368
1671700333690 0.0 2391
1671700347830 0.0 2414
1671700361952 0.0 2437
1671700376188 0.0 2460
1671700390269 0.0 2483
1671700404371 0.0 2506
1671700418325 0.0 2529
1671700432185 0.0 2552
1671700446536 0.0 2575
1671700460731 0.0 2598
1671700474948 0.0 2621
1671700488790 0.0 2644
1671700502899 0.0 2667
1671700517156 0.0 2690
1671700531431 0.0 2713
1671700545421 0.0 2736
1671700559393 0.0 2759
1671700573485 0.0 2782
1671700587537 0.0 2805
1671700601489 0.0 2828
1671700615443 0.0 2851
1671700629765 0.0 2874
1671700643964 0.0 2897
1671700657891 0.0 2920
1671700672178 0.0 2943
1671700686362 0.0 2966
1671700700695 0.0 2989
1671700714719 0.0 3012
1671700728743 0.0 3035
1671700742715 0.0 3058
1671700756698 0.0 3081
1671700770604 0.0 3104
1671700784706 0.0 3127
1671700798934 0.0 3150
1671700813235 0.0 3173
1671700827328 0.0 3196
1671700841424 0.0 3219
1671700855679 0.0 3242
1671700869848 0.0 3265
1671700883941 0.0 3288
1671700898003 0.0 3311
1671700912156 0.0 3334
1671700926171 0.0 3357
1671700940192 0.0 3380
1671700954214 0.0 3403
1671700968523 0.0 3426
1671700982423 0.0 3449
