1671698886528 1.897573799925922 22
1671698900583 1.781345510837635 45
1671698914489 1.7752360455646707 68
1671698928358 1.7822920060313907 91
1671698942362 1.7817060835385439 114
1671698956325 1.7923664132646613 137
1671698970323 1.7781246061231735 160
1671698984680 1.7941252839814723 183
1671698998616 1.7913419907988555 206
1671699012732 1.7886964811542434 229
1671699026820 1.7777471155885194 252
1671699041012 1.77699191224762 275
1671699054941 1.781177999237688 298
1671699068822 1.7761000891036671 321
1671699082973 1.7761983969367066 344
1671699096758 1.777506182428962 367
1671699110671 1.7895235540651813 390
1671699124905 1.77360898265379 413
1671699138769 1.779388751787356 436
1671699153033 1.7813650747861374 459
1671699167205 1.7904316856472617 482
1671699181290 1.7863489374939112 505
1671699195293 1.7836138064693774 528
1671699209306 1.7802226228168352 551
1671699223033 1.7746193673767916 574
1671699237137 1.7783395040673586 597
1671699251155 1.773871137430731 620
1671699265177 1.777313891619842 643
1671699279388 1.7907664763317388 666
1671699293394 1.7740151210391553 689
1671699307469 1.7820734844599204 712
1671699321993 1.7727087523975387 735
1671699335964 1.7771775662505367 758
1671699350175 1.7777976903976151 781
1671699364315 1.7746984739909117 804
1671699378402 1.776246004978825 827
1671699392415 1.7759246481873203 850
1671699406314 1.7782880188211525 873
1671699420351 1.7720445492593886 896
1671699434454 1.7713341422855051 919
1671699448675 1.7772301570845865 942
1671699462867 1.7722223926768674 965
1671699476818 1.7775201487198204 988
1671699491107 1.7762761542666003 1011
1671699504943 1.7704954208130668 1034
1671699519251 1.7717407349994228 1057
1671699533333 1.7780582872078348 1080
1671699547487 1.7803008758590888 1103
1671699561570 1.7700915437975568 1126
1671699575626 1.7736295531363884 1149
1671699589724 1.7757242784824354 1172
1671699603568 1.7723538319735002 1195
1671699617612 1.7739495705837411 1218
1671699631461 1.7681233290477216 1241
1671699645560 1.778863163415829 1264
1671699659767 1.768201792010358 1287
1671699673596 1.7714968284185357 1310
1671699687569 1.7745117580926935 1333
1671699701642 1.7813046667819465 1356
1671699715607 1.7728752147477898 1379
1671699729482 1.7713232219113217 1402
1671699743603 1.77352745396245 1425
1671699757757 1.779400468750056 1448
1671699771737 1.780953480483113 1471
1671699785904 1.7677946659429333 1494
1671699799769 1.7752538560726732 1517
1671699814102 1.7718615825078001 1540
1671699828462 1.778112915149784 1563
1671699842573 1.7737805902558563 1586
1671699856641 1.7737894646265373 1609
1671699870626 1.7672385458779234 1632
1671699884650 1.7686507294522766 1655
1671699898675 1.7680731649484276 1678
1671699912909 1.7662523474959784 1701
1671699926750 1.7654679426058135 1724
1671699940958 1.7656877462196676 1747
1671699955267 1.7691998635866868 1770
1671699969082 1.7708945342968885 1793
1671699983593 1.7712705357671632 1816
1671699997626 1.7659533150262499 1839
1671700012123 1.7655298306107394 1862
1671700026143 1.7632213831945645 1885
1671700040300 1.765497215287296 1908
1671700054446 1.7723784514821903 1931
1671700068478 1.7707147023655183 1954
1671700082496 1.7798235148689399 1977
1671700096762 1.7800120265856236 2000
1671700110779 1.772375012194584 2023
1671700124968 1.7678448222148677 2046
1671700139115 1.7642853602351503 2069
1671700153259 1.7739354505350302 2092
1671700167465 1.7774310035550156 2115
1671700181631 1.7748190083936193 2138
1671700195671 1.7637128140166642 2161
1671700209672 1.7680283947943423 2184
1671700223587 1.7734516780909695 2207
1671700237707 1.806532578828966 2230
1671700251797 1.778623779300164 2253
1671700265971 1.7858474489648524 2276
1671700280216 1.765375573279298 2299
1671700294523 1.7688103223040337 2322
1671700308525 1.7693310711271388 2345
1671700322555 1.7683061868354062 2368
1671700336889 1.7605561898854718 2391
1671700351095 1.7623740152729679 2414
1671700365188 1.7691925733903733 2437
1671700379336 1.7641209866753524 2460
1671700393440 1.772290157672375 2483
1671700407600 1.7609877922435455 2506
1671700421390 1.764847320080221 2529
1671700435391 1.758544050007813 2552
1671700449830 1.7587040097709972 2575
1671700463951 1.7627075760403885 2598
1671700478091 1.7681515852411753 2621
1671700491950 1.7696660099096466 2644
1671700506154 1.7597451704361962 2667
1671700520358 1.7594061329259307 2690
1671700534661 1.7702947257477653 2713
1671700548501 1.762792650518166 2736
1671700562617 1.7605193945455397 2759
1671700576626 1.7669995626455923 2782
1671700590658 1.7563029572883693 2805
1671700604639 1.7567620120354384 2828
1671700618723 1.7647147078704688 2851
1671700633032 1.7579317314372813 2874
1671700647097 1.8035978806479627 2897
1671700661077 1.7697498408541354 2920
1671700675384 1.762689122694536 2943
1671700689572 1.7580171111283012 2966
1671700703881 1.7589489988619336 2989
1671700717870 1.7564180081320226 3012
1671700731902 1.7543558923377813 3035
1671700745945 1.7894781668569075 3058
1671700759914 1.7631879694371027 3081
1671700773719 1.7626559347773827 3104
1671700787922 1.7585359273151489 3127
1671700802180 1.7536564661487735 3150
1671700816470 1.7512230895985286 3173
1671700830469 1.7554832860082024 3196
1671700844668 1.7762184884323704 3219
1671700858890 1.7565369095991943 3242
1671700872977 1.7520816803817683 3265
1671700887206 1.760726697453519 3288
1671700901248 1.7566128386750743 3311
1671700915334 1.7783233401834828 3334
1671700929382 1.7586426615075876 3357
1671700943338 1.7548315633769396 3380
1671700957398 1.7550011975123974 3403
1671700971635 1.7582258107995836 3426
1671700985382 1.7568518847281602 3449
