1671698902386 1.0 49
1671698931354 0.75 99
1671698960453 1.0 149
1671698989876 1.0 199
1671699019053 1.0 249
1671699055845 1.0 299
1671699085040 1.0 349
1671699113874 1.0 399
1671699143353 0.75 449
1671699172676 0.75 499
1671699201831 1.0 549
1671699238374 1.0 599
1671699267571 1.0 649
1671699296917 1.0 699
1671699326633 1.0 749
1671699355941 1.0 799
1671699385257 0.75 849
1671699421899 1.0 899
1671699451303 1.0 949
1671699480651 0.75 999
1671699509864 1.0 1049
1671699539372 1.0 1099
1671699568569 0.5 1149
1671699605356 1.0 1199
1671699634399 1.0 1249
1671699663822 1.0 1299
1671699692888 0.75 1349
1671699721922 1.0 1399
1671699758700 1.0 1449
1671699787891 1.0 1499
1671699817371 1.0 1549
1671699846921 1.0 1599
1671699876033 1.0 1649
1671699905215 1.0 1699
1671699942292 1.0 1749
1671699971455 1.0 1799
1671700001127 1.0 1849
1671700030780 0.75 1899
1671700060193 1.0 1949
1671700089389 1.0 1999
1671700126465 1.0 2049
1671700156013 1.0 2099
1671700185386 1.0 2149
1671700214562 1.0 2199
1671700243753 1.0 2249
1671700273031 0.25 2299
1671700310269 1.0 2349
1671700339847 1.0 2399
1671700369290 1.0 2449
1671700398689 1.0 2499
1671700427727 1.0 2549
1671700464859 1.0 2599
1671700494100 1.0 2649
1671700523685 1.0 2699
1671700552863 1.0 2749
1671700582146 1.0 2799
1671700611234 1.0 2849
1671700648260 1.0 2899
1671700677740 1.0 2949
1671700707369 1.0 2999
1671700736526 0.5 3049
1671700765580 1.0 3099
1671700795027 1.0 3149
1671700831879 0.75 3199
1671700861510 0.75 3249
1671700890926 1.0 3299
1671700920249 1.0 3349
1671700949396 1.0 3399
1671700978579 0.25 3449
