1671698902386 1.8100730716600546 49
1671698931354 1.1664995734324997 99
1671698960453 1.9681538496519781 149
1671698989876 1.6776845510351857 199
1671699019053 1.9828935429597776 249
1671699055845 1.9384443318018227 299
1671699085040 1.371706241005251 349
1671699113874 1.8775114608219967 399
1671699143353 1.2495102097648343 449
1671699172676 1.120124741834008 499
1671699201831 1.6275536393797019 549
1671699238374 2.4267519335635392 599
1671699267571 2.0653540371048944 649
1671699296917 1.611763767335093 699
1671699326633 1.8250261169852577 749
1671699355941 1.6041218111175317 799
1671699385257 1.5412673455353836 849
1671699421899 1.4768827478255195 899
1671699451303 2.1389820599380585 949
1671699480651 1.2680821548590981 999
1671699509864 1.5370058042946706 1049
1671699539372 2.127679056266686 1099
1671699568569 0.7395714561420921 1149
1671699605356 0.8215041585955491 1199
1671699634399 1.9539138690313127 1249
1671699663822 1.8382146663794767 1299
1671699692888 2.0572241315102997 1349
1671699721922 2.5370949413350896 1399
1671699758700 1.790986085857977 1449
1671699787891 1.2687819781979979 1499
1671699817371 2.354091852247447 1549
1671699846921 1.4452627091820864 1599
1671699876033 1.4836660466008134 1649
1671699905215 1.8606466987749515 1699
1671699942292 1.075158586647669 1749
1671699971455 1.7949175013464767 1799
1671700001127 1.863533015472414 1849
1671700030780 1.7019480806198393 1899
1671700060193 2.2225841185536677 1949
1671700089389 1.5531048196208896 1999
1671700126465 2.3399112071349775 2049
1671700156013 1.8270121821328045 2099
1671700185386 1.8384938726895725 2149
1671700214562 1.7135743653277036 2199
1671700243753 1.6679882855758592 2249
1671700273031 1.4670575593067534 2299
1671700310269 2.61616979252131 2349
1671700339847 2.0844988374831326 2399
1671700369290 1.352824254745156 2449
1671700398689 1.6537723156237083 2499
1671700427727 1.6106445390247344 2549
1671700464859 2.2082813266318984 2599
1671700494100 1.5762227917683067 2649
1671700523685 1.5178098486350868 2699
1671700552863 2.2198719194752456 2749
1671700582146 1.1386161073288497 2799
1671700611234 1.414293851024171 2849
1671700648260 1.4357369300249734 2899
1671700677740 1.6166143568608302 2949
1671700707369 1.6481793940923515 2999
1671700736526 1.7338160546564922 3049
1671700765580 2.298637777477847 3099
1671700795027 1.2067467306284647 3149
1671700831879 2.035546353818994 3199
1671700861510 1.9272779034204115 3249
1671700890926 1.3503424906634163 3299
1671700920249 2.0389277560394543 3349
1671700949396 1.5291105932426077 3399
1671700978579 1.0163063269061061 3449
