1671698886528 0.8192090392112732 22
1671698900583 1.0 45
1671698914489 1.0 68
1671698928358 1.0 91
1671698942362 1.0 114
1671698956325 1.0 137
1671698970323 1.0 160
1671698984680 1.0 183
1671698998616 1.0 206
1671699012732 1.0 229
1671699026820 1.0 252
1671699041012 1.0 275
1671699054941 1.0 298
1671699068822 1.0 321
1671699082973 1.0 344
1671699096758 1.0 367
1671699110671 1.0 390
1671699124905 1.0 413
1671699138769 1.0 436
1671699153033 1.0 459
1671699167205 1.0 482
1671699181290 1.0 505
1671699195293 1.0 528
1671699209306 1.0 551
1671699223033 1.0 574
1671699237137 1.0 597
1671699251155 1.0 620
1671699265177 1.0 643
1671699279388 1.0 666
1671699293394 1.0 689
1671699307469 1.0 712
1671699321993 1.0 735
1671699335964 1.0 758
1671699350175 1.0 781
1671699364315 1.0 804
1671699378402 1.0 827
1671699392415 1.0 850
1671699406314 1.0 873
1671699420351 1.0 896
1671699434454 1.0 919
1671699448675 1.0 942
1671699462867 1.0 965
1671699476818 1.0 988
1671699491107 1.0 1011
1671699504943 1.0 1034
1671699519251 1.0 1057
1671699533333 1.0 1080
1671699547487 1.0 1103
1671699561570 1.0 1126
1671699575626 1.0 1149
1671699589724 1.0 1172
1671699603568 1.0 1195
1671699617612 1.0 1218
1671699631461 1.0 1241
1671699645560 1.0 1264
1671699659767 1.0 1287
1671699673596 1.0 1310
1671699687569 1.0 1333
1671699701642 0.9985875487327576 1356
1671699715607 1.0 1379
1671699729482 1.0 1402
1671699743603 0.9971751570701599 1425
1671699757757 1.0 1448
1671699771737 0.9985875487327576 1471
1671699785904 0.9985875487327576 1494
1671699799769 0.9985875487327576 1517
1671699814102 0.9985875487327576 1540
1671699828462 0.9971751570701599 1563
1671699842573 0.9985875487327576 1586
1671699856641 1.0 1609
1671699870626 0.9985875487327576 1632
1671699884650 1.0 1655
1671699898675 0.9985875487327576 1678
1671699912909 1.0 1701
1671699926750 0.9985875487327576 1724
1671699940958 1.0 1747
1671699955267 0.9985875487327576 1770
1671699969082 0.9985875487327576 1793
1671699983593 0.9985875487327576 1816
1671699997626 0.9985875487327576 1839
1671700012123 0.9985875487327576 1862
1671700026143 0.9985875487327576 1885
1671700040300 1.0 1908
1671700054446 1.0 1931
1671700068478 0.9985875487327576 1954
1671700082496 0.9985875487327576 1977
1671700096762 0.9985875487327576 2000
1671700110779 0.9985875487327576 2023
1671700124968 0.9985875487327576 2046
1671700139115 1.0 2069
1671700153259 0.9985875487327576 2092
1671700167465 1.0 2115
1671700181631 0.9971751570701599 2138
1671700195671 0.9985875487327576 2161
1671700209672 0.9985875487327576 2184
1671700223587 0.9971751570701599 2207
1671700237707 0.9985875487327576 2230
1671700251797 0.9985875487327576 2253
1671700265971 0.9985875487327576 2276
1671700280216 0.9985875487327576 2299
1671700294523 0.9985875487327576 2322
1671700308525 0.9985875487327576 2345
1671700322555 0.9971751570701599 2368
1671700336889 0.9971751570701599 2391
1671700351095 0.9985875487327576 2414
1671700365188 0.9985875487327576 2437
1671700379336 0.9971751570701599 2460
1671700393440 0.9985875487327576 2483
1671700407600 0.9985875487327576 2506
1671700421390 0.9985875487327576 2529
1671700435391 0.9971751570701599 2552
1671700449830 0.9985875487327576 2575
1671700463951 0.9985875487327576 2598
1671700478091 0.9985875487327576 2621
1671700491950 0.9971751570701599 2644
1671700506154 0.9985875487327576 2667
1671700520358 0.9985875487327576 2690
1671700534661 0.9971751570701599 2713
1671700548501 0.9971751570701599 2736
1671700562617 1.0 2759
1671700576626 0.9971751570701599 2782
1671700590658 0.9971751570701599 2805
1671700604639 0.9957627058029175 2828
1671700618723 0.9971751570701599 2851
1671700633032 0.9985875487327576 2874
1671700647097 0.9844632744789124 2897
1671700661077 0.9985875487327576 2920
1671700675384 0.9971751570701599 2943
1671700689572 0.9985875487327576 2966
1671700703881 0.9971751570701599 2989
1671700717870 0.9985875487327576 3012
1671700731902 0.9971751570701599 3035
1671700745945 0.9957627058029175 3058
1671700759914 0.9971751570701599 3081
1671700773719 0.9985875487327576 3104
1671700787922 0.9971751570701599 3127
1671700802180 0.9985875487327576 3150
1671700816470 0.9971751570701599 3173
1671700830469 0.9971751570701599 3196
1671700844668 0.9957627058029175 3219
1671700858890 0.9971751570701599 3242
1671700872977 0.9971751570701599 3265
1671700887206 0.9971751570701599 3288
1671700901248 0.9971751570701599 3311
1671700915334 0.9971751570701599 3334
1671700929382 0.9985875487327576 3357
1671700943338 0.9985875487327576 3380
1671700957398 0.9957627058029175 3403
1671700971635 0.9971751570701599 3426
1671700985382 0.9971751570701599 3449
