1671698886528 0.7301318645477295 22
1671698900583 0.9646892547607422 45
1671698914489 0.950564980506897 68
1671698928358 0.9392655491828918 91
1671698942362 0.9519773721694946 114
1671698956325 0.9491525292396545 137
1671698970323 0.9717513918876648 160
1671698984680 0.9830508232116699 183
1671698998616 0.9971751570701599 206
1671699012732 0.9618644118309021 229
1671699026820 0.950564980506897 252
1671699041012 0.9872881174087524 275
1671699054941 0.950564980506897 298
1671699068822 0.9731638431549072 321
1671699082973 0.9731638431549072 344
1671699096758 0.9378530979156494 367
1671699110671 0.9632768630981445 390
1671699124905 0.9830508232116699 413
1671699138769 0.9618644118309021 436
1671699153033 0.950564980506897 459
1671699167205 0.9844632744789124 482
1671699181290 0.9519773721694946 505
1671699195293 0.9519773721694946 528
1671699209306 0.9519773721694946 551
1671699223033 0.950564980506897 574
1671699237137 0.9745762944221497 597
1671699251155 0.9731638431549072 620
1671699265177 0.9491525292396545 643
1671699279388 0.9618644118309021 666
1671699293394 0.950564980506897 689
1671699307469 0.9533898234367371 712
1671699321993 0.9971751570701599 735
1671699335964 0.9858757257461548 758
1671699350175 0.9745762944221497 781
1671699364315 0.9632768630981445 804
1671699378402 0.9392655491828918 827
1671699392415 0.9632768630981445 850
1671699406314 0.9293785095214844 873
1671699420351 0.9844632744789124 896
1671699434454 0.9632768630981445 919
1671699448675 0.9519773721694946 942
1671699462867 0.950564980506897 965
1671699476818 0.9774011373519897 988
1671699491107 0.9519773721694946 1011
1671699504943 0.9632768630981445 1034
1671699519251 0.9632768630981445 1057
1671699533333 0.9759886860847473 1080
1671699547487 0.9632768630981445 1103
1671699561570 0.9844632744789124 1126
1671699575626 0.9632768630981445 1149
1671699589724 0.9307909607887268 1172
1671699603568 0.9491525292396545 1195
1671699617612 0.9632768630981445 1218
1671699631461 0.9618644118309021 1241
1671699645560 0.9519773721694946 1264
1671699659767 0.9491525292396545 1287
1671699673596 0.9844632744789124 1310
1671699687569 0.9830508232116699 1333
1671699701642 0.9364407062530518 1356
1671699715607 0.9519773721694946 1379
1671699729482 0.9392655491828918 1402
1671699743603 0.9609228372573853 1425
1671699757757 0.9830508232116699 1448
1671699771737 0.9477401375770569 1471
1671699785904 0.9515066146850586 1494
1671699799769 0.9717513918876648 1517
1671699814102 0.9708098769187927 1540
1671699828462 0.979284405708313 1563
1671699842573 0.9503632187843323 1586
1671699856641 0.9618644118309021 1609
1671699870626 0.9463276863098145 1632
1671699884650 0.9830508232116699 1655
1671699898675 0.9468926787376404 1678
1671699912909 0.9731638431549072 1701
1671699926750 0.944915235042572 1724
1671699940958 0.9872881174087524 1747
1671699955267 0.9260827898979187 1770
1671699969082 0.9788135886192322 1793
1671699983593 0.979284405708313 1816
1671699997626 0.9830508232116699 1839
1671700012123 0.9717513918876648 1862
1671700026143 0.9618644118309021 1885
1671700040300 0.9632768630981445 1908
1671700054446 0.9971751570701599 1931
1671700068478 0.9610170125961304 1954
1671700082496 0.9350282549858093 1977
1671700096762 0.9698681235313416 2000
1671700110779 0.9370056986808777 2023
1671700124968 0.9788135886192322 2046
1671700139115 0.9392655491828918 2069
1671700153259 0.9463276863098145 2092
1671700167465 0.9307909607887268 2115
1671700181631 0.9129002690315247 2138
1671700195671 0.9576271176338196 2161
1671700209672 0.9610170125961304 2184
1671700223587 0.9821093082427979 2207
1671700237707 0.950564980506897 2230
1671700251797 0.9241997003555298 2253
1671700265971 0.9602502584457397 2276
1671700280216 0.9477401375770569 2299
1671700294523 0.9496233463287354 2322
1671700308525 0.9821091890335083 2345
1671700322555 0.950564980506897 2368
1671700336889 0.9604519605636597 2391
1671700351095 0.9689265489578247 2414
1671700365188 0.9581921100616455 2437
1671700379336 0.9519773721694946 2460
1671700393440 0.9580979943275452 2483
1671700407600 0.9723164439201355 2506
1671700421390 0.9693974256515503 2529
1671700435391 0.9241997003555298 2552
1671700449830 0.9830508232116699 2575
1671700463951 0.9830508232116699 2598
1671700478091 0.9384180903434753 2621
1671700491950 0.9891714453697205 2644
1671700506154 0.9816384315490723 2667
1671700520358 0.959039568901062 2690
1671700534661 0.9350282549858093 2713
1671700548501 0.9322034120559692 2736
1671700562617 0.9957627058029175 2759
1671700576626 0.9533898234367371 2782
1671700590658 0.9384180903434753 2805
1671700604639 0.9623351693153381 2828
1671700618723 0.9632768630981445 2851
1671700633032 0.9693974256515503 2874
1671700647097 0.9081920981407166 2897
1671700661077 0.9675140976905823 2920
1671700675384 0.9506590962409973 2943
1671700689572 0.959039568901062 2966
1671700703881 0.9463276863098145 2989
1671700717870 0.9806968569755554 3012
1671700731902 0.9336158037185669 3035
1671700745945 0.9430320262908936 3058
1671700759914 0.9524481892585754 3081
1671700773719 0.9717513918876648 3104
1671700787922 0.9764595031738281 3127
1671700802180 0.9580979943275452 3150
1671700816470 0.965630829334259 3173
1671700830469 0.9524482488632202 3196
1671700844668 0.9317325949668884 3219
1671700858890 0.9482109546661377 3242
1671700872977 0.9538607001304626 3265
1671700887206 0.9463276863098145 3288
1671700901248 0.9665725827217102 3311
1671700915334 0.9562146663665771 3334
1671700929382 0.9675140976905823 3357
1671700943338 0.9703390002250671 3380
1671700957398 0.9591336846351624 3403
1671700971635 0.9359698295593262 3426
1671700985382 0.9364407062530518 3449
